16.80761905 297.83619048
117.72952381 268.51809524
179.74857143 289.94285714
199.48190476 350.83428571
239.51238095 262.31619048
372.57142857 256.11428571
245.15047619 198.04190476
5.53142857 233.56190476
27.52000000 226.79619048
52.89142857 227.92380952
21.88190476 201.98857143
65.29523810 195.22285714
95.17714286 184.51047619
123.93142857 174.36190476
151.55809524 155.75619048
182.00380952 155.75619048
175.23809524 194.09523810
235.56571429 177.18095238
289.12761905 172.67047619
357.34857143 172.67047619
311.68000000 138.27809524
262.06476190 122.49142857
240.64000000 147.29904762
229.92761905 122.49142857
213.57714286 138.27809524
202.30095238 143.91619048
194.97142857 129.25714286
174.67428571 141.66095238
172.98285714 131.51238095
172.41904762 114.59809524
186.51428571 103.88571429
190.46095238 95.99238095
186.51428571 84.15238095
63.04000000 175.48952381
42.74285714 177.74476190
20.19047619 176.61714286
11.16952381 167.59619048
11.73333333 154.06476190
14.55238095 133.76761905
3.27619048 108.96000000
28.64761905 114.59809524
52.32761905 116.85333333
59.09333333 111.77904762
66.42285714 100.50285714
48.38095238 95.99238095
22.44571429 93.17333333
36.54095238 80.76952381
13.98857143 59.34476190
62.47619048 62.16380952
35.41333333 34.53714286
83.33714286 99.93904762
84.46476190 116.85333333
90.10285714 130.38476190
66.98666667 141.66095238
50.63619048 141.66095238
31.46666667 136.58666667
32.59428571 159.70285714
62.47619048 165.34095238
79.95428571 165.34095238
89.53904762 161.39428571
94.61333333 149.55428571
109.83619048 132.07619048
121.67619048 158.01142857
131.82476190 151.24571429
141.97333333 139.96952381
148.73904762 121.36380952
114.34666667 97.12000000
135.20761905 94.86476190
131.26095238 78.51428571
108.14476190 80.20571429
103.07047619 99.93904762
88.41142857 60.47238095
94.61333333 42.43047619
76.57142857 28.89904762
94.61333333 19.87809524
112.65523810 30.59047619
115.47428571 19.31428571
132.95238095 26.64380952
136.89904762 39.04761905
136.33523810 54.27047619
132.95238095 67.23809524
109.83619048 70.05714286
176.92952381 84.15238095
149.30285714 84.71619048
158.32380952 99.93904762
151.55809524 72.31238095
183.69523810 68.92952381
165.65333333 64.41904762
165.65333333 42.43047619
158.32380952 34.53714286
152.68571429 34.53714286
144.79238095 18.75047619
134.08000000 18.75047619
168.47238095 18.75047619
188.20571429 31.71809524
197.79047619 35.66476190
187.64190476 17.05904762
207.93904762 17.62285714
200.60952381 54.83428571
212.44952381 40.73904762
206.81142857 70.05714286
214.14095238 64.41904762
209.63047619 81.33333333
220.34285714 93.17333333
225.41714286 81.33333333
230.49142857 102.75809524
237.82095238 114.59809524
270.52190476 112.34285714
258.68190476 107.83238095
253.04380952 94.30095238
259.80952381 92.04571429
259.24571429 81.89714286
267.70285714 92.04571429
266.01142857 66.11047619
246.27809524 63.29142857
242.89523810 70.05714286
237.82095238 55.39809524
235.56571429 35.10095238
227.67238095 32.84571429
241.76761905 36.79238095
244.02285714 23.82476190
251.91619048 39.04761905
251.35238095 46.94095238
271.08571429 54.83428571
274.46857143 50.32380952
271.64952381 34.53714286
280.67047619 37.35619048
283.48952381 27.20761905
299.27619048 32.84571429
304.35047619 36.79238095
294.76571429 51.45142857
284.61714286 58.21714286
289.69142857 62.72761905
284.05333333 88.09904762
290.25523810 84.15238095
298.71238095 97.68380952
305.47809524 93.73714286
312.80761905 81.33333333
306.60571429 66.67428571
316.75428571 55.39809524
316.19047619 101.63047619
311.68000000 115.72571429
291.38285714 128.12952381
326.90285714 108.39619048
339.30666667 104.44952381
332.54095238 86.40761905
342.12571429 74.56761905
333.66857143 63.29142857
332.54095238 44.68571429
328.59428571 50.32380952
321.82857143 46.94095238
333.10476190 34.53714286
333.10476190 23.82476190
321.26476190 28.89904762
355.09333333 75.13142857
350.01904762 81.89714286
360.73142857 98.24761905
352.83809524 107.83238095
369.18857143 112.34285714
391.74095238 107.83238095
383.28380952 110.65142857
383.84761905 99.93904762
387.79428571 84.71619048
393.99619048 84.71619048
393.99619048 84.71619048
396.25142857 72.87619048
381.02857143 64.98285714
375.95428571 54.27047619
354.52952381 53.14285714
352.27428571 35.10095238
347.76380952 24.95238095
355.65714286 25.51619048
367.49714286 26.64380952
378.77333333 27.20761905
388.35809524 43.55809524
390.61333333 35.66476190
410.34666667 42.43047619
412.03809524 64.41904762
418.80380952 79.07809524
414.85714286 89.79047619
409.78285714 95.99238095
410.34666667 119.67238095
412.60190476 106.14095238
425.56952381 105.01333333
440.79238095 121.92761905
471.80190476 121.36380952
464.47238095 114.59809524
501.68380952 128.12952381
39.36000000 85.84380952
47.81714286 70.05714286
36.54095238 60.47238095
49.50857143 51.45142857
420.49523810 33.40952381
406.40000000 19.31428571
400.76190476 27.20761905
396.25142857 31.71809524
387.79428571 26.64380952
434.02666667 54.27047619
425.00571429 46.37714286
440.79238095 36.79238095
459.39809524 46.37714286
475.74857143 42.43047619
477.44000000 80.20571429
485.89714286 84.15238095
486.46095238 110.65142857
506.19428571 107.83238095
465.60000000 98.24761905
454.88761905 103.88571429
452.06857143 88.09904762
446.99428571 88.09904762
453.19619048 79.07809524
447.55809524 78.51428571
439.10095238 93.73714286
428.95238095 88.09904762
446.43047619 107.83238095
442.48380952 101.06666667
481.95047619 64.98285714
474.62095238 65.54666667
487.58857143 42.99428571
490.40761905 26.64380952
479.69523810 29.46285714
466.16380952 27.77142857
461.08952381 31.15428571
452.63238095 19.87809524
448.68571429 18.75047619
461.08952381 17.62285714
486.46095238 21.00571429
509.57714286 26.64380952
511.26857143 35.66476190
512.39619048 45.24952381
510.70476190 58.21714286
503.93904762 56.52571429
510.14095238 76.25904762
495.48190476 50.32380952
511.83238095 93.73714286
500.55619048 81.89714286
379.36761905 8.88380952
353.43238095 8.88380952
339.90095238 11.13904762
316.22095238 4.37333333
306.07238095 8.88380952
177.52380952 6.62857143
11.73333333 15.93142857
4.40380952 18.18666667
68.11428571 13.67619048
48.38095238 17.62285714
89.53904762 9.72952381
81.64571429 9.72952381
82.20952381 5.78285714
69.80571429 1.83619048
100.25142857 5.78285714
106.45333333 18.18666667
126.75047619 8.60190476
138.02666667 6.34666667
238.38476190 9.72952381
246.84190476 9.72952381
268.83047619 23.26095238
272.77714286 0.70857143
403.58095238 10.29333333
395.68761905 1.83619048
371.44380952 5.78285714
415.98476190 8.03809524
427.26095238 13.67619048
433.46285714 8.03809524
452.63238095 5.78285714
479.69523810 7.47428571
469.54666667 5.78285714
465.03619048 3.52761905
510.70476190 11.42095238
147.61142857 6.34666667
190.46095238 1.83619048
198.35428571 11.98476190
434.59047619 25.51619048
528.21333333 20.44190476
520.88380952 32.28190476
528.77714286 36.22857143
522.01142857 45.81333333
529.34095238 62.16380952
520.88380952 76.82285714
537.79809524 126.43809524
544.56380952 112.90666667
533.85142857 106.70476190
529.34095238 94.86476190
547.38285714 90.35428571
546.25523810 81.33333333
552.45714286 72.87619048
545.69142857 52.01523810
548.51047619 39.61142857
538.36190476 32.28190476
538.36190476 24.38857143
534.97904762 13.67619048
537.23428571 2.40000000
511.29904762 1.83619048
551.32952381 3.52761905
551.32952381 16.49523810
546.25523810 17.62285714
562.04190476 15.36761905
569.37142857 23.26095238
558.65904762 35.10095238
546.81904762 21.56952381
578.95619048 27.20761905
570.49904762 49.19619048
571.06285714 61.60000000
563.73333333 64.98285714
581.21142857 61.03619048
581.77523810 72.87619048
589.10476190 62.16380952
590.23238095 37.35619048
599.25333333 46.94095238
576.13714286 2.40000000
600.94476190 4.65523810
612.22095238 22.13333333
615.04000000 3.52761905
624.06095238 7.47428571
630.82666667 22.13333333
620.11428571 28.33523810
630.26285714 35.10095238
622.93333333 62.72761905
607.71047619 42.99428571
612.78476190 57.08952381
631.39047619 70.05714286
639.84761905 80.76952381
639.28380952 97.68380952
637.59238095 86.97142857
608.83809524 92.60952381
600.94476190 86.40761905
607.14666667 81.89714286
580.64761905 85.28000000
576.13714286 93.73714286
563.73333333 91.48190476
572.75428571 124.18285714
584.03047619 102.75809524
598.12571429 120.80000000
589.66857143 114.03428571
639.28380952 8.60190476
659.01714286 15.36761905
670.85714286 11.42095238
671.42095238 21.56952381
679.87809524 25.51619048
679.87809524 40.17523810
653.37904762 39.61142857
649.99619048 33.40952381
668.60190476 61.60000000
660.70857143 62.72761905
647.17714286 55.96190476
665.21904762 74.56761905
660.14476190 86.97142857
660.14476190 113.47047619
652.25142857 124.18285714
638.72000000 139.96952381
607.71047619 132.64000000
625.75238095 114.03428571
615.60380952 108.39619048
599.81714286 109.52380952
695.10095238 25.51619048
691.71809524 11.42095238
707.50476190 22.13333333
702.99428571 33.40952381
716.52571429 31.71809524
726.11047619 21.56952381
729.49333333 6.34666667
747.53523810 7.47428571
743.58857143 19.31428571
737.95047619 25.51619048
729.49333333 40.17523810
723.29142857 49.19619048
725.54666667 66.67428571
730.62095238 58.21714286
706.37714286 67.23809524
705.81333333 59.90857143
691.15428571 62.16380952
684.95238095 51.45142857
699.61142857 81.89714286
677.62285714 74.00380952
690.59047619 79.64190476
686.08000000 89.22666667
681.00571429 101.63047619
672.54857143 100.50285714
691.15428571 96.55619048
702.99428571 104.44952381
691.71809524 137.15047619
697.35619048 154.06476190
670.85714286 148.42666667
729.49333333 145.04380952
737.38666667 117.41714286
742.46095238 129.25714286
717.08952381 116.28952381
727.23809524 100.50285714
737.95047619 107.26857143
768.96000000 87.53523810
759.93904762 76.82285714
772.34285714 73.44000000
778.54476190 68.92952381
774.59809524 57.65333333
758.24761905 51.45142857
749.79047619 36.22857143
743.58857143 39.04761905
785.87428571 39.61142857
778.54476190 40.17523810
777.41714286 27.20761905
775.72571429 7.47428571
801.66095238 27.77142857
798.27809524 21.56952381
806.73523810 15.93142857
824.77714286 27.20761905
833.79809524 15.93142857
841.12761905 33.40952381
834.36190476 33.40952381
841.12761905 41.86666667
837.74476190 52.01523810
833.23428571 42.99428571
827.03238095 53.14285714
815.19238095 53.14285714
811.80952381 41.30285714
798.84190476 41.86666667
789.82095238 58.21714286
813.50095238 59.90857143
805.60761905 54.83428571
846.76571429 59.90857143
856.91428571 64.98285714
849.02095238 74.00380952
850.14857143 86.40761905
838.30857143 90.35428571
828.16000000 72.87619048
814.06476190 73.44000000
802.22476190 72.87619048
804.48000000 88.66285714
788.12952381 83.58857143
793.20380952 100.50285714
798.27809524 111.21523810
803.35238095 101.63047619
828.72380952 106.70476190
831.54285714 93.73714286
824.77714286 91.48190476
854.65904762 111.21523810
849.02095238 122.49142857
851.84000000 102.19428571
855.78666667 144.48000000
857.47809524 130.38476190
826.46857143 173.79809524
832.67047619 154.06476190
819.13904762 150.68190476
807.29904762 138.84190476
807.86285714 127.00190476
797.71428571 156.32000000
763.88571429 154.62857143
776.85333333 157.44761905
767.26857143 141.09714286
730.62095238 84.71619048
771.77904762 115.16190476
863.14666667 19.87809524
894.15619048 22.13333333
877.80571429 23.82476190
912.76190476 17.62285714
929.11238095 25.51619048
918.96380952 31.15428571
911.07047619 29.46285714
901.48571429 39.04761905
891.33714286 36.22857143
889.64571429 49.19619048
886.82666667 59.90857143
869.34857143 57.08952381
871.60380952 49.19619048
867.09333333 41.86666667
863.14666667 33.97333333
876.11428571 71.18476190
873.85904762 85.28000000
881.18857143 82.46095238
887.95428571 72.87619048
896.97523810 78.51428571
890.20952381 93.73714286
903.74095238 92.60952381
901.48571429 105.01333333
895.28380952 114.03428571
877.80571429 102.19428571
867.09333333 114.03428571
880.62476190 127.00190476
908.25142857 133.20380952
884.00761905 111.21523810
911.63428571 119.10857143
912.76190476 97.68380952
915.58095238 83.02476190
927.42095238 78.51428571
917.27238095 72.87619048
917.83619048 57.08952381
918.40000000 39.04761905
944.33523810 45.81333333
944.89904762 54.27047619
938.13333333 64.98285714
935.87809524 85.28000000
934.18666667 103.32190476
939.26095238 114.59809524
946.02666667 118.54476190
949.40952381 124.74666667
944.33523810 141.09714286
935.31428571 152.37333333
956.73904762 70.05714286
953.35619048 50.32380952
959.55809524 41.30285714
955.04761905 36.22857143
974.78095238 64.98285714
885.13523810 157.44761905
863.71047619 166.46857143
904.30476190 176.05333333
922.91047619 161.39428571
924.60190476 132.07619048
961.24952381 148.42666667
952.79238095 150.68190476
956.73904762 141.09714286
964.06857143 114.03428571
970.27047619 85.84380952
960.68571429 85.28000000
969.14285714 58.78095238
987.18476190 49.19619048
1004.09904762 50.32380952
1020.44952381 48.06857143
1022.14095238 33.40952381
1014.81142857 17.62285714
1013.68380952 9.72952381
997.89714286 4.09142857
1010.30095238 62.72761905
1000.15238095 69.49333333
990.00380952 69.49333333
1022.70476190 89.22666667
1013.68380952 76.82285714
1004.09904762 88.66285714
1000.71619048 110.65142857
1019.32190476 112.90666667
1023.26857143 104.44952381
1015.37523810 120.23619048
1004.09904762 118.54476190
988.87619048 138.84190476
980.98285714 122.49142857
977.60000000 118.54476190
1000.71619048 145.04380952
1023.83238095 152.37333333
1010.86476190 176.05333333
980.98285714 186.20190476
977.03619048 158.57523810
968.01523810 161.95809524
952.79238095 178.30857143
1004.66285714 190.14857143
1004.66285714 169.28761905
934.15619048 497.14285714
914.98666667 559.16190476
849.58476190 467.82476190
991.17991342 30.61045621
1005.50159174 31.63343323
479.69140193 52.08849817
