10.59717906 301.40473344
45.11403299 305.00023906
55.90054984 305.00023906
30.01290940 332.32608176
22.10279704 330.88787951
23.54099928 327.29237389
14.91178580 326.57327277
11.13650490 316.32608176
22.64212288 313.80922783
7.90054984 328.19125030
1.78819029 329.62945255
14.01290940 335.02271097
3.58594310 326.39349749
29.11403299 328.19125030
27.31628018 343.29237389
22.64212288 342.57327277
15.81066220 341.49462109
6.82189816 342.21372221
2.14774086 353.35978962
8.26010041 355.87664356
13.29380827 348.32608176
16.88931389 354.43844131
25.51852737 354.07889075
20.84437007 355.87664356
14.37245996 361.62945255
7.18144872 362.70810423
14.37245996 366.66316041
20.48481951 364.14630648
33.06908917 329.26990198
39.90054984 333.22495816
37.74324647 338.97776715
44.21515659 332.50585704
46.37245996 336.46091322
47.45111164 339.69686828
6.46234760 368.46091322
4.30504423 372.77551996
12.57470715 374.21372221
19.76571838 369.18001434
24.08032513 370.25866603
25.15897681 377.44967727
30.91178580 365.22495816
25.87807793 359.83169974
31.99043749 358.39349749
46.37245996 344.37102558
46.01290940 349.04518288
34.86684198 351.56203682
39.54099928 360.19125030
44.57470715 365.22495816
40.61965097 374.21372221
29.11403299 372.41596940
25.87807793 396.14630648
50.32751614 327.11259861
57.51852737 330.70810423
50.68706670 332.50585704
58.95672962 336.82046378
62.91178580 344.37102558
60.03538131 347.24743007
56.43987569 349.40473344
38.46234760 349.40473344
52.48481951 361.62945255
50.68706670 366.66316041
56.08032513 366.66316041
57.87807793 371.69686828
46.37245996 378.52832895
33.78819029 372.05641884
37.38369591 365.22495816
28.03538131 349.04518288
3.22639254 379.96653120
18.68706670 399.02271097
6.10279704 391.11259861
8.61965097 406.21372221
13.65335883 409.09012670
4.30504423 411.96653120
11.13650490 419.87664356
20.12526895 413.76428401
26.95672962 405.85417165
40.26010041 404.41596940
47.09156108 401.89911547
41.33875209 396.86540760
58.23762850 392.55080086
51.04661726 397.22495816
57.87807793 398.66316041
60.75448243 403.69686828
54.28257232 410.88787951
39.18144872 414.48338513
27.67583074 417.71934019
56.79942625 419.15754243
63.63088692 414.12383457
33.06908917 422.75304805
62.91178580 368.46091322
52.84437007 377.44967727
63.63088692 349.04518288
51.76571838 353.35978962
44.57470715 360.19125030
65.42863973 354.43844131
57.15897681 355.87664356
63.99043749 364.86540760
70.10279704 401.89911547
75.13650490 407.29237389
72.26010041 416.64068850
72.26010041 424.91035142
12.03538131 431.56203682
22.82189816 427.24743007
52.30504423 430.12383457
45.11403299 433.00023906
40.08032513 430.12383457
31.45111164 431.56203682
47.99043749 438.75304805
18.50729142 453.13507052
23.54099928 448.82046378
56.61965097 437.31484580
68.12526895 432.28113794
61.65335883 435.15754243
58.77695434 426.52832895
66.68706670 427.24743007
45.83313411 455.29237389
32.88931389 456.73057614
15.63088692 463.20248625
19.22639254 471.83169974
17.78819029 481.89911547
16.34998805 487.65192446
9.15897681 494.12383457
2.68706670 490.52832895
5.56347119 481.89911547
24.26010041 484.77551996
33.60841501 487.65192446
40.08032513 487.65192446
45.11403299 481.89911547
46.55223524 471.83169974
32.88931389 466.79799187
38.64212288 478.30360985
55.18144872 471.83169974
63.09156108 465.35978962
63.81066220 457.44967727
63.81066220 479.74181210
55.18144872 489.09012670
66.68706670 491.96653120
71.72077456 477.58450873
72.43987569 460.32608176
78.91178580 466.79799187
86.10279704 462.48338513
88.26010041 455.29237389
87.54099928 448.10136266
82.50729142 441.62945255
83.22639254 483.33731771
82.50729142 493.40473344
73.87807793 486.93282333
78.19268468 475.42720536
60.21515659 378.34855367
67.40616782 374.75304805
61.47358355 307.33731771
66.50729142 308.05641884
71.18144872 308.05641884
65.06908917 301.58450873
75.85560602 306.61821659
81.24886445 307.33731771
73.33875209 327.47214918
65.06908917 330.70810423
68.66459479 329.26990198
72.61965097 333.22495816
73.69830265 335.74181210
66.14774086 337.53956491
72.26010041 338.25866603
70.82189816 341.85417165
72.97920153 345.09012670
77.65335883 348.32608176
71.90054984 349.40473344
80.17021277 358.39349749
86.28257232 359.83169974
84.84437007 377.80922783
72.26010041 380.32608176
80.17021277 364.86540760
71.18144872 368.46091322
76.93425771 387.51709300
76.21515659 381.40473344
78.01290940 370.61821659
92.75448243 362.70810423
87.72077456 365.94405929
89.51852737 379.96653120
83.76571838 344.37102558
77.65335883 342.21372221
90.23762850 354.43844131
84.84437007 340.05641884
83.76571838 336.82046378
80.88931389 328.91035142
81.96796557 333.22495816
90.23762850 335.02271097
97.42863973 309.85417165
108.93425771 320.64068850
95.99043749 331.06765479
91.67583074 330.70810423
90.59717906 340.77551996
88.08032513 346.16877839
99.22639254 404.05641884
90.23762850 399.38226153
95.27133636 388.95529524
100.66459479 377.80922783
95.63088692 336.10136266
97.42863973 340.77551996
97.06908917 346.16877839
104.97920153 361.62945255
98.14774086 362.34855367
88.08032513 370.25866603
84.84437007 370.97776715
100.30504423 335.74181210
102.10279704 342.57327277
110.01290940 349.76428401
107.13650490 350.12383457
109.29380827 333.94405929
107.49605546 345.09012670
104.97920153 340.05641884
115.04661726 356.95529524
111.81066220 365.94405929
99.94549366 369.89911547
107.49605546 375.29237389
104.61965097 395.42720536
116.12526895 366.66316041
113.60841501 345.09012670
111.45111164 340.05641884
114.68706670 333.58450873
125.47358355 360.91035142
119.72077456 363.42720536
121.15897681 369.89911547
125.11403299 367.74181210
115.04661726 404.77551996
126.19268468 391.83169974
120.43987569 400.82046378
134.82189816 399.74181210
143.09156108 308.05641884
106.77695434 309.85417165
156.75448243 311.65192446
167.90054984 310.57327277
142.37245996 373.13507052
151.36122400 370.25866603
136.26010041 370.97776715
129.42863973 363.42720536
130.14774086 355.87664356
117.92302175 373.49462109
124.75448243 374.21372221
152.08032513 395.42720536
133.02414535 393.62945255
145.60841501 406.21372221
152.43987569 406.57327277
129.78819029 375.29237389
128.34998805 370.61821659
141.29380827 344.73057614
133.38369591 349.40473344
133.38369591 333.22495816
130.50729142 335.02271097
130.50729142 342.21372221
140.57470715 340.77551996
140.57470715 334.30360985
147.04661726 345.80922783
146.23762850 353.80922783
141.38369591 354.52832895
136.17021277 344.10136266
135.99043749 340.32608176
135.99043749 336.55080086
140.48481951 336.91035142
144.26010041 337.09012670
145.69830265 340.68563232
161.87807793 335.29237389
158.46234760 336.01147502
155.04661726 346.97776715
150.91178580 350.93282333
155.04661726 356.68563232
144.08032513 367.83169974
160.79942625 361.00023906
151.27133636 377.00023906
131.85560602 367.11259861
135.99043749 366.57327277
156.30504423 368.37102558
159.54099928 370.34855367
166.73201052 370.88787951
158.64212288 379.15754243
145.33875209 379.33731771
167.63088692 379.33731771
163.31628018 373.40473344
162.05785322 355.78675592
154.14774086 352.19125030
159.00167344 350.39349749
150.55223524 338.34855367
150.37245996 342.84293569
135.81066220 347.51709300
163.49605546 341.94405929
157.56347119 345.89911547
145.15897681 361.53956491
167.09156108 362.07889075
172.30504423 370.52832895
178.05785322 377.53956491
172.66459479 378.25866603
168.70953861 353.62945255
168.52976333 350.39349749
162.77695434 348.23619412
156.12526895 338.34855367
170.14774086 341.58450873
170.86684198 347.51709300
173.74324647 350.75304805
175.54099928 347.51709300
177.15897681 352.55080086
175.90054984 358.66316041
169.78819029 357.04518288
169.06908917 336.91035142
179.85560602 345.35978962
180.21515659 341.94405929
175.90054984 339.06765479
182.91178580 349.13507052
182.73201052 359.74181210
179.13650490 362.61821659
187.04661726 364.59574468
182.91178580 372.14630648
180.93425771 369.09012670
186.50729142 379.15754243
179.85560602 334.75304805
179.31628018 330.43844131
188.12526895 336.01147502
198.37245996 342.84293569
189.20392063 343.56203682
184.88931389 344.10136266
167.27133636 344.10136266
156.84437007 352.19125030
189.74324647 351.65192446
195.31628018 349.67439637
196.39493187 355.78675592
199.27133636 368.01147502
189.20392063 371.78675592
193.15897681 376.82046378
189.20392063 357.58450873
181.29380827 338.52832895
176.08032513 311.20248625
179.31628018 322.70810423
185.60841501 325.22495816
182.91178580 322.16877839
178.59717906 385.62945255
198.19268468 379.33731771
202.68706670 329.71934019
198.73201052 335.47214918
195.13650490 333.85417165
205.20392063 334.75304805
208.43987569 340.86540760
201.60841501 314.25866603
214.73201052 316.23619412
196.75448243 362.61821659
200.34998805 350.57327277
211.49605546 336.37102558
215.09156108 339.24743007
208.08032513 350.21372221
192.79942625 344.28113794
200.52976333 359.56203682
213.29380827 353.80922783
210.23762850 360.64068850
221.38369591 354.34855367
214.55223524 345.00023906
226.05785322 341.76428401
224.26010041 345.89911547
219.04661726 342.66316041
223.90054984 350.03394693
228.21515659 353.80922783
222.10279704 364.41596940
217.78819029 372.50585704
205.74324647 361.53956491
218.32751614 347.15754243
223.00167344 314.79799187
228.57470715 316.05641884
244.21515659 316.41596940
253.02414535 314.97776715
242.41740378 335.11259861
205.02414535 378.43844131
205.20392063 365.85417165
213.65335883 371.24743007
212.57470715 377.89911547
234.32751614 353.80922783
232.52976333 366.39349749
228.03538131 365.31484580
224.97920153 368.73057614
217.96796557 364.95529524
221.92302175 378.43844131
231.27133636 372.86540760
228.21515659 382.03394693
233.06908917 347.15754243
236.12526895 341.40473344
237.38369591 367.11259861
241.15897681 357.40473344
237.56347119 353.09012670
241.87807793 353.26990198
242.77695434 350.03394693
244.75448243 343.38226153
247.99043749 339.96653120
245.65335883 362.97776715
242.41740378 367.65192446
227.31628018 375.92158738
235.22639254 382.75304805
241.87807793 379.15754243
245.65335883 356.14630648
250.14774086 345.53956491
252.12526895 352.73057614
254.64212288 357.40473344
260.75448243 340.50585704
256.08032513 363.69686828
260.39493187 378.07889075
250.68706670 381.67439637
247.63088692 373.40473344
254.64212288 372.14630648
253.92302175 367.83169974
260.75448243 372.50585704
264.70953861 369.62945255
260.39493187 357.04518288
263.99043749 357.58450873
262.37245996 353.26990198
255.18144872 345.00023906
264.52976333 345.53956491
269.02414535 360.82046378
273.69830265 361.18001434
275.85560602 345.00023906
281.96796557 344.46091322
269.38369591 351.29237389
274.05785322 349.49462109
278.73201052 357.40473344
265.60841501 362.79799187
268.84437007 370.52832895
272.61965097 374.66316041
272.08032513 379.51709300
276.39493187 383.11259861
263.63088692 390.84293569
253.02414535 386.88787951
259.49605546 386.34855367
281.06908917 367.47214918
284.48481951 380.41596940
276.93425771 375.20248625
291.31628018 346.97776715
285.56347119 349.67439637
294.01290940 353.26990198
286.46234760 359.56203682
291.31628018 362.61821659
285.92302175 343.92158738
295.81066220 387.24743007
294.73201052 376.64068850
289.87807793 376.28113794
298.32751614 371.24743007
300.48481951 384.73057614
302.10279704 377.18001434
283.94549366 373.04518288
284.12526895 364.95529524
306.41740378 348.41596940
306.23762850 344.64068850
293.65335883 337.44967727
296.39493187 348.46091322
303.04661726 354.48338513
292.17021277 366.34855367
310.23762850 357.71934019
300.88931389 347.74181210
298.46234760 346.12383457
301.24886445 368.23619412
295.67583074 366.07889075
296.39493187 360.68563232
304.12526895 372.64068850
308.34998805 368.59574468
311.85560602 368.14630648
309.15897681 374.88787951
313.29380827 373.80922783
320.48481951 364.19125030
310.59717906 347.47214918
320.30504423 355.02271097
328.30504423 367.60698064
314.19268468 359.60698064
324.61965097 352.50585704
318.32751614 347.47214918
322.64212288 375.24743007
329.29380827 351.24743007
331.45111164 359.06765479
319.04661726 372.01147502
321.02414535 345.13507052
308.88931389 378.21372221
302.68706670 365.35978962
308.61965097 363.20248625
324.26010041 370.66316041
315.67583074 384.28113794
307.94549366 385.53956491
330.41740378 390.57327277
335.63088692 388.41596940
327.72077456 382.12383457
331.85560602 372.23619412
322.14774086 379.60698064
337.78819029 376.19125030
333.47358355 383.02271097
325.38369591 358.93282333
320.17021277 359.65192446
313.15897681 355.15754243
292.48481951 315.42720536
284.03538131 317.58450873
310.28257232 316.32608176
303.63088692 317.22495816
321.78819029 320.64068850
332.57470715 317.22495816
337.96796557 320.64068850
354.14774086 320.10136266
359.72077456 322.07889075
380.93425771 323.33731771
390.28257232 326.75304805
331.13650490 345.80922783
342.28257232 347.24743007
344.26010041 350.84293569
334.73201052 351.38226153
335.09156108 355.69686828
339.58594310 360.19125030
341.74324647 371.87664356
351.27133636 366.12383457
347.85560602 374.39349749
342.64212288 385.35978962
346.77695434 347.24743007
351.27133636 349.22495816
355.94549366 348.50585704
353.78819029 354.25866603
350.91178580 355.87664356
357.20392063 353.53956491
360.08032513 351.92158738
354.32751614 360.19125030
351.27133636 378.16877839
347.31628018 387.69686828
351.63088692 381.04518288
353.78819029 386.07889075
356.12526895 366.84293569
366.73201052 350.84293569
366.01290940 353.53956491
365.47358355 358.39349749
358.64212288 379.96653120
359.36122400 377.09012670
361.33875209 383.56203682
362.77695434 371.33731771
366.91178580 369.00023906
369.24886445 371.33731771
358.10279704 395.96653120
337.24886445 380.86540760
371.94549366 349.22495816
376.79942625 350.48338513
382.19268468 352.28113794
380.93425771 358.57327277
371.76571838 362.34855367
359.72077456 359.83169974
358.10279704 364.32608176
374.10279704 366.48338513
370.68706670 389.13507052
372.30504423 353.00023906
343.90054984 360.91035142
368.93425771 357.44967727
372.26010041 357.44967727
374.32751614 373.26990198
379.63088692 373.89911547
378.10279704 370.21372221
378.46234760 378.12383457
381.87807793 365.89911547
391.58594310 363.38226153
389.69830265 358.88787951
396.61965097 367.69686828
396.88931389 373.44967727
385.83313411 377.22495816
390.14774086 388.55080086
384.93425771 390.25866603
387.36122400 385.31484580
343.81066220 366.75304805
377.96796557 394.25866603
379.04661726 389.76428401
380.30504423 384.19125030
382.64212288 371.60698064
397.20392063 378.07889075
386.23762850 397.67439637
400.26010041 388.14630648
405.47358355 385.98900311
410.68706670 386.34855367
407.63088692 380.41596940
404.03538131 376.28113794
407.81066220 372.86540760
411.40616782 369.98900311
412.48481951 373.04518288
416.79942625 396.95529524
416.79942625 392.46091322
412.84437007 390.48338513
418.05785322 386.34855367
422.55223524 385.44967727
414.10279704 381.67439637
411.94549366 378.07889075
406.73201052 403.06765479
417.69830265 365.49462109
418.23762850 360.64068850
414.28257232 358.12383457
388.57470715 351.29237389
393.96796557 351.65192446
416.61965097 353.44967727
427.22639254 364.95529524
427.94549366 368.73057614
417.33875209 374.48338513
407.27133636 390.12383457
427.40616782 398.75304805
427.94549366 392.10136266
434.77695434 401.09012670
434.05785322 396.05641884
423.45111164 362.97776715
423.27133636 354.88787951
423.63088692 350.03394693
426.68706670 357.40473344
429.38369591 354.16877839
431.36122400 352.73057614
434.59717906 360.46091322
432.43987569 366.21372221
438.01290940 354.34855367
441.96796557 352.73057614
443.22639254 354.88787951
429.02414535 351.29237389
447.18144872 352.37102558
451.13650490 352.19125030
438.19268468 365.49462109
443.76571838 370.70810423
420.93425771 370.70810423
419.49605546 380.59574468
430.46234760 386.34855367
429.92302175 375.74181210
424.34998805 369.98900311
436.21515659 379.15754243
424.17021277 379.15754243
430.82189816 380.41596940
439.63088692 372.14630648
435.13650490 375.38226153
441.24886445 376.64068850
442.14774086 380.05641884
446.46234760 384.19125030
441.96796557 384.19125030
438.37245996 390.12383457
438.19268468 396.23619412
441.60841501 398.03394693
422.19268468 388.86540760
422.55223524 393.18001434
405.47358355 393.71934019
386.41740378 364.41596940
390.01290940 368.37102558
393.06908917 393.35978962
427.58594310 360.46091322
445.92302175 366.93282333
442.32751614 361.89911547
448.79942625 372.50585704
448.61965097 395.15754243
446.82189816 389.76428401
459.49605546 364.50585704
457.33875209 359.83169974
445.74324647 359.38226153
451.13650490 356.50585704
454.91178580 363.15754243
455.99043749 375.02271097
457.78819029 380.41596940
458.86684198 389.22495816
454.19268468 391.20248625
457.78819029 372.86540760
449.15897681 363.33731771
449.69830265 379.15754243
467.13650490 395.33731771
469.47358355 399.65192446
464.61965097 404.68563232
457.24886445 398.57327277
477.74324647 341.40473344
480.08032513 357.40473344
471.99043749 404.68563232
478.28257232 397.31484580
481.87807793 395.69686828
482.05785322 405.58450873
492.30504423 393.18001434
487.81066220 377.00023906
460.30504423 361.53956491
502.19268468 370.70810423
490.86684198 402.16877839
498.23762850 370.70810423
505.60841501 389.22495816
497.33875209 391.74181210
502.01290940 399.65192446
506.50729142 398.75304805
493.20392063 380.77551996
435.67583074 409.71934019
486.91178580 383.65192446
480.26010041 382.75304805
485.47358355 379.51709300
482.05785322 377.35978962
491.94549366 359.38226153
490.32751614 364.77551996
496.43987569 362.79799187
496.08032513 366.03394693
500.03538131 380.05641884
504.17021277 377.71934019
503.81066220 382.03394693
515.85560602 397.31484580
510.46234760 389.94405929
511.72077456 378.61821659
503.45111164 356.86540760
519.81066220 354.52832895
506.14774086 359.92158738
508.48481951 354.88787951
511.00167344 369.44967727
507.40616782 372.68563232
518.73201052 366.03394693
518.91178580 378.79799187
522.68706670 379.87664356
520.34998805 369.09012670
523.04661726 364.41596940
528.26010041 359.74181210
533.11403299 355.96653120
527.54099928 366.57327277
530.59717906 368.91035142
533.83313411 365.67439637
538.50729142 366.03394693
537.96796557 359.38226153
514.95672962 356.14630648
514.59717906 369.80922783
524.12526895 359.74181210
524.84437007 355.60698064
542.10279704 373.22495816
534.01290940 378.61821659
530.95672962 380.41596940
528.08032513 379.33731771
518.19268468 394.43844131
519.09156108 400.91035142
519.09156108 374.48338513
526.82189816 373.58450873
523.94549366 373.76428401
526.28257232 362.43844131
529.15897681 335.47214918
536.34998805 400.37102558
537.24886445 386.34855367
545.87807793 387.78675592
546.77695434 382.39349749
547.67583074 378.97776715
551.09156108 377.35978962
544.08032513 366.03394693
547.85560602 368.19125030
553.78819029 356.14630648
553.78819029 365.31484580
553.60841501 369.09012670
554.32751614 372.50585704
554.50729142 376.64068850
556.12526895 385.26990198
554.50729142 387.96653120
551.45111164 382.93282333
495.54099928 400.91035142
491.58594310 408.64068850
493.56347119 412.95529524
499.31628018 413.49462109
529.87807793 402.16877839
546.41740378 354.88787951
549.65335883 373.58450873
557.56347119 366.57327277
568.70953861 359.38226153
572.12526895 359.02271097
564.57470715 364.41596940
566.19268468 366.39349749
572.84437007 366.93282333
562.95672962 380.77551996
561.51852737 378.25866603
554.68706670 333.49462109
512.61965097 401.62945255
480.97920153 410.61821659
470.19268468 410.61821659
553.42863973 393.71934019
554.86684198 401.44967727
552.17021277 405.94405929
547.85560602 401.44967727
572.12526895 376.64068850
562.95672962 366.93282333
553.96796557 361.35978962
559.36122400 357.40473344
576.43987569 364.77551996
584.34998805 358.66316041
579.49605546 368.73057614
581.65335883 376.46091322
584.52976333 370.70810423
583.81066220 368.19125030
578.23762850 371.96653120
573.92302175 381.13507052
562.77695434 372.68563232
565.65335883 387.42720536
568.17021277 383.83169974
576.08032513 389.04518288
583.81066220 388.68563232
583.63088692 384.37102558
579.85560602 381.49462109
542.10279704 397.13507052
528.08032513 386.16877839
527.18144872 382.57327277
579.67583074 360.64068850
576.61965097 355.24743007
588.48481951 336.01147502
581.83313411 365.67439637
575.90054984 393.71934019
577.33875209 397.13507052
560.26010041 397.13507052
566.55223524 395.33731771
569.24886445 406.12383457
573.20392063 404.86540760
578.59717906 406.30360985
585.60841501 400.91035142
588.66459479 382.39349749
557.74324647 408.10136266
556.84437007 405.40473344
544.08032513 400.37102558
536.52976333 406.30360985
530.59717906 393.18001434
540.12526895 382.03394693
526.28257232 388.86540760
505.42863973 404.14630648
549.47358355 408.46091322
529.15897681 409.18001434
481.33875209 387.42720536
587.40616782 362.61821659
589.20392063 373.76428401
583.81066220 391.92158738
584.88931389 394.97776715
577.87807793 402.16877839
533.83313411 382.93282333
526.28257232 357.58450873
606.19268468 337.53956491
620.57470715 340.05641884
635.67583074 339.33731771
647.18144872 337.53956491
591.81066220 360.55080086
598.28257232 359.83169974
595.76571838 361.62945255
595.40616782 364.86540760
596.48481951 368.46091322
591.09156108 369.18001434
592.52976333 366.66316041
588.21515659 367.38226153
588.57470715 370.25866603
600.70953861 362.61821659
602.32751614 365.85417165
590.64212288 376.28113794
591.54099928 380.77551996
596.57470715 373.58450873
599.45111164 375.74181210
599.81066220 382.57327277
595.85560602 382.39349749
593.69830265 378.79799187
606.10279704 374.48338513
607.18144872 371.06765479
602.86684198 369.98900311
600.17021277 368.91035142
591.18144872 385.09012670
586.68706670 383.65192446
598.91178580 389.04518288
602.68706670 387.42720536
597.65335883 385.09012670
588.66459479 391.20248625
595.85560602 395.51709300
589.74324647 395.15754243
581.83313411 407.02271097
575.36122400 411.15754243
567.63088692 423.02271097
584.34998805 412.59574468
601.96796557 400.55080086
606.28257232 394.07889075
599.45111164 393.71934019
599.99043749 407.56203682
598.37245996 412.41596940
595.13650490 414.75304805
609.87807793 397.85417165
602.68706670 381.13507052
606.10279704 367.65192446
605.56347119 362.61821659
611.31628018 364.41596940
610.23762850 377.35978962
597.65335883 404.50585704
588.84437007 398.75304805
564.21515659 414.75304805
562.59717906 418.52832895
559.72077456 425.00023906
606.46234760 423.92158738
593.87807793 424.46091322
605.56347119 377.53956491
612.39493187 370.34855367
616.34998805 367.47214918
617.60841501 371.96653120
614.55223524 380.77551996
609.69830265 384.55080086
607.36122400 382.57327277
615.81066220 387.06765479
618.50729142 391.20248625
611.49605546 388.68563232
614.19268468 394.07889075
615.99043749 399.47214918
612.39493187 401.98900311
605.56347119 403.24743007
607.36122400 401.62945255
614.73201052 404.50585704
619.22639254 406.66316041
618.86684198 410.07889075
614.55223524 410.97776715
608.43987569 417.62945255
604.48481951 411.69686828
616.88931389 420.50585704
624.61965097 410.43844131
623.00167344 417.09012670
627.85560602 416.37102558
632.17021277 416.37102558
632.52976333 409.53956491
631.09156108 406.66316041
621.74324647 396.41596940
628.21515659 397.49462109
627.49605546 393.18001434
623.00167344 388.68563232
624.08032513 383.65192446
621.74324647 379.87664356
618.14774086 376.10136266
622.28257232 375.20248625
622.10279704 369.98900311
625.15897681 368.73057614
622.10279704 365.85417165
626.77695434 363.33731771
628.21515659 366.57327277
630.01290940 368.19125030
632.88931389 366.21372221
636.84437007 363.15754243
635.58594310 368.91035142
628.39493187 370.16877839
627.13650490 372.68563232
633.78819029 378.61821659
629.11403299 378.79799187
628.03538131 375.02271097
639.00167344 381.13507052
631.99043749 382.39349749
635.04661726 394.25866603
638.82189816 385.44967727
642.05785322 389.94405929
641.15897681 394.07889075
635.76571838 383.83169974
641.69830265 404.50585704
644.75448243 412.23619412
639.90054984 416.37102558
627.85560602 408.64068850
636.48481951 405.76428401
647.81066220 418.52832895
648.52976333 405.40473344
632.52976333 362.43844131
645.11403299 377.71934019
643.67583074 383.29237389
649.96796557 385.44967727
651.76571838 390.30360985
648.34998805 389.58450873
650.14774086 394.97776715
653.38369591 395.33731771
649.24886445 399.65192446
645.83313411 399.47214918
652.30504423 408.46091322
652.66459479 414.57327277
656.79942625 410.79799187
657.33875209 402.88787951
661.29380827 405.76428401
662.19268468 413.85417165
669.74324647 415.11259861
649.78819029 425.71934019
642.23762850 369.80922783
639.54099928 368.55080086
640.79942625 364.95529524
658.77695434 385.26990198
645.83313411 365.49462109
646.73201052 371.06765479
652.30504423 370.70810423
652.48481951 378.79799187
660.93425771 399.29237389
669.20392063 420.68563232
669.74324647 425.00023906
667.76571838 396.41596940
663.81066220 390.48338513
658.05785322 391.92158738
653.56347119 365.13507052
656.26010041 373.58450873
649.60841501 369.80922783
671.18144872 405.76428401
676.57470715 411.51709300
680.88931389 424.10136266
671.36122400 386.16877839
663.27133636 363.15754243
663.09156108 367.83169974
670.64212288 363.69686828
669.74324647 370.70810423
672.61965097 370.34855367
671.90054984 373.94405929
671.54099928 377.71934019
679.99043749 365.67439637
675.31628018 370.70810423
681.60841501 376.10136266
657.15897681 368.91035142
669.20392063 367.65192446
668.66459479 364.95529524
671.72077456 366.93282333
659.13650490 396.77551996
666.50729142 382.75304805
669.20392063 377.00023906
655.90054984 383.29237389
653.56347119 403.24743007
664.57470715 373.18001434
676.26010041 379.65192446
677.51852737 374.43844131
681.11403299 373.89911547
681.38369591 371.29237389
685.06908917 371.47214918
682.91178580 367.69686828
676.26010041 366.70810423
684.43987569 383.42720536
693.33875209 371.74181210
696.21515659 376.59574468
692.26010041 387.83169974
696.30504423 385.49462109
699.45111164 378.21372221
688.21515659 364.82046378
691.63088692 368.32608176
681.02414535 381.35978962
653.24886445 382.97776715
657.92302175 365.71934019
689.11403299 378.66316041
685.87807793 366.70810423
694.05785322 378.84293569
687.67583074 388.19125030
681.47358355 387.02271097
681.96796557 394.25866603
676.75448243 403.06765479
677.83313411 407.20248625
679.81066220 405.58450873
670.64212288 410.07889075
685.56347119 410.43844131
683.94549366 403.96653120
674.41740378 381.67439637
688.61965097 409.18001434
694.37245996 407.92158738
691.49605546 411.33731771
697.78819029 406.84293569
698.32751614 373.04518288
699.22639254 369.09012670
710.91178580 369.09012670
710.73201052 372.14630648
712.34998805 377.89911547
709.47358355 374.84293569
710.01290940 383.29237389
708.93425771 389.58450873
714.86684198 382.93282333
713.78819029 389.22495816
710.19268468 395.87664356
717.20392063 391.38226153
711.09156108 400.91035142
709.47358355 403.96653120
713.06908917 409.35978962
711.63088692 414.21372221
719.72077456 371.06765479
716.30504423 370.16877839
715.58594310 375.02271097
720.39493187 381.09012670
722.55223524 378.39349749
721.38369591 376.68563232
719.13650490 386.75304805
720.75448243 390.88787951
722.28257232 395.11259861
719.22639254 401.04518288
733.60841501 373.35978962
738.01290940 370.57327277
728.12526895 368.32608176
726.68706670 374.61821659
728.84437007 380.28113794
733.96796557 388.01147502
733.96796557 396.64068850
727.76571838 397.80922783
724.88931389 401.49462109
735.04661726 378.21372221
737.29380827 377.13507052
747.63088692 368.95529524
748.79942625 373.35978962
745.11403299 375.24743007
738.64212288 380.10136266
743.49605546 383.42720536
743.31628018 390.97776715
716.39493187 398.66316041
737.96796557 397.04518288
731.13650490 399.38226153
747.67583074 381.58450873
744.79942625 399.38226153
734.19268468 410.34855367
719.99043749 419.15754243
717.29380827 425.26990198
709.56347119 422.75304805
703.45111164 422.39349749
697.15897681 427.06765479
729.69830265 424.55080086
720.70953861 435.33731771
682.95672962 435.33731771
757.02414535 424.55080086
746.23762850 416.28113794
738.68706670 425.98900311
758.64212288 432.46091322
767.45111164 433.00023906
753.06908917 427.42720536
769.06908917 418.79799187
773.56347119 423.29237389
787.58594310 429.22495816
796.39493187 448.28113794
750.73201052 451.87664356
792.43987569 434.97776715
801.60841501 434.07889075
798.01290940 427.24743007
793.15897681 421.13507052
780.57470715 410.34855367
777.69830265 417.18001434
770.14774086 414.48338513
765.65335883 410.34855367
765.11403299 414.48338513
760.26010041 410.34855367
767.45111164 402.25866603
763.85560602 376.91035142
777.51852737 398.48338513
773.74324647 392.73057614
770.32751614 395.24743007
767.27133636 390.21372221
769.24886445 383.92158738
759.72077456 381.40473344
782.19268468 434.07889075
784.88931389 417.00023906
760.30504423 387.38226153
771.27133636 404.91035142
773.60841501 403.38226153
768.03538131 397.71934019
781.87807793 399.42720536
779.90054984 404.73057614
800.70953861 423.11259861
802.14774086 416.28113794
813.29380827 374.57327277
787.40616782 409.80922783
808.61965097 412.32608176
811.85560602 415.56203682
809.33875209 419.87664356
806.82189816 424.91035142
820.48481951 428.50585704
815.45111164 435.69686828
808.97920153 436.05641884
763.40616782 367.11259861
770.41740378 370.52832895
775.27133636 373.76428401
801.51852737 372.32608176
813.74324647 378.79799187
804.39493187 364.95529524
780.12526895 378.79799187
765.56347119 372.32608176
766.64212288 370.88787951
762.68706670 376.46091322
761.24886445 373.40473344
826.86684198 371.06765479
825.24886445 375.92158738
831.72077456 387.42720536
811.76571838 406.30360985
818.59717906 399.47214918
821.11403299 409.53956491
815.36122400 403.06765479
826.32751614 400.19125030
827.04661726 391.20248625
828.84437007 396.23619412
824.88931389 395.51709300
817.33875209 415.47214918
820.39493187 421.58450873
824.88931389 413.85417165
826.50729142 420.14630648
829.20392063 403.96653120
817.51852737 406.12383457
833.69830265 406.30360985
840.17021277 396.95529524
842.32751614 403.96653120
847.72077456 398.93282333
847.18144872 392.82046378
841.42863973 391.02271097
844.66459479 380.59574468
839.27133636 377.71934019
833.51852737 368.01147502
830.64212288 368.01147502
831.36122400 365.13507052
829.20392063 368.01147502
823.45111164 371.06765479
835.85560602 373.40473344
848.08032513 373.76428401
851.85560602 370.88787951
855.99043749 394.25866603
854.37245996 399.83169974
842.32751614 414.57327277
856.34998805 414.57327277
860.48481951 407.56203682
862.46234760 403.06765479
863.00167344 395.51709300
860.12526895 391.56203682
853.47358355 380.23619412
860.48481951 372.68563232
868.93425771 378.43844131
861.20392063 377.18001434
857.24886445 370.88787951
852.57470715 377.18001434
847.90054984 382.57327277
848.08032513 403.78675592
801.51852737 361.18001434
789.29380827 360.64068850
777.96796557 361.71934019
806.55223524 361.00023906
823.27133636 424.46091322
835.67583074 416.55080086
843.22639254 408.46091322
832.61965097 391.92158738
832.08032513 413.13507052
836.21515659 422.66316041
838.37245996 419.06765479
869.29380827 406.48338513
857.78819029 421.04518288
858.68706670 424.82046378
866.41740378 382.75304805
863.72077456 387.96653120
867.31628018 389.40473344
872.34998805 397.49462109
869.83313411 413.49462109
873.42863973 417.62945255
879.18144872 413.49462109
882.05785322 397.13507052
875.40616782 403.42720536
875.04661726 383.11259861
871.09156108 385.98900311
874.50729142 391.74181210
877.20392063 394.79799187
867.49605546 373.94405929
856.34998805 388.50585704
850.05785322 387.96653120
879.00167344 372.68563232
876.84437007 378.61821659
870.73201052 372.32608176
887.27133636 388.14630648
882.77695434 382.75304805
884.57470715 377.89911547
884.39493187 410.61821659
886.19268468 419.78675592
889.06908917 417.26990198
891.58594310 417.26990198
888.34998805 411.15754243
892.48481951 409.35978962
890.14774086 405.94405929
882.23762850 403.06765479
877.20392063 408.46091322
887.63088692 396.23619412
894.28257232 402.34855367
898.23762850 398.93282333
897.15897681 408.64068850
898.59717906 413.13507052
903.99043749 396.05641884
892.30504423 393.89911547
889.06908917 376.46091322
892.48481951 379.87664356
895.54099928 382.75304805
898.23762850 392.28113794
877.02414535 387.78675592
848.08032513 426.43844131
897.15897681 404.86540760
902.37245996 402.34855367
893.56347119 424.10136266
902.55223524 416.91035142
903.09156108 421.58450873
896.26010041 420.50585704
866.23762850 416.91035142
861.02414535 398.93282333
914.23762850 418.70810423
908.30504423 416.19125030
906.14774086 406.84293569
908.30504423 401.62945255
914.59717906 411.15754243
907.04661726 412.77551996
919.81066220 415.47214918
920.88931389 409.18001434
924.66459479 419.96653120
913.87807793 398.39349749
913.33875209 392.64068850
919.45111164 395.15754243
921.78819029 398.03394693
921.06908917 401.62945255
926.64212288 393.53956491
922.32751614 391.56203682
929.15897681 398.39349749
930.59717906 396.05641884
933.11403299 411.15754243
933.11403299 405.04518288
930.95672962 416.73057614
935.99043749 398.93282333
937.06908917 419.42720536
938.50729142 415.83169974
942.64212288 420.50585704
948.75448243 419.96653120
948.57470715 415.47214918
944.61965097 412.77551996
938.50729142 411.15754243
941.74324647 408.46091322
939.76571838 401.09012670
943.00167344 396.77551996
945.87807793 400.01147502
947.85560602 405.04518288
925.20392063 397.67439637
876.48481951 360.82046378
883.13650490 358.30360985
891.22639254 359.92158738
886.55223524 363.69686828
899.49605546 359.92158738
901.11403299 362.61821659
909.20392063 363.33731771
914.23762850 362.43844131
924.48481951 362.43844131
907.94549366 373.40473344
905.42863973 373.40473344
906.86684198 383.11259861
918.01290940 382.75304805
926.28257232 375.20248625
914.77695434 375.20248625
912.43987569 375.74181210
901.11403299 374.30360985
936.17021277 375.02271097
924.52976333 386.66316041
926.50729142 388.46091322
918.23762850 388.46091322
911.94549366 379.29237389
929.29380827 383.96653120
925.69830265 379.83169974
942.41740378 393.58450873
947.90054984 388.73057614
943.04661726 379.65192446
945.02414535 376.14630648
953.83313411 383.33731771
950.59717906 381.80922783
949.06908917 378.75304805
955.81066220 397.18001434
954.55223524 408.41596940
931.72077456 388.91035142
936.03538131 381.44967727
929.74324647 379.56203682
959.58594310 400.95529524
962.55223524 401.22495816
960.30504423 392.86540760
961.29380827 390.43844131
960.48481951 385.58450873
956.52976333 385.58450873
950.32751614 397.44967727
926.14774086 405.18001434
937.74324647 393.13507052
935.58594310 388.37102558
942.77695434 383.42720536
940.52976333 387.02271097
942.77695434 390.43844131
967.81066220 400.73057614
968.88931389 395.51709300
965.83313411 391.92158738
964.03538131 395.51709300
966.19268468 388.14630648
970.86684198 386.34855367
970.86684198 389.76428401
975.18144872 400.55080086
955.40616782 421.94405929
951.63088692 403.06765479
955.58594310 404.32608176
975.54099928 387.96653120
981.83313411 377.53956491
950.73201052 376.28113794
959.36122400 378.79799187
992.61965097 370.16877839
994.59717906 379.15754243
983.99043749 384.55080086
978.05785322 392.10136266
978.41740378 395.51709300
973.38369591 404.32608176
961.69830265 419.78675592
961.51852737 423.02271097
967.09156108 421.40473344
972.12526895 418.52832895
975.36122400 422.30360985
973.02414535 413.49462109
971.04661726 409.71934019
967.09156108 410.97776715
962.95672962 414.39349749
962.05785322 408.10136266
966.19268468 407.38226153
958.10279704 408.28113794
972.66459479 398.21372221
987.58594310 386.34855367
989.92302175 382.57327277
979.67583074 385.98900311
986.32751614 391.38226153
992.26010041 392.64068850
993.15897681 398.03394693
993.87807793 410.61821659
995.85560602 405.58450873
998.01290940 397.31484580
995.67583074 386.34855367
999.81066220 392.10136266
1003.58594310 395.87664356
1004.66459479 403.60698064
994.77695434 426.43844131
987.94549366 428.23619412
996.93425771 421.58450873
999.63088692 410.61821659
999.09156108 402.34855367
1012.03538131 397.67439637
1009.15897681 409.35978962
1010.95672962 382.03394693
1007.54099928 383.83169974
1004.12526895 382.93282333
999.99043749 386.34855367
1014.19268468 391.38226153
1016.88931389 390.12383457
1020.84437007 391.02271097
1016.70953861 386.70810423
1017.06908917 385.09012670
1003.58594310 385.98900311
1005.74324647 387.96653120
1011.31628018 388.86540760
1010.41740378 392.64068850
1004.12526895 396.95529524
1010.77695434 414.03394693
1007.54099928 419.78675592
1014.37245996 417.62945255
1017.60841501 416.91035142
1007.72077456 414.39349749
1000.17021277 417.80922783
1002.86684198 421.40473344
1016.70953861 395.87664356
1021.20392063 384.73057614
1021.92302175 395.69686828
1022.46234760 404.32608176
1016.88931389 403.96653120
1016.88931389 409.00023906
1012.03538131 404.32608176
1014.91178580 429.85417165
1023.22639254 408.59574468
1020.79942625 421.98900311
1021.78819029 425.76428401
1018.73201052 425.85417165
1014.05785322 424.59574468
1002.28257232 426.84293569
990.86684198 404.01147502
996.34998805 394.66316041
999.94549366 430.88787951
100.30504423 464.46091322
93.83313411 445.04518288
97.78819029 439.29237389
96.34998805 431.74181210
88.79942625 415.20248625
104.26010041 417.71934019
102.82189816 414.12383457
104.97920153 426.70810423
102.46234760 430.30360985
89.87807793 424.91035142
84.84437007 426.70810423
107.13650490 442.52832895
84.12526895 421.67439637
112.17021277 432.46091322
111.45111164 426.70810423
102.82189816 452.59574468
109.65335883 449.35978962
120.08032513 444.32608176
116.48481951 458.34855367
108.57470715 456.91035142
94.55223524 480.28113794
69.83313411 471.38226153
99.31628018 492.41596940
102.19268468 485.94405929
101.83313411 497.80922783
102.55223524 473.00023906
117.29380827 473.89911547
119.81066220 469.40473344
122.50729142 481.62945255
121.42863973 488.28113794
129.87807793 485.22495816
113.51852737 492.41596940
110.28257232 498.70810423
120.17021277 497.26990198
129.15897681 496.91035142
135.99043749 495.29237389
124.66459479 492.05641884
137.78819029 491.51709300
143.00167344 483.24743007
138.86684198 477.31484580
141.02414535 467.78675592
134.73201052 463.47214918
132.03538131 441.89911547
126.46234760 455.92158738
128.08032513 469.76428401
122.23762850 409.09012670
124.75448243 419.15754243
125.83313411 430.66316041
134.10279704 411.24743007
138.77695434 406.93282333
143.81066220 416.28113794
154.23762850 413.76428401
163.58594310 406.57327277
175.09156108 397.94405929
170.41740378 397.22495816
159.63088692 419.51709300
162.14774086 426.34855367
142.73201052 437.13507052
147.40616782 432.10136266
138.77695434 431.38226153
137.33875209 420.23619412
144.88931389 399.02271097
146.77695434 452.32608176
160.61965097 466.52832895
160.79942625 447.29237389
160.08032513 439.02271097
150.37245996 417.80922783
149.65335883 469.94405929
152.52976333 476.95529524
160.43987569 482.52832895
168.17021277 465.80922783
175.90054984 459.33731771
165.65335883 458.07889075
169.06908917 442.25866603
171.04661726 436.86540760
179.13650490 435.60698064
181.29380827 425.35978962
173.38369591 420.32608176
190.10279704 436.14630648
179.67583074 441.00023906
174.46234760 447.65192446
180.03538131 464.91035142
175.90054984 469.94405929
175.54099928 477.67439637
185.78819029 483.24743007
183.63088692 490.61821659
186.86684198 467.42720536
157.56347119 455.38226153
145.87807793 442.25866603
184.52976333 414.39349749
196.75448243 418.34855367
197.65335883 429.85417165
187.22639254 450.70810423
193.51852737 473.89911547
194.59717906 485.22495816
193.15897681 463.11259861
197.47358355 461.13507052
194.23762850 457.35978962
192.61965097 454.84293569
196.75448243 444.95529524
193.15897681 442.43844131
189.38369591 429.49462109
202.68706670 435.06765479
196.21515659 411.15754243
207.54099928 418.70810423
213.65335883 412.95529524
201.78819029 411.69686828
214.73201052 434.34855367
219.58594310 441.00023906
215.45111164 451.06765479
211.13650490 448.19125030
219.04661726 462.75304805
218.14774086 471.20248625
212.39493187 474.07889075
203.22639254 470.30360985
204.30504423 478.75304805
210.59717906 491.33731771
205.38369591 459.15754243
201.60841501 452.86540760
195.49605546 450.34855367
224.26010041 486.48338513
229.47358355 482.88787951
227.13650490 442.25866603
220.48481951 424.10136266
222.46234760 414.21372221
220.66459479 430.39349749
190.82189816 400.73057614
181.65335883 398.21372221
182.37245996 401.98900311
171.40616782 402.88787951
185.96796557 407.38226153
177.69830265 410.43844131
197.65335883 406.66316041
197.83313411 401.62945255
204.12526895 407.20248625
202.14774086 402.88787951
209.69830265 406.30360985
217.24886445 398.39349749
222.10279704 394.07889075
217.06908917 404.50585704
223.72077456 406.66316041
227.85560602 404.86540760
230.37245996 406.48338513
227.67583074 399.83169974
238.28257232 396.59574468
229.29380827 432.19125030
240.79942625 414.21372221
254.10279704 412.05641884
249.78819029 408.28113794
241.87807793 425.71934019
258.23762850 396.05641884
254.82189816 403.24743007
257.15897681 417.80922783
238.10279704 439.02271097
231.27133636 453.58450873
247.45111164 445.13507052
246.19268468 440.28113794
248.70953861 453.94405929
238.28257232 467.60698064
249.60841501 467.42720536
230.91178580 468.86540760
258.95672962 442.79799187
261.29380827 458.43844131
253.56347119 439.38226153
255.00167344 432.19125030
251.04661726 420.14630648
264.52976333 409.18001434
266.86684198 398.21372221
271.18144872 409.71934019
267.04661726 430.93282333
274.77695434 415.47214918
272.79942625 433.44967727
269.38369591 438.48338513
272.79942625 440.28113794
271.36122400 447.29237389
268.66459479 454.48338513
270.46234760 461.85417165
274.05785322 466.16877839
257.15897681 468.32608176
257.15897681 473.71934019
284.30504423 417.98900311
287.18144872 432.19125030
283.76571838 438.48338513
283.58594310 444.41596940
290.23762850 453.94405929
289.69830265 465.98900311
279.27133636 460.77551996
281.24886445 458.07889075
291.58594310 402.61821659
284.75448243 405.85417165
289.78819029 409.09012670
301.29380827 415.56203682
303.45111164 408.01147502
297.33875209 407.29237389
297.33875209 427.42720536
306.32751614 430.66316041
298.05785322 437.85417165
299.49605546 441.44967727
303.45111164 441.44967727
305.96796557 434.97776715
324.30504423 423.47214918
313.51852737 417.35978962
327.54099928 409.80922783
335.45111164 399.74181210
314.23762850 399.74181210
319.63088692 399.02271097
273.24886445 486.03394693
261.74324647 490.34855367
248.08032513 484.95529524
253.47358355 482.07889075
239.45111164 486.75304805
224.34998805 493.22495816
220.03538131 495.02271097
247.36122400 492.14630648
281.15897681 480.28113794
286.91178580 477.04518288
304.88931389 471.65192446
303.45111164 476.68563232
301.29380827 457.62945255
302.01290940 450.07889075
311.36122400 447.56203682
316.03538131 429.22495816
346.59717906 417.71934019
333.29380827 410.52832895
339.04661726 405.49462109
343.00167344 427.42720536
328.61965097 434.25866603
334.01290940 440.73057614
316.39493187 440.73057614
326.46234760 442.88787951
326.46234760 456.91035142
313.15897681 454.03394693
317.11403299 461.94405929
315.31628018 468.41596940
323.94549366 470.93282333
337.96796557 466.61821659
340.12526895 458.70810423
341.92302175 446.84293569
347.31628018 435.33731771
358.46234760 422.39349749
351.63088692 418.07889075
351.63088692 411.60698064
335.09156108 419.15754243
316.03538131 405.49462109
322.14774086 408.01147502
324.30504423 479.56203682
320.70953861 486.03394693
311.00167344 479.56203682
293.38369591 490.70810423
270.73201052 496.82046378
337.96796557 484.59574468
330.41740378 488.55080086
331.85560602 500.05641884
311.00167344 501.13507052
317.47358355 498.25866603
313.51852737 492.50585704
318.55223524 503.65192446
318.55223524 507.60698064
311.36122400 507.24743007
302.01290940 507.24743007
293.38369591 503.29237389
285.83313411 507.96653120
281.15897681 501.13507052
286.91178580 496.82046378
270.73201052 502.93282333
265.33875209 507.60698064
254.19268468 495.02271097
257.78819029 487.83169974
263.90054984 469.49462109
239.45111164 502.21372221
222.91178580 500.41596940
197.02414535 497.53956491
187.67583074 497.18001434
355.22639254 445.04518288
358.10279704 430.30360985
344.79942625 482.43844131
338.32751614 493.22495816
339.76571838 504.73057614
354.86684198 495.02271097
349.11403299 470.21372221
364.21515659 402.25866603
370.32751614 406.57327277
372.48481951 399.74181210
371.04661726 416.64068850
365.29380827 411.60698064
357.74324647 467.69686828
370.68706670 460.14630648
369.96796557 449.35978962
364.57470715 445.76428401
364.93425771 470.93282333
360.97920153 462.66316041
373.20392063 468.41596940
370.32751614 478.12383457
377.87807793 477.04518288
367.81066220 491.78675592
362.05785322 492.14630648
360.97920153 502.93282333
348.39493187 500.41596940
343.00167344 509.04518288
358.10279704 512.64068850
373.92302175 505.09012670
383.27133636 504.01147502
374.64212288 493.22495816
381.47358355 493.58450873
390.46234760 497.18001434
388.66459479 507.24743007
389.74324647 488.19125030
388.30504423 470.21372221
396.21515659 468.41596940
400.17021277 483.15754243
408.43987569 489.62945255
408.79942625 503.29237389
419.22639254 495.38226153
422.46234760 509.04518288
427.85560602 496.10136266
398.73201052 502.21372221
389.38369591 450.07889075
378.23762850 443.60698064
375.00167344 432.82046378
377.87807793 410.16877839
378.23762850 416.64068850
384.34998805 419.15754243
390.10279704 432.46091322
394.77695434 436.77551996
399.81066220 448.64068850
408.43987569 452.59574468
409.15897681 439.29237389
409.87807793 429.94405929
395.49605546 416.64068850
390.46234760 414.84293569
358.55223524 414.21372221
349.56347119 410.43844131
414.46234760 415.47214918
403.67583074 410.97776715
341.65335883 412.59574468
350.82189816 414.39349749
421.65335883 448.37102558
424.88931389 438.84293569
424.70953861 419.60698064
421.29380827 405.58450873
426.14774086 405.94405929
424.34998805 410.79799187
420.93425771 414.57327277
415.90054984 422.30360985
399.90054984 423.74181210
150.28257232 488.91035142
154.95672962 489.98900311
155.67583074 493.94405929
151.36122400 497.18001434
171.49605546 494.66316041
166.10279704 491.42720536
168.97920153 485.31484580
250.23762850 501.49462109
256.70953861 499.69686828
234.05785322 488.91035142
212.84437007 500.41596940
205.65335883 497.53956491
439.36122400 420.59574468
445.83313411 414.48338513
453.74324647 429.94405929
442.23762850 452.23619412
432.52976333 433.89911547
445.11403299 472.37102558
440.43987569 514.79799187
435.40616782 515.87664356
450.14774086 518.75304805
462.01290940 499.33731771
468.84437007 479.20248625
463.81066220 466.61821659
453.74324647 438.93282333
460.21515659 438.21372221
474.23762850 438.21372221
468.12526895 446.84293569
468.12526895 416.64068850
461.65335883 415.20248625
454.82189816 411.96653120
451.58594310 410.52832895
483.94549366 418.07889075
495.09156108 464.82046378
492.57470715 441.44967727
486.10279704 430.66316041
483.22639254 435.69686828
516.30504423 417.71934019
507.31628018 420.95529524
517.74324647 405.49462109
550.46234760 418.07889075
546.50729142 459.06765479
490.41740378 499.33731771
503.36122400 505.09012670
570.95672962 449.35978962
574.91178580 471.65192446
565.56347119 505.80922783
581.02414535 506.88787951
569.87807793 514.79799187
556.57470715 515.87664356
551.18144872 518.75304805
539.31628018 494.66316041
572.39493187 418.07889075
579.58594310 434.97776715
586.77695434 465.18001434
587.49605546 450.79799187
588.21515659 430.66316041
578.14774086 415.92158738
555.13650490 411.96653120
560.52976333 446.48338513
541.47358355 466.25866603
602.95672962 457.62945255
611.94549366 455.83169974
616.97920153 448.28113794
619.49605546 486.75304805
607.99043749 492.86540760
597.56347119 500.41596940
608.34998805 505.44967727
625.24886445 504.01147502
633.51852737 505.80922783
642.86684198 509.04518288
639.63088692 475.24743007
623.45111164 466.25866603
635.31628018 457.26990198
652.57470715 449.00023906
645.38369591 438.57327277
650.77695434 431.02271097
658.68706670 433.18001434
674.50729142 459.06765479
682.41740378 455.83169974
679.18144872 473.80922783
677.38369591 512.64068850
663.72077456 513.00023906
673.42863973 526.30360985
689.60841501 506.88787951
689.60841501 515.51709300
692.12526895 523.06765479
703.27133636 463.38226153
703.99043749 437.49462109
624.52976333 428.14630648
716.93425771 524.50585704
711.18144872 473.44967727
730.59717906 464.46091322
724.84437007 449.35978962
704.34998805 448.28113794
749.11403299 521.23547693
743.36122400 501.81974659
775.72077456 540.65120727
780.75448243 535.61749940
783.63088692 526.26918480
782.19268468 516.92087019
788.66459479 514.04446569
813.83313411 516.20176907
810.95672962 540.65120727
798.73201052 468.74109491
791.54099928 458.67367918
769.24886445 458.67367918
631.90054984 529.14558929
645.56347119 530.58379154
815.27133636 488.87592637
836.12526895 468.74109491
839.72077456 447.16806120
828.21515659 437.10064547
833.24886445 511.88716232
835.40616782 498.94334210
843.31628018 495.34783648
838.28257232 524.11188142
829.65335883 543.52761176
856.97920153 514.04446569
872.79942625 490.31412862
882.14774086 491.75233086
882.14774086 507.57255558
877.83313411 525.55008367
882.86684198 541.37030839
864.88931389 546.40401626
906.77695434 507.75233086
934.46234760 491.93210614
856.08032513 460.29165671
870.10279704 431.52761176
862.91178580 432.96581401
860.03538131 437.99952187
876.21515659 434.04446569
879.81066220 430.08940951
890.59717906 435.12311738
901.74324647 435.48266794
908.93425771 426.13435333
920.43987569 426.13435333
923.31628018 435.48266794
934.46234760 452.02199378
936.61965097 438.71862300
931.58594310 424.69615109
865.06908917 514.58379154
911.81066220 470.35907244
837.02414535 426.49390390
837.74324647 436.20176907
948.48481951 447.70738704
954.95672962 436.56131963
940.21515659 431.16806120
932.66459479 432.96581401
933.02414535 428.65120727
977.24886445 451.66244322
970.77695434 455.61749940
970.77695434 440.15682525
981.92302175 440.15682525
972.21515659 426.85345446
958.55223524 425.41525221
957.83313411 543.34783648
452.48481951 326.93282333
497.06908917 326.93282333
515.76571838 319.74181210
1011.94549366 483.69686828
994.50729142 519.47214918
1008.17021277 527.74181210
1002.05785322 532.05641884
1019.67583074 466.97776715
994.86684198 456.91035142
1007.45111164 445.76428401
1001.69830265 441.80922783
991.63088692 436.05641884
1007.45111164 435.33731771
1021.83313411 434.61821659
1018.23762850 456.55080086
1007.81066220 471.65192446
966.10279704 428.50585704
995.22639254 431.74181210
744.88931389 513.98900311
736.61965097 490.25866603
801.87807793 490.79799187
1016.34998805 462.35907244
1014.37245996 466.85345446
722.68706670 344.37102558
738.14774086 328.55080086
741.02414535 348.32608176
727.00167344 349.40473344
709.74324647 348.32608176
701.47358355 350.48338513
748.21515659 348.68563232
65.96796557 557.19053311
4.84437007 535.61749940
12.03538131 520.51637581
10.59717906 512.60626345
18.50729142 510.44896008
1.24886445 502.53884772
37.92302175 515.48266794
54.46234760 506.85345446
145.06908917 520.51637581
152.97920153 525.55008367
160.17021277 527.70738704
149.38369591 533.46019603
132.84437007 516.92087019
169.51852737 541.37030839
157.29380827 555.75233086
168.79942625 560.78603873
183.90054984 567.25794884
188.21515659 590.98828592
167.36122400 615.43772412
222.73201052 589.55008367
186.77695434 648.51637581
186.77695434 532.74109491
183.18144872 521.95457805
174.55223524 519.07817356
175.27133636 529.14558929
200.43987569 512.60626345
205.47358355 526.26918480
199.72077456 532.02199378
224.88931389 544.24671289
214.10279704 531.30289266
199.00167344 539.21300502
204.75448243 553.59502749
181.74324647 544.24671289
227.76571838 526.26918480
222.01290940 531.30289266
236.39493187 530.58379154
236.39493187 536.33660053
244.30504423 546.40401626
246.46234760 567.25794884
217.69830265 573.72985895
245.74324647 592.42648817
271.63088692 622.62873536
273.78819029 575.88716232
275.94549366 563.66244322
298.23762850 556.47143199
269.47358355 527.70738704
271.63088692 545.68491513
260.84437007 542.08940951
258.68706670 532.74109491
247.90054984 530.58379154
288.17021277 538.49390390
283.85560602 524.11188142
308.30504423 583.79727468
309.74324647 521.95457805
302.55223524 530.58379154
303.27133636 537.05570165
312.61965097 531.30289266
325.56347119 544.24671289
316.93425771 550.71862300
335.81066220 558.44896008
330.77695434 564.92087019
336.17021277 532.20176907
324.30504423 529.68491513
327.54099928 535.79727468
317.11403299 537.59502749
317.11403299 526.80851064
361.69830265 528.96581401
348.03538131 536.87592637
351.27133636 546.58379154
338.68706670 544.42648817
332.57470715 548.38154435
351.63088692 556.65120727
362.41740378 569.23547693
369.24886445 550.89839828
358.82189816 596.92087019
383.63088692 532.56131963
390.46234760 539.03322974
392.26010041 551.97704996
407.00167344 543.34783648
394.05785322 572.83098255
385.06908917 563.48266794
404.84437007 593.68491513
417.78819029 554.85345446
432.88931389 560.96581401
431.09156108 548.38154435
432.17021277 536.51637581
414.91178580 539.03322974
439.36122400 542.26918480
455.18144872 541.55008367
477.47358355 518.17929716
483.22639254 521.41525221
462.73201052 510.98828592
459.49605546 559.88716232
457.69830265 542.62873536
467.40616782 541.55008367
474.59717906 570.31412862
474.23762850 623.88716232
401.24886445 536.51637581
487.54099928 558.44896008
379.13650490 664.91035142
518.28257232 568.69615109
497.42863973 565.81974659
490.23762850 543.52761176
513.24886445 612.56131963
562.14774086 611.12311738
543.45111164 660.74109491
590.91178580 593.86469041
519.00167344 624.78603873
554.23762850 580.92087019
546.32751614 567.25794884
545.60841501 558.62873536
544.88931389 547.84221850
556.57470715 549.10064547
563.76571838 547.66244322
567.36122400 555.93210614
576.70953861 549.10064547
584.61965097 550.17929716
598.64212288 550.89839828
589.65335883 557.72985895
617.33875209 606.98828592
618.77695434 638.26918480
629.20392063 585.05570165
640.70953861 573.55008367
645.02414535 559.52761176
622.01290940 566.35907244
615.90054984 558.44896008
604.03538131 557.01075783
597.20392063 572.11188142
578.86684198 572.11188142
571.67583074 564.56131963
656.88931389 558.44896008
659.76571838 576.06693760
681.69830265 599.43772412
688.17021277 584.33660053
678.82189816 571.03322974
668.39493187 559.16806120
664.43987569 554.13435333
630.64212288 559.16806120
678.82189816 628.20176907
718.01290940 589.01075783
701.11403299 564.20176907
696.08032513 555.93210614
687.81066220 564.56131963
652.93425771 613.10064547
611.58594310 578.58379154
655.63088692 657.86469041
707.40616782 649.95457805
734.73201052 670.08940951
787.94549366 637.01075783
840.43987569 619.03322974
851.94549366 661.46019603
812.39493187 663.61749940
885.02414535 629.81974659
928.88931389 642.76356682
906.59717906 616.87592637
929.60841501 601.05570165
887.90054984 593.86469041
885.74324647 603.93210614
871.36122400 590.98828592
859.85560602 577.32536457
848.34998805 580.92087019
801.60841501 560.78603873
761.33875209 562.22424098
716.75448243 561.50513985
760.61965097 580.92087019
769.96796557 562.22424098
905.15897681 587.39278030
910.19268468 575.88716232
887.90054984 578.76356682
952.61965097 599.61749940
972.03538131 609.68491513
984.97920153 629.81974659
950.46234760 567.97704996
941.83313411 583.79727468
930.32751614 577.32536457
965.56347119 575.88716232
972.75448243 583.79727468
994.32751614 575.88716232
988.57470715 588.83098255
982.10279704 580.92087019
1006.55223524 594.58379154
1009.42863973 639.88716232
771.40616782 596.02199378
805.92302175 578.76356682
875.67583074 584.51637581
920.97920153 585.95457805
922.95672962 582.17929716
899.58594310 579.66244322
953.87807793 577.14558929
965.38369591 584.69615109
1018.95672962 583.97704996
1004.93425771 578.94334210
1007.09156108 585.41525221
659.58594310 593.00023906
420.10228070 465.01532510
413.96441856 460.92341701
