5.25619504 418.21862510
25.40007994 416.53996803
42.74620304 412.06354916
58.41366906 412.62310152
69.04516387 412.06354916
90.30815348 418.21862510
117.72621902 403.11071143
143.46562750 417.65907274
169.76458833 424.37370104
188.22981615 419.33772982
178.15787370 405.90847322
175.36011191 394.15787370
200.53996803 396.95563549
210.05235811 409.26578737
219.56474820 395.27697842
236.35131894 399.75339728
232.99400480 415.98041567
241.94684253 415.98041567
253.13788969 424.37370104
262.65027978 426.05235811
266.00759392 408.70623501
251.45923261 396.95563549
241.94684253 379.60951239
262.65027978 384.08593125
282.79416467 403.11071143
273.84132694 395.27697842
291.74700240 403.11071143
293.98521183 423.81414868
308.53357314 416.53996803
323.08193445 423.81414868
318.60551559 401.43205436
303.49760192 398.07474021
298.46163070 391.36011191
289.50879297 393.59832134
280.55595524 382.40727418
286.15147882 373.45443645
300.14028777 375.13309353
319.72462030 374.57354117
333.15387690 375.69264588
305.73581135 382.40727418
352.73820943 421.57593925
335.39208633 408.70623501
346.02358114 399.19384492
367.28657074 418.21862510
389.66866507 423.81414868
379.03717026 406.46802558
395.26418865 412.62310152
380.15627498 393.59832134
360.57194245 393.03876898
348.82134293 379.60951239
344.34492406 368.97801759
356.09552358 369.53756994
374.00119904 382.96682654
380.15627498 362.26338929
398.06195044 339.88129496
428.83733014 317.49920064
457.93405276 310.22501998
460.73181455 299.03397282
471.92286171 300.71262990
481.99480416 290.08113509
495.42406075 299.03397282
512.21063149 300.71262990
540.18824940 314.70143885
542.98601119 296.79576339
531.23541167 291.75979217
430.51598721 368.97801759
416.52717826 402.55115907
398.06195044 399.19384492
425.48001599 414.86131095
436.67106315 418.77817746
437.23061551 408.70623501
459.05315747 413.18265388
475.83972822 418.21862510
490.38808953 411.50399680
519.48481215 415.98041567
495.98361311 381.28816946
526.19944045 384.08593125
544.66466827 420.45683453
559.21302958 414.86131095
568.16586731 409.26578737
577.67825739 426.05235811
603.41766587 417.09952038
618.52557954 423.25459632
595.02438050 406.46802558
611.25139888 403.67026379
614.04916067 403.67026379
597.82214229 393.59832134
601.73900879 382.40727418
603.41766587 364.50159872
565.36810552 349.39368505
578.79736211 340.44084732
615.72781775 342.11950440
603.97721823 341.55995204
612.37050360 351.63189448
612.37050360 357.78697042
620.20423661 365.06115108
590.54796163 356.66786571
598.38169464 353.31055156
489.82853717 191.59992006
475.28017586 189.36171063
480.31614708 189.36171063
490.38808953 258.18665068
495.42406075 249.23381295
479.19704237 252.03157474
473.04196643 252.03157474
463.52957634 252.03157474
454.57673861 252.03157474
456.81494804 251.47202238
508.85331735 260.98441247
543.54556355 270.49680256
507.17466027 283.92605915
488.14988010 274.97322142
478.63749001 274.41366906
474.72062350 281.68784972
467.44644285 286.72382094
455.13629097 280.00919265
440.58792966 283.36650679
436.67106315 278.33053557
432.19464428 293.99800160
426.59912070 302.95083933
398.06195044 326.45203837
417.64628297 301.27218225
412.61031175 313.58233413
401.41926459 314.14188649
380.71582734 324.77338129
389.66866507 318.61830536
380.71582734 341.55995204
371.76298961 336.52398082
372.32254197 344.35771383
1.89888090 389.12190248
13.64948042 366.18025580
4.13709033 357.78697042
7.49440448 342.67905675
19.24500400 394.15787370
28.19784173 381.84772182
28.75739408 371.77577938
47.78217426 369.53756994
53.93725020 354.42965627
58.41366906 345.47681855
64.56874500 339.32174261
44.98441247 336.52398082
30.99560352 334.84532374
21.48321343 332.04756195
8.61350919 332.60711431
19.24500400 320.85651479
10.29216627 321.97561950
8.61350919 307.98681055
92.54636291 384.08593125
80.23621103 378.49040767
65.68784972 386.32414069
78.55755396 400.87250200
90.30815348 400.87250200
122.76219025 382.40727418
152.97801759 395.83653078
142.90607514 390.80055955
166.96682654 390.24100719
160.81175060 380.72861711
155.77577938 358.34652278
114.36890488 371.21622702
97.02278177 353.87010392
105.97561950 361.14428457
119.96442846 348.27458034
131.15547562 348.27458034
138.98920863 340.44084732
142.34652278 328.13069544
137.87010392 353.87010392
179.27697842 363.94204636
191.58713030 359.46562750
199.98041567 368.41846523
5.25619504 300.15307754
6.93485212 289.52158273
12.53037570 300.15307754
31.55515588 319.17785771
25.40007994 316.38009592
28.75739408 307.98681055
42.74620304 326.45203837
58.41366906 327.57114309
61.21143086 318.05875300
44.42486011 313.02278177
62.89008793 306.30815348
54.49680256 302.95083933
136.19144684 369.53756994
180.39608313 380.72861711
211.73101519 372.33533173
228.51758593 375.13309353
219.56474820 382.96682654
188.78936851 389.68145484
267.12669864 376.81175060
252.57833733 374.57354117
31.55515588 296.79576339
55.05635492 291.75979217
67.36650679 293.99800160
74.08113509 299.03397282
81.35531575 307.98681055
75.20023981 314.70143885
70.16426859 327.57114309
80.79576339 327.01159073
80.79576339 334.84532374
88.06994404 343.79816147
93.10591527 332.04756195
105.97561950 332.60711431
105.41606715 342.11950440
119.40487610 322.53517186
127.79816147 314.70143885
112.69024780 305.74860112
104.29696243 314.14188649
115.48800959 315.82054357
102.05875300 320.85651479
91.98681055 316.93964828
95.90367706 306.86770584
83.59352518 300.15307754
87.51039169 288.96203038
90.86770584 277.21143086
91.42725819 268.81814548
83.59352518 273.85411671
76.31934452 274.97322142
103.17785771 272.73501199
106.53517186 293.43844924
119.40487610 297.91486811
122.20263789 291.20023981
113.80935252 276.65187850
155.21622702 349.95323741
154.09712230 335.40487610
154.09712230 328.13069544
158.57354117 333.16666667
175.36011191 329.24980016
166.96682654 333.72621902
174.80055955 337.08353317
178.15787370 347.15547562
177.59832134 359.46562750
195.50399680 348.27458034
201.09952038 339.32174261
214.52877698 339.32174261
202.77817746 348.83413269
234.67266187 358.34652278
231.31534772 345.47681855
220.12430056 349.39368505
221.24340528 363.94204636
209.49280576 363.94204636
261.53117506 357.78697042
248.10191847 354.42965627
254.81654676 346.03637090
247.54236611 346.03637090
254.81654676 339.32174261
270.48401279 342.67905675
274.96043165 351.07234213
276.07953637 367.29936051
285.59192646 355.54876099
301.25939249 348.83413269
300.14028777 363.94204636
321.96282974 361.70383693
325.87969624 354.98920863
326.99880096 344.35771383
316.36730616 344.91726619
323.08193445 336.52398082
311.89088729 332.04756195
302.37849720 338.76219025
339.30895284 332.60711431
348.26179057 332.60711431
354.41686651 343.23860911
345.46402878 350.51278977
361.69104716 350.51278977
343.22581934 356.66786571
357.21462830 328.13069544
365.60791367 329.80935252
361.13149480 324.21382894
359.45283773 320.29696243
362.25059952 313.02278177
368.96522782 313.58233413
390.22821743 306.86770584
380.71582734 301.83173461
374.56075140 307.42725819
360.57194245 306.30815348
356.65507594 305.18904876
344.34492406 305.74860112
343.78537170 311.34412470
332.59432454 311.34412470
332.03477218 302.95083933
324.76059153 302.39128697
323.64148681 327.57114309
318.60551559 320.29696243
350.50000000 318.05875300
294.54476419 330.36890488
304.61670663 331.48800959
310.77178257 323.09472422
314.12909672 309.66546763
285.03237410 334.28577138
281.11550759 324.77338129
285.59192646 313.02278177
294.54476419 307.42725819
295.10431655 319.73741007
292.86610711 342.11950440
269.36490807 315.26099121
256.49520384 328.13069544
247.54236611 332.04756195
235.79176659 333.72621902
252.01878497 319.17785771
227.39848122 321.41606715
237.47042366 316.38009592
230.19624301 312.46322942
273.84132694 308.54636291
289.50879297 302.95083933
299.58073541 301.83173461
312.45043965 297.91486811
328.11790568 292.31934452
343.22581934 296.23621103
335.39208633 292.87889688
360.57194245 297.35531575
348.82134293 293.99800160
405.33613110 283.36650679
410.37210232 290.64068745
416.52717826 291.20023981
400.85971223 296.23621103
386.31135092 297.91486811
389.66866507 290.08113509
359.45283773 286.16426859
133.95323741 300.71262990
142.34652278 300.71262990
152.41846523 302.95083933
156.33533173 309.66546763
164.72861711 311.90367706
175.36011191 315.82054357
185.99160671 313.58233413
195.50399680 316.93964828
204.45683453 317.49920064
197.18265388 306.30815348
158.57354117 318.05875300
148.50159872 324.77338129
121.64308553 270.49680256
135.63189448 280.56874500
143.46562750 293.43844924
160.25219824 294.55755396
171.44324540 302.39128697
176.47921663 292.31934452
207.81414868 310.78457234
209.49280576 301.83173461
223.48161471 306.86770584
214.52877698 306.86770584
218.44564349 299.03397282
133.95323741 273.85411671
74.64068745 213.98201439
53.37769784 207.82693845
69.60471623 233.56634692
79.67665867 234.68545164
63.44964029 215.10111910
83.03397282 216.77977618
155.77577938 227.97082334
155.77577938 252.03157474
183.19384492 234.12589928
181.51518785 211.74380496
169.76458833 271.61590727
216.76698641 271.05635492
227.95803357 269.37769784
226.27937650 278.33053557
229.07713829 287.28337330
238.58952838 285.60471623
245.86370903 277.21143086
252.57833733 277.21143086
251.45923261 290.08113509
249.22102318 267.69904077
241.94684253 270.49680256
254.25699440 273.29456435
259.85251799 270.49680256
386.31135092 245.87649880
316.36730616 173.13469225
326.43924860 170.89648281
334.83253397 172.01558753
349.94044764 171.45603517
356.09552358 172.01558753
363.36970424 173.69424460
370.64388489 171.45603517
376.79896083 171.45603517
418.76538769 174.25379696
469.68465228 169.21782574
466.32733813 177.61111111
460.17226219 177.05155875
306.29536371 233.00679456
571.52318145 331.48800959
583.27378098 320.29696243
576.55915268 313.58233413
582.15467626 305.74860112
594.46482814 316.93964828
617.96602718 311.34412470
619.64468425 330.36890488
613.48960831 332.60711431
602.85811351 329.24980016
605.65587530 314.14188649
601.17945643 301.27218225
588.30975220 301.27218225
616.28737010 295.67665867
614.04916067 287.84292566
598.38169464 278.89008793
603.41766587 276.09232614
607.33453237 276.09232614
592.22661871 291.20023981
366.72701839 245.87649880
372.32254197 247.55515588
436.11151079 244.19784173
334.83253397 233.56634692
192.14668265 267.69904077
177.03876898 267.69904077
202.21862510 280.56874500
217.88609113 286.72382094
202.21862510 291.75979217
191.58713030 290.64068745
212.85011990 293.43844924
259.85251799 306.30815348
383.51358913 229.08992806
408.69344524 235.24500400
397.50239808 231.88768985
401.97881695 235.80455635
314.68864908 285.04516387
319.72462030 286.72382094
325.32014388 286.16426859
282.23461231 296.23621103
263.76938449 291.75979217
242.50639488 297.91486811
283.91326938 290.64068745
296.78297362 288.96203038
262.09072742 283.36650679
291.18745004 277.77098321
534.03317346 245.31694644
541.30735412 245.31694644
290.62789768 249.79336531
282.79416467 251.47202238
267.68625100 253.15067946
385.75179856 235.80455635
301.81894484 272.73501199
302.93804956 248.11470823
67.98251748 359.85664336
81.26923077 366.84965035
84.06643357 356.36013986
42.10839161 394.12237762
26.02447552 398.31818182
19.73076923 345.87062937
26.72377622 356.36013986
30.22027972 345.17132867
204.34615385 384.33216783
265.88461538 371.04545455
258.89160839 371.04545455
246.30419580 368.24825175
246.30419580 361.95454545
381.26923077 368.94755245
372.87762238 376.63986014
310.63986014 403.91258741
582.66783217 414.40209790
586.16433566 424.89160839
153.99650350 280.83566434
153.99650350 285.03146853
160.98951049 282.23426573
170.08041958 282.23426573
183.36713287 275.24125874
174.97552448 277.33916084
175.67482517 282.93356643
182.66783217 291.32517483
185.46503497 301.11538462
186.86363636 295.52097902
98.05244755 293.42307692
98.75174825 286.43006993
108.54195804 280.83566434
100.84965035 278.73776224
136.51398601 287.12937063
135.11538462 294.82167832
129.52097902 291.32517483
126.72377622 301.11538462
119.03146853 285.03146853
126.72377622 280.83566434
142.10839161 274.54195804
147.70279720 274.54195804
163.08741259 271.74475524
144.90559441 282.93356643
228.12237762 382.23426573
240.01048951 373.14335664
67.98251748 350.06643357
78.47202797 345.87062937
60.98951049 400.41608392
137.21328671 381.53496503
126.02447552 422.09440559
16.93356643 291.32517483
19.03146853 305.31118881
39.31118881 308.10839161
74.97552448 286.43006993
142.80769231 311.60489510
142.10839161 317.89860140
130.91958042 324.19230769
128.82167832 334.68181818
117.63286713 331.88461538
121.12937063 340.97552448
126.72377622 343.07342657
155.39510490 342.37412587
192.45804196 330.48601399
195.95454545 324.89160839
202.24825175 325.59090909
213.43706294 329.08741259
229.52097902 331.18531469
243.50699301 323.49300699
272.87762238 318.59790210
269.38111888 326.98951049
263.08741259 335.38111888
278.47202797 336.77972028
46.30419580 380.83566434
93.85664336 368.94755245
104.34615385 371.04545455
117.63286713 363.35314685
222.52797203 356.36013986
218.33216783 317.89860140
212.73776224 315.10139860
235.81468531 308.10839161
240.70979021 306.01048951
246.30419580 306.01048951
230.22027972 304.61188811
235.11538462 296.22027972
229.52097902 294.12237762
231.61888112 275.24125874
233.01748252 280.13636364
203.64685315 276.63986014
195.95454545 281.53496503
190.36013986 279.43706294
590.36013986 374.54195804
592.45804196 368.94755245
586.86363636 341.67482517
558.89160839 314.40209790
502.94755245 301.81468531
502.24825175 293.42307692
491.75874126 240.27622378
441.40909091 303.91258741
467.28321678 274.54195804
584.76573427 334.68181818
578.47202797 325.59090909
569.38111888 320.69580420
588.26223776 326.98951049
592.45804196 333.28321678
622.52797203 337.47902098
632.31818182 341.67482517
640.70979021 338.17832168
628.82167832 336.08041958
630.91958042 328.38811189
628.12237762 320.69580420
635.81468531 325.59090909
638.61188811 318.59790210
619.73076923 323.49300699
612.03846154 325.59090909
605.74475524 325.59090909
605.04545455 320.69580420
589.66083916 313.70279720
591.75874126 308.10839161
598.05244755 305.31118881
626.72377622 304.61188811
630.22027972 299.71678322
608.54195804 303.21328671
616.23426573 302.51398601
645.60489510 329.08741259
639.31118881 328.38811189
639.31118881 333.98251748
634.41608392 313.00349650
630.22027972 311.60489510
624.62587413 311.60489510
633.01748252 306.70979021
639.31118881 303.21328671
646.30419580 306.70979021
642.80769231 315.80069930
654.69580420 317.19930070
667.98251748 319.29720280
674.97552448 319.29720280
683.36713287 315.10139860
680.56993007 308.80769231
690.36013986 310.90559441
681.96853147 296.91958042
688.26223776 296.22027972
692.45804196 299.01748252
695.25524476 310.20629371
688.26223776 304.61188811
678.47202797 303.21328671
669.38111888 311.60489510
674.27622378 308.10839161
666.58391608 307.40909091
669.38111888 303.91258741
666.58391608 298.31818182
665.18531469 303.91258741
655.39510490 301.81468531
659.59090909 296.91958042
653.29720280 294.82167832
648.40209790 294.12237762
654.69580420 308.10839161
649.80069930 304.61188811
664.48601399 310.90559441
663.08741259 314.40209790
652.59790210 313.00349650
642.10839161 298.31818182
635.11538462 296.91958042
698.75174825 292.02447552
692.45804196 291.32517483
688.96153846 285.73076923
690.36013986 282.23426573
676.37412587 293.42307692
677.77272727 287.82867133
669.38111888 282.93356643
674.97552448 280.13636364
681.96853147 276.63986014
682.66783217 280.83566434
645.60489510 282.93356643
647.00349650 275.94055944
640.01048951 275.24125874
653.99650350 275.24125874
638.61188811 281.53496503
636.51398601 288.52797203
661.68881119 284.33216783
667.28321678 289.22727273
654.69580420 289.22727273
650.50000000 289.22727273
677.07342657 233.28321678
681.96853147 227.68881119
686.16433566 224.89160839
688.26223776 237.47902098
683.36713287 234.68181818
680.56993007 244.47202797
665.88461538 246.56993007
668.68181818 244.47202797
672.17832168 241.67482517
674.97552448 246.56993007
612.03846154 318.59790210
621.12937063 316.50000000
653.29720280 322.79370629
660.98951049 324.19230769
568.68181818 305.31118881
574.27622378 301.81468531
574.97552448 299.71678322
577.07342657 296.22027972
571.47902098 294.82167832
575.67482517 291.32517483
584.06643357 297.61888112
590.36013986 297.61888112
581.26923077 294.12237762
581.96853147 287.82867133
593.15734266 298.31818182
603.64685315 295.52097902
598.75174825 291.32517483
605.04545455 292.02447552
604.34615385 285.03146853
594.55594406 285.03146853
588.96153846 285.03146853
591.75874126 280.13636364
600.84965035 275.24125874
612.03846154 281.53496503
605.74475524 281.53496503
612.03846154 275.94055944
614.83566434 272.44405594
619.03146853 272.44405594
619.73076923 285.73076923
621.82867133 280.83566434
616.23426573 280.13636364
596.65384615 336.08041958
380.56993007 175.24125874
387.56293706 175.24125874
391.75874126 174.54195804
402.24825175 173.84265734
409.24125874 171.04545455
412.73776224 171.04545455
429.52097902 175.24125874
433.01748252 175.94055944
440.70979021 177.33916084
445.60489510 179.43706294
455.39510490 178.73776224
520.43006993 248.66783217
526.02447552 247.96853147
519.03146853 253.56293706
523.92657343 252.16433566
529.52097902 250.76573427
538.61188811 249.36713287
519.03146853 261.25524476
523.22727273 260.55594406
530.22027972 260.55594406
537.21328671 258.45804196
546.30419580 257.05944056
544.20629371 251.46503497
547.00349650 248.66783217
549.80069930 245.87062937
552.59790210 249.36713287
554.69580420 248.66783217
558.19230769 248.66783217
560.98951049 248.66783217
561.68881119 248.66783217
564.48601399 248.66783217
550.50000000 253.56293706
555.39510490 254.26223776
557.49300699 257.05944056
560.29020979 254.26223776
563.08741259 252.16433566
567.28321678 252.86363636
571.47902098 251.46503497
573.57692308 249.36713287
577.07342657 250.76573427
580.56993007 249.36713287
582.66783217 246.56993007
595.25524476 247.26923077
590.36013986 247.26923077
596.65384615 250.76573427
600.84965035 251.46503497
588.26223776 252.16433566
584.76573427 253.56293706
580.56993007 253.56293706
577.07342657 255.66083916
573.57692308 255.66083916
570.08041958 256.36013986
565.18531469 257.75874126
537.21328671 264.05244755
541.40909091 261.95454545
547.00349650 262.65384615
549.80069930 262.65384615
552.59790210 261.25524476
556.09440559 261.25524476
562.38811189 261.25524476
566.58391608 259.15734266
570.77972028 259.85664336
574.97552448 261.25524476
579.87062937 259.15734266
582.66783217 257.05944056
586.86363636 259.15734266
589.66083916 257.05944056
591.75874126 254.96153846
595.95454545 256.36013986
551.19930070 265.45104895
557.49300699 265.45104895
561.68881119 266.15034965
566.58391608 266.15034965
570.08041958 266.84965035
574.27622378 262.65384615
580.56993007 263.35314685
585.46503497 262.65384615
592.45804196 259.85664336
573.57692308 268.24825175
577.77272727 271.04545455
581.96853147 270.34615385
584.76573427 269.64685315
586.86363636 268.94755245
591.05944056 266.15034965
592.45804196 264.05244755
559.59090909 275.94055944
554.69580420 275.94055944
551.89860140 271.04545455
557.49300699 271.04545455
565.88461538 273.84265734
568.68181818 272.44405594
558.19230769 279.43706294
563.08741259 283.63286713
558.19230769 285.73076923
558.19230769 289.22727273
560.29020979 292.72377622
567.28321678 289.22727273
571.47902098 287.82867133
570.08041958 282.23426573
572.87762238 282.23426573
575.67482517 278.03846154
579.87062937 275.94055944
584.06643357 275.94055944
589.66083916 273.84265734
603.64685315 305.31118881
698.05244755 257.05944056
693.85664336 253.56293706
690.36013986 256.36013986
686.16433566 254.96153846
680.56993007 253.56293706
698.05244755 260.55594406
698.05244755 265.45104895
694.55594406 272.44405594
690.36013986 271.74475524
687.56293706 267.54895105
699.45104895 283.63286713
698.75174825 279.43706294
698.05244755 275.24125874
695.25524476 276.63986014
690.36013986 278.73776224
656.09440559 284.33216783
660.98951049 276.63986014
665.88461538 278.03846154
662.38811189 280.83566434
669.38111888 273.84265734
671.47902098 271.74475524
670.08041958 269.64685315
663.78671329 269.64685315
651.89860140 269.64685315
646.30419580 270.34615385
661.68881119 266.15034965
656.79370629 268.24825175
657.49300699 260.55594406
664.48601399 263.35314685
667.98251748 261.95454545
674.27622378 261.95454545
678.47202797 263.35314685
684.76573427 261.25524476
690.36013986 261.95454545
674.97552448 272.44405594
678.47202797 272.44405594
684.76573427 271.74475524
673.57692308 266.15034965
679.87062937 268.24825175
671.47902098 266.15034965
644.20629371 241.67482517
651.19930070 241.67482517
658.89160839 245.17132867
640.01048951 247.96853147
645.60489510 246.56993007
653.29720280 246.56993007
639.31118881 254.96153846
643.50699301 252.86363636
647.70279720 250.06643357
651.89860140 250.76573427
657.49300699 250.76573427
663.08741259 254.26223776
641.40909091 261.95454545
646.30419580 261.25524476
649.80069930 259.15734266
655.39510490 256.36013986
672.17832168 247.26923077
638.61188811 267.54895105
643.50699301 267.54895105
647.00349650 265.45104895
653.29720280 263.35314685
668.68181818 254.96153846
268.68181818 266.15034965
264.48601399 268.94755245
262.38811189 259.85664336
261.68881119 251.46503497
273.57692308 253.56293706
277.07342657 250.76573427
273.57692308 296.91958042
277.77272727 300.41608392
282.66783217 300.41608392
268.68181818 290.62587413
272.87762238 291.32517483
267.98251748 284.33216783
269.38111888 284.33216783
266.58391608 277.33916084
270.08041958 277.33916084
275.67482517 270.34615385
277.77272727 269.64685315
275.67482517 289.22727273
278.47202797 287.12937063
281.26923077 282.23426573
282.66783217 274.54195804
285.46503497 274.54195804
290.36013986 262.65384615
285.46503497 261.95454545
295.25524476 261.25524476
286.86363636 257.75874126
292.45804196 257.75874126
300.15034965 264.05244755
305.74475524 260.55594406
307.84265734 262.65384615
314.13636364 253.56293706
317.63286713 231.18531469
323.92657343 235.38111888
322.52797203 264.05244755
325.32517483 259.15734266
321.12937063 256.36013986
315.53496503 261.25524476
306.44405594 254.26223776
342.80769231 257.75874126
347.70279720 261.95454545
353.99650350 251.46503497
347.00349650 271.74475524
342.10839161 273.14335664
337.91258741 270.34615385
339.31118881 264.05244755
341.40909091 264.05244755
344.90559441 264.75174825
347.00349650 264.75174825
351.89860140 266.84965035
353.99650350 261.95454545
353.99650350 273.84265734
350.50000000 276.63986014
348.40209790 282.23426573
344.90559441 287.12937063
383.36713287 285.03146853
388.26223776 282.93356643
392.45804196 286.43006993
411.33916084 299.71678322
407.14335664 305.31118881
390.36013986 331.88461538
398.05244755 242.37412587
426.02447552 213.00349650
430.91958042 210.90559441
434.41608392 209.50699301
438.61188811 209.50699301
438.61188811 212.30419580
441.40909091 212.30419580
442.10839161 208.80769231
447.00349650 213.00349650
449.80069930 208.10839161
459.59090909 210.20629371
463.78671329 210.20629371
466.58391608 213.00349650
454.69580420 210.90559441
485.46503497 286.43006993
448.40209790 271.74475524
430.91958042 282.93356643
416.93356643 322.79370629
360.98951049 233.28321678
366.58391608 232.58391608
371.47902098 239.57692308
372.87762238 236.77972028
372.87762238 233.98251748
352.59790210 234.68181818
356.79370629 236.77972028
383.36713287 238.17832168
379.87062937 245.87062937
379.87062937 236.77972028
394.55594406 237.47902098
388.96153846 233.98251748
391.75874126 229.78671329
389.66083916 229.78671329
409.24125874 248.66783217
403.64685315 242.37412587
417.63286713 232.58391608
308.54195804 264.75174825
309.94055944 264.75174825
316.93356643 272.44405594
323.22727273 270.34615385
328.82167832 269.64685315
333.01748252 266.15034965
330.91958042 263.35314685
298.05244755 280.13636364
302.94755245 283.63286713
302.94755245 277.33916084
308.54195804 278.03846154
312.73776224 278.73776224
308.54195804 272.44405594
307.84265734 288.52797203
302.94755245 289.92657343
302.94755245 297.61888112
321.12937063 294.12237762
312.03846154 294.82167832
335.81468531 389.92657343
336.51398601 381.53496503
323.22727273 385.03146853
312.73776224 389.22727273
272.87762238 413.70279720
272.87762238 384.33216783
286.86363636 347.26923077
90.36013986 303.21328671
163.78671329 326.29020979
163.78671329 319.99650350
221.82867133 326.98951049
370.08041958 282.93356643
378.47202797 281.53496503
364.48601399 285.03146853
371.47902098 296.22027972
375.67482517 296.91958042
374.27622378 290.62587413
380.56993007 289.92657343
367.98251748 303.21328671
353.99650350 295.52097902
366.58391608 292.02447552
349.80069930 288.52797203
351.19930070 302.51398601
303.64685315 308.10839161
311.33916084 315.80069930
321.12937063 313.00349650
330.91958042 318.59790210
178.47202797 324.19230769
134.41608392 310.90559441
159.59090909 303.91258741
489.66083916 426.29020979
460.29020979 428.38811189
451.89860140 418.59790210
321.82867133 395.52097902
270.08041958 302.51398601
261.68881119 298.31818182
251.19930070 294.82167832
222.52797203 295.52097902
205.74475524 277.33916084
210.63986014 277.33916084
209.24125874 282.93356643
216.93356643 278.03846154
221.82867133 273.84265734
223.22727273 271.04545455
330.91958042 327.68881119
338.61188811 324.89160839
379.87062937 310.90559441
260.29020979 345.87062937
84.06643357 312.30419580
123.92657343 306.01048951
111.33916084 338.87762238
267.28321678 259.85664336
343.50699301 275.94055944
