95.76419087 635.40055450
92.02393113 574.30964541
22.20574931 556.85509996
15.97198307 508.23172333
39.66029476 484.54341164
63.34860645 514.46548957
49.63432074 495.76419087
104.49146359 541.89406100
135.66029476 525.68626879
170.56938567 558.10185320
160.59535970 591.76419087
184.28367138 637.89406100
221.68626879 609.21873632
249.11484022 585.53042463
221.68626879 568.07587918
210.46548957 551.86808697
291.50445061 690.25769736
284.02393113 649.11484022
305.21873632 620.43951554
292.75120385 594.25769736
259.08886619 609.21873632
333.89406100 605.47847658
360.07587918 609.21873632
361.32263242 632.90704801
403.71224281 646.62133372
397.47847658 611.71224281
345.11484022 664.07587918
407.45250255 666.56938567
442.36159346 702.72522983
366.30964541 741.37458048
499.71224281 716.43951554
479.76419087 689.01094411
527.14081424 692.75120385
575.76419087 751.34860645
609.42652853 664.07587918
599.45250255 644.12782723
581.99795710 622.93302203
581.99795710 594.25769736
547.08886619 615.45250255
517.16678827 615.45250255
483.50445061 589.27068437
471.03691814 579.29665840
441.11484022 559.34860645
418.67328177 548.12782723
397.47847658 579.29665840
382.51743762 550.62133372
392.49146359 523.19276229
413.68626879 523.19276229
6.62133372 433.58237268
5.68626879 422.04990515
21.27068437 436.07587918
38.72522983 446.67328177
22.82912593 451.03691814
39.97198307 415.50445061
30.62133372 407.40055450
21.89406100 401.47847658
29.99795710 393.37458048
17.21873632 390.25769736
13.16678827 376.54341164
15.34860645 367.50445061
30.93302203 358.46548957
40.90704801 359.40055450
44.02393113 350.67328177
41.21873632 341.32263242
29.37458048 330.41354151
16.28367138 331.34860645
11.29665840 324.49146359
74.88107398 333.21873632
79.55639866 327.92003502
54.30964541 318.56938567
49.32263242 318.25769736
34.04990515 352.85509996
59.92003502 374.98497009
41.53042463 378.41354151
39.34860645 372.17977528
29.06289216 367.19276229
41.21873632 365.94600905
45.89406100 363.45250255
46.51743762 373.73821684
43.08886619 403.03691814
59.60834671 427.34860645
75.19276229 413.32263242
69.27068437 409.58237268
59.92003502 395.86808697
69.89406100 387.14081424
62.72522983 386.82912593
72.69925580 379.34860645
85.16678827 387.14081424
80.17977528 392.75120385
84.23172333 427.97198307
73.63432074 422.67328177
96.07587918 435.14081424
85.16678827 439.50445061
70.82912593 449.47847658
157.16678827 371.55639866
149.99795710 385.89406100
137.53042463 392.43951554
115.71224281 400.23172333
110.41354151 391.81613892
98.25769736 363.14081424
121.32263242 431.40055450
127.55639866 436.69925580
131.60834671 429.53042463
136.90704801 437.94600905
72.38756749 362.82912593
98.56938567 404.59535970
122.56938567 398.98497009
109.79016489 404.59535970
112.28367138 416.12782723
107.92003502 442.62133372
213.89406100 412.07587918
213.89406100 402.41354151
194.25769736 405.21873632
181.47847658 407.71224281
175.24471035 393.99795710
157.47847658 394.62133372
150.30964541 396.80315190
168.38756749 381.53042463
186.46548957 374.04990515
182.72522983 388.07587918
203.29665840 388.07587918
101.06289216 412.07587918
113.21873632 425.16678827
86.10185320 454.46548957
81.73821684 461.94600905
99.81613892 469.11484022
63.66029476 469.11484022
117.27068437 461.94600905
137.53042463 454.77717788
147.50445061 448.23172333
149.37458048 435.76419087
169.01094411 442.62133372
166.20574931 449.47847658
151.55639866 461.01094411
163.40055450 464.75120385
179.60834671 473.47847658
186.15380125 464.75120385
207.66029476 460.38756749
217.32263242 459.76419087
232.59535970 448.23172333
237.27068437 469.73821684
242.88107398 440.12782723
235.40055450 424.23172333
224.80315190 408.02393113
217.32263242 400.23172333
216.69925580 388.07587918
223.55639866 383.08886619
232.59535970 388.07587918
246.30964541 388.38756749
250.04990515 379.34860645
235.40055450 397.11484022
243.81613892 411.76419087
247.55639866 405.53042463
110.41354151 494.04990515
118.20574931 473.47847658
130.67328177 476.59535970
130.04990515 498.41354151
157.37458048 526.77717788
146.46548957 503.08886619
172.64730775 497.47847658
249.01094411 525.84211294
241.53042463 542.36159346
258.04990515 550.46548957
209.11484022 508.38756749
193.21873632 507.14081424
187.29665840 526.46548957
224.38756749 522.41354151
212.23172333 516.17977528
261.16678827 482.51743762
291.71224281 502.77717788
300.75120385 495.60834671
298.88107398 477.84211294
312.28367138 488.75120385
316.02393113 504.95899606
277.99795710 559.19276229
294.51743762 566.67328177
309.47847658 573.84211294
205.99795710 586.93302203
140.23172333 548.90704801
178.56938567 547.66029476
172.95899606 511.50445061
263.03691814 464.43951554
275.81613892 465.37458048
296.07587918 452.59535970
284.54341164 445.11484022
258.36159346 433.27068437
282.36159346 430.46548957
312.28367138 451.34860645
312.90704801 439.81613892
308.23172333 466.62133372
291.40055450 580.38756749
327.55639866 506.51743762
335.97198307 498.41354151
331.92003502 477.21873632
332.85509996 468.80315190
423.24471035 517.11484022
430.10185320 509.94600905
405.79016489 489.37458048
395.81613892 500.59535970
383.66029476 494.67328177
383.66029476 514.93302203
357.47847658 478.15380125
356.23172333 467.24471035
369.01094411 470.36159346
378.98497009 470.98497009
383.97198307 461.63432074
392.69925580 458.51743762
383.97198307 450.10185320
367.76419087 450.72522983
343.45250255 454.15380125
332.85509996 456.64730775
330.67328177 442.62133372
328.17977528 432.33561944
347.50445061 437.94600905
363.40055450 437.63432074
369.32263242 439.81613892
359.66029476 424.54341164
368.07587918 418.93302203
390.20574931 423.60834671
397.68626879 428.28367138
392.69925580 433.58237268
398.30964541 445.73821684
404.85509996 464.43951554
399.55639866 474.72522983
302.93302203 429.21873632
306.36159346 422.67328177
320.38756749 419.24471035
310.10185320 416.75120385
332.85509996 426.72522983
346.56938567 423.29665840
398.30964541 417.37458048
405.16678827 417.99795710
414.82912593 427.66029476
411.08886619 419.55639866
425.42652853 422.36159346
431.03691814 422.36159346
437.58237268 424.85509996
456.28367138 429.21873632
434.15380125 435.76419087
438.51743762 432.33561944
448.49146359 452.90704801
454.10185320 446.67328177
433.21873632 451.03691814
421.06289216 448.54341164
422.93302203 458.51743762
422.93302203 474.72522983
436.33561944 472.54341164
461.27068437 462.88107398
474.67328177 472.85509996
471.55639866 503.40055450
474.67328177 518.04990515
452.85509996 534.56938567
460.33561944 557.63432074
462.51743762 536.12782723
460.02393113 501.21873632
462.82912593 418.93302203
469.99795710 415.81613892
472.80315190 425.47847658
80.17977528 374.51743762
70.82912593 373.27068437
171.81613892 360.17977528
215.45250255 365.79016489
230.41354151 358.85509996
266.10185320 381.92003502
274.51743762 380.36159346
263.76419087 393.14081424
255.34860645 391.58237268
276.07587918 350.43951554
278.56938567 327.84211294
269.53042463 303.99795710
278.72522983 305.08886619
279.03691814 311.47847658
221.99795710 396.02393113
279.66029476 400.07587918
288.38756749 396.02393113
313.94600905 402.88107398
298.67328177 400.69925580
291.50445061 409.11484022
279.34860645 409.42652853
257.53042463 410.98497009
266.56938567 405.99795710
293.68626879 385.11484022
297.11484022 390.10185320
307.08886619 388.23172333
310.82912593 381.68626879
323.60834671 384.80315190
335.76419087 381.06289216
333.89406100 391.66029476
348.54341164 391.34860645
338.25769736 404.43951554
333.89406100 400.07587918
321.73821684 393.53042463
317.37458048 381.99795710
322.67328177 372.64730775
313.01094411 374.20574931
299.92003502 371.71224281
304.59535970 366.72522983
298.98497009 364.54341164
293.37458048 369.53042463
284.64730775 365.47847658
296.80315190 358.62133372
311.76419087 352.38756749
324.85509996 352.69925580
317.99795710 358.62133372
312.38756749 358.93302203
132.54341164 271.97198307
135.66029476 267.60834671
145.01094411 272.12782723
159.03691814 275.55639866
160.90704801 271.19276229
200.80315190 279.92003502
197.99795710 277.73821684
321.42652853 362.20574931
320.80315190 366.88107398
289.63432074 358.15380125
285.27068437 358.15380125
284.33561944 347.55639866
287.45250255 345.37458048
279.66029476 344.12782723
282.15380125 342.56938567
287.14081424 333.84211294
288.07587918 327.60834671
285.27068437 324.17977528
285.27068437 312.02393113
289.63432074 307.66029476
286.82912593 307.03691814
291.81613892 304.85509996
284.95899606 303.60834671
262.82912593 303.29665840
265.32263242 294.56938567
248.80315190 305.47847658
255.34860645 309.21873632
250.04990515 302.04990515
245.99795710 299.86808697
247.86808697 295.50445061
241.63432074 296.75120385
240.69925580 288.64730775
232.59535970 287.40055450
225.42652853 288.95899606
222.30964541 278.67328177
212.95899606 286.46548957
207.34860645 280.23172333
214.82912593 274.62133372
211.40055450 276.49146359
207.97198307 273.06289216
128.17977528 273.06289216
191.45250255 277.11484022
214.82912593 265.89406100
224.17977528 268.69925580
224.17977528 276.49146359
231.34860645 279.92003502
221.06289216 274.30964541
294.62133372 311.40055450
306.15380125 307.66029476
310.82912593 307.03691814
313.32263242 312.02393113
299.60834671 314.82912593
300.85509996 321.37458048
302.10185320 330.10185320
312.07587918 327.29665840
317.68626879 319.19276229
322.67328177 321.06289216
326.41354151 316.69925580
330.77717788 317.32263242
332.02393113 311.40055450
341.37458048 325.11484022
344.17977528 320.75120385
349.47847658 318.56938567
357.89406100 323.55639866
347.29665840 327.60834671
337.94600905 328.23172333
337.63432074 324.49146359
333.58237268 324.49146359
322.67328177 329.47847658
314.88107398 329.47847658
326.10185320 331.66029476
292.75120385 336.02393113
292.43951554 327.29665840
301.47847658 341.63432074
315.50445061 343.19276229
308.64730775 338.82912593
305.21873632 341.01094411
313.94600905 334.46548957
336.07587918 340.38756749
322.67328177 343.19276229
327.97198307 347.24471035
340.43951554 346.62133372
341.37458048 338.82912593
346.67328177 336.02393113
346.04990515 338.82912593
348.54341164 331.03691814
355.71224281 328.85509996
361.94600905 325.73821684
362.88107398 341.01094411
363.19276229 351.29665840
346.67328177 357.84211294
332.33561944 361.89406100
326.10185320 367.19276229
307.71224281 359.08886619
298.04990515 348.49146359
328.59535970 356.28367138
343.55639866 354.10185320
359.76419087 364.69925580
352.59535970 362.20574931
342.62133372 364.07587918
336.07587918 372.49146359
340.43951554 374.67328177
350.72522983 368.12782723
365.99795710 370.62133372
361.94600905 373.42652853
355.40055450 378.10185320
350.41354151 379.66029476
370.04990515 320.43951554
374.72522983 338.82912593
369.42652853 337.27068437
382.51743762 337.58237268
388.75120385 332.90704801
394.67328177 327.92003502
398.41354151 329.16678827
403.40055450 331.03691814
403.08886619 338.82912593
398.72522983 340.38756749
390.30964541 338.20574931
393.73821684 345.37458048
374.72522983 348.17977528
377.84211294 344.12782723
381.27068437 341.01094411
409.63432074 341.94600905
400.90704801 343.81613892
406.82912593 349.73821684
418.36159346 346.30964541
414.62133372 341.94600905
421.79016489 341.94600905
423.34860645 336.02393113
455.45250255 354.10185320
445.47847658 357.84211294
430.51743762 357.21873632
435.50445061 358.46548957
425.53042463 356.28367138
410.25769736 360.02393113
395.60834671 362.51743762
391.55639866 362.82912593
391.55639866 356.90704801
383.14081424 356.28367138
377.84211294 355.34860645
372.54341164 357.53042463
369.73821684 366.88107398
376.90704801 365.94600905
370.36159346 372.49146359
355.08886619 388.69925580
358.51743762 396.49146359
371.29665840 393.37458048
371.29665840 386.82912593
378.15380125 382.15380125
381.27068437 375.60834671
376.59535970 370.93302203
386.56938567 369.06289216
395.92003502 368.75120385
390.62133372 369.37458048
391.55639866 375.29665840
400.59535970 369.37458048
398.41354151 374.98497009
403.08886619 364.07587918
406.20574931 366.88107398
412.75120385 374.98497009
419.92003502 380.90704801
428.95899606 377.16678827
439.55639866 368.12782723
451.08886619 364.07587918
459.50445061 368.43951554
450.77717788 371.24471035
420.54341164 372.80315190
421.79016489 365.63432074
426.46548957 366.88107398
431.76419087 367.19276229
442.36159346 374.67328177
430.20574931 387.45250255
423.03691814 389.01094411
413.06289216 397.73821684
412.75120385 390.88107398
386.56938567 381.53042463
384.69925580 390.25769736
378.77717788 393.06289216
366.62133372 406.77717788
359.45250255 409.58237268
376.59535970 412.07587918
395.29665840 400.23172333
397.47847658 386.82912593
397.79016489 392.43951554
405.58237268 388.07587918
402.77717788 393.68626879
403.08886619 379.97198307
398.10185320 379.34860645
470.10185320 373.11484022
459.81613892 374.36159346
453.58237268 382.15380125
461.68626879 379.97198307
464.17977528 378.72522983
472.28367138 378.72522983
493.16678827 372.80315190
489.42652853 375.29665840
485.37458048 379.34860645
480.07587918 380.90704801
499.08886619 378.72522983
497.84211294 372.17977528
503.45250255 373.42652853
507.81613892 378.10185320
513.42652853 382.15380125
503.76419087 386.51743762
496.59535970 382.15380125
492.23172333 389.01094411
481.32263242 396.49146359
472.28367138 390.25769736
466.04990515 385.27068437
460.43951554 389.94600905
463.55639866 387.45250255
454.51743762 396.80315190
448.28367138 400.23172333
437.37458048 398.67328177
440.17977528 389.63432074
409.32263242 410.82912593
400.28367138 400.54341164
418.98497009 405.21873632
425.21873632 403.97198307
421.79016489 410.82912593
444.54341164 406.46548957
437.37458048 414.25769736
456.38756749 404.28367138
459.50445061 396.17977528
466.67328177 397.73821684
477.58237268 403.03691814
466.67328177 403.97198307
477.89406100 410.82912593
487.55639866 404.90704801
495.03691814 398.04990515
511.24471035 388.07587918
515.92003502 395.86808697
510.93302203 393.99795710
522.46548957 398.36159346
522.46548957 376.54341164
523.08886619 383.71224281
521.21873632 412.07587918
518.41354151 404.28367138
513.42652853 402.72522983
503.76419087 408.64730775
508.43951554 411.14081424
499.71224281 408.64730775
500.02393113 418.93302203
486.30964541 419.86808697
486.20574931 457.89406100
492.43951554 465.99795710
495.55639866 458.51743762
491.19276229 449.79016489
482.77717788 447.60834671
487.14081424 430.46548957
499.92003502 429.53042463
492.75120385 424.85509996
504.28367138 425.47847658
518.93302203 427.34860645
517.68626879 438.88107398
528.59535970 423.92003502
523.92003502 422.67328177
530.77717788 416.75120385
527.66029476 412.69925580
527.97198307 407.40055450
532.64730775 411.76419087
538.56938567 399.92003502
534.82912593 392.12782723
529.21873632 389.32263242
525.16678827 392.12782723
528.90704801 451.97198307
509.27068437 457.89406100
499.60834671 449.16678827
537.32263242 443.24471035
541.06289216 429.53042463
541.99795710 419.55639866
557.58237268 420.80315190
559.14081424 409.58237268
553.53042463 404.28367138
548.23172333 407.71224281
542.30964541 402.41354151
548.85509996 397.42652853
545.42652853 394.93302203
544.17977528 373.73821684
535.76419087 378.41354151
533.27068437 374.67328177
532.95899606 369.37458048
527.66029476 372.49146359
552.59535970 377.16678827
558.20574931 379.66029476
565.37458048 381.53042463
571.29665840 379.34860645
559.14081424 384.95899606
560.69925580 381.21873632
571.92003502 392.75120385
576.90704801 391.50445061
557.58237268 392.75120385
551.66029476 390.25769736
549.16678827 383.40055450
553.84211294 384.33561944
553.84211294 431.71224281
551.66029476 440.43951554
548.54341164 446.98497009
522.04990515 471.60834671
526.41354151 468.80315190
495.55639866 471.92003502
504.90704801 471.60834671
485.89406100 478.77717788
496.80315190 500.59535970
499.29665840 483.76419087
491.50445061 523.97198307
515.50445061 514.62133372
527.66029476 503.40055450
525.79016489 488.43951554
532.33561944 480.95899606
542.30964541 475.03691814
594.04990515 451.34860645
573.79016489 449.79016489
580.64730775 445.73821684
584.07587918 443.24471035
586.25769736 438.25769736
572.85509996 438.25769736
571.29665840 430.46548957
572.85509996 420.80315190
570.67328177 415.19276229
565.37458048 404.59535970
565.37458048 396.49146359
580.64730775 405.21873632
584.69925580 401.79016489
586.56938567 396.49146359
594.36159346 395.86808697
589.68626879 389.94600905
596.54341164 389.94600905
598.41354151 384.64730775
602.46548957 388.07587918
609.01094411 383.40055450
611.50445061 384.02393113
632.38756749 381.21873632
623.66029476 389.32263242
630.82912593 392.12782723
641.42652853 384.02393113
553.53042463 459.45250255
551.66029476 450.41354151
559.14081424 444.80315190
548.23172333 469.42652853
555.71224281 478.77717788
546.67328177 487.50445061
546.36159346 499.97198307
530.15380125 528.33561944
512.07587918 534.56938567
565.99795710 495.60834671
564.75120385 516.80315190
585.01094411 503.71224281
598.10185320 512.43951554
601.53042463 497.79016489
604.64730775 478.15380125
597.79016489 474.41354151
575.66029476 475.03691814
567.24471035 477.21873632
569.42652853 467.24471035
607.14081424 443.55639866
599.03691814 433.27068437
590.62133372 424.85509996
586.88107398 429.21873632
587.19276229 412.69925580
584.69925580 408.33561944
604.02393113 403.66029476
599.34860645 405.53042463
608.38756749 397.42652853
611.81613892 394.30964541
618.67328177 400.23172333
613.06289216 405.53042463
609.63432074 414.25769736
602.77717788 415.19276229
600.59535970 411.76419087
616.17977528 469.73821684
602.15380125 465.99795710
610.25769736 462.88107398
604.64730775 425.16678827
600.59535970 422.98497009
618.98497009 420.80315190
623.66029476 408.64730775
630.82912593 403.34860645
625.84211294 403.66029476
645.47847658 413.32263242
642.04990515 416.75120385
637.37458048 422.67328177
632.07587918 429.21873632
629.58237268 434.51743762
623.97198307 441.99795710
617.73821684 450.10185320
613.06289216 442.62133372
617.73821684 436.07587918
610.25769736 434.51743762
617.42652853 427.34860645
625.21873632 414.25769736
645.16678827 403.66029476
640.49146359 401.16678827
652.95899606 406.77717788
658.56938567 400.85509996
680.07587918 394.30964541
669.16678827 405.53042463
662.30964541 403.34860645
676.02393113 411.14081424
685.06289216 411.76419087
666.36159346 416.43951554
670.41354151 416.75120385
657.01094411 421.73821684
654.20574931 427.34860645
660.43951554 430.46548957
646.41354151 429.53042463
643.60834671 421.73821684
642.67328177 436.69925580
676.02393113 422.98497009
674.46548957 427.66029476
667.60834671 431.71224281
669.16678827 438.25769736
664.49146359 448.23172333
655.14081424 447.92003502
651.71224281 452.59535970
638.93302203 452.90704801
630.51743762 454.15380125
641.11484022 463.50445061
658.88107398 461.01094411
669.16678827 458.82912593
676.64730775 451.97198307
681.01094411 441.06289216
677.58237268 433.89406100
683.50445061 427.03691814
647.03691814 467.24471035
638.93302203 476.59535970
624.59535970 477.53042463
624.90704801 489.06289216
622.10185320 505.89406100
612.75120385 516.80315190
638.62133372 512.75120385
676.64730775 465.06289216
687.86808697 451.34860645
688.80315190 481.58237268
598.41354151 486.25769736
667.60834671 492.80315190
659.19276229 485.32263242
653.58237268 474.72522983
651.08886619 460.07587918
681.94600905 460.07587918
686.30964541 472.23172333
683.19276229 469.42652853
675.08886619 478.15380125
674.77717788 487.50445061
646.72522983 505.89406100
663.55639866 530.51743762
674.77717788 526.77717788
684.75120385 514.62133372
626.77717788 533.63432074
697.21873632 398.98497009
690.98497009 415.50445061
691.60834671 410.51743762
706.25769736 381.84211294
691.29665840 384.02393113
708.75120385 413.94600905
714.04990515 414.88107398
709.99795710 426.41354151
714.36159346 428.59535970
717.16678827 420.80315190
729.63432074 415.81613892
714.98497009 436.07587918
719.34860645 435.76419087
698.15380125 435.14081424
696.28367138 429.53042463
699.71224281 441.68626879
692.23172333 444.49146359
707.50445061 446.04990515
714.98497009 447.29665840
726.51743762 449.16678827
721.84211294 446.67328177
720.28367138 454.15380125
705.32263242 460.69925580
716.85509996 465.68626879
725.27068437 461.32263242
734.93302203 451.66029476
737.73821684 442.30964541
743.34860645 442.30964541
737.42652853 428.90704801
748.64730775 419.24471035
752.69925580 412.07587918
764.23172333 413.32263242
755.81613892 422.04990515
756.75120385 431.40055450
734.93302203 424.23172333
755.19276229 426.41354151
772.64730775 432.95899606
697.21873632 478.46548957
697.84211294 466.30964541
707.19276229 478.46548957
720.28367138 473.47847658
794.15380125 440.12782723
803.50445061 436.07587918
804.75120385 425.79016489
787.29665840 422.04990515
784.17977528 428.59535970
777.01094411 429.21873632
780.75120385 433.89406100
748.95899606 430.77717788
744.59535970 435.14081424
760.49146359 442.62133372
767.97198307 442.93302203
758.93302203 486.56938567
753.01094411 475.97198307
744.28367138 472.23172333
821.89406100 427.34860645
814.72522983 435.14081424
812.23172333 441.68626879
802.88107398 446.04990515
805.68626879 451.34860645
812.85509996 450.41354151
817.21873632 456.95899606
807.24471035 459.14081424
794.15380125 461.94600905
789.79016489 462.56938567
784.80315190 467.24471035
781.37458048 458.20574931
775.76419087 444.49146359
775.14081424 436.69925580
772.33561944 453.53042463
767.34860645 455.40055450
761.73821684 447.60834671
756.12782723 456.95899606
736.49146359 478.46548957
733.37458048 484.69925580
719.97198307 476.90704801
719.66029476 482.51743762
712.49146359 487.19276229
707.81613892 498.41354151
777.01094411 472.85509996
769.53042463 462.88107398
806.30964541 476.90704801
797.89406100 473.79016489
810.67328177 469.42652853
826.56938567 467.86808697
821.27068437 459.76419087
833.73821684 458.20574931
839.34860645 455.71224281
837.47847658 439.50445061
834.67328177 432.33561944
831.24471035 437.32263242
826.88107398 433.89406100
829.99795710 429.21873632
840.28367138 470.04990515
843.40055450 480.02393113
831.24471035 486.56938567
831.24471035 494.36159346
841.53042463 493.42652853
819.40055450 486.88107398
805.68626879 491.24471035
796.64730775 495.60834671
793.53042463 482.51743762
771.08886619 496.23172333
767.03691814 489.99795710
758.62133372 473.79016489
760.80315190 465.68626879
693.79016489 507.92003502
704.38756749 503.55639866
714.98497009 501.06289216
772.95899606 506.67328177
771.71224281 515.40055450
748.64730775 524.12782723
739.29665840 517.89406100
732.43951554 524.12782723
719.34860645 519.76419087
713.73821684 509.16678827
729.94600905 535.97198307
716.85509996 531.60834671
718.10185320 549.68626879
691.29665840 553.42652853
684.43951554 557.79016489
668.85509996 570.88107398
640.17977528 578.36159346
614.62133372 545.32263242
851.81613892 454.46548957
846.20574931 441.68626879
852.75120385 439.81613892
851.19276229 430.77717788
859.60834671 441.06289216
867.71224281 441.06289216
867.71224281 447.60834671
876.75120385 453.21873632
869.58237268 459.76419087
868.64730775 472.54341164
860.23172333 466.93302203
882.98497009 469.73821684
891.40055450 476.90704801
883.60834671 489.37458048
877.06289216 493.73821684
874.25769736 486.56938567
863.97198307 485.32263242
863.34860645 515.55639866
846.51743762 507.45250255
845.89406100 517.73821684
831.86808697 503.08886619
878.30964541 511.50445061
888.28367138 508.38756749
906.36159346 503.08886619
909.16678827 487.50445061
911.66029476 487.19276229
905.42652853 476.28367138
897.94600905 470.04990515
905.42652853 467.55639866
909.79016489 458.20574931
901.06289216 450.41354151
887.97198307 451.66029476
884.85509996 439.81613892
878.62133372 430.15380125
851.19276229 463.19276229
848.69925580 523.97198307
849.94600905 534.88107398
823.45250255 530.82912593
808.49146359 506.82912593
813.79016489 503.71224281
802.25769736 509.32263242
787.60834671 515.55639866
790.10185320 529.27068437
756.43951554 533.63432074
755.50445061 552.33561944
768.90704801 552.02393113
775.45250255 549.84211294
788.54341164 541.11484022
805.99795710 539.86808697
810.04990515 528.33561944
833.42652853 543.60834671
833.42652853 556.38756749
821.89406100 558.25769736
843.08886619 554.82912593
859.29665840 546.10185320
867.71224281 530.51743762
886.41354151 526.46548957
874.25769736 524.59535970
899.50445061 524.59535970
910.72522983 528.02393113
904.80315190 535.19276229
895.76419087 539.86808697
879.24471035 542.36159346
892.95899606 550.77717788
919.45250255 507.45250255
928.17977528 509.94600905
932.54341164 507.76419087
923.19276229 492.17977528
922.88107398 479.08886619
917.27068437 469.11484022
911.97198307 463.81613892
925.06289216 455.08886619
920.07587918 441.06289216
907.92003502 433.27068437
894.20574931 427.66029476
914.77717788 423.92003502
927.55639866 427.66029476
930.98497009 417.06289216
902.93302203 411.45250255
894.82912593 405.84211294
881.11484022 380.59535970
897.94600905 386.82912593
913.53042463 390.25769736
919.76419087 395.55639866
929.42652853 396.80315190
943.14081424 396.80315190
951.24471035 402.10185320
937.53042463 412.07587918
950.62133372 417.68626879
970.88107398 407.71224281
994.25769736 412.07587918
998.62133372 416.43951554
996.12782723 423.92003502
980.54341164 426.41354151
961.84211294 429.53042463
946.88107398 427.34860645
964.33561944 419.86808697
971.19276229 437.32263242
978.98497009 437.32263242
969.32263242 448.54341164
963.71224281 458.20574931
949.37458048 447.60834671
938.46548957 441.06289216
935.66029476 437.32263242
952.17977528 456.02393113
935.66029476 460.38756749
999.55639866 446.98497009
1003.60834671 454.77717788
988.95899606 455.40055450
983.66029476 467.55639866
979.60834671 472.23172333
968.07587918 467.86808697
974.62133372 480.02393113
988.64730775 482.20574931
998.62133372 474.41354151
993.32263242 495.92003502
976.49146359 490.93302203
955.29665840 478.77717788
947.81613892 477.84211294
953.11484022 470.36159346
938.77717788 467.55639866
944.07587918 469.73821684
929.11484022 469.11484022
934.41354151 482.20574931
935.03691814 489.99795710
930.67328177 526.77717788
936.28367138 533.32263242
964.64730775 547.66029476
965.89406100 532.07587918
960.28367138 528.02393113
951.55639866 519.92003502
956.85509996 506.82912593
965.27068437 498.10185320
959.66029476 487.19276229
973.99795710 511.81613892
986.77717788 506.82912593
1000.80315190 504.64730775
998.93302203 516.17977528
1004.54341164 500.28367138
999.55639866 532.38756749
991.14081424 539.24471035
997.68626879 547.66029476
939.71224281 552.02393113
1007.34860645 416.75120385
1011.40055450 426.72522983
1007.34860645 437.63432074
1016.38756749 451.66029476
1021.06289216 457.27068437
1023.24471035 464.43951554
1015.14081424 475.66029476
1004.85509996 480.02393113
1014.51743762 485.63432074
1011.40055450 507.45250255
1021.99795710 509.94600905
1020.12782723 521.16678827
1010.77717788 516.17977528
987.08886619 499.34860645
660.09514081 600.90704801
651.36786809 589.68626879
723.67955640 582.62133372
722.84838757 566.41354151
768.14708887 582.62133372
782.27695900 578.04990515
797.23799796 588.85509996
775.21202393 608.38756749
760.66656939 604.64730775
740.30293302 620.43951554
714.95228367 618.36159346
717.44579016 600.49146359
702.48475120 630.82912593
649.28994601 634.56938567
651.78345250 659.50445061
687.52371224 672.38756749
700.82241354 665.32263242
711.21202393 648.28367138
777.28994601 664.49146359
763.16007588 706.88107398
792.66656939 626.25769736
821.75747848 654.93302203
841.28994601 639.55639866
835.47176419 594.25769736
860.82241354 584.28367138
874.95228367 579.71224281
892.82241354 569.73821684
911.52371224 588.43951554
884.51072523 612.12782723
855.41981614 611.29665840
858.74449146 652.43951554
864.56267328 665.73821684
839.62760835 675.29665840
850.43280315 691.92003502
913.18604991 657.84211294
896.56267328 636.64730775
936.87436159 644.54341164
956.40682913 636.64730775
972.19903692 620.85509996
952.66656939 607.55639866
964.71851744 595.08886619
961.80942653 571.40055450
951.00423172 582.62133372
933.96527068 561.42652853
917.34189406 565.16678827
881.18604991 559.34860645
992.97825770 584.28367138
989.65358237 572.64730775
977.60163432 566.41354151
1000.04319276 612.12782723
986.32890705 652.43951554
990.90033562 632.49146359
973.86137458 664.90704801
953.91332263 684.85509996
962.22501094 714.77717788
980.09514081 682.77717788
1009.18604991 707.29665840
832.14708887 718.10185320
816.35488107 546.04990515
848.59535970 736.07587918
975.76419087 749.16678827
611.71224281 583.97198307
583.66029476 565.27068437
566.20574931 544.07587918
556.85509996 559.03691814
637.27068437 559.03691814
1020.64730775 564.02393113
1019.40055450 583.97198307
1018.15380125 605.79016489
1020.64730775 597.68626879
1021.27068437 688.69925580
377.11484022 650.36159346
239.97198307 615.45250255
208.80315190 563.08886619
36.54341164 530.36159346
380.64730775 534.72522983
488.49146359 564.64730775
490.36159346 551.55639866
509.68626879 548.43951554
520.28367138 543.45250255
540.23172333 563.40055450
516.54341164 582.72522983
377.73821684 691.19276229
450.04990515 663.76419087
467.50445061 686.82912593
539.81613892 711.76419087
565.99795710 558.41354151
590.93302203 663.14081424
531.08886619 557.01094411
639.86808697 484.38756749
623.03691814 542.98497009
464.38756749 435.14081424
437.89406100 381.84211294
534.82912593 386.20574931
537.94600905 385.27068437
562.25769736 413.94600905
556.64730775 415.19276229
628.33561944 419.86808697
830.30964541 446.67328177
826.88107398 453.53042463
886.10185320 431.08886619
8.07587918 467.55639866
232.17977528 546.10185320
179.81613892 489.37458048
97.53042463 387.14081424
