501.58455285 438.11707317
574.24959350 451.13170732
422.41219512 468.48455285
303.11138211 432.69430894
469.04796748 353.52195122
274.91300813 640.92845528
543.88211382 373.04390244
666.43658537 417.51056911
641.49186992 394.73495935
208.75528455 535.72682927
100.30000000 497.76747967
14.62032520 562.84065041
195.74065041 458.72357724
154.52764228 405.58048780
156.69674797 358.94471545
43.90325203 455.46991870
18.95853659 389.31219512
4.85934959 253.74308943
90.53902439 314.47804878
60.17154472 265.67317073
88.36991870 219.03739837
162.11951220 255.91219512
181.64146341 214.69918699
102.46910569 165.89430894
98.13089431 130.10406504
15.70487805 160.47154472
2.69024390 123.59674797
61.25609756 85.63739837
40.64959350 63.94634146
46.07235772 32.49430894
43.90325203 8.63414634
106.80731707 9.71869919
113.31463415 48.76260163
178.38780488 43.33983740
175.13414634 10.80325203
137.17479675 73.70731707
144.76666667 109.49756098
202.24796748 120.34308943
214.17804878 102.99024390
218.51626016 78.04552846
242.37642276 42.25528455
308.53414634 32.49430894
265.15203252 97.56747967
239.12276423 156.13333333
262.98292683 200.60000000
298.77317073 253.74308943
343.23983740 255.91219512
397.46747967 204.93821138
341.07073171 179.99349593
302.02682927 153.96422764
318.29512195 112.75121951
421.32764228 255.91219512
435.42682927 309.05528455
470.13252033 222.29105691
408.85528455 166.43658537
459.28699187 182.16260163
532.49430894 176.73983740
565.03089431 203.31138211
375.77642276 127.39268293
381.19918699 95.39837398
408.85528455 85.09512195
453.86422764 103.53252033
511.34552846 139.86504065
515.14146341 111.66666667
467.96341463 81.84146341
480.43577236 58.52357724
336.73252033 71.53821138
361.67723577 24.90243902
297.68861789 4.29593496
324.80243902 4.56707317
382.28373984 4.56707317
450.61056911 34.93455285
482.60487805 3.48252033
506.46504065 34.93455285
392.04471545 66.92886179
527.07154472 62.59065041
543.88211382 100.55000000
575.87642276 116.27601626
578.04552846 70.72479675
575.33414634 38.73048780
585.09512195 152.60853659
728.25609756 655.02764228
885.51626016 638.75934959
899.61544715 529.21951220
985.29512195 655.02764228
992.88699187 597.54634146
980.95691057 467.40000000
974.44959350 406.66504065
987.46422764 360.02926829
896.36178862 314.47804878
875.75528455 319.90081301
854.06422764 336.16910569
833.45772358 387.14308943
841.04959350 428.35609756
747.77804878 400.15772358
631.73089431 312.30894309
604.61707317 275.43414634
643.66097561 234.22113821
720.66422764 224.46016260
659.92926829 168.06341463
617.63170732 143.11869919
677.28211382 142.03414634
670.77479675 109.49756098
618.71626016 68.28455285
641.49186992 57.43902439
632.81544715 12.97235772
687.04308943 4.29593496
709.81869919 18.39512195
690.29674797 54.18536585
729.34065041 58.52357724
752.11626016 47.67804878
726.08699187 97.56747967
752.11626016 126.85040650
752.11626016 175.65528455
693.55040650 322.06991870
986.37967480 273.26504065
992.88699187 214.69918699
865.99430894 249.40487805
815.02032520 190.83902439
879.00894309 209.27642276
815.02032520 153.96422764
885.51626016 156.13333333
936.49024390 177.82439024
971.19593496 160.47154472
998.30975610 144.20325203
961.43495935 97.56747967
935.40569106 129.01951220
907.20731707 116.00487805
957.09674797 52.01626016
995.05609756 61.77723577
924.56016260 52.01626016
914.79918699 12.97235772
883.34715447 8.63414634
832.37317073 4.29593496
795.49837398 10.80325203
785.73739837 72.62276423
797.66747967 91.06016260
819.35853659 113.83577236
850.81056911 126.85040650
860.57154472 106.24390244
876.83983740 59.60813008
839.96504065 44.42439024
834.54227642 28.15609756
