5.16584150 498.26179794
21.20788869 503.19781246
59.46200121 532.81389958
55.75999032 594.51408106
81.67406655 498.26179794
158.18229159 514.30384513
229.75450212 580.94004114
260.60459286 500.72980520
313.66674894 490.85777616
330.94279976 532.81389958
379.06894132 558.72797580
365.49490139 485.92176165
400.04700302 497.02779431
472.85321718 480.98574713
501.23530067 488.38976891
540.72341682 480.98574713
590.08356201 488.38976891
630.80568179 492.09177979
715.95193224 498.26179794
745.56801936 490.85777616
802.33218633 489.62377253
875.13840048 499.49580157
922.03053842 500.72980520
977.56070175 499.49580157
980.02870901 482.21975076
1019.51682517 531.57989595
1019.51682517 480.98574713
1012.11280339 460.00768542
965.22066546 643.87422626
896.11646219 546.38793950
676.46381609 568.60000484
596.25358016 616.72614640
566.63749304 535.28190684
5.16584150 419.28556564
44.65395765 393.37148941
138.43823351 378.56344586
170.52232789 382.26545675
185.33037145 387.20147126
235.92452027 379.79744949
247.03055293 387.20147126
287.75267272 394.60549304
354.38886872 395.83949667
386.47296310 399.54150756
422.25906836 395.83949667
460.51318088 388.43547489
483.95924985 382.26545675
501.23530067 395.83949667
502.46930430 387.20147126
604.89160557 385.96746763
619.69964912 402.00951482
629.57167816 390.90348215
656.71975802 388.43547489
673.99580883 393.37148941
671.52780157 377.32944223
696.20787417 395.83949667
720.88794676 394.60549304
740.63200484 390.90348215
755.44004840 387.20147126
787.52414277 387.20147126
828.24626255 393.37148941
804.80019359 385.96746763
840.58629885 385.96746763
850.45832789 425.45558379
850.45832789 404.47752208
864.03236782 413.11554749
864.03236782 393.37148941
886.24443315 403.24351845
888.71244041 393.37148941
922.03053842 399.54150756
945.47660738 399.54150756
976.32669812 399.54150756
973.85869087 408.17953297
989.90073805 387.20147126
1017.04881791 408.17953297
1012.11280339 427.92359105
991.13474168 436.56161645
917.09452390 447.66764912
936.83858197 473.58172535
878.84041137 460.00768542
766.54608106 439.02962371
749.27003025 442.73163460
787.52414277 447.66764912
725.82396128 462.47569268
708.54791047 413.11554749
731.99397943 485.92176165
635.74169631 434.09360920
612.29562734 437.79562008
549.36144223 323.03328252
481.49124259 445.19964186
448.17314459 437.79562008
409.91903206 416.81755838
339.58082517 431.62560194
350.68685783 414.34955112
300.09270901 422.98757653
270.47662190 446.43364549
259.37058923 416.81755838
270.47662190 403.24351845
266.77461101 416.81755838
244.56254567 462.47569268
180.39435693 434.09360920
185.33037145 405.71152571
171.75633152 411.88154386
285.28466546 479.75174350
138.43823351 464.94369994
102.65212825 436.56161645
112.52415729 420.51956927
135.97022626 410.64754023
63.16401210 437.79562008
68.10002662 464.94369994
21.20788869 456.30567453
33.54792498 474.81572898
3.93183787 457.53967816
128.00495584 427.30658923
229.81025529 499.49580157
177.98210284 484.07075620
273.61738415 459.39068361
731.93822626 444.89114096
693.68411373 384.42496310
686.28009195 368.99991773
653.57899577 371.46792498
576.45376891 373.93593224
73.42817181 219.06847671
76.20467998 211.97295584
116.30979794 195.93090865
119.39480702 195.93090865
111.99078524 202.40942771
113.84179068 247.14205929
113.99604114 259.48209558
138.83036419 247.91331155
77.59293406 232.48826618
76.97593224 227.70650212
83.60870175 227.24375076
92.86372898 222.61623714
91.16697399 228.01500302
100.57625166 239.73803751
76.97593224 244.05705021
103.35275983 248.68456382
121.09156201 243.59429885
139.13886509 222.15348578
164.43593950 219.68547852
157.34041863 221.22798306
163.51043678 224.62149304
169.98895584 223.69599032
97.49124259 252.69507562
91.62972535 252.69507562
83.30020085 242.20604477
153.30203025 165.69781972
177.05660012 164.46381609
165.95056745 165.08081791
213.76820811 157.67679613
232.58676346 156.75129341
248.93731155 165.69781972
275.15988869 167.24032426
288.73392861 163.84681428
296.44645130 165.08081791
302.30796854 165.69781972
304.77597580 165.08081791
336.86007018 167.24032426
312.79699940 204.56893406
292.74444041 203.95193224
333.77506110 200.86692317
359.99763823 202.71792861
348.27460375 199.63291954
260.04334422 231.40851301
277.93639685 228.32350393
373.57167816 212.89845856
376.03968542 204.26043315
407.19827707 210.73895221
419.84681428 200.24992136
406.27277435 224.31299214
440.82487598 204.56893406
477.22798306 211.66445493
499.13154749 203.64343134
520.41811010 222.46198669
506.22706836 228.32350393
459.02642952 237.88703206
479.69599032 241.28054204
487.40851301 240.66354023
498.82304658 247.14205929
446.99489413 253.00357653
434.96335874 245.59955475
425.39983061 241.28054204
410.28328615 241.28054204
416.45330430 248.06756201
419.22981246 235.72752571
405.96427344 254.23758016
432.18685057 274.59864005
411.51728978 295.26820085
438.04836782 299.58721355
469.82396128 303.59772535
493.27003025 294.34269812
492.34452753 269.97112644
518.56710466 260.71609921
531.52414277 249.30156564
548.18319177 244.05705021
531.52414277 267.81162008
519.80110829 309.45924259
562.06573261 248.68456382
569.16125348 248.37606292
584.89479976 246.52505747
580.88428796 251.76957290
578.10777979 224.92999395
584.58629885 224.92999395
588.59681065 232.33401573
601.24534785 236.65302843
599.39434241 230.17450938
604.02185602 225.85549667
603.40485420 218.14297399
613.89388506 219.68547852
597.54333696 224.62149304
606.79836419 238.81253479
612.04287961 239.42953660
624.69141682 239.73803751
627.77642589 230.17450938
636.72295221 225.54699577
634.56344586 224.62149304
638.88245856 221.22798306
643.81847308 223.38748941
647.52048397 224.00449123
648.75448760 219.37697762
664.17953297 221.53648397
667.26454204 221.53648397
647.21198306 243.74854930
589.21381246 292.80019359
579.95878524 289.09818270
570.39525711 289.09818270
568.54425166 309.76774350
553.73620811 282.92816455
602.78785239 286.93867635
612.04287961 282.00266183
613.89388506 320.87377616
627.77642589 308.53373987
626.85092317 291.25768905
645.66947852 278.30065094
657.39251301 278.91765275
639.49946038 311.00174713
628.08492680 321.18227707
656.77551119 325.19278887
658.31801573 298.35320992
671.27505384 296.19370357
684.84909377 290.64068724
682.07258560 281.07715910
703.35914822 321.18227707
700.89114096 305.44873079
705.21015366 305.44873079
713.23117725 309.15074168
718.16719177 302.67222263
712.92267635 325.19278887
721.25220085 325.80979068
735.75174350 324.26728615
739.45375439 319.33127163
748.70878161 306.99123533
756.42130430 301.43821900
753.95329704 317.78876709
744.08126800 278.60915185
728.96472353 280.46015729
696.88062916 280.46015729
711.07167090 295.57670175
722.48620448 289.71518451
744.38976891 243.13154749
757.34680702 240.35503932
734.51773987 246.21655656
707.67816092 247.45056019
742.23026255 244.36555112
714.15667998 243.74854930
683.92359105 245.29105384
691.63611373 244.05705021
683.30658923 232.33401573
692.87011736 225.54699577
705.21015366 215.36646582
711.99717362 220.30248034
718.47569268 224.00449123
723.10320629 216.90897036
719.70969631 217.83447308
729.27322444 225.85549667
733.59223714 227.70650212
740.68775802 225.54699577
743.46426618 220.61098125
735.13474168 220.61098125
753.33629522 216.29196854
757.34680702 223.38748941
748.40028070 226.16399758
702.43364549 224.62149304
699.65713733 219.37697762
693.79562008 220.30248034
610.75312281 337.22432426
619.39114822 329.51180157
638.51820448 332.90531155
618.77414640 373.01042952
637.59270175 367.14891228
661.96427344 358.81938778
675.84681428 352.03236782
689.42085420 354.19187417
696.20787417 340.61783424
671.21930067 327.35229522
660.11326800 315.93776165
722.73895221 344.93684694
723.66445493 338.45832789
734.15348578 350.18136237
735.69599032 367.76591410
729.52597217 360.67039322
718.72844041 362.82989958
705.15440048 359.12788869
700.21838596 352.03236782
715.64343134 386.89297036
711.32441863 381.64845493
703.92039685 365.91490865
710.70741682 363.44690139
755.44004840 364.37240411
744.95101754 358.81938778
754.82304658 353.57487235
752.66354023 344.01134422
749.57853116 335.99032063
766.23758016 344.93684694
779.81162008 320.87377616
776.72661101 313.77825529
781.35412462 311.31024803
781.66262553 302.36372172
790.60915185 295.26820085
767.78008469 280.76865820
782.58812825 277.99215003
791.53465457 276.75814640
782.58812825 340.30933333
778.88611736 347.09635330
770.55659286 349.56436056
768.70558742 354.19187417
771.79059649 355.73437871
774.25860375 359.12788869
765.62057834 368.69141682
771.17359468 377.94644404
778.26911555 378.56344586
786.29013914 367.76591410
783.20513007 361.28739504
790.91765275 357.89388506
783.51363097 355.73437871
777.65211373 354.50037508
779.81162008 351.41536600
783.82213188 349.25585965
801.71518451 348.33035693
806.95969994 350.18136237
797.70467272 353.57487235
807.88520266 361.28739504
800.17267998 363.13840048
806.95969994 369.92542045
817.14022989 375.78693769
835.34178342 369.61691954
824.23575076 360.67039322
817.14022989 357.27688324
818.37423351 344.62834604
828.55476346 352.64936963
837.19278887 350.18136237
837.50128978 357.27688324
843.97980883 357.27688324
841.82030248 346.78785239
833.49077798 338.45832789
827.01225892 334.44781609
815.59772535 322.41628070
828.86326437 316.55476346
816.21472716 295.88520266
832.87377616 294.03419722
831.33127163 301.43821900
819.29973624 277.06664731
829.48026618 275.52414277
836.88428796 282.92816455
773.27734785 234.80202299
764.33082154 235.41902480
765.56482517 218.45147489
760.62881065 212.89845856
765.25632426 209.19644767
776.36235693 212.28145675
765.56482517 211.04745312
788.08539141 218.75997580
787.46838959 213.20695947
795.18091228 239.12103569
797.34041863 235.41902480
781.29837145 244.05705021
773.27734785 224.62149304
801.04242952 239.12103569
801.65943134 234.80202299
801.35093043 227.39800121
805.36144223 226.16399758
808.44645130 235.41902480
810.60595765 239.12103569
815.23347126 237.57853116
813.07396491 233.87652027
813.38246582 220.61098125
822.94599395 221.84498488
819.24398306 211.97295584
823.56299577 211.97295584
829.42451301 224.62149304
836.82853479 226.16399758
835.28603025 217.52597217
839.91354386 220.30248034
840.53054567 214.13246219
847.31756564 216.60046945
841.76454930 232.64251664
860.89160557 236.34452753
856.88109377 221.84498488
864.90211736 220.61098125
857.49809558 215.36646582
864.59361645 211.97295584
865.21061827 207.03694132
875.39114822 221.22798306
870.76363460 215.05796491
875.08264731 228.94050575
882.17816818 227.08950030
886.18867998 224.92999395
881.86966727 215.05796491
888.03968542 218.14297399
897.29471264 218.75997580
900.68822263 211.97295584
918.27277435 211.35595402
873.84864368 236.34452753
865.21061827 235.41902480
895.44370720 239.73803751
905.93273805 238.50403388
902.23072716 233.25951845
912.71975802 233.56801936
925.36829522 246.21655656
941.10184150 240.04653842
939.86783787 231.71701391
924.44279250 223.38748941
915.18776528 222.46198669
918.58127526 222.46198669
926.60229885 212.28145675
935.54882517 211.04745312
938.01683243 218.75997580
944.80385239 224.62149304
948.81436419 216.29196854
954.36738052 212.89845856
960.22889776 219.68547852
956.21838596 221.22798306
971.02642952 216.60046945
994.16399758 214.44096310
995.39800121 262.25860375
982.13246219 288.78968179
975.65394313 299.58721355
973.49443678 285.08767090
985.52597217 300.82121718
848.55156927 293.72569631
844.23255656 275.52414277
839.60504295 279.84315547
855.64709014 276.44964549
861.81710829 277.68364912
862.12560920 290.94918814
872.61464005 286.63017544
890.19919177 272.74763460
894.82670538 277.68364912
905.62423714 277.68364912
900.99672353 276.44964549
914.87926437 269.04562371
921.66628433 269.35412462
931.84681428 284.47066909
921.35778342 287.55567816
896.67771083 288.78968179
888.65668724 287.24717725
944.49535148 280.76865820
950.97387054 284.16216818
848.86007018 330.74580520
859.96610284 322.41628070
857.18959468 335.68181972
857.18959468 366.84041137
875.08264731 375.47843678
867.06162371 373.62743134
877.85915547 366.53191047
875.08264731 359.74489050
880.32716273 348.63885783
887.42268361 344.31984513
874.15714459 348.02185602
868.29562734 337.22432426
873.23164186 334.44781609
882.79516999 333.52231337
879.40166001 321.79927889
868.60412825 321.79927889
871.68913733 317.78876709
866.13612099 306.68273442
860.27460375 315.62926074
911.17725348 404.47752208
911.17725348 379.48894858
900.99672353 383.19095947
897.60321355 375.47843678
887.42268361 376.71244041
900.68822263 367.45741319
891.43319540 353.57487235
898.83721718 348.02185602
904.69873442 335.06481791
899.45421900 328.89479976
899.14571809 317.78876709
899.14571809 306.68273442
908.68136963 305.44873079
914.54288687 306.99123533
914.23438596 315.32075983
922.25540956 326.42679250
918.86189958 334.44781609
907.44736600 319.33127163
903.12835330 313.16125348
925.34041863 353.88337326
930.27643315 350.48986328
926.26592136 332.90531155
948.78648760 352.03236782
947.86098488 345.55384876
938.91445856 341.85183787
938.60595765 345.86234967
939.22295947 369.30841863
928.73392861 371.15942408
921.32990684 382.57395765
933.05294132 379.79744949
933.05294132 397.38200121
942.92497036 389.66947852
949.71199032 381.33995402
951.56299577 368.38291591
957.73301391 366.22340956
957.11601210 358.20238596
963.28603025 353.26637145
966.67954023 364.68090502
967.29654204 375.47843678
971.61555475 372.70192861
960.20102117 375.47843678
964.21153297 386.27596854
970.07305021 389.97797943
981.79608469 385.35046582
979.94507925 378.87194676
973.46656019 381.03145312
970.69005203 381.03145312
993.51911918 370.54242226
986.42359831 374.86143497
988.89160557 362.52139867
1000.30613914 361.59589595
1008.32716273 374.55293406
1001.84864368 380.41445130
1008.01866183 390.28648034
1019.74169631 392.13748578
1014.18867998 354.80887598
1020.66719903 353.26637145
1021.90120266 343.70284332
1011.41217181 328.27779794
1007.71016092 335.06481791
1002.15714459 345.86234967
982.41308651 344.62834604
963.28603025 330.43730430
976.24306836 329.51180157
997.52963097 333.83081428
997.83813188 319.33127163
1005.55065457 315.62926074
984.57259286 317.78876709
978.40257471 320.25677435
941.38246582 333.21381246
944.77597580 319.33127163
950.94599395 311.31024803
996.91262916 296.81070538
1005.24215366 276.75814640
1012.33767453 265.96061464
1023.13520629 295.26820085
293.42425042 508.58905361
