145.89201452 446.96098004
178.12431942 457.41470054
219.93920145 458.28584392
185.96460980 436.50725953
199.90290381 433.89382940
147.63430127 420.82667877
160.70145191 400.79038113
138.05172414 392.95009074
117.14428312 382.49637024
193.80490018 406.88838475
237.36206897 392.95009074
273.95009074 433.89382940
278.30580762 463.51270417
300.95553539 471.35299456
314.02268603 439.99183303
314.02268603 412.98638838
344.51270417 429.53811252
368.90471869 445.21869328
360.19328494 461.77041742
388.06987296 475.70871143
407.23502722 453.05898367
468.21506352 476.57985481
489.12250454 455.67241379
527.45281307 475.70871143
549.23139746 439.99183303
583.20598911 440.86297641
652.89745917 465.25499093
652.02631579 445.21869328
656.38203267 419.08439201
692.97005445 421.69782214
706.03720508 405.14609800
719.97549909 464.38384755
663.35117967 394.69237750
660.73774955 362.46007260
683.38747731 363.33121597
702.55263158 364.20235935
713.00635209 369.42921960
636.34573503 369.42921960
631.11887477 380.75408348
602.37114338 384.23865699
559.68511797 400.79038113
596.27313975 417.34210526
613.69600726 411.24410163
543.13339383 383.36751361
520.48366606 402.53266788
506.54537205 424.31125227
496.96279492 387.72323049
458.63248639 387.72323049
422.04446461 382.49637024
352.35299456 409.50181488
365.42014519 391.20780399
356.70871143 362.46007260
375.00272232 368.55807623
389.81215971 370.30036298
388.94101633 345.03720508
110.17513612 360.71778584
150.24773140 365.94464610
129.34029038 357.23321234
170.28402904 372.91379310
191.19147005 352.87749546
202.51633394 336.32577132
248.68693285 346.77949183
162.44373866 158.61252269
293.98638838 381.62522686
273.95009074 402.53266788
280.04809437 417.34210526
253.91379310 378.14065336
233.87749546 366.81578947
286.14609800 363.33121597
294.85753176 352.87749546
319.24954628 365.07350272
340.15698730 350.26406534
283.53266788 338.93920145
265.23865699 345.90834846
171.15517241 352.00635209
143.27858439 341.55263158
89.26769510 346.77949183
102.33484574 345.03720508
80.55626134 330.22776770
184.22232305 342.42377495
368.03357532 330.22776770
368.90471869 313.67604356
368.03357532 338.93920145
3.89564428 311.93375681
13.47822142 305.83575318
24.80308530 302.35117967
6.50907441 295.38203267
6.50907441 277.95916515
11.73593466 263.14972777
29.15880218 258.79401089
50.93738657 301.48003630
70.10254083 315.41833031
77.94283122 311.93375681
66.61796733 301.48003630
76.20054446 281.44373866
106.69056261 307.57803993
93.62341198 304.09346642
92.75226860 289.28402904
107.56170599 284.92831216
118.01542650 297.99546279
217.54355717 394.03901996
244.11343013 313.45825771
215.36569873 299.95553539
192.28039927 308.66696915
173.98638838 310.40925590
151.77223230 313.45825771
192.28039927 286.88838475
183.56896552 273.82123412
174.85753176 283.40381125
121.71778584 272.95009074
114.31306715 265.10980036
101.24591652 271.64337568
98.19691470 257.26950998
80.33847550 263.80308530
93.40562613 248.12250454
115.18421053 246.38021779
129.99364791 259.88294011
258.05172414 278.17695100
332.53448276 368.77586207
321.64519056 341.33484574
335.14791289 304.74682396
286.79945554 323.47640653
269.81215971 310.84482759
256.74500907 306.48911071
250.64700544 293.42196007
265.89201452 296.90653358
278.08802178 290.80852995
299.86660617 289.50181488
288.54174229 284.71052632
306.40018149 276.87023593
321.20961887 287.75952813
349.08620690 309.53811252
359.97549909 296.90653358
344.29491833 287.32395644
387.85208711 305.61796733
386.54537205 320.86297641
403.53266788 322.60526316
412.24410163 333.93012704
417.90653358 341.77041742
429.23139746 357.45099819
427.92468240 315.63611615
406.58166969 302.56896552
420.08439201 303.00453721
410.06624319 287.75952813
417.90653358 292.11524501
426.18239564 282.96823956
396.99909256 286.01724138
380.01179673 282.96823956
364.33121597 286.88838475
375.65607985 289.06624319
361.28221416 279.91923775
370.86479129 272.95009074
354.74863884 262.06079855
334.71234120 278.17695100
295.07531760 270.77223230
315.98275862 246.38021779
278.08802178 273.82123412
268.06987296 272.07894737
257.61615245 269.46551724
238.01542650 259.01179673
214.49455535 258.57622505
217.97912886 278.17695100
225.38384755 298.21324864
212.31669691 269.02994555
198.81397459 269.02994555
174.85753176 266.85208711
129.99364791 275.56352087
455.10344828 350.04627949
511.29219601 370.08257713
516.08348457 342.64156080
498.66061706 351.78856624
500.40290381 320.42740472
558.33393829 321.73411978
568.78765880 364.42014519
536.99092559 336.54355717
605.37568058 340.89927405
587.08166969 333.93012704
579.67695100 315.63611615
613.21597096 303.44010889
64.87568058 258.79401089
43.96823956 261.40744102
68.36025408 264.89201452
45.71052632 277.08802178
54.42196007 263.14972777
557.94283122 290.15517241
674.67604356 340.68148820
698.19691470 344.16606171
696.45462795 302.35117967
695.58348457 249.21143376
673.80490018 254.43829401
630.24773140 331.97005445
531.76406534 362.89564428
615.39382940 355.92649728
630.63883848 347.65063521
621.05626134 313.67604356
629.33212341 319.77404719
680.72958258 324.12976407
669.84029038 304.09346642
712.52631579 321.51633394
716.44646098 295.81760436
669.84029038 290.59074410
648.49727768 290.59074410
578.80580762 278.39473684
583.16152450 296.68874773
567.91651543 301.04446461
557.89836661 303.65789474
622.36297641 286.23502722
603.63339383 287.97731397
595.79310345 287.54174229
598.40653358 301.48003630
533.94192377 304.09346642
517.39019964 302.78675136
505.19419238 301.91560799
490.38475499 313.67604356
485.59346642 309.32032668
495.17604356 297.12431942
466.42831216 301.48003630
455.53901996 308.01361162
452.05444646 274.47459165
462.94373866 282.75045372
480.36660617 279.70145191
496.91833031 275.34573503
506.93647913 280.57259528
513.47005445 288.41288566
536.99092559 287.54174229
562.68965517 276.21687840
442.03629764 300.60889292
421.12885662 246.16243194
399.35027223 238.75771325
438.11615245 243.11343013
446.39201452 262.27858439
458.15245009 243.54900181
474.26860254 243.11343013
492.56261343 235.70871143
509.54990926 240.06442831
515.64791289 250.95372051
525.66606171 237.88656987
541.34664247 247.90471869
565.73865699 243.11343013
579.67695100 257.05172414
604.50453721 249.21143376
591.87295826 245.29128857
584.03266788 234.40199637
574.88566243 231.78856624
637.60798548 250.08257713
646.75499093 240.06442831
655.03085299 230.91742287
668.53357532 231.78856624
676.37386570 241.80671506
651.98185118 281.44373866
659.82214156 286.23502722
719.49546279 232.65970962
719.93103448 246.16243194
533.94192377 234.40199637
469.04174229 231.35299456
430.71143376 237.01542650
385.84754991 243.98457350
387.15426497 229.61070780
376.70054446 246.59800363
451.61887477 325.00090744
456.84573503 333.27676951
477.31760436 366.38021779
435.93829401 373.78493648
592.30852995 350.69963702
692.49001815 222.20598911
705.12159710 230.04627949
698.58802178 228.73956443
687.69872958 238.32214156
679.85843920 231.78856624
675.50272232 213.93012704
555.72050817 210.00998185
526.53720508 213.49455535
534.81306715 220.02813067
543.96007260 208.70326679
520.00362976 224.38384755
505.62976407 226.99727768
526.10163339 227.43284936
502.14519056 217.85027223
486.02903811 228.30399274
476.44646098 230.04627949
469.47731397 225.25499093
459.89473684 220.89927405
448.13430127 213.05898367
456.41016334 230.04627949
435.50272232 222.20598911
425.04900181 216.97912886
424.17785844 230.04627949
418.51542650 236.14428312
410.23956443 222.20598911
412.41742287 207.83212341
393.68784029 213.05898367
371.03811252 220.89927405
373.65154265 235.27313975
364.50453721 233.53085299
384.97640653 208.70326679
377.57168784 211.75226860
394.55898367 223.94827586
549.23139746 234.40199637
554.45825771 223.07713249
233.00635209 237.01542650
243.46007260 223.94827586
255.65607985 230.91742287
270.46551724 234.40199637
284.40381125 240.50000000
293.11524501 235.27313975
304.44010889 236.14428312
321.86297641 228.30399274
341.89927405 236.14428312
338.41470054 226.56170599
73.58711434 253.56715064
31.38112523 250.95372051
105.86388385 222.20598911
111.96188748 217.85027223
117.62431942 226.99727768
69.71143376 225.69056261
57.07985481 226.12613430
59.25771325 242.24228675
24.41197822 220.89927405
24.41197822 213.05898367
8.73139746 203.91197822
9.60254083 188.66696915
13.52268603 217.85027223
17.00725953 205.21869328
31.38112523 200.86297641
38.78584392 213.05898367
40.09255898 226.12613430
126.77132486 226.99727768
94.97459165 191.71597096
83.64972777 203.91197822
73.19600726 208.70326679
93.23230490 208.26769510
109.78402904 202.16969147
101.07259528 206.96098004
75.80943739 199.55626134
60.56442831 193.89382940
47.93284936 199.12068966
44.88384755 209.13883848
48.80399274 219.59255898
38.35027223 193.89382940
36.60798548 184.31125227
27.46098004 181.69782214
20.49183303 179.51996370
27.89655172 173.85753176
17.44283122 190.40925590
15.26497278 182.56896552
22.66969147 197.81397459
29.63883848 187.36025408
27.89655172 206.96098004
44.44827586 189.53811252
53.15970962 192.15154265
47.06170599 178.64882033
55.33756806 197.81397459
55.77313975 206.08983666
113.70417423 173.85753176
196.46279492 214.36569873
217.37023593 225.69056261
221.29038113 214.36569873
200.81851180 237.88656987
193.84936479 228.73956443
173.81306715 222.20598911
202.12522686 200.86297641
209.52994555 202.16969147
204.30308530 209.13883848
254.39382940 216.97912886
280.96370236 220.89927405
292.72413793 222.20598911
306.22686025 212.18784029
319.29401089 205.65426497
311.45372051 217.85027223
323.21415608 214.80127042
339.76588022 210.44555354
330.18330309 204.34754991
330.18330309 192.58711434
339.76588022 192.58711434
352.83303085 189.10254083
351.09074410 180.39110708
356.75317604 247.90471869
255.26497278 210.00998185
250.03811252 204.78312160
258.31397459 201.73411978
270.07441016 211.75226860
266.58983666 216.54355717
263.54083485 208.70326679
276.60798548 202.60526316
288.80399274 202.60526316
299.69328494 199.12068966
118.49546279 185.61796733
220.85480944 188.66696915
209.09437387 219.59255898
207.35208711 225.25499093
245.68239564 192.15154265
283.14156080 191.71597096
292.28856624 186.05353902
319.29401089 195.20054446
567.52540835 196.07168784
605.85571688 223.07713249
678.16061706 201.29854809
700.81034483 202.16969147
679.03176044 174.29310345
497.83393829 184.74682396
498.70508167 199.55626134
495.22050817 207.39655172
488.25136116 216.97912886
469.08620690 202.16969147
455.14791289 196.07168784
461.24591652 183.87568058
304.44010889 192.58711434
490.86479129 165.58166969
287.01724138 301.48003630
232.78856624 289.71960073
240.62885662 284.92831216
246.29128857 275.78130672
525.92831216 198.24954628
593.44192377 210.44555354
599.53992740 199.55626134
616.52722323 198.24954628
613.04264973 203.04083485
596.49092559 223.94827586
617.39836661 222.64156080
626.10980036 234.83756806
626.98094374 219.15698730
643.53266788 229.17513612
650.50181488 219.15698730
659.64882033 213.05898367
642.22595281 213.05898367
635.25680581 208.70326679
630.46551724 207.83212341
620.44736842 188.66696915
612.17150635 184.74682396
573.40562613 180.39110708
581.68148820 179.51996370
565.56533575 184.74682396
423.56896552 199.99183303
397.43466425 198.68511797
415.29310345 199.12068966
479.32214156 216.97912886
578.63248639 189.53811252
575.14791289 196.94283122
540.30217786 173.42196007
551.19147005 168.63067151
584.29491833 219.15698730
653.55081670 201.73411978
655.72867514 194.76497278
657.90653358 186.05353902
648.75952813 196.07168784
641.79038113 191.71597096
648.32395644 184.74682396
707.12613430 212.18784029
447.52540835 192.58711434
444.47640653 188.66696915
441.42740472 184.31125227
432.71597096 183.44010889
437.50725953 186.05353902
439.68511797 197.81397459
437.94283122 204.78312160
391.33666062 182.56896552
382.62522686 190.84482759
382.62522686 186.05353902
385.23865699 170.80852995
380.44736842 162.53266788
486.72686025 167.75952813
511.11887477 176.90653358
517.65245009 178.21324864
529.41288566 188.66696915
478.45099819 192.15154265
483.24228675 203.91197822
490.64700544 197.81397459
111.09074410 185.61796733
55.33756806 282.75045372
58.82214156 291.89745917
334.53901996 183.87568058
313.19600726 191.71597096
235.22867514 206.08983666
218.67695100 205.65426497
710.78402904 200.42740472
716.44646098 190.84482759
715.57531760 208.26769510
715.57531760 174.72867514
690.74773140 182.13339383
637.60798548 171.24410163
670.27586207 171.24410163
657.64428312 171.24410163
663.30671506 166.45281307
627.58983666 176.03539020
577.93466425 163.40381125
561.81851180 175.59981851
570.96551724 169.50181488
457.71687840 208.26769510
513.03448276 207.39655172
504.75862069 205.21869328
512.16333938 196.50725953
501.27404719 176.03539020
508.67876588 169.93738657
612.34482759 166.88838475
590.56624319 168.19509982
582.72595281 172.55081670
591.00181488 185.61796733
587.95281307 192.58711434
570.96551724 215.67241379
561.38294011 229.61070780
699.02359347 171.24410163
709.47731397 172.98638838
703.81488203 182.13339383
715.13974592 164.71052632
226.25499093 198.68511797
218.85027223 198.68511797
211.88112523 192.58711434
265.45644283 193.89382940
274.60344828 190.84482759
319.90290381 186.05353902
323.82304900 181.69782214
307.70689655 175.16424682
322.51633394 173.85753176
216.67241379 177.34210526
206.21869328 190.84482759
197.07168784 192.58711434
191.40925590 203.04083485
185.31125227 210.88112523
178.34210526 209.13883848
302.91560799 184.74682396
245.42014519 173.85753176
246.72686025 165.14609800
359.97549909 177.77767695
371.73593466 164.71052632
370.42921960 172.98638838
375.65607985 172.98638838
364.33121597 198.24954628
375.65607985 189.97368421
362.58892922 191.28039927
367.81578947 186.48911071
363.89564428 183.44010889
415.72867514 187.79582577
409.19509982 180.82667877
398.74137931 178.21324864
432.71597096 208.26769510
430.97368421 196.94283122
390.46551724 189.97368421
481.23774955 180.39110708
471.65517241 182.13339383
467.29945554 165.58166969
594.92196007 159.48366606
644.14156080 164.71052632
621.92740472 167.75952813
617.13611615 161.66152450
601.45553539 189.97368421
672.01814882 183.00453721
662.00000000 176.03539020
665.04900181 190.40925590
673.32486388 195.63611615
684.21415608 195.63611615
682.03629764 186.92468240
531.76406534 166.88838475
548.31578947 162.09709619
432.01814882 161.66152450
414.15970962 169.06624319
404.57713249 165.58166969
599.27767695 230.91742287
645.01270417 203.47640653
645.88384755 178.21324864
683.77858439 166.88838475
672.88929220 156.87023593
550.05807623 181.26225045
544.39564428 183.87568058
544.39564428 189.53811252
611.47368421 317.59618875
650.67513612 299.30217786
651.98185118 330.66333938
540.47549909 295.38203267
405.44827586 201.29854809
380.18511797 198.24954628
668.53357532 204.34754991
659.82214156 201.73411978
457.54355717 174.72867514
422.26225045 164.71052632
364.33121597 208.70326679
412.67967332 159.91923775
538.55989111 155.99909256
519.39473684 167.75952813
309.44918330 202.60526316
359.10435572 273.60344828
401.79038113 190.40925590
391.77223230 157.74137931
491.51814882 180.82667877
27.02540835 279.26588022
48.36842105 254.43829401
67.96914701 191.71597096
66.66243194 196.50725953
77.11615245 190.40925590
72.76043557 182.13339383
94.53901996 179.95553539
121.54446461 197.81397459
119.36660617 213.93012704
233.05081670 220.02813067
240.01996370 179.95553539
477.57985481 162.09709619
460.59255898 190.84482759
501.10072595 166.45281307
505.02087114 163.83938294
440.55626134 166.45281307
564.25862069 165.58166969
353.44192377 157.74137931
283.31488203 211.75226860
292.89745917 213.49455535
344.73049002 216.54355717
336.01905626 172.11524501
313.80490018 166.01724138
339.93920145 160.79038113
401.79038113 159.04809437
149.59437387 365.94464610
248.03357532 385.54537205
311.19147005 227.43284936
318.16061706 220.89927405
358.23321234 169.06624319
364.33121597 158.17695100
378.26950998 158.61252269
437.50725953 159.91923775
457.10798548 158.61252269
460.59255898 167.32395644
447.52540835 162.96823956
685.52087114 162.96823956
631.94555354 164.27495463
582.72595281 158.17695100
573.14337568 159.91923775
563.99637024 158.17695100
679.42286751 163.83938294
696.41016334 161.66152450
702.07259528 164.27495463
692.49001815 169.93738657
697.28130672 193.45825771
688.56987296 203.91197822
597.97096189 217.85027223
536.11978221 195.63611615
33.79900181 177.77767695
79.72958258 180.39110708
53.59528131 187.79582577
72.32486388 175.59981851
87.13430127 190.40925590
119.36660617 181.69782214
15.26497278 247.46914701
20.05626134 245.29128857
186.88021779 172.98638838
202.56079855 172.98638838
194.28493648 178.64882033
213.45009074 183.44010889
172.07078040 174.72867514
122.41560799 190.40925590
125.46460980 183.44010889
227.12613430 175.16424682
237.14428312 196.94283122
293.76860254 173.42196007
283.31488203 167.32395644
296.38203267 180.82667877
304.65789474 168.63067151
473.22413793 169.93738657
349.95735027 197.37840290
253.69600726 188.23139746
128.94918330 203.04083485
128.94918330 210.88112523
467.12613430 197.81397459
498.05172414 162.96823956
542.91560799 161.22595281
606.94464610 164.71052632
423.56896552 185.61796733
549.88475499 195.63611615
581.68148820 196.94283122
559.64065336 194.32940109
624.10526316 162.96823956
495.61161525 176.47096189
481.23774955 166.45281307
652.41742287 160.79038113
646.31941924 160.79038113
634.99455535 159.91923775
602.32667877 157.30580762
594.92196007 169.93738657
607.11796733 185.18239564
570.09437387 187.36025408
567.04537205 190.40925590
491.25589837 186.48911071
547.88021779 157.74137931
626.28312160 159.04809437
667.66243194 159.04809437
534.26860254 202.60526316
483.30671506 187.57803993
628.78765880 184.52903811
621.81851180 177.77767695
605.26678766 212.84119782
610.79809437 194.32940109
691.37885662 160.35480944
709.67286751 161.22595281
708.36615245 180.82667877
704.88157895 188.66696915
622.12295826 202.60526316
617.98502722 172.98638838
641.28811252 187.79582577
653.04854809 208.92105263
559.18284936 244.20235935
612.54038113 157.30580762
689.63656987 186.92468240
697.47686025 182.35117967
692.03221416 175.59981851
483.67785844 159.48366606
488.90471869 157.30580762
500.66515426 158.17695100
375.65607985 183.87568058
371.30036298 182.13339383
571.11887477 166.01724138
590.93738657 163.62159710
615.11161525 159.26588022
630.13883848 161.00816697
598.12431942 183.00453721
510.13883848 160.79038113
515.80127042 167.32395644
519.06805808 161.66152450
468.10617060 171.67967332
301.06442831 176.68874773
290.82849365 166.45281307
287.56170599 184.31125227
262.95190563 184.31125227
257.72504537 192.58711434
252.93375681 196.07168784
245.74682396 199.12068966
244.65789474 204.56533575
244.87568058 220.02813067
231.37295826 213.27676951
318.26950998 200.64519056
180.84664247 173.20417423
179.10435572 214.14791289
184.98457350 222.20598911
210.46551724 178.43103448
197.39836661 206.52540835
191.08257713 210.66333938
201.10072595 223.51270417
617.89836661 213.93012704
593.72413793 197.16061706
65.42014519 234.18421053
112.67967332 179.95553539
211.99001815 197.16061706
185.63793103 182.35117967
175.61978221 191.06261343
653.04854809 173.42196007
690.50771325 165.14609800
312.38929220 179.08439201
328.72323049 175.59981851
299.53992740 189.75589837
257.72504537 169.28402904
266.65426497 168.63067151
317.61615245 163.62159710
103.20598911 183.87568058
100.59255898 192.58711434
447.30762250 172.55081670
453.40562613 164.71052632
446.43647913 180.39110708
473.44192377 161.22595281
474.31306715 210.88112523
