1002.46620370 289.62002315
989.75933642 291.30027006
1000.99598765 305.26732253
984.82361111 299.07141204
980.20293210 299.28144290
972.11674383 306.31747685
958.46473765 296.13097994
965.50077160 298.65135031
972.11674383 296.34101080
960.67006173 308.10273920
963.08541667 303.27202932
949.22337963 300.75165895
941.87229938 299.07141204
936.41149691 300.33159722
942.18734568 311.35821759
946.80802469 308.10273920
978.83773148 328.37071759
977.68256173 309.25790895
1016.08850309 287.28342978
982.06350309 335.38049769
1007.52974537 347.50978009
1017.61122685 345.30445602
997.76331019 342.52154707
1012.67550154 382.26988812
994.38001543 364.81107253
977.68256173 372.37218364
1009.29220679 413.53823302
963.40046296 420.52175926
955.83935185 394.58294753
973.06188272 393.74282407
994.14027778 449.95233410
851.84228395 559.14212963
832.93950617 515.87577160
896.36882716 483.11095679
798.91450617 463.36805556
850.58209877 441.52484568
840.08055556 426.40262346
801.85493827 440.26466049
738.00555556 508.73472222
680.03703704 489.41188272
721.62314815 427.24274691
750.60740741 407.91990741
791.77345679 403.29922840
912.75123457 420.52175926
966.34089506 373.88178048
952.16381173 363.69528356
953.10895062 351.72352431
975.37222222 350.25330826
971.90671296 343.53232060
944.76712963 337.59894869
942.24675926 351.25095486
922.92391975 359.86222029
919.77345679 351.25095486
926.70447531 340.95944252
922.50385802 342.00959684
921.03364198 327.51746721
925.65432099 302.10373264
918.30324074 306.51438079
908.22175926 321.00651042
911.79228395 319.74632523
905.91141975 312.18521412
898.14027778 309.24478202
895.61990741 319.11623264
903.39104938 319.53629437
908.64182099 342.00959684
909.69197531 328.14755980
909.69197531 361.12240548
902.97098765 373.51422647
905.28132716 381.91546103
918.30324074 396.82765239
886.37854938 383.59570795
876.29706790 389.89663387
870.62623457 369.73367091
878.39737654 353.14123264
892.46944444 340.53938079
892.04938272 329.82780671
883.43811728 321.63660301
880.28765432 313.86546103
884.90833333 306.93444252
877.34722222 305.67425733
872.51651235 306.93444252
863.27515432 313.44539931
857.81435185 319.53629437
867.05570988 327.72749807
873.77669753 320.37641782
869.99614198 312.18521412
863.06512346 352.72117091
850.25324074 346.84030671
844.37237654 361.12240548
852.77361111 334.23845486
839.33163580 345.58012153
841.85200617 318.69617091
839.33163580 313.02533758
833.45077160 319.11623264
823.78935185 346.42024498
806.14675926 361.96252894
813.61666667 334.76353202
812.35648148 325.94223573
817.39722222 316.28081597
805.63549383 332.66322338
795.97407407 322.16168017
801.43487654 323.00180363
785.89259259 330.56291474
778.75154321 330.56291474
772.45061728 337.70396412
777.49135802 351.14593943
787.57283951 347.78544560
766.56975309 351.14593943
760.68888889 347.78544560
768.67006173 359.96723573
759.84876543 392.31198881
676.25648148 424.65674190
669.11543210 401.97340856
686.33796296 380.55026042
630.46975309 435.15828511
656.93364198 383.91075424
677.09660494 380.97032215
698.93981481 356.18668017
703.98055556 341.06445795
721.62314815 325.52217400
736.32530864 326.36229745
745.98672840 325.94223573
743.04629630 335.18359375
738.00555556 345.26507523
730.02438272 356.18668017
740.94598765 371.72896412
719.10277778 394.83235918
713.64197531 327.20242091
617.44783951 387.69130980
605.68611111 381.39038387
606.52623457 362.90766782
615.76759259 359.96723573
630.88981481 359.12711227
643.07160494 362.90766782
651.89290123 357.86692708
660.71419753 368.36847029
672.05586420 363.32772955
680.87716049 354.50643326
696.83950617 333.92340856
682.97746914 326.36229745
677.09660494 332.24316165
651.05277778 342.74470486
632.99012346 336.44377894
615.76759259 350.72587770
607.78641975 344.84501350
600.64537037 357.02680363
593.92438272 357.44686535
595.18456790 346.94532215
594.76450617 333.50334684
593.92438272 338.96414931
574.18148148 364.58791474
575.02160494 382.65056906
691.37870370 428.01723573
538.89629630 433.89809992
543.93703704 389.79161844
546.45740741 376.34964313
563.67993827 366.68822338
557.37901235 357.44686535
565.36018519 347.36538387
567.88055556 336.44377894
560.73950617 334.76353202
546.45740741 348.62556906
534.69567901 348.20550733
541.83672840 360.80735918
527.97469136 375.08945795
525.03425926 354.92649498
515.79290123 386.43112461
405.55432099 585.39598765
438.31913580 448.45586420
470.24382716 457.69722222
482.00555556 435.85401235
461.00246914 401.40895062
492.92716049 393.00771605
488.72654321 361.08302469
502.16851852 364.44351852
518.97098765 355.20216049
515.61049383 342.60030864
517.29074074 335.87932099
491.24691358 339.23981481
493.76728395 319.91697531
474.44444444 325.79783951
446.72037037 403.92932099
441.67962963 380.40586420
461.00246914 367.80401235
461.00246914 356.04228395
455.96172840 347.64104938
462.68271605 319.07685185
448.40061728 314.03611111
448.40061728 333.35895062
440.83950617 332.51882716
382.03086420 477.86018519
389.59197531 461.89783951
376.15000000 461.89783951
334.14382716 480.38055556
295.49814815 501.38364198
266.93395062 471.97932099
287.93703704 461.05771605
312.30061728 461.05771605
354.30679012 449.29598765
350.10617284 420.73179012
384.55123457 412.33055556
392.95246914 432.49351852
416.47592593 445.09537037
394.63271605 394.68796296
422.35679012 400.56882716
417.31604938 366.96388889
396.31296296 381.24598765
401.35370370 368.64413580
427.39753086 356.88240741
434.11851852 348.48117284
441.67962963 342.60030864
428.65771605 335.66929012
434.53858025 335.24922840
424.45709877 336.08935185
415.21574074 331.46867284
412.69537037 346.17083333
389.59197531 370.53441358
378.25030864 366.75385802
391.27222222 341.55015432
400.93364198 326.42793210
406.81450617 329.78842593
390.01203704 325.58780864
367.74876543 327.68811728
374.04969136 328.10817901
373.20956790 310.88564815
361.86790123 374.31496914
365.22839506 385.65663580
370.68919753 370.11435185
373.20956790 392.79768519
381.61080247 378.51558642
372.78950617 404.13935185
354.30679012 392.79768519
347.58580247 333.98904321
348.84598765 326.42793210
342.12500000 328.52824074
332.46358025 342.39027778
332.04351852 331.46867284
328.26296296 329.36836420
334.98395062 324.74768519
337.08425926 323.90756173
358.50740741 331.04861111
325.74259259 354.15200617
327.84290123 379.35570988
337.92438272 381.45601852
321.12191358 399.93873457
302.21913580 400.35879630
290.03734568 398.25848765
306.83981481 379.35570988
294.65802469 381.87608025
301.37901235 361.29305556
310.62037037 359.19274691
320.28179012 335.66929012
301.79907407 332.72885802
308.10000000 331.88873457
287.09691358 335.66929012
287.51697531 349.95138889
288.35709877 363.39336420
291.29753086 354.99212963
281.63611111 366.75385802
273.65493827 378.51558642
277.43549383 418.42145062
263.57345679 439.00447531
245.09074074 460.84768519
229.96851852 481.01064815
229.96851852 455.38688272
292.97777778 455.38688272
241.73024691 400.35879630
212.74598765 388.17700617
204.34475309 382.29614198
216.94660494 376.41527778
227.02808642 371.79459877
248.45123457 352.05169753
257.69259259 372.21466049
266.09382716 367.59398148
268.19413580 360.45293210
257.69259259 360.45293210
266.93395062 351.21157407
276.17530864 354.99212963
261.05308642 337.34953704
269.87438272 334.82916667
276.17530864 326.00787037
295.07808642 323.48750000
219.04691358 345.33070988
227.44814815 337.76959877
166.95925926 484.58117284
182.08148148 487.94166667
172.00000000 441.73487654
182.92160494 428.29290123
214.00617284 419.05154321
198.88395062 425.77253086
156.87777778 394.68796296
145.11604938 420.73179012
84.62716049 482.06080247
99.74938272 545.07006173
137.55493827 503.06388889
115.71172840 485.42129630
103.95000000 430.81327160
106.47037037 403.92932099
145.11604938 387.96697531
173.68024691 378.72561728
192.16296296 372.00462963
203.08456790 366.96388889
445.04012346 358.56265432
492.92716049 346.80092593
504.68888889 382.92623457
32.53950617 465.25833333
9.85617284 463.57808642
51.86234568 426.61265432
68.66481481 420.73179012
19.09753086 417.37129630
40.94074074 393.00771605
60.26358025 392.16759259
85.46728395 405.60956790
98.06913580 389.64722222
75.38580247 374.52500000
61.94382716 375.36512346
129.99382716 361.08302469
118.23209877 364.44351852
135.87469136 373.68487654
149.31666667 362.76327160
160.23827160 377.04537037
36.74012346 374.52500000
34.21975309 361.08302469
2.29506173 393.00771605
87.38518519 363.81342593
103.76759259 364.23348765
94.10617284 348.69120370
117.20956790 347.85108025
139.47283951 354.57206790
135.27222222 328.94830247
158.37561728 340.71003086
165.51666667 356.67237654
181.05895062 345.75077160
178.53858025 338.60972222
191.14043210 349.11126543
202.90216049 345.33070988
207.94290123 338.18966049
211.72345679 337.34953704
212.56358025 331.04861111
219.28456790 336.92947531
224.32530864 328.10817901
228.10586420 318.86682099
237.76728395 329.78842593
244.90833333 336.08935185
249.52901235 335.24922840
239.02746914 336.50941358
244.90833333 326.00787037
257.09012346 327.68811728
262.13086420 328.10817901
275.57283951 320.54706790
199.12160494 335.66929012
185.25956790 332.72885802
203.32222222 326.00787037
213.82376543 322.64737654
209.20308642 323.90756173
188.20000000 323.48750000
195.76111111 326.00787037
196.18117284 318.02669753
185.67962963 317.18657407
188.62006173 314.66620370
177.27839506 326.00787037
172.23765432 332.30879630
160.47592593 333.14891975
155.43518519 327.26805556
160.89598765 323.90756173
150.39444444 317.18657407
146.61388889 317.60663580
137.37253086 320.96712963
140.31296296 326.42793210
120.57006173 322.22731481
97.88672840 331.46867284
99.98703704 327.68811728
92.42592593 329.36836420
88.64537037 338.60972222
72.68302469 345.75077160
74.78333333 357.09243827
49.99969136 360.87299383
41.17839506 354.99212963
44.53888889 366.33379630
1.27253086 373.89490741
5.89320988 331.04861111
23.11574074 330.62854938
32.35709877 327.68811728
21.43549383 339.02978395
37.81790123 341.55015432
42.85864198 347.43101852
55.88055556 326.84799383
44.95895062 327.68811728
69.74259259 332.72885802
81.50432099 328.52824074
77.72376543 321.80725309
84.02469136 320.54706790
71.00277778 324.74768519
73.94320988 319.70694444
290.27500000 323.48750000
324.30000000 308.78533951
318.41913580 304.16466049
319.25925926 305.84490741
326.82037037 306.68503086
315.05864198 300.38410494
315.05864198 309.20540123
300.77654321 304.58472222
310.01790123 287.36219136
318.41913580 286.94212963
286.07438272 277.28070988
296.57592593 295.34336420
301.19660494 297.02361111
294.05555556 295.34336420
281.03364198 289.88256173
265.91141975 286.52206790
282.29382716 294.50324074
283.97407407 298.70385802
279.35339506 299.96404321
277.67314815 297.44367284
276.41296296 296.60354938
277.25308642 294.50324074
278.09320988 290.30262346
289.43487654 298.70385802
265.49135802 297.86373457
262.13086420 302.06435185
264.23117284 303.32453704
264.65123457 301.64429012
265.49135802 302.06435185
266.33148148 299.54398148
269.27191358 297.86373457
263.39104938 298.38881173
253.93966049 303.84961420
257.72021605 301.32924383
249.10895062 300.06905864
245.74845679 298.17878086
241.33780864 296.49853395
242.38796296 300.06905864
237.97731481 303.00949074
245.32839506 307.00007716
235.87700617 320.02199074
247.21867284 320.65208333
246.58858025 317.71165123
261.08070988 317.71165123
271.16219136 306.15995370
272.84243827 298.80887346
234.61682099 302.79945988
230.41620370 300.06905864
231.46635802 300.90918210
226.63564815 299.64899691
224.32530864 300.69915123
220.12469136 300.69915123
210.46327160 304.68973765
213.82376543 298.38881173
211.30339506 297.33865741
208.36296296 297.12862654
205.21250000 301.11921296
218.23441358 300.48912037
201.64197531 298.17878086
186.09969136 303.21952160
189.67021605 298.59884259
193.45077160 300.06905864
190.72037037 304.47970679
177.48842593 302.37939815
180.21882716 299.85902778
166.77685185 305.10979938
156.48533951 297.75871914
158.58564815 302.79945988
168.24706790 313.93109568
177.27839506 319.18186728
171.81759259 304.68973765
155.01512346 306.79004630
146.61388889 312.67091049
145.56373457 306.79004630
148.71419753 303.00949074
169.92731481 300.69915123
185.04953704 307.63016975
182.73919753 300.27908951
198.07145062 299.01890432
137.49135802 301.74930556
133.29074074 298.80887346
133.71080247 301.95933642
136.23117284 306.36998457
136.86126543 312.88094136
131.40046296 318.55177469
127.19984568 310.99066358
132.03055556 308.89035494
127.40987654 304.05964506
122.78919753 302.58942901
119.84876543 299.22893519
124.67947531 298.80887346
117.74845679 306.36998457
121.52901235 306.36998457
113.75787037 313.93109568
119.84876543 314.56118827
112.07762346 321.70223765
106.40679012 324.22260802
97.37546296 322.54236111
105.14660494 314.98125000
109.76728395 302.16936728
114.17793210 300.48912037
105.35663580 298.59884259
100.73595679 300.90918210
103.67638889 305.94992284
97.16543210 308.89035494
99.47577160 313.72106481
95.06512346 314.14112654
92.33472222 319.60192901
88.13410494 321.28217593
89.60432099 315.40131173
90.44444444 312.04081790
91.49459877 302.79945988
96.32530864 302.79945988
83.09336420 304.68973765
79.52283951 306.79004630
75.53225309 305.73989198
72.80185185 300.06905864
77.63256173 299.22893519
69.23132716 297.96875000
60.20000000 313.09097222
67.55108025 312.25084877
70.70154321 307.84020062
71.75169753 303.63958333
74.06203704 310.99066358
78.47268519 316.45146605
57.46959877 301.53927469
52.63888889 302.16936728
46.12793210 297.75871914
46.75802469 303.42955247
46.54799383 319.81195988
38.98688272 321.28217593
26.59506173 322.12229938
31.21574074 307.21010802
38.98688272 300.06905864
40.87716049 304.68973765
32.47592593 302.16936728
35.20632716 300.69915123
30.58564815 297.33865741
25.96496914 300.27908951
8.95246914 299.85902778
15.25339506 296.07847222
5.59197531 304.89976852
11.89290123 311.20069444
24.70478395 314.35115741
16.93364198 307.00007716
18.61388889 303.42955247
16.93364198 320.65208333
21.13425926 320.86211420
10.00262346 325.27276235
12.52299383 337.03449074
22.18441358 293.55810185
84.14351852 301.32924383
85.82376543 310.57060185
126.56975309 349.00625000
150.51327160 353.62692901
2.60594136 317.34409722
217.36666667 307.31512346
51.02222222 308.15524691
38.42037037 312.35586420
1008.39385614 311.85664336
1007.37087912 322.08641359
987.93431568 317.99450549
1020.66958042 299.58091908
751.62662338 336.40809191
1021.69255744 338.45404595
1018.62362637 366.07442557
735.25899101 334.36213786
1000.21003996 320.04045954
