7.63417961 309.79406691
8.98154804 306.50049966
6.28681119 303.05722481
8.38271763 298.11687393
6.13710359 290.33207861
12.12540768 288.53558738
15.11955973 293.62564586
17.21546616 289.28412539
26.04821470 286.28997334
31.58739599 286.28997334
32.33593400 299.16482715
31.13827318 294.37418387
7.63417961 302.00927159
14.52072932 297.06892071
20.80844862 295.72155229
23.80260067 290.93090902
19.46108020 313.38704937
24.70084628 321.32155229
27.69499833 315.93207861
28.29382874 312.18938855
29.19207435 306.79991487
28.89265915 296.47009030
28.74295154 293.17652305
29.19207435 290.03266340
29.79090476 286.14026574
41.16868254 290.03266340
44.16283459 289.88295580
43.26458897 296.32038270
42.06692815 294.22447627
38.92306850 294.22447627
36.37803926 299.16482715
34.43184043 296.17067510
35.62950125 306.79991487
35.62950125 302.75780960
40.42014453 300.96131837
35.92891646 328.65722481
30.98856558 318.02798504
34.88096324 317.27944703
41.46809774 315.03383299
43.41429657 318.02798504
41.76751295 321.77067510
42.51605096 328.20810200
50.74996909 316.53090902
49.25289306 311.44085054
43.56400418 309.79406691
41.76751295 304.40459323
44.46224979 301.26073358
46.70786382 294.97301428
47.00727903 291.52973943
51.94762991 290.63149381
55.39090476 288.98471019
48.05523225 288.23617218
50.15113868 288.53558738
51.79792230 288.83500258
59.58271763 290.93090902
63.32540768 288.83500258
64.67277611 294.37418387
60.93008605 295.27242949
63.92423809 297.81745872
58.38505681 299.91336516
55.09148956 294.07476867
55.09148956 298.11687393
53.74412113 307.54845288
51.49850710 300.51219557
54.19324394 302.00927159
48.35464745 305.15313124
52.54646032 326.71102598
57.18739599 316.08178621
62.42716207 318.47710785
60.78037844 312.93792656
62.87628488 307.24903767
61.97803926 310.69231253
66.91839014 306.65020726
66.16985213 300.96131837
68.86458897 295.72155229
68.71488137 290.33207861
75.75113868 288.38587978
72.90669423 288.53558738
81.29031997 288.83500258
78.14646032 288.23617218
73.05640184 286.88880375
75.15230827 292.72740025
72.30786382 299.61394995
81.14061236 295.42213709
77.24821470 303.05722481
82.18856558 300.51219557
84.43417961 294.97301428
83.08681119 291.97886223
82.03885798 290.33207861
86.67979365 288.83500258
83.98505681 282.39757568
93.86575856 286.73909615
68.41546616 327.75897919
83.08681119 327.01044118
79.49382874 321.62096750
68.41546616 316.98003182
67.21780535 309.64435931
72.30786382 308.29699089
76.79909189 307.54845288
82.78739599 307.24903767
76.79909189 313.08763416
85.48213283 313.53675697
85.48213283 318.62681545
91.02131412 313.98587978
85.93125564 308.29699089
90.57219131 308.29699089
87.42833166 304.70400843
88.47628488 300.96131837
87.57803926 292.72740025
92.51839014 294.67359908
94.01546616 291.08061662
100.15347786 290.33207861
98.50669423 297.81745872
102.09967669 294.67359908
92.81780535 297.51804352
93.26692815 302.45839440
97.15932581 307.84786808
92.36868254 325.36365756
101.05172347 317.27944703
105.39324394 308.29699089
103.44704511 304.10517802
103.59675271 298.86541194
107.04002757 294.97301428
106.74061236 288.83500258
106.44119716 279.40342364
111.08213283 289.88295580
112.57920885 288.83500258
114.37570008 291.38003182
118.26809774 287.78704937
118.71722055 295.42213709
115.12423809 296.02096750
110.48330242 298.26658153
113.47745447 307.69816048
109.43534920 301.41044118
115.87277611 301.56014878
114.07628488 300.36248796
117.07043692 299.61394995
110.48330242 315.18354060
108.98622640 320.42330668
107.48915037 324.31570434
98.95581704 328.50751720
100.30318546 324.01628913
121.11254219 319.07593826
119.76517377 307.84786808
123.20844862 309.94377451
126.50201587 307.84786808
121.56166499 302.60810200
125.90318546 300.21278036
125.90318546 293.02681545
122.31020301 296.02096750
122.90903342 290.93090902
125.45406266 287.93675697
121.86108020 287.78704937
122.75932581 285.84085054
26.72189891 337.19055814
25.67394570 420.42798504
32.85991061 395.27710785
20.58388722 383.89933007
36.15347786 363.53909615
27.47043692 348.56833592
47.83067084 353.65839440
54.71722055 347.37067510
45.43534920 339.58587978
73.28096324 346.47242949
83.46108020 341.08295580
91.84470593 336.89114294
82.26341938 362.64085054
102.32423809 364.43734177
78.67043692 385.99523650
68.49031997 397.37301428
88.55113868 392.28295580
105.91722055 432.10517802
134.66108020 404.85839440
122.38505681 347.67009030
124.78037844 332.69933007
126.87628488 328.80693241
131.36751295 329.10634761
137.65523225 322.21979791
145.14061236 327.01044118
135.55932581 338.98704937
137.05640184 332.10049966
146.33827318 335.09465171
154.72189891 338.98704937
162.80610944 347.37067510
155.02131412 369.52740025
156.81780535 389.58821896
172.38739599 362.04202013
184.96283459 366.53324820
178.97453049 405.45722481
148.13476441 427.01511954
165.50084628 438.99172773
59.35815622 468.33441779
104.86926733 471.92740025
146.78739599 481.50868679
74.92774687 568.93792656
253.37920885 511.45020726
271.34412113 435.99757568
235.41429657 438.39289732
376.73827318 527.01979791
327.63417961 518.63617218
406.67979365 471.92740025
439.01663575 443.18354060
367.15698663 416.83500258
480.93476441 481.50868679
506.08564160 410.84669849
462.96985213 413.24202013
538.42248371 422.82330668
598.30552464 499.47359908
668.96751295 469.53207861
708.49031997 493.48529498
752.80377026 451.56716633
827.05874102 446.77652305
828.25640184 498.27593826
883.34879950 467.13675697
860.59324394 427.61394995
901.31371178 414.43968095
932.45289306 413.24202013
952.81312698 421.62564586
985.14996909 427.61394995
973.17336090 513.84552890
1007.90552464 547.38003182
1011.49850710 385.69582130
980.35932581 396.47476867
957.60377026 394.07944703
931.25523225 389.28880375
913.29031997 406.05605522
907.30201587 388.09114294
897.72072932 404.85839440
867.77920885 391.68412539
811.48915037 396.47476867
816.27979365 368.92856984
827.05874102 356.95196165
132.71488137 306.50049966
130.61897494 301.85956399
135.11020301 297.21862832
129.87043692 294.07476867
129.42131412 287.63734177
133.16400418 286.73909615
133.31371178 290.18237101
133.76283459 291.52973943
135.85874102 290.18237101
137.65523225 286.43968095
141.84704511 288.83500258
137.80493985 294.97301428
148.13476441 290.78120141
146.93710359 287.48763416
153.67394570 290.33207861
150.67979365 290.48178621
156.36868254 284.94260492
152.32657728 286.14026574
158.91371178 284.64318972
158.61429657 287.03851136
159.96166499 289.58354060
155.32072932 292.27827744
156.06926733 287.03851136
139.00260067 317.27944703
137.35581704 315.18354060
132.86458897 315.78237101
137.05640184 309.94377451
140.49967669 305.60225405
142.74529073 303.95547042
143.64353634 298.71570434
147.53593400 299.76365756
150.97920885 294.97301428
147.83534920 294.37418387
152.02716207 293.02681545
145.73944277 313.08763416
149.63184043 311.59055814
144.39207435 306.35079206
147.98505681 306.50049966
149.33242523 303.95547042
154.27277611 305.75196165
150.82950125 305.45254644
156.81780535 302.30868679
153.22482289 298.86541194
162.50669423 296.17067510
166.84821470 297.51804352
170.74061236 290.18237101
174.03417961 289.28412539
174.18388722 294.07476867
175.68096324 292.27827744
173.13593400 291.52973943
171.48915037 297.51804352
167.89616792 302.90751720
171.48915037 302.90751720
164.15347786 303.50634761
162.20727903 310.84202013
155.62014453 310.24318972
150.23067084 317.57886223
162.80610944 331.20225405
162.20727903 325.81278036
157.86575856 317.57886223
168.79441353 318.17769264
174.03417961 312.63851136
168.94412113 311.29114294
173.13593400 308.44669849
174.78271763 305.75196165
177.17803926 298.11687393
180.77102172 296.47009030
182.26809774 295.57184469
180.92072932 293.92506106
182.86692815 290.93090902
186.16049540 295.57184469
189.45406266 294.07476867
191.69967669 297.21862832
192.74762991 293.32623065
188.40610944 300.81161077
189.75347786 299.91336516
183.16634336 305.60225405
180.47160651 311.59055814
175.83067084 329.10634761
189.00493985 318.62681545
167.29733751 339.58587978
196.04119716 311.59055814
196.04119716 328.35780960
192.44821470 339.58587978
193.49616792 316.83032422
190.50201587 309.94377451
194.54412113 305.60225405
202.02950125 307.84786808
201.87979365 312.33909615
200.68213283 304.55430083
201.43067084 298.26658153
203.37686967 294.52389147
198.58622640 295.57184469
196.93944277 297.81745872
204.12540768 289.73324820
191.99909189 287.03851136
202.02950125 284.19406691
197.38856558 283.29582130
205.02365330 280.90049966
205.62248371 278.80459323
211.91020301 275.66073358
215.80260067 275.66073358
208.91605096 294.52389147
214.00610944 289.28412539
215.95230827 295.72155229
213.10786382 300.81161077
215.80260067 307.39874527
209.06575856 305.30283884
205.92189891 315.18354060
210.56283459 310.99172773
206.07160651 323.86658153
208.16751295 332.54962247
194.69382874 397.67242949
221.04236675 356.95196165
259.06809774 390.47401056
227.33008605 394.66582343
227.47979365 273.41511954
225.98271763 277.30751720
231.07277611 276.10985639
236.61195739 277.90634761
239.15698663 275.21161077
240.35464745 273.11570434
248.13944277 274.31336516
256.37336090 271.31921311
253.97803926 271.01979791
257.42131412 275.81044118
265.95464745 267.27710785
267.30201587 269.97184469
270.59558312 269.97184469
274.03885798 268.77418387
277.63184043 268.17535346
282.42248371 268.77418387
287.51254219 268.92389147
290.20727903 267.72623065
281.67394570 274.01394995
280.47628488 270.57067510
273.29031997 274.76248796
220.29382874 291.97886223
223.88681119 284.79289732
215.95230827 278.80459323
237.65991061 286.14026574
278.53008605 282.39757568
258.46926733 280.00225405
253.67862406 284.64318972
249.93593400 278.65488563
217.74879950 319.52506106
216.10201587 324.76482715
219.69499833 312.33909615
224.63534920 310.84202013
224.63534920 307.99757568
224.63534920 304.10517802
225.08447201 299.31453475
222.09031997 296.32038270
225.68330242 295.72155229
227.18037844 292.57769264
230.17453049 290.03266340
226.73125564 320.57301428
230.77336090 315.78237101
231.97102172 311.88997334
228.37803926 308.44669849
230.92306850 307.09933007
230.17453049 303.80576282
230.47394570 298.26658153
231.82131412 294.07476867
233.31839014 290.78120141
236.31254219 333.44786808
238.85757143 319.52506106
246.64236675 335.54377451
247.24119716 321.17184469
242.89967669 317.72856984
244.09733751 311.59055814
249.03768839 305.00342364
247.69031997 307.24903767
240.95347786 304.55430083
241.25289306 298.71570434
240.20493985 294.52389147
235.41429657 293.47593826
240.05523225 288.23617218
243.49850710 288.98471019
237.21078780 287.63734177
244.09733751 295.57184469
247.24119716 293.92506106
249.33710359 290.33207861
253.52891646 292.57769264
254.57686967 299.76365756
248.73827318 299.91336516
259.51722055 336.44202013
269.24821470 335.84318972
264.75698663 327.90868679
269.24821470 320.57301428
260.56517377 321.92038270
252.78037844 315.78237101
260.41546616 312.93792656
257.72072932 305.30283884
267.60143108 304.85371603
269.09850710 299.46424235
265.05640184 298.26658153
259.51722055 297.06892071
255.02599248 294.52389147
261.31371178 289.43383299
264.90669423 288.38587978
264.90669423 283.89465171
262.96049540 293.47593826
265.65523225 291.97886223
267.75113868 296.17067510
269.24821470 293.62564586
265.35581704 293.92506106
279.57803926 336.44202013
280.47628488 322.81862832
283.02131412 318.92623065
284.21897494 316.08178621
277.93125564 314.28529498
278.38037844 310.39289732
282.87160651 307.99757568
272.84119716 302.90751720
276.58388722 301.70985639
282.42248371 301.70985639
274.93710359 298.26658153
275.53593400 293.92506106
278.38037844 295.27242949
272.99090476 291.08061662
276.43417961 291.52973943
277.18271763 291.38003182
280.62599248 290.93090902
285.86575856 291.82915463
287.81195739 289.28412539
289.15932581 293.62564586
287.81195739 297.36833592
283.02131412 293.47593826
287.81195739 303.80576282
285.26692815 305.30283884
287.06341938 310.09348212
289.15932581 312.93792656
288.71020301 332.10049966
288.11137260 325.51336516
274.33827318 349.16716633
284.51839014 341.38237101
289.30903342 350.36482715
304.27979365 347.96950551
310.26809774 363.53909615
311.46575856 355.75430083
278.53008605 370.72506106
304.27979365 385.69582130
340.20961821 401.26541194
376.13944277 389.88763416
349.79090476 380.90517802
365.36049540 373.71921311
341.40727903 358.14962247
368.35464745 353.35897919
325.23885798 358.14962247
341.40727903 337.19055814
359.97102172 336.59172773
386.31955973 353.95780960
397.69733751 367.73090902
410.87160651 359.34728329
397.09850710 341.38237101
422.84821470 405.45722481
409.07511529 388.68997334
394.10435505 389.28880375
387.51722055 379.10868679
433.62716207 380.90517802
437.22014453 358.14962247
447.40026149 369.52740025
461.77219131 353.35897919
445.60377026 347.96950551
438.41780535 339.58587978
424.64470593 344.97535346
453.98739599 341.38237101
462.37102172 334.79523650
476.14412113 347.37067510
487.52189891 359.34728329
469.55698663 385.09699089
491.71371178 379.10868679
504.88798078 380.30634761
486.32423809 412.64318972
236.01312698 458.15430083
252.48096324 357.85020726
247.98973517 352.16131837
289.30903342 354.85605522
314.75932581 343.77769264
321.94529073 350.06541194
342.60493985 345.27476867
287.66224979 321.62096750
296.49499833 318.47710785
302.48330242 313.23734177
294.84821470 308.14728329
293.80026149 303.80576282
295.59675271 312.33909615
312.81312698 318.02798504
316.55581704 314.88412539
321.04704511 316.68061662
297.99207435 297.21862832
298.74061236 303.95547042
296.79441353 300.96131837
294.54879950 292.27827744
290.80610944 291.23032422
298.44119716 284.64318972
295.74646032 277.30751720
291.10552464 278.80459323
304.72891646 274.16365756
299.63885798 258.74377451
305.17803926 261.88763416
310.56751295 260.68997334
314.01078780 262.63617218
317.00493985 263.08529498
315.35815622 265.92973943
309.36985213 267.72623065
314.60961821 274.61278036
318.35230827 267.87593826
320.89733751 269.52272188
326.13710359 268.47476867
321.19675271 272.36716633
321.79558312 276.10985639
314.90903342 279.85254644
309.51955973 283.14611370
312.06458897 286.73909615
311.46575856 289.88295580
307.27394570 289.88295580
308.77102172 293.32623065
304.87862406 297.51804352
308.32189891 303.50634761
311.31605096 303.20693241
315.35815622 302.90751720
310.86692815 297.66775112
309.36985213 309.04552890
320.14879950 302.75780960
323.29265915 298.56599674
321.79558312 295.12272188
317.75347786 290.48178621
321.79558312 290.18237101
328.38271763 293.02681545
330.47862406 280.90049966
322.24470593 279.25371603
330.47862406 272.36716633
331.37686967 266.82798504
337.51488137 272.51687393
338.26341938 278.80459323
335.11955973 282.99640609
345.29967669 285.69114294
344.85055388 291.23032422
340.50903342 291.52973943
336.76634336 289.88295580
332.42482289 301.41044118
329.58037844 299.61394995
327.18505681 297.51804352
325.23885798 293.02681545
334.82014453 295.57184469
337.36517377 297.96716633
341.25757143 299.01511954
322.99324394 310.09348212
326.73593400 307.99757568
324.19090476 303.50634761
333.47277611 305.00342364
333.17336090 309.49465171
334.52072932 315.93207861
343.50318546 318.77652305
337.66458897 307.99757568
345.89850710 305.90166925
343.65289306 299.61394995
345.74879950 266.67827744
350.24002757 267.72623065
359.52189891 268.77418387
356.67745447 266.67827744
356.07862406 270.42096750
354.13242523 270.57067510
358.62365330 278.50517802
341.40727903 274.46307276
349.64119716 287.78704937
349.64119716 291.38003182
347.54529073 293.32623065
356.07862406 293.62564586
359.52189891 299.61394995
355.92891646 299.01511954
352.48564160 297.51804352
350.68915037 300.66190317
352.33593400 300.36248796
356.67745447 305.45254644
359.37219131 310.24318972
350.83885798 311.88997334
350.53944277 315.93207861
358.32423809 320.87242949
350.83885798 322.36950551
327.03534920 338.38821896
329.73008605 333.89699089
331.52657728 328.20810200
304.57920885 325.21394995
319.54996909 321.32155229
314.16049540 336.59172773
317.75347786 326.11219557
345.59909189 327.30985639
374.04353634 324.01628913
375.84002757 314.73441779
384.22365330 321.32155229
385.12189891 328.50751720
384.82248371 338.68763416
379.13359482 335.69348212
393.20610944 328.50751720
422.54879950 368.62915463
419.85406266 359.64669849
381.82833166 369.82681545
328.23301002 386.89348212
278.82950125 385.69582130
271.64353634 385.69582130
484.37803926 315.03383299
483.77920885 299.76365756
483.77920885 295.87125989
482.58154804 283.89465171
483.18037844 269.07359908
483.18037844 265.63032422
479.73710359 269.22330668
477.34178195 267.72623065
473.59909189 268.47476867
471.50318546 267.72623065
474.49733751 273.56482715
485.27628488 272.96599674
476.29382874 280.30166925
474.34762991 289.73324820
479.73710359 295.57184469
481.23417961 293.02681545
477.19207435 296.47009030
473.29967669 298.26658153
481.68330242 307.69816048
482.88096324 304.85371603
475.24587552 308.29699089
470.90435505 306.94962247
470.15581704 302.75780960
471.20377026 315.03383299
476.89265915 315.93207861
478.38973517 318.62681545
475.69499833 327.60927159
481.98271763 327.45956399
473.44938429 332.69933007
469.10786382 325.36365756
468.20961821 266.67827744
466.11371178 262.63617218
463.26926733 267.12740025
459.52657728 266.67827744
458.17920885 270.27125989
453.68798078 270.42096750
452.34061236 267.42681545
449.34646032 267.12740025
450.54412113 275.81044118
460.42482289 275.06190317
466.26341938 270.87009030
462.96985213 271.16950551
458.92774687 284.19406691
465.06575856 288.23617218
462.82014453 285.54143533
464.01780535 281.05020726
453.38856558 289.28412539
449.04704511 284.04435931
448.14879950 289.88295580
450.24470593 290.48178621
456.53242523 291.08061662
461.92189891 294.67359908
459.97570008 297.21862832
466.56283459 297.21862832
465.66458897 302.15897919
466.41312698 299.61394995
461.32306850 301.85956399
455.78388722 301.70985639
451.74178195 295.72155229
448.74762991 296.47009030
448.74762991 307.39874527
449.94529073 303.95547042
452.49031997 302.15897919
454.13710359 299.31453475
452.64002757 308.29699089
454.88564160 310.09348212
450.54412113 314.43500258
455.93359482 312.93792656
460.57453049 315.93207861
465.21546616 312.93792656
465.51488137 308.44669849
465.06575856 319.52506106
455.18505681 318.92623065
452.19090476 322.07009030
459.07745447 322.66892071
461.62248371 319.97418387
459.97570008 325.06424235
461.77219131 328.20810200
444.70552464 325.36365756
443.80727903 266.67827744
439.16634336 266.07944703
434.22599248 270.12155229
440.51371178 267.87593826
446.35230827 268.77418387
431.38154804 270.42096750
437.22014453 274.76248796
443.20844862 271.61862832
437.07043692 283.89465171
429.58505681 278.65488563
429.13593400 268.77418387
425.39324394 267.72623065
420.45289306 268.17535346
417.45874102 272.96599674
415.51254219 268.77418387
433.47745447 287.18821896
435.57336090 291.52973943
444.40610944 305.67710785
440.06458897 296.54494410
442.75932581 295.72155229
445.90318546 294.82330668
442.68447201 291.00576282
431.08213283 293.62564586
434.60026149 299.83851136
430.03417961 297.66775112
434.22599248 302.38354060
439.46575856 300.81161077
444.18154804 301.03617218
435.64821470 310.39289732
439.69031997 307.92272188
437.66926733 313.31219557
441.26224979 315.48295580
427.78856558 306.79991487
426.36634336 301.85956399
423.22248371 298.49114294
420.60260067 296.61979791
418.35698663 296.32038270
421.42599248 293.92506106
424.71955973 292.42798504
429.28564160 291.15547042
426.21663575 289.73324820
422.17453049 289.88295580
419.18037844 294.59874527
417.38388722 290.63149381
416.56049540 292.95196165
416.11137260 294.82330668
414.38973517 293.40108446
412.96751295 297.36833592
416.63534920 303.05722481
414.91371178 303.73090902
414.16517377 305.82681545
411.32072932 301.26073358
409.44938429 301.41044118
408.25172347 304.10517802
410.64704511 304.47944703
411.91955973 308.89582130
408.85055388 312.63851136
417.68330242 313.61161077
413.41663575 316.38120141
408.25172347 317.20459323
415.51254219 321.24669849
423.52189891 314.65956399
423.82131412 308.97067510
420.07862406 309.56950551
421.12657728 305.52740025
422.17453049 299.98821896
416.71020301 284.04435931
410.87160651 284.49348212
412.21897494 281.19991487
411.32072932 278.05605522
412.06926733 272.21745872
408.02716207 268.32506106
410.87160651 268.02564586
402.18856558 271.16950551
399.79324394 267.57652305
395.60143108 271.91804352
392.00844862 267.57652305
388.71488137 270.12155229
387.51722055 272.51687393
384.97219131 268.77418387
381.97803926 269.67242949
377.78622640 268.32506106
386.91839014 284.94260492
400.24236675 281.19991487
402.03885798 287.18821896
406.23067084 291.08061662
406.08096324 297.21862832
401.14061236 295.42213709
401.29031997 291.97886223
392.90669423 296.47009030
390.66108020 293.02681545
391.70903342 289.28412539
363.56400418 274.76248796
367.60610944 271.24435931
370.52540768 269.37301428
364.01312698 268.10049966
371.94762991 273.93909615
368.13008605 278.95430083
369.25289306 290.03266340
374.34295154 288.31102598
373.07043692 292.42798504
375.98973517 292.95196165
377.63651880 290.18237101
381.07979365 290.70634761
381.37920885 292.50283884
384.14879950 292.50283884
387.59207435 290.33207861
379.95698663 298.71570434
381.15464745 295.19757568
384.44821470 297.21862832
388.11605096 300.13792656
393.73008605 301.18587978
397.39792230 301.70985639
401.36517377 300.06307276
355.33008605 303.20693241
378.08564160 300.06307276
488.27043692 271.91804352
486.92306850 268.77418387
489.31839014 266.67827744
494.55815622 269.52272188
499.34879950 268.47476867
504.13944277 269.07359908
507.88213283 266.82798504
514.61897494 267.12740025
518.36166499 265.03149381
529.88915037 269.52272188
531.98505681 268.77418387
535.27862406 270.42096750
539.32072932 271.01979791
539.02131412 264.88178621
543.36283459 270.57067510
547.10552464 268.47476867
545.30903342 267.27710785
550.54879950 268.02564586
552.94412113 263.53441779
554.14178195 267.12740025
559.38154804 270.87009030
565.66926733 270.12155229
559.53125564 273.26541194
550.69850710 274.31336516
540.06926733 273.56482715
539.91955973 280.90049966
548.75230827 282.69699089
558.78271763 282.09816048
566.26809774 286.58938855
564.17219131 282.54728329
560.87862406 287.18821896
549.80026149 288.38587978
544.85991061 290.18237101
545.90786382 287.78704937
542.61429657 291.23032422
537.07511529 286.88880375
533.33242523 282.99640609
514.02014453 271.91804352
490.06692815 277.30751720
494.85757143 273.41511954
498.15113868 278.65488563
503.24119716 283.59523650
515.81663575 284.79289732
507.13359482 288.68529498
504.88798078 290.33207861
500.69616792 290.63149381
495.90552464 289.88295580
487.07277611 289.88295580
511.77453049 287.78704937
511.77453049 291.52973943
516.41546616 293.02681545
522.55347786 294.37418387
525.39792230 291.23032422
531.53593400 294.37418387
535.27862406 289.88295580
536.47628488 295.42213709
535.87745447 298.71570434
542.01546616 299.91336516
542.01546616 298.26658153
542.76400418 295.87125989
551.14762991 292.72740025
487.82131412 302.15897919
495.30669423 300.36248796
501.14529073 297.51804352
508.93008605 295.42213709
510.87628488 297.21862832
515.06809774 297.21862832
517.31371178 300.36248796
524.94879950 306.94962247
491.56400418 325.81278036
504.13944277 325.81278036
509.37920885 319.82447627
504.73827318 316.83032422
507.58271763 314.28529498
509.97803926 310.54260492
515.21780535 309.64435931
512.37336090 304.85371603
512.97219131 303.50634761
502.19324394 304.55430083
498.00143108 304.85371603
506.08564160 296.17067510
498.00143108 316.38120141
490.21663575 313.38704937
492.46224979 307.24903767
486.02482289 307.09933007
495.60610944 305.15313124
500.39675271 311.14143533
511.62482289 314.28529498
515.21780535 312.93792656
516.86458897 322.96833592
522.55347786 322.96833592
529.58973517 322.96833592
523.15230827 327.16014878
540.51839014 322.21979791
546.80610944 320.12389147
553.39324394 324.31570434
555.78856558 319.52506106
559.68096324 324.01628913
568.21429657 320.57301428
562.67511529 316.08178621
566.56751295 309.04552890
558.63301002 306.05137685
552.19558312 312.33909615
547.40493985 313.23734177
540.81780535 316.38120141
540.66809774 312.78821896
542.91371178 307.99757568
549.80026149 307.69816048
548.15347786 303.95547042
550.84821470 298.26658153
546.50669423 295.87125989
559.83067084 294.07476867
561.62716207 292.57769264
562.52540768 278.65488563
560.72891646 304.25488563
563.27394570 301.41044118
563.57336090 297.21862832
539.17102172 303.80576282
536.62599248 306.35079206
602.49733751 221.16716633
604.74295154 221.91570434
613.27628488 222.51453475
594.86224979 237.03617218
605.19207435 236.13792656
601.89850710 244.52155229
602.34762991 239.88061662
614.47394570 238.83266340
617.16868254 239.88061662
622.25874102 240.92856984
620.01312698 238.68295580
620.61195739 236.13792656
618.06692815 232.24552890
623.75581704 238.83266340
628.24704511 237.03617218
632.43885798 240.62915463
636.18154804 241.22798504
641.57102172 244.97067510
644.26575856 242.27593826
642.16985213 241.67710785
652.79909189 241.82681545
649.35581704 240.92856984
656.54178195 242.72506106
659.68564160 239.73090902
667.32072932 240.32973943
669.11722055 226.25722481
666.57219131 223.26307276
674.80610944 227.00576282
681.24353634 226.70634761
685.43534920 227.00576282
675.25523225 232.69465171
596.35932581 253.50400843
590.67043692 256.19874527
609.08447201 253.80342364
613.87511529 253.35430083
615.37219131 246.91687393
628.54646032 247.51570434
626.00143108 251.85722481
621.51020301 257.84552890
619.41429657 262.03734177
628.54646032 260.68997334
636.48096324 257.99523650
641.27160651 250.21044118
637.52891646 245.41979791
634.83417961 243.77301428
645.76283459 252.75547042
645.61312698 255.74962247
641.72072932 260.68997334
648.75698663 261.13909615
651.90084628 255.45020726
657.73944277 251.25839440
663.27862406 254.40225405
664.77570008 248.26424235
668.06926733 257.54611370
657.44002757 257.84552890
660.13476441 259.94143533
656.99090476 262.33675697
667.76985213 262.78587978
680.79441353 250.65956399
690.82482289 260.98938855
689.32774687 269.37301428
686.48330242 268.32506106
684.08798078 272.21745872
681.39324394 268.62447627
678.54879950 270.42096750
674.35698663 269.37301428
698.60961821 270.72038270
701.15464745 272.66658153
666.12306850 269.07359908
657.58973517 265.92973943
662.38037844 272.96599674
647.25991061 271.91804352
649.05640184 268.02564586
642.61897494 270.57067510
639.62482289 270.72038270
637.22950125 270.12155229
634.68447201 262.78587978
633.18739599 264.88178621
623.00727903 265.18120141
614.77336090 264.88178621
613.57570008 266.52856984
614.17453049 260.68997334
615.67160651 255.74962247
604.89265915 265.18120141
593.06575856 262.33675697
589.92189891 263.23500258
586.62833166 263.38471019
585.13125564 268.77418387
588.87394570 267.27710785
585.73008605 271.76833592
594.71254219 273.56482715
596.95815622 269.07359908
599.05406266 268.77418387
604.29382874 271.46892071
609.68330242 271.16950551
577.19675271 268.32506106
577.19675271 276.25956399
604.59324394 278.35547042
607.73710359 274.91219557
614.47394570 280.30166925
609.08447201 278.05605522
620.31254219 271.16950551
629.89382874 267.42681545
630.34295154 276.10985639
622.25874102 283.29582130
638.27745447 276.25956399
631.98973517 280.90049966
646.21195739 281.34962247
651.30201587 275.66073358
657.29031997 273.71453475
655.79324394 281.05020726
661.93125564 279.85254644
665.82365330 279.40342364
688.57920885 277.75664001
685.88447201 276.70868679
702.50201587 278.80459323
697.11254219 282.69699089
670.91371178 284.04435931
663.72774687 284.34377451
653.84704511 287.48763416
666.12306850 290.03266340
690.82482289 286.14026574
696.06458897 290.48178621
699.20844862 290.33207861
641.72072932 283.74494410
606.38973517 285.39172773
596.50903342 285.39172773
616.86926733 291.38003182
589.77219131 291.52973943
587.22716207 290.93090902
583.48447201 290.93090902
582.88564160 288.53558738
587.22716207 289.28412539
709.08915037 227.15547042
503.39090476 346.17301428
486.62365330 340.48412539
483.33008605 341.68178621
496.20493985 336.29231253
532.43417961 333.29816048
540.51839014 332.10049966
549.50084628 332.10049966
533.03301002 347.96950551
537.82365330 344.07710785
515.66692815 344.07710785
527.94295154 357.55079206
513.87043692 367.13207861
541.11722055 385.99523650
562.37570008 362.94026574
550.69850710 351.26307276
544.41078780 346.47242949
581.53827318 327.01044118
578.24470593 317.12973943
572.55581704 339.58587978
592.31722055 351.26307276
601.59909189 347.96950551
607.28798078 341.98120141
577.04704511 353.35897919
583.93359482 369.82681545
561.77686967 388.68997334
584.53242523 397.67242949
611.47979365 378.21044118
619.56400418 424.91921311
599.20377026 421.32623065
584.83184043 410.24786808
576.74762991 423.42213709
630.64236675 410.54728329
642.61897494 421.32623065
645.31371178 380.30634761
627.34879950 372.22213709
632.43885798 361.74260492
645.31371178 362.94026574
642.31955973 347.37067510
636.33125564 351.26307276
625.55230827 346.17301428
619.56400418 341.68178621
615.07277611 355.45488563
595.01195739 333.29816048
599.80260067 327.01044118
601.59909189 321.32155229
630.04353634 297.06892071
646.81078780 325.81278036
648.00844862 337.48997334
589.32306850 324.31570434
592.01780535 322.21979791
596.20961821 317.72856984
591.11955973 312.63851136
588.72423809 310.24318972
585.43067084 316.53090902
576.74762991 312.33909615
581.53827318 310.84202013
580.93944277 306.05137685
588.12540768 303.80576282
589.77219131 306.35079206
591.41897494 300.36248796
602.49733751 290.48178621
600.25172347 295.27242949
597.40727903 292.42798504
609.38388722 295.57184469
609.53359482 300.51219557
615.97102172 300.36248796
612.37803926 297.81745872
623.00727903 294.07476867
609.38388722 305.75196165
599.95230827 302.45839440
596.95815622 307.24903767
594.86224979 304.10517802
570.75932581 293.32623065
567.46575856 290.48178621
570.90903342 285.39172773
575.25055388 280.60108446
569.56166499 277.30751720
569.71137260 274.91219557
572.55581704 274.31336516
575.40026149 296.17067510
574.35230827 302.00927159
583.18505681 301.56014878
578.39441353 300.51219557
601.74879950 315.18354060
597.70669423 312.33909615
605.49148956 320.72272188
559.08213283 339.58587978
640.67277611 343.02915463
628.32189891 289.58354060
637.45406266 292.50283884
638.05289306 300.13792656
641.42131412 298.26658153
643.66692815 296.69465171
641.87043692 295.19757568
642.39441353 293.55079206
644.71488137 293.25137685
648.98154804 291.90400843
650.70318546 289.73324820
652.72423809 290.63149381
654.44587552 292.80225405
654.96985213 295.64669849
658.93710359 294.07476867
660.88330242 291.67944703
661.85640184 296.17067510
668.29382874 296.69465171
670.91371178 292.35313124
676.75230827 301.18587978
667.54529073 299.76365756
663.20377026 304.47944703
663.72774687 308.14728329
668.36868254 308.52155229
667.39558312 304.03032422
672.85991061 306.20108446
672.48564160 310.24318972
674.05757143 311.88997334
676.07862406 315.85722481
671.06341938 317.87827744
664.92540768 317.50400843
660.65874102 314.21044118
660.05991061 317.72856984
655.19441353 315.63266340
653.84704511 307.17418387
657.66458897 303.28178621
656.84119716 300.28763416
652.49967669 299.01511954
648.75698663 299.46424235
648.45757143 295.12272188
639.32540768 306.57535346
641.27160651 301.18587978
639.25055388 302.75780960
685.65991061 326.56131837
686.25874102 315.25839440
689.25289306 312.86307276
691.34879950 310.39289732
687.75581704 308.29699089
681.31839014 309.86892071
688.20493985 303.13207861
686.33359482 300.88646457
685.06108020 298.79055814
683.93827318 297.59289732
683.26458897 299.46424235
687.38154804 297.21862832
689.70201587 294.82330668
693.29499833 296.54494410
696.66341938 295.42213709
693.59441353 301.26073358
691.04938429 299.61394995
691.94762991 302.98237101
698.31020301 303.88061662
699.58271763 301.26073358
698.60961821 295.34728329
710.73593400 294.97301428
710.88564160 297.74260492
710.28681119 299.31453475
709.91254219 301.63500258
705.49616792 303.73090902
704.07394570 314.36014878
700.25640184 309.56950551
697.78622640 314.21044118
694.94178195 315.63266340
692.39675271 317.87827744
691.57336090 314.21044118
695.61546616 320.87242949
702.95113868 319.30049966
703.84938429 320.72272188
706.69382874 321.84552890
707.51722055 326.63617218
700.40610944 326.93558738
715.15230827 322.96833592
712.98154804 318.40225405
724.58388722 324.83968095
731.24587552 324.68997334
727.50318546 321.02213709
719.86809774 314.73441779
716.87394570 311.96482715
719.19441353 307.32389147
712.45757143 309.56950551
712.30786382 303.73090902
715.52657728 303.28178621
713.35581704 301.93441779
713.50552464 299.98821896
718.82014453 299.01511954
717.32306850 295.49699089
714.85289306 296.69465171
722.63768839 295.34728329
727.05406266 295.19757568
729.44938429 296.76950551
736.71020301 295.87125989
733.79090476 294.59874527
733.41663575 297.81745872
733.34178195 301.03617218
727.65289306 305.07827744
727.80260067 301.41044118
730.49733751 300.43734177
724.80844862 297.89231253
720.24236675 301.63500258
734.09031997 309.86892071
736.85991061 307.32389147
737.98271763 327.98354060
704.59792230 271.31921311
707.44236675 271.91804352
714.62833166 271.91804352
714.32891646 275.21161077
712.08330242 278.50517802
703.99909189 287.03851136
712.53242523 285.69114294
741.72540768 277.60693241
753.25289306 273.26541194
750.70786382 272.06775112
741.35113868 286.73909615
734.09031997 292.12856984
717.09850710 292.50283884
719.71839014 291.08061662
711.25991061 291.90400843
713.50552464 292.05371603
710.28681119 294.14962247
705.49616792 293.10166925
703.17570008 295.42213709
704.14879950 291.60459323
702.80143108 290.93090902
745.39324394 283.59523650
755.19909189 280.82564586
763.73242523 277.15780960
767.02599248 276.85839440
772.93944277 277.98120141
782.74529073 277.00810200
787.98505681 275.73558738
793.67394570 277.98120141
786.03885798 280.60108446
774.13710359 280.97535346
765.82833166 283.14611370
763.13359482 288.98471019
773.68798078 286.21511954
781.69733751 291.38003182
784.84119716 294.89816048
793.44938429 292.65254644
793.59909189 296.91921311
790.60493985 296.47009030
791.72774687 299.08997334
790.08096324 304.10517802
785.88915037 300.21278036
780.57453049 298.86541194
779.37686967 293.32623065
776.75698663 299.46424235
771.29265915 291.38003182
770.31955973 298.34143533
768.22365330 293.10166925
763.88213283 298.41628913
764.25640184 294.67359908
765.75347786 292.20342364
758.49265915 296.84435931
757.59441353 292.05371603
745.69265915 288.16131837
749.80961821 288.83500258
745.09382874 297.81745872
749.06108020 297.66775112
752.80377026 295.79640609
754.15113868 299.98821896
748.68681119 302.38354060
750.85757143 304.77886223
752.35464745 302.83266340
744.49499833 304.25488563
757.96868254 307.39874527
756.77102172 304.62915463
764.03184043 305.15313124
766.35230827 301.56014878
769.04704511 304.47944703
776.08330242 306.50049966
777.80493985 303.20693241
780.87394570 305.67710785
729.59909189 284.49348212
700.70552464 427.01511954
664.17686967 419.82915463
679.14762991 414.43968095
692.32189891 403.66073358
682.74061236 382.70166925
682.74061236 370.12623065
664.77570008 372.52155229
664.77570008 359.34728329
666.57219131 347.96950551
677.35113868 336.59172773
671.36283459 328.80693241
659.38622640 331.80108446
671.36283459 323.41745872
659.98505681 321.62096750
747.71371178 439.59055814
744.12072932 408.15196165
724.35932581 415.33792656
714.77803926 425.21862832
710.28681119 396.17535346
716.27511529 370.72506106
713.28096324 377.31219557
728.85055388 363.23968095
722.26341938 365.63500258
720.76634336 354.25722481
711.78388722 347.67009030
703.40026149 347.37067510
701.00493985 360.24552890
691.42365330 351.86190317
683.63885798 356.95196165
710.58622640 342.28061662
716.87394570 335.39406691
703.69967669 337.19055814
744.42014453 350.06541194
731.24587552 338.38821896
747.11488137 327.90868679
770.76868254 350.96365756
764.48096324 338.68763416
1017.71137260 340.78354060
1020.70552464 332.54962247
1021.15464745 316.38120141
1017.71137260 312.63851136
1017.71137260 307.54845288
1010.37570008 305.00342364
1012.47160651 296.47009030
1007.08213283 296.47009030
1004.53710359 297.06892071
1002.89031997 299.46424235
1002.14178195 293.17652305
1004.83651880 293.17652305
996.30318546 301.56014878
991.06341938 300.51219557
991.66224979 296.61979791
987.02131412 296.47009030
981.18271763 296.32038270
980.28447201 292.87710785
978.48798078 296.47009030
979.68564160 301.26073358
982.08096324 303.80576282
988.81780535 306.35079206
986.12306850 309.04552890
999.14762991 305.15313124
1004.08798078 306.20108446
1007.83067084 314.28529498
1004.83651880 312.63851136
998.69850710 314.28529498
1003.78856558 315.78237101
1012.02248371 323.71687393
1012.47160651 319.52506106
1004.38739599 322.07009030
1000.79441353 322.66892071
996.90201587 326.86073358
990.61429657 325.36365756
993.45874102 330.45371603
1001.09382874 335.99289732
999.14762991 344.07710785
1007.98037844 335.24435931
1009.02833166 337.93909615
979.53593400 326.26190317
977.14061236 316.53090902
980.58388722 313.23734177
976.54178195 310.99172773
972.79909189 305.00342364
971.60143108 301.26073358
966.06224979 303.05722481
962.61897494 301.56014878
959.47511529 295.72155229
953.48681119 297.06892071
957.07979365 299.46424235
956.18154804 301.85956399
954.68447201 304.70400843
954.98388722 305.45254644
957.22950125 309.19523650
959.62482289 312.78821896
966.21195739 315.33324820
966.06224979 308.89582130
963.66692815 306.35079206
960.67277611 317.42915463
956.93008605 316.83032422
957.67862406 319.82447627
961.27160651 329.70517802
896.44821470 285.99055814
910.67043692 284.34377451
908.27511529 287.63734177
911.26926733 285.99055814
922.19792230 283.14611370
929.38388722 284.94260492
929.38388722 289.43383299
940.16283459 286.43968095
898.09499833 292.72740025
916.73359482 294.67359908
923.17102172 296.09582130
925.26692815 295.27242949
926.83885798 293.32623065
930.13242523 293.10166925
939.11488137 293.40108446
936.86926733 294.67359908
935.07277611 296.24552890
947.79792230 318.32740025
943.75581704 306.57535346
951.31605096 300.96131837
942.70786382 297.81745872
949.51955973 298.34143533
950.86692815 298.34143533
944.42950125 293.47593826
939.63885798 300.43734177
934.47394570 300.21278036
935.37219131 305.45254644
936.27043692 308.89582130
939.04002757 306.27593826
941.95932581 314.36014878
938.14178195 325.96248796
932.67745447 328.80693241
928.03651880 319.82447627
920.25172347 321.62096750
915.68564160 326.63617218
912.99090476 319.52506106
910.89499833 316.98003182
917.93125564 317.65371603
910.14646032 294.14962247
910.82014453 299.76365756
922.87160651 300.06307276
928.26108020 299.91336516
925.19207435 306.35079206
927.66224979 307.09933007
909.69733751 305.97652305
906.40377026 301.48529498
913.06575856 312.71336516
919.12891646 313.23734177
924.59324394 314.50985639
927.81195739 311.36599674
928.78505681 316.90517802
925.04236675 317.27944703
907.22716207 321.17184469
926.76400418 327.75897919
930.28213283 324.09114294
936.12072932 324.54026574
961.49616792 299.16482715
971.22716207 312.63851136
1003.26458897 372.22213709
996.07862406 394.37886223
919.12891646 361.74260492
917.33242523 347.37067510
924.21897494 381.20459323
889.78622640 380.00693241
874.81546616 377.31219557
899.36751295 349.76599674
907.15230827 340.48412539
921.22482289 336.29231253
903.55932581 330.00459323
899.96634336 317.72856984
893.07979365 316.83032422
889.48681119 322.51921311
887.39090476 331.20225405
887.69031997 334.19640609
874.21663575 336.29231253
856.55113868 346.17301428
864.33593400 360.54494410
843.67628488 348.26892071
826.60961821 346.17301428
854.75464745 337.48997334
860.74295154 331.50166925
858.64704511 325.81278036
865.83301002 322.51921311
801.90786382 268.77418387
809.84236675 267.57652305
813.58505681 268.77418387
807.74646032 279.70283884
806.09967669 284.64318972
797.41663575 285.84085054
815.83067084 284.04435931
823.46575856 283.74494410
827.95698663 282.24786808
829.90318546 282.54728329
833.19675271 282.84669849
836.19090476 280.15196165
874.06692815 285.39172773
877.36049540 283.74494410
881.40260067 281.94845288
885.74412113 282.24786808
891.58271763 286.43968095
799.96166499 300.81161077
802.50669423 296.91921311
808.04587552 293.77535346
808.49499833 297.21862832
806.24938429 293.47593826
812.38739599 295.12272188
814.63301002 312.33909615
819.12423809 308.97067510
820.02248371 306.27593826
824.36400418 305.22798504
827.58271763 303.80576282
829.07979365 303.28178621
833.64587552 299.98821896
839.63417961 299.83851136
844.42482289 299.16482715
846.44587552 300.51219557
850.93710359 301.26073358
850.11371178 304.77886223
855.27862406 303.65605522
855.20377026 307.47359908
852.65874102 310.09348212
848.69148956 306.94962247
840.23301002 304.70400843
834.84353634 306.35079206
826.68447201 310.09348212
818.67511529 318.77652305
819.19909189 321.54611370
823.61546616 317.72856984
827.20844862 316.45605522
831.99909189 318.25254644
839.85874102 317.65371603
837.61312698 312.71336516
842.40377026 310.31804352
847.86809774 316.15664001
848.39207435 319.67476867
844.34996909 324.16599674
835.59207435 328.80693241
836.64002757 322.29465171
833.79558312 333.74728329
820.47160651 333.07359908
871.52189891 309.94377451
829.45406266 323.41745872
850.11371178 293.32623065
849.66458897 296.61979791
857.59909189 294.52389147
844.27511529 296.47009030
839.03534920 295.42213709
835.59207435 297.81745872
878.48330242 290.55664001
898.46926733 296.61979791
897.57102172 297.66775112
894.35230827 297.36833592
887.09148956 294.29933007
884.39675271 292.27827744
884.84587552 297.96716633
880.27979365 295.57184469
879.68096324 297.44318972
872.79441353 293.92506106
869.57570008 301.26073358
873.24353634 303.50634761
885.74412113 302.68295580
894.65172347 302.98237101
898.39441353 303.35664001
893.60377026 300.88646457
901.68798078 300.21278036
904.00844862 299.16482715
905.13125564 296.91921311
905.35581704 309.94377451
891.80727903 308.07242949
898.09499833 310.69231253
893.37920885 311.88997334
888.28915037 313.08763416
884.09733751 309.94377451
878.48330242 310.16833592
876.83651880 312.26424235
874.74061236 314.50985639
875.41429657 300.21278036
885.29499833 305.45254644
732.74295154 315.48295580
739.62950125 315.18354060
747.71371178 315.18354060
746.21663575 309.34494410
753.40260067 309.79406691
757.59441353 313.68646457
754.60026149 314.88412539
755.49850710 317.27944703
751.00727903 320.72272188
759.98973517 322.81862832
765.52891646 315.93207861
763.58271763 311.44085054
774.66108020 316.68061662
788.58388722 334.04669849
798.46458897 325.66307276
799.36283459 335.99289732
811.93827318 334.94494410
814.48330242 330.75313124
817.17803926 326.71102598
785.29031997 367.73090902
