47.77272727 398.96611570
83.52809917 402.40413223
56.02396694 358.39752066
23.70661157 365.27355372
18.89338843 336.39421488
34.70826446 347.39586777
95.21735537 388.65206612
96.59256198 346.70826446
85.59090909 352.20909091
168.10330579 372.83719008
221.73636364 361.14793388
214.17272727 381.08842975
187.35619835 335.01900826
194.91983471 319.20413223
253.36611570 342.58264463
246.49008264 316.45371901
241.67685950 306.13966942
196.98264463 297.20082645
170.85371901 278.63553719
139.91157025 281.38595041
146.78760331 302.01404959
112.40743802 318.51652893
78.71487603 290.32479339
65.65041322 304.07685950
55.33636364 231.87851240
104.84380165 242.19256198
86.27851240 278.63553719
103.46859504 273.82231405
315.93801653 352.89669421
326.25206612 340.51983471
367.50826446 353.58429752
358.56942149 325.39256198
325.56446281 315.76611570
280.18264463 308.89008264
309.74958678 295.82561983
299.43553719 252.50661157
340.00413223 275.88512397
393.63719008 310.26528926
412.89008264 400.34132231
433.51818182 361.14793388
424.57933884 335.70661157
426.64214876 308.89008264
410.13966942 271.07190083
378.50991736 266.25867769
346.19256198 253.88181818
351.00578512 238.75454545
337.25371901 202.99917355
382.63553719 209.18760331
381.94793388 186.49669421
395.01239669 177.55785124
404.63884298 224.31487603
466.52314050 246.31818182
440.39421488 205.06198347
524.96942149 396.21570248
502.27851240 414.09338843
515.34297521 379.02561983
501.59090909 357.70991736
519.46859504 339.83223140
531.84545455 326.76776860
575.85206612 354.95950413
575.85206612 326.08016529
488.52644628 258.00743802
488.52644628 286.19917355
475.46198347 317.14132231
529.09504132 259.38264463
538.72148760 288.94958678
602.66859504 286.19917355
582.04049587 260.75785124
570.35123967 250.44380165
614.35785124 316.45371901
617.10826446 216.75123967
538.03388430 240.81735537
522.21900826 229.12809917
474.77438017 222.93966942
495.40247934 206.43719008
526.34462810 209.18760331
550.41074380 213.31322314
533.22066116 174.80743802
551.09834711 188.55950413
572.41404959 165.86859504
573.78925620 120.48677686
614.35785124 118.42396694
578.60247934 95.73305785
598.54297521 77.85537190
582.72809917 59.97768595
582.04049587 36.59917355
621.23388430 53.10165289
539.40909091 147.30330579
489.90165289 155.55454545
472.71157025 169.99421488
458.95950413 139.05206612
476.83719008 130.80082645
485.77603306 108.79752066
511.21735537 94.35785124
536.65867769 75.79256198
560.72479339 64.10330579
551.09834711 110.17272727
552.47355372 35.91157025
515.34297521 39.34958678
497.46528926 11.15785124
474.08677686 37.28677686
488.52644628 68.22892562
468.58595041 85.41900826
450.02066116 107.42231405
434.89338843 110.86033058
444.51983471 131.48842975
412.89008264 141.80247934
423.20413223 169.99421488
407.38925620 149.36611570
408.76446281 99.85867769
415.64049587 80.60578512
421.14132231 63.41570248
434.20578512 45.53801653
416.32809917 0.15619835
418.39090909 4.28181818
474.08677686 3.59421488
329.69008264 176.87024793
332.44049587 154.17933884
376.44710744 156.24214876
378.50991736 120.48677686
367.50826446 131.48842975
375.75950413 88.85702479
347.56776860 63.41570248
339.31652893 75.10495868
347.56776860 41.41239669
355.81900826 28.34793388
365.44545455 16.65867769
309.06198347 28.34793388
299.43553719 39.34958678
311.12479339 65.47851240
295.99752066 74.41735537
316.62561983 120.48677686
316.62561983 99.85867769
289.12148760 141.80247934
280.87024793 170.68181818
295.30991736 182.37107438
284.99586777 202.99917355
251.30330579 253.19421488
223.11157025 266.25867769
190.79421488 238.06694215
199.04545455 220.18925620
229.30000000 204.37438017
255.42892562 228.44049587
190.79421488 168.61900826
213.48512397 182.37107438
247.17768595 164.49338843
251.30330579 147.30330579
260.92975207 123.92479339
233.42561983 128.05041322
228.61239669 140.42727273
216.92314050 132.17603306
203.17107438 145.92809917
197.67024793 106.04710744
265.74297521 92.29504132
247.17768595 90.91983471
253.36611570 65.47851240
260.92975207 42.10000000
229.98760331 13.22066116
242.36446281 9.78264463
255.42892562 29.72314050
275.36942149 37.28677686
206.60909091 70.29173554
221.73636364 60.66528926
209.35950413 37.97438017
196.98264463 59.29008264
177.72975207 43.47520661
167.41570248 9.09504132
183.91818182 16.65867769
169.47851240 79.23057851
153.66363636 51.72644628
157.78925620 92.29504132
139.22396694 68.22892562
135.09834711 109.48512397
152.28842975 152.11652893
155.03884298 172.74462810
137.84876033 220.87685950
148.85041322 239.44214876
123.40909091 195.43553719
113.78264463 169.99421488
86.96611570 173.43223140
72.52644628 190.62231405
62.21239669 213.31322314
31.95785124 269.00909091
3.76611570 191.30991736
1.70330579 258.69504132
51.89834711 167.93140496
57.39917355 136.98925620
100.71818182 140.42727273
55.33636364 123.23719008
6.51652893 155.55454545
7.89173554 116.36115702
34.70826446 100.54628099
77.33966942 97.79586777
50.52314050 84.73140496
14.76776860 80.60578512
21.64380165 54.47685950
57.39917355 53.78925620
97.96776860 66.16611570
108.96942149 81.29338843
128.90991736 91.60743802
109.65702479 44.85041322
80.77768595 43.47520661
79.40247934 9.78264463
40.20909091 15.97107438
382.63553719 55.85206612
20.95619835 1.53140496
1.70330579 29.03553719
113.78264463 1.53140496
290.49669421 2.90661157
260.92975207 2.90661157
525.07142857 3.40909091
