128.24535585 573.99814499
148.46177357 565.91157791
177.77557925 544.68433931
218.20841467 551.76008551
223.26251910 522.44627982
245.50057859 519.41381717
272.79274250 524.46792159
294.01998110 539.63023488
276.83602604 576.01978676
269.76027984 591.18210005
205.06774316 580.06307030
146.44013179 611.39851776
160.59162419 618.47426396
123.19125142 628.58247282
117.12632611 613.42015953
111.06140080 601.29030890
92.86662486 564.90075702
117.12632611 551.76008551
145.42931091 497.17575768
552.92527657 180.34788160
562.76768812 171.59907134
576.43770415 179.25428032
599.40333109 173.78627390
632.75817022 190.73709379
644.24098369 197.29870148
669.39381320 231.74714189
611.97974585 271.66358872
591.20132147 250.33836370
519.02363680 181.44148288
503.71321884 167.77146685
533.24045348 284.24000347
549.64447272 256.35317076
504.80682013 237.76194895
505.35362077 276.58479449
498.24521243 342.74767211
464.89037330 341.65407082
452.86075919 315.95444068
435.36313866 333.99886184
426.61432840 303.92482656
446.84595213 267.83598423
608.69894200 143.71223862
640.41337920 155.19505209
630.57096766 164.49066300
618.54135354 179.25428032
659.00460101 196.20510020
691.81263950 229.55993933
715.32506708 260.18077525
728.99508312 261.82117717
715.87186772 218.62392650
728.99508312 210.96871752
713.13786451 212.06231880
722.98027606 201.12630597
728.44828247 200.57950533
727.90148183 148.63344440
733.36948825 137.69743157
730.08868440 119.65301040
690.71903821 121.84021297
684.15743052 133.86982708
684.15743052 133.86982708
683.61062988 116.91900719
673.76821833 121.84021297
441.37794572 178.16067903
432.08233481 210.96871752
387.24468222 215.88992329
404.74230274 207.14111303
411.30391044 237.21514831
471.99878164 115.82540591
493.87080730 122.38701361
511.91522846 120.19981104
539.25526054 114.18500399
556.75288106 118.01260848
582.99931185 114.18500399
594.48212532 115.82540591
608.69894200 107.07659565
661.73860422 137.69743157
660.64500294 152.46104889
749.77350749 227.37273676
768.91152994 268.92958551
693.45304142 394.69373304
643.69418305 346.02847596
626.74336317 353.13688429
592.29492276 345.48167531
567.68889389 341.65407082
549.64447272 338.37326698
580.26530864 289.70800989
655.17699652 301.19082336
630.57096766 276.58479449
784.76874854 343.84127339
796.79836265 359.69849199
776.56673892 360.79209327
785.31554918 381.02371701
773.28593507 399.61493882
762.89672288 381.02371701
810.46837869 181.98828352
797.89196394 175.42667583
813.20238190 199.48590405
806.09397356 195.11149892
811.56197997 218.62392650
824.68519537 121.84021297
831.24680306 131.13582387
810.46837869 140.97823542
809.37477741 156.28865338
789.68995432 155.19505209
769.45833058 148.63344440
785.31554918 137.15063093
788.04955239 125.66781746
797.89196394 108.17019693
855.30603129 179.25428032
847.10402167 155.19505209
823.59159408 152.46104889
819.76398959 157.92905530
840.54241397 168.86506813
841.63601525 188.54989122
830.15320178 191.83069507
864.60164219 216.43672393
837.80841076 212.06231880
838.90201204 226.27913548
846.55722102 240.49595216
850.93162616 229.01313869
858.04003450 235.57474638
791.33035624 206.59431239
777.11353956 206.04751175
785.31554918 220.26432842
768.36472930 219.71752778
796.25156201 248.69796178
783.67514726 246.51075921
792.97075816 237.21514831
798.98556522 235.02794574
817.57678703 246.51075921
816.48318575 237.76194895
826.87239793 248.15116114
826.87239793 261.27437653
847.65082231 265.10198102
862.96124027 276.58479449
848.74442359 289.70800989
824.68519537 279.31879770
796.25156201 267.83598423
802.81316971 284.24000347
806.64077420 295.72281694
837.80841076 302.28442464
857.49323385 303.37802592
848.74442359 321.42244709
820.31079024 327.98405479
777.66034020 308.29923170
786.95595111 312.12683619
788.04955239 329.07765607
756.33511519 330.71805799
835.62120820 354.23048558
852.57202808 353.13688429
860.22723706 376.10251123
833.98080627 396.33413497
846.55722102 390.86612855
857.49323385 408.91054972
848.74442359 422.58056576
848.74442359 432.42297730
812.65558126 443.35899013
816.48318575 432.42297730
787.50275175 425.31456896
780.94114405 437.34418308
747.03950428 415.47215742
753.60111198 441.71858821
771.09873251 423.12736640
812.65558126 386.49172342
766.17752673 343.84127339
359.35784950 261.27437653
387.79148286 288.61440860
392.71268863 354.23048558
405.83590403 353.13688429
392.16588799 376.10251123
394.89989120 396.33413497
410.75710980 409.45735036
421.69312263 424.76776832
383.41707773 427.50177153
380.68307452 401.80214138
358.81104886 400.16173946
357.17064694 420.94016383
330.92421615 367.35370097
422.78672391 261.27437653
447.39275277 241.04275280
463.79677202 236.66834767
442.47154700 129.49542195
429.89513225 160.11625787
116.62715752 70.70692560
127.53667780 75.94349534
110.08144535 76.81625696
100.48106750 81.61644589
87.38964316 75.94349534
69.06164909 74.63435291
73.86183801 87.72577725
56.40660556 78.99816102
51.17003582 95.58063185
65.57060260 112.16310268
76.48012288 109.10843700
107.02677967 115.21776836
114.44525346 112.16310268
107.46316048 101.25358240
99.60830588 95.14425104
89.13516641 89.03491968
40.69689635 90.78044293
37.20584986 96.01701266
29.78737607 99.94443996
53.78832069 117.39967242
65.13422178 124.81814621
96.11725939 120.45433809
94.80811695 131.80023919
83.89859667 146.63718677
93.93535533 154.05566057
79.97116937 146.20080596
66.00698341 147.94632921
56.84298637 141.40061704
48.55175095 136.60042811
37.64223067 118.27243404
27.60547201 130.49109675
29.35099526 147.50994840
43.75156203 147.94632921
55.09746312 160.16499192
65.57060260 156.23756462
74.73459963 167.58346572
53.78832069 171.94727383
43.31518122 176.74746275
38.95137311 187.65698304
47.24260852 187.22060223
29.35099526 183.29317492
31.09651850 165.83794247
37.20584986 163.21965760
105.28125642 171.94727383
152.84676486 210.34878522
182.95704084 219.51278226
215.68560169 202.93031143
228.77702603 202.05754981
241.43206955 209.47602360
257.57815957 215.14897415
269.36044148 204.23945387
279.39720014 216.45811658
297.28881340 201.18478819
308.19833369 182.42041330
312.56214180 164.52880004
320.85337721 154.05566057
323.90804289 134.41852406
318.23509235 114.34500674
299.90709827 75.50711453
283.32462744 109.54481781
299.47071746 118.27243404
280.26996176 122.63624215
263.25111012 137.03680892
259.32368282 120.45433809
252.34158984 115.65414917
235.32273820 90.78044293
224.84959872 99.94443996
209.57627033 97.32615509
218.74026737 84.67111157
210.01265114 70.70692560
201.72141572 80.74368426
194.73932274 74.63435291
194.73932274 74.63435291
171.61113974 85.98025400
148.48295674 83.79834994
172.92028218 98.19891672
167.24733163 102.99910564
158.08333459 109.10843700
155.90143054 96.01701266
144.99191025 92.08958536
138.00981727 92.08958536
145.86467188 67.65225993
157.64695378 66.34311749
179.02961354 69.39778317
174.22942461 77.68901859
152.84676486 75.50711453
139.75534052 104.30824808
148.04657593 115.65414917
125.35477375 124.81814621
130.59134348 118.27243404
137.57343646 138.34595136
145.86467188 137.03680892
154.59228810 137.03680892
173.79304380 142.70975947
190.81189544 133.54576243
78.22564612 188.96612547
68.18888746 185.47507898
85.64411992 213.40345090
87.82602397 228.67677930
70.37079152 229.98592173
55.53384394 226.93125605
44.18794284 230.85868336
72.55269558 241.76820364
71.24355314 250.93220068
83.46221586 249.62305824
394.60173433 95.58063185
371.90993214 112.16310268
37.20584986 246.56839256
33.71480337 292.82475856
42.44241960 290.64285451
55.53384394 269.69657556
60.33403286 263.15086339
109.20868373 155.80118381
109.20868373 147.07356758
107.02677967 127.87281189
117.93629995 127.43643108
79.97116937 75.50711453
71.63938626 530.53284691
106.00729637 495.15411591
96.90990840 478.98098174
368.82072663 485.04590706
367.80990575 469.88359377
334.45281652 494.14329503
337.48527918 461.79702669
315.24721969 464.82948934
311.20393615 457.75374314
187.88378810 362.73657989
208.10020582 370.82314698
147.45095268 381.94217672
165.64572862 457.75374314
137.34274382 463.81866846
218.20841467 440.56978809
172.72147482 422.37501215
475.96774051 430.46157923
535.60617276 501.21904123
413.29684560 504.25150388
568.96326199 79.70673192
321.31214501 58.47949332
341.52856272 58.47949332
58.49871474 584.10635385
34.23901349 613.42015953
77.70431157 623.52836839
19.07670020 189.88620845
274.81438427 59.49031420
288.96587667 41.29553826
211.13266847 48.37128446
196.98117608 53.42538889
781.23564797 93.85822431
782.24646886 76.67426926
333.44199564 306.13061030
333.44199564 306.13061030
298.06326464 328.36866978
18.56352826 122.02692089
7.12262287 122.90699053
26.92418989 120.26678160
62.12697572 62.18218499
73.12784628 55.14162783
84.12871685 52.06138407
154.09425367 55.14162783
168.61540282 55.58166265
185.77676091 56.46173230
239.02097447 58.66190641
96.44969189 48.98114031
95.12958742 58.22187159
102.17014459 59.54197606
116.25125892 56.02169747
123.73185090 54.26155818
119.33150267 62.62221981
216.13916368 112.34615479
230.66031283 120.70681642
226.25996461 142.70855756
203.81818865 135.66800039
255.74229773 60.42204570
138.69303488 52.06138407
155.85439296 40.18044385
137.37293041 10.69811073
131.65247771 18.17870272
130.33237324 25.65929470
129.01226878 31.81978222
172.57571623 208.27374615
147.49373133 194.19263182
95.12958742 169.55068175
28.68432919 208.27374615
18.56352826 234.67583552
15.92331933 246.99681055
16.80338897 258.87775077
187.97693503 111.02605032
255.74229773 117.18653784
258.82254149 93.42465741
260.14264596 85.94406542
266.74316830 77.14336897
255.74229773 36.66016527
244.30139234 43.70072244
330.10818278 45.90089655
334.06849618 32.25981704
349.02968016 29.61960811
344.62933193 18.17870272
331.42828725 15.09845896
316.90713810 19.49880718
302.82602377 21.25894647
291.82515320 26.09932953
284.34456121 28.73953846
303.70609341 52.06138407
53.76631408 49.42117513
70.43251722 464.08098782
57.04199063 464.08098782
44.39538219 466.31274225
14.63865643 481.93502327
36.95620075 501.27689501
13.89473829 527.31403005
97.21357040 437.29993464
127.71421430 422.42157176
155.98310377 441.01952536
162.67836706 421.67765362
40.67579147 334.63923079
66.71292650 338.35882150
31.00485560 359.18852953
3.47988427 364.39595654
9.43122942 285.54063329
59.27374506 284.79671515
32.49269188 395.64051858
16.12649272 432.09250763
13.89473829 406.79929074
3.47988427 391.92092786
237.81409959 492.34987729
266.82690720 500.53297687
197.64251982 478.95935070
196.15468354 485.65461399
216.24047342 493.09379543
122.50678729 458.87356081
123.99462358 471.52016926
574.28583593 99.87436241
559.37152105 99.87436241
564.34295934 50.65712331
572.29726061 50.65712331
585.22300018 35.74280843
591.68586996 6.90846633
591.68586996 7.40561015
580.25156188 13.86847994
611.07447930 12.37704845
611.07447930 12.37704845
613.06305462 19.33706206
645.87454735 33.75423311
633.94309545 25.30278801
629.96594482 10.38847313
648.36026650 70.54287648
659.79457457 54.13713011
632.94880779 47.67426033
693.10321114 47.67426033
642.89168438 42.70282204
600.63445889 60.10285606
616.54306142 67.06286967
623.00593120 88.93719816
634.44023928 78.49717775
592.68015762 87.94291051
603.61732186 79.49146541
586.71443166 66.06858201
551.41721978 69.05144499
694.09749880 96.89149943
721.44040941 13.86847994
699.56608092 34.74852077
763.20049107 72.03430797
781.59481276 64.57715053
788.55482637 59.60571223
816.89202464 85.45719136
832.30348335 81.97718455
854.67495567 90.42862965
888.48073606 82.97147221
865.11497609 135.66871812
803.96628508 79.49146541
791.04054552 71.53716414
923.77794795 180.90880659
945.65227644 180.90880659
943.66370112 172.95450532
915.82364668 163.50877256
906.87505775 155.55447129
896.43503733 166.98877937
881.52072245 154.06303981
877.54357182 199.80027210
880.52643479 183.39452574
867.60069523 188.86310786
942.66941346 218.19459379
930.24081773 234.10319633
925.76652326 242.05749760
913.33792753 254.98323716
916.32079051 268.40612055
933.22368070 266.41754523
900.41218797 282.32614777
910.35506455 278.84614097
880.52643479 281.82900394
879.53214714 268.40612055
868.59498289 243.05178525
882.51501011 246.03464823
877.04642799 237.58320313
896.43503733 208.74886103
922.78366029 216.70316230
704.53751921 235.59462781
677.69175243 153.06875215
635.43452694 108.32580751
635.43452694 89.93148582
656.31456777 8.89704164
662.77743755 26.29707567
569.81154147 11.38276079
565.83439083 33.75423311
554.40008276 12.87419228
554.40008276 12.87419228
535.50861724 22.81706886
542.96577468 15.85705525
513.63428875 63.08571904
492.25710409 93.90863646
478.83422070 14.86276759
465.90848114 12.37704845
714.81964846 560.76275033
666.53268708 560.76275033
674.27682239 471.47742551
663.34392548 456.90022962
742.15189075 489.24338300
749.44048869 482.41032243
778.13934310 479.67709820
797.27191270 481.04371031
809.57142173 478.31048608
818.68216916 484.23247191
825.97076710 466.92205180
789.52777738 514.75347580
759.46231086 508.37595260
760.82892298 532.51943329
780.41702995 541.17464335
794.53868847 570.32903513
753.54032503 570.78457250
743.06296549 557.11845135
734.40775543 511.56471420
724.84147063 515.66455055
713.90857371 515.66455055
823.23754287 547.55216655
825.97076710 576.25102096
810.93803384 582.62854416
865.60251842 588.09499262
851.93639728 609.04971171
866.05805580 624.99351971
885.64616277 625.44905708
926.18898883 613.14954805
928.92221306 627.27120657
939.85510998 598.11681479
931.65543729 589.00606736
916.62270403 542.54125547
899.76782129 537.98588175
882.45740117 526.14191009
875.16880323 533.88604541
850.11424779 530.69728381
874.71326585 499.72074254
865.14698105 483.32139717
885.19062540 476.48833660
836.90366402 488.78784563
849.20317305 455.98915488
865.60251842 459.17791648
876.53541534 451.43378117
884.27955066 427.29030048
894.30137283 425.92368836
910.24518083 432.75674893
917.98931615 439.13427213
937.57742312 439.13427213
943.49940895 437.76766002
942.13279684 428.20137522
953.06569375 430.02352470
964.45412804 441.86749636
963.08751593 456.90022962
993.60851982 466.46651443
994.97513193 446.42287008
991.33083296 431.39013682
989.05314610 400.86913293
954.88784324 396.31375921
960.35429170 384.92532493
935.75527364 380.36995121
926.18898883 389.93623601
915.25609192 377.18118961
899.76782129 404.05789453
910.24518083 394.49160973
892.47922334 394.49160973
874.25772848 391.75838550
870.61342951 379.00333910
825.05969236 389.93623601
797.27191270 394.94714710
806.83819750 455.07808014
819.59324390 451.88931854
796.36083796 451.43378117
801.37174904 437.76766002
897.03459706 455.07808014
930.28882518 465.09990231
923.91130198 470.11081340
943.04387158 503.82057889
958.53214221 499.72074254
977.20917444 512.93132632
952.15461901 522.04207375
937.12188575 533.88604541
946.68817055 550.74092815
955.79891798 542.08571809
958.53214221 550.74092815
969.46503913 568.05134827
986.31992187 583.53961890
977.66471181 594.01697845
982.67562290 610.87186119
995.88620667 538.44141912
999.53050565 526.14191009
1019.57414999 532.97497066
1018.20753788 579.43978256
1015.47431365 597.66127742
1004.08587936 616.79384702
1000.89711776 630.00443080
977.20917444 634.55980451
872.72735762 343.80602189
877.25926102 327.18904274
893.12092294 331.72094614
896.51985050 349.09324253
899.16346082 318.88055316
907.84960901 309.81674635
886.32306783 297.73167060
925.22190540 295.08806028
925.22190540 307.17313603
935.79634668 296.22103614
941.46122593 307.17313603
942.59420179 288.66786379
949.76971551 287.15722932
961.85479126 284.89127762
963.36542573 273.93917772
965.63137743 266.00834676
962.98776711 242.59351250
956.18991200 246.37009867
972.05157392 236.92863325
977.71645318 266.00834676
978.47177041 273.93917772
974.69518424 281.87000868
987.15791861 307.55079465
973.18454977 313.59333252
959.96649817 316.23694284
941.08356732 318.88055316
924.08892955 329.83265306
938.81761561 358.91236658
930.88678466 344.18368051
969.78562222 356.26875626
978.09411180 344.18368051
981.87069797 343.05070466
985.26962552 327.18904274
985.26962552 327.18904274
977.71645318 333.60923923
958.83352232 335.11987370
946.74844657 333.23158061
999.62065297 348.33792530
994.33343233 362.31129413
989.80152893 381.57188361
1007.92914255 392.52398350
971.29625669 410.65159712
962.23244988 403.47608340
957.32288785 412.16223159
941.46122593 409.89627989
916.53575720 354.38046317
907.47195039 324.16777380
1016.99294936 420.84837979
1016.99294936 431.42282107
115.65145040 16.54256721
83.37337379 21.48840153
97.69026261 17.06318135
98.73149089 23.57085808
191.66111467 48.56033675
191.66111467 48.56033675
179.68698948 102.18359305
297.53211757 430.76969925
284.23341627 439.97649245
235.13051917 418.49397497
372.20944025 377.57489405
754.80284684 594.44602292
813.11253715 533.06740154
870.39925044 556.59587307
401.87577391 279.36909985
391.64600368 305.96650244
380.39325643 335.63283611
287.30234734 512.60786109
267.86578390 470.66580314
272.98066902 459.41305589
284.23341627 462.48198696
33.60404564 573.98648246
386.53111857 57.38308586
386.53111857 43.06140754
1000.31733235 327.44901993
668.87277691 214.92154740
684.21743225 210.82963931
304.69295673 412.86760134
289.34830138 421.05141753
313.89974994 340.23623271
409.03661307 12.88358536
373.23241727 1.63083811
437.67996972 2.65381513
403.92172796 64.03243651
334.35929040 118.25021873
324.12952017 100.85960934
175.79785183 40.50396498
35.64999969 65.05541353
35.64999969 74.26220674
45.87976992 61.98648246
952.23741227 170.42204690
973.71992976 177.58288606
968.60504464 203.15731163
965.53611357 224.63982912
870.39925044 292.15631263
881.65199769 358.64981913
892.90474494 370.92554340
973.71992976 557.10736158
1017.70794174 452.76370524
