66.49300412 372.42880658
26.88148148 376.64279835
10.02551440 637.06748971
9.18271605 677.52181070
31.93827160 678.36460905
37.83786008 651.39506173
63.96460905 626.95390947
22.66748971 608.41234568
74.07818930 596.61316872
117.90370370 626.11111111
90.93415638 668.25102881
163.41481481 665.72263374
159.20082305 627.79670782
191.22716049 632.01069959
223.25349794 661.50864198
291.52016461 646.33827160
276.34979424 626.95390947
312.59012346 669.09382716
372.42880658 618.52592593
310.06172840 620.21152263
417.93991770 669.09382716
485.36378601 644.65267490
535.08888889 630.32510288
574.70041152 638.75308642
599.98436214 616.84032922
658.13744856 626.11111111
691.84938272 650.55226337
707.01975309 593.24197531
770.22962963 639.59588477
785.40000000 604.19835391
771.07242798 574.70041152
819.11193416 578.07160494
836.81069959 605.04115226
825.01152263 640.43868313
818.26913580 664.87983539
787.92839506 675.83621399
841.86748971 664.87983539
883.16460905 643.80987654
875.57942387 610.09794239
927.83292181 615.99753086
946.37448560 648.02386831
914.34814815 674.99341564
940.47489712 670.77942387
1010.42716049 668.25102881
982.61481481 647.18106996
971.65843621 613.46913580
1021.38353909 618.52592593
1007.05596708 614.31193416
629.48230453 668.25102881
427.21069959 642.12427984
326.07489712 629.48230453
249.38024691 608.41234568
216.51111111 632.85349794
133.91687243 604.19835391
34.46666667 573.01481481
79.13497942 573.01481481
89.24855967 552.78765432
36.99506173 540.14567901
123.80329218 568.80082305
167.62880658 575.54320988
180.27078189 605.04115226
210.61152263 570.48641975
267.92181070 580.60000000
313.43292181 567.11522634
359.78683128 563.74403292
383.38518519 562.90123457
345.45925926 590.71358025
293.20576132 593.24197531
388.44197531 540.14567901
428.05349794 577.22880658
435.63868313 551.94485597
446.59506173 579.75720165
496.32016461 606.72674897
534.24609053 599.98436214
618.52592593 565.42962963
595.77037037 546.88806584
562.90123457 554.47325103
525.81810700 565.42962963
494.63456790 540.98847737
469.35061728 566.27242798
462.60823045 538.46008230
435.63868313 535.93168724
436.48148148 518.23292181
414.56872428 524.13251029
335.34567901 519.07572016
385.07078189 512.33333333
306.69053498 521.60411523
284.77777778 507.27654321
288.99176955 535.93168724
254.43703704 549.41646091
183.64197531 534.24609053
133.07407407 528.34650206
114.53251029 532.56049383
49.63703704 519.91851852
3.28312757 527.50370370
3.28312757 493.79176955
47.10864198 493.79176955
79.13497942 494.63456790
114.53251029 484.52098765
165.94320988 492.10617284
149.93004115 516.54732510
213.13991770 499.69135802
263.70781893 478.62139918
304.16213992 481.99259259
119.58930041 440.69547325
149.93004115 437.32427984
34.46666667 465.97942387
97.67654321 466.82222222
128.01728395 465.13662551
192.91275720 466.82222222
228.31028807 465.13662551
289.83456790 445.75226337
272.97860082 459.23703704
320.17530864 463.45102881
353.04444444 458.39423868
342.93086420 493.79176955
396.86995885 487.04938272
382.54238683 458.39423868
426.36790123 473.56460905
441.53827160 487.04938272
421.31111111 503.90534979
464.29382716 509.80493827
484.52098765 511.49053498
504.74814815 497.16296296
521.60411523 512.33333333
539.30288066 519.91851852
538.46008230 551.94485597
595.77037037 509.80493827
473.56460905 487.04938272
476.09300412 461.76543210
511.49053498 460.07983539
529.18930041 480.30699588
550.25925926 497.16296296
552.78765432 462.60823045
597.45596708 471.03621399
621.89711934 498.00576132
641.28148148 480.30699588
634.53909465 456.70864198
685.10699588 460.92263374
674.99341564 481.99259259
687.63539095 505.59094650
712.07654321 544.35967078
664.03703704 514.86172840
744.10288066 509.80493827
780.34320988 497.16296296
798.88477366 515.70452675
825.01152263 490.42057613
850.29547325 518.23292181
875.57942387 498.84855967
892.43539095 517.39012346
926.14732510 486.20658436
940.47489712 522.44691358
983.45761317 500.53415638
994.41399177 523.28971193
532.56049383 446.59506173
520.76131687 448.28065844
567.95802469 445.75226337
599.98436214 448.28065844
605.88395062 423.83950617
561.21563786 418.78271605
569.64362140 400.24115226
605.04115226 401.08395062
644.65267490 389.28477366
694.37777778 400.24115226
638.75308642 413.72592593
623.58271605 421.31111111
357.25843621 439.00987654
299.94814815 421.31111111
323.54650206 440.69547325
348.83045267 420.46831276
381.69958848 430.58189300
406.14074074 425.52510288
434.79588477 447.43786008
419.62551440 426.36790123
446.59506173 427.21069959
459.23703704 419.62551440
488.73497942 445.75226337
496.32016461 432.26748971
587.34238683 491.26337449
717.97613169 458.39423868
735.67489712 481.99259259
762.64444444 460.07983539
806.46995885 471.87901235
855.35226337 468.50781893
897.49218107 470.19341564
882.32181070 453.33744856
921.09053498 445.75226337
970.81563786 454.18024691
1003.68477366 447.43786008
995.25679012 474.40740741
956.48806584 548.57366255
903.39176955 553.63045267
854.50946502 549.41646091
806.46995885 546.04526749
873.89382716 578.07160494
968.28724280 588.18518519
1021.38353909 577.22880658
998.62798354 559.53004115
748.31687243 545.20246914
723.03292181 578.91440329
996.09958848 422.99670782
948.90288066 422.15390947
910.13415638 414.56872428
872.20823045 415.41152263
825.85432099 417.93991770
788.77119342 421.31111111
754.21646091 411.19753086
717.13333333 417.93991770
728.93251029 395.18436214
754.21646091 389.28477366
782.02880658 372.42880658
827.53991770 375.80000000
816.58353909 396.86995885
863.78024691 375.80000000
866.30864198 357.25843621
847.76707819 361.47242798
916.03374486 364.00082305
899.17777778 383.38518519
854.50946502 399.39835391
888.22139918 401.08395062
928.67572016 385.07078189
943.00329218 402.76954733
978.40082305 402.76954733
966.60164609 380.85679012
1013.79835391 376.64279835
1021.38353909 417.93991770
1020.54074074 390.12757202
990.20000000 351.35884774
1001.15637860 361.47242798
942.37119342 347.35555556
972.71193416 333.44938272
1000.10288066 310.27242798
1020.75144033 338.50617284
928.46502058 332.18518519
894.33168724 332.18518519
863.99094650 319.96460905
804.57366255 356.62633745
820.16543210 331.34238683
801.20246914 325.02139918
809.20905350 301.42304527
836.17860082 305.63703704
823.53662551 282.88148148
849.66337449 294.25925926
861.88395062 303.53004115
889.27489712 290.46666667
859.77695473 272.76790123
840.39259259 267.71111111
832.80740741 257.17613169
815.95144033 263.49711934
866.51934156 246.64115226
900.23127572 266.86831276
894.33168724 247.48395062
931.41481481 263.07572016
943.21399177 247.48395062
926.35802469 283.72427984
909.50205761 308.16543210
963.86255144 256.33333333
964.28395062 292.99506173
960.06995885 309.42962963
1013.16625514 290.04526749
1003.05267490 270.66090535
1021.17283951 248.32674897
1010.21646091 231.89218107
981.13991770 241.58436214
951.22057613 226.83539095
981.98271605 228.52098765
974.81893004 210.40082305
1005.15967078 194.80905350
997.15308642 174.58189300
966.81234568 191.43786008
957.12016461 180.06008230
963.86255144 166.15390947
963.44115226 147.19094650
1000.10288066 162.36131687
936.47160494 161.09711934
930.99341564 176.26748971
925.09382716 189.33086420
912.87325103 176.26748971
901.07407407 153.51193416
902.33827160 228.09958848
874.10452675 227.67818930
868.62633745 207.87242798
897.70288066 210.40082305
896.01728395 192.70205761
864.41234568 186.38106996
830.27901235 226.83539095
797.83127572 193.12345679
813.00164609 177.53168724
862.30534979 160.25432099
833.65020576 146.76954733
880.00411523 167.83950617
773.81152263 260.12592593
748.94897119 287.93827160
717.34403292 304.79423868
680.68230453 310.69382716
678.99670782 336.39917695
640.22798354 318.27901235
655.39835391 294.68065844
676.88971193 284.98847737
694.58847737 264.33991770
679.83950617 267.71111111
676.46831276 254.64773663
667.19753086 243.26995885
678.57530864 237.37037037
714.81563786 228.52098765
695.00987654 218.40740741
705.96625514 204.07983539
733.77860082 209.13662551
748.94897119 208.29382716
723.24362140 176.68888889
753.16296296 173.31769547
775.91851852 169.94650206
693.74567901 194.38765432
681.94650206 185.11687243
667.19753086 187.64526749
671.83292181 166.99670782
660.45514403 162.78271605
643.59917695 206.18683128
642.33497942 226.83539095
646.54897119 247.06255144
628.85020576 236.10617284
628.00740741 249.16954733
621.68641975 260.54732510
610.73004115 267.28971193
630.95720165 268.55390947
626.32181070 286.25267490
608.62304527 298.05185185
592.18847737 296.36625514
589.66008230 277.82469136
590.50288066 256.33333333
578.70370370 262.23292181
603.14485597 233.15637860
590.08148148 233.15637860
571.96131687 231.47078189
607.78024691 209.97942387
596.40246914 194.80905350
614.94403292 193.54485597
577.86090535 312.37942387
560.58353909 318.70041152
567.74732510 331.76378601
582.91769547 332.60658436
598.50946502 334.71358025
622.95061728 345.24855967
535.29958848 309.85102881
521.39341564 365.05432099
541.19917695 369.26831276
528.13580247 405.50864198
657.92674897 212.08641975
630.53580247 175.00329218
622.95061728 155.19753086
612.41563786 167.41810700
601.03786008 159.83292181
593.87407407 175.42469136
570.27572016 194.38765432
556.79094650 180.90288066
579.96790123 157.72592593
547.09876543 162.78271605
546.25596708 196.91604938
539.93497942 218.40740741
518.02222222 221.77860082
520.97201646 199.44444444
531.92839506 191.01646091
517.17942387 172.05349794
525.60740741 150.14074074
556.79094650 145.92674897
601.03786008 144.24115226
708.91604938 167.41810700
710.60164609 146.34814815
685.73909465 150.98353909
770.01893004 153.93333333
786.87489712 149.71934156
718.60823045 330.92098765
764.96213992 321.22880658
775.91851852 342.29876543
753.16296296 353.25514403
746.42057613 340.19176955
785.18930041 327.54979424
762.01234568 374.32510288
786.03209877 397.92345679
550.04855967 317.85761317
33.41316872 326.70699588
33.83456790 301.42304527
57.85432099 303.53004115
93.25185185 306.90123457
118.11440329 300.58024691
137.92016461 287.93827160
151.40493827 292.99506173
163.20411523 276.98189300
192.70205761 308.58683128
179.21728395 326.28559671
195.23045267 334.29218107
177.95308642 353.67654321
131.17777778 357.89053498
132.86337449 335.97777778
148.87654321 375.16790123
101.67983539 333.02798354
96.20164609 359.57613169
68.38930041 329.23539095
52.37613169 353.67654321
16.97860082 351.56954733
2.22962963 321.65020576
3.91522634 279.08888889
32.14897119 282.46008230
30.46337449 265.18271605
184.69547325 247.48395062
160.67572016 263.91851852
134.12757202 266.86831276
105.89382716 278.66748971
77.66008230 274.87489712
59.11851852 283.72427984
65.86090535 267.28971193
62.91111111 242.42716049
22.03539095 243.26995885
14.45020576 219.67160494
21.19259259 206.60823045
53.21893004 225.57119342
88.19506173 225.57119342
91.14485597 249.59094650
119.80000000 245.37695473
108.84362140 262.65432099
152.66913580 250.01234568
175.84609053 231.47078189
157.72592593 225.99259259
124.43539095 223.46419753
124.85679012 208.29382716
166.15390947 207.45102881
196.91604938 207.87242798
212.08641975 229.78518519
231.47078189 241.16296296
207.02962963 260.96872428
204.50123457 282.46008230
232.31358025 258.86172840
233.57777778 287.09547325
227.67818930 307.32263374
262.65432099 309.00823045
266.02551440 290.88806584
273.61069959 276.56049383
291.73086420 274.03209877
289.62386831 297.63045267
287.93827160 325.02139918
327.54979424 320.80740741
330.07818930 292.15226337
319.54320988 281.61728395
305.21563786 264.76131687
347.77695473 268.13251029
347.35555556 248.74814815
327.12839506 245.79835391
315.32921811 246.21975309
244.53415638 226.41399177
255.49053498 214.61481481
231.47078189 207.02962963
236.52757202 158.56872428
211.24362140 150.14074074
248.32674897 153.93333333
264.33991770 163.20411523
267.28971193 185.11687243
292.57366255 188.06666667
298.89465021 166.99670782
289.20246914 155.19753086
286.67407407 140.44855967
315.75061728 144.66255144
327.12839506 157.30452675
327.12839506 178.37448560
324.60000000 193.54485597
346.93415638 183.00987654
349.88395062 166.99670782
365.05432099 173.31769547
357.46913580 157.72592593
345.24855967 144.66255144
348.61975309 128.22798354
336.39917695 113.05761317
320.38600823 126.96378601
309.00823045 116.85020576
279.08888889 116.00740741
284.98847737 126.12098765
245.79835391 122.32839506
246.64115226 108.42222222
244.11275720 139.18436214
176.68888889 155.19753086
169.10370370 174.58189300
161.51851852 188.06666667
139.60576132 184.69547325
142.55555556 169.52510288
141.71275720 153.09053498
105.47242798 166.15390947
99.15144033 180.90288066
94.09465021 197.75884774
71.76049383 187.64526749
54.48312757 205.34403292
37.20576132 187.22386831
15.29300412 188.06666667
13.18600823 168.68230453
38.89135802 173.31769547
23.29958848 154.77613169
30.88477366 137.07736626
63.33251029 151.82633745
66.28230453 133.70617284
104.20823045 140.44855967
96.20164609 156.88312757
122.32839506 128.64938272
137.92016461 140.02716049
162.36131687 126.54238683
151.82633745 116.00740741
172.89629630 141.71275720
189.75226337 126.96378601
186.38106996 112.63621399
173.73909465 102.10123457
202.81563786 99.57283951
218.40740741 121.90699588
214.19341564 111.79341564
238.63456790 92.40905350
218.82880658 81.45267490
227.67818930 66.28230453
248.32674897 69.23209877
255.49053498 76.39588477
283.72427984 69.65349794
286.25267490 83.55967078
271.08230453 93.25185185
196.07325103 65.43950617
199.44444444 49.42633745
226.83539095 50.26913580
180.06008230 79.76707819
161.51851852 67.96790123
172.47489712 53.64032922
147.61234568 83.98106996
140.44855967 97.88724280
113.47901235 99.15144033
124.01399177 78.92427984
142.55555556 44.36954733
134.54897119 68.81069959
107.57942387 68.38930041
116.00740741 49.00493827
90.72345679 55.32592593
63.33251029 50.69053498
37.62716049 50.69053498
36.78436214 67.54650206
17.82139918 69.23209877
32.99176955 81.87407407
24.14238683 94.93744856
17.40000000 109.68641975
16.97860082 125.27818930
47.74074074 109.26502058
52.37613169 120.64279835
1.38683128 145.92674897
63.33251029 82.29547325
57.01152263 72.60329218
81.03127572 70.49629630
89.03786008 82.71687243
79.76707819 97.46584362
81.03127572 108.42222222
82.71687243 122.32839506
108.00082305 119.80000000
3.49382716 7.28641975
11.92181070 12.34320988
27.09218107 11.50041152
35.09876543 5.17942387
43.94814815 12.76460905
50.69053498 12.34320988
58.69711934 12.76460905
67.12510288 5.17942387
84.82386831 10.23621399
97.04444444 13.18600823
110.10781893 11.92181070
125.27818930 14.45020576
140.44855967 11.07901235
156.04032922 10.23621399
149.71934156 22.87818930
170.78930041 16.13580247
179.63868313 8.55061728
184.69547325 18.24279835
202.81563786 14.87160494
216.30041152 14.87160494
225.99259259 7.28641975
232.73497942 13.60740741
252.54074074 13.60740741
250.85514403 32.14897119
275.71769547 22.87818930
213.77201646 42.68395062
198.18024691 34.67736626
171.21069959 38.04855967
119.80000000 38.46995885
80.18847737 42.68395062
29.19917695 37.20576132
50.26913580 48.58353909
2.65102881 37.62716049
2.22962963 84.40246914
318.70041152 21.19259259
367.16131687 19.92839506
378.96049383 20.34979424
393.70946502 16.13580247
386.12427984 11.92181070
407.19423868 19.92839506
417.72921811 19.50699588
415.62222222 6.44362140
440.48477366 9.81481481
455.23374486 15.71440329
463.66172840 14.87160494
478.83209877 16.97860082
483.04609053 3.07242798
497.79506173 7.70781893
507.06584362 14.87160494
458.18353909 43.94814815
445.54156379 55.32592593
443.43456790 41.41975309
421.52181070 54.48312757
413.09382716 43.10534979
394.13086420 52.79753086
378.96049383 38.89135802
362.94732510 53.21893004
348.19835391 46.47654321
336.82057613 55.32592593
317.85761317 44.79094650
308.16543210 50.26913580
311.53662551 75.97448560
322.49300412 85.66666667
337.66337449 66.70370370
351.14814815 83.98106996
364.63292181 70.07489712
388.23127572 69.65349794
382.33168724 84.82386831
420.67901235 65.43950617
418.15061728 81.87407407
447.22716049 69.23209877
447.64855967 83.13827160
478.41069959 67.54650206
473.77530864 81.45267490
496.95226337 66.70370370
505.80164609 66.70370370
507.90864198 79.34567901
490.20987654 100.41563786
480.51769547 91.56625514
459.02633745 97.88724280
437.11358025 110.10781893
420.67901235 99.57283951
392.86666667 102.10123457
359.57613169 102.52263374
327.54979424 102.10123457
298.05185185 97.46584362
380.64609053 114.32181070
379.38189300 127.38518519
369.68971193 121.48559671
372.21810700 140.02716049
393.70946502 153.93333333
386.54567901 169.10370370
386.12427984 185.95967078
409.72263374 172.05349794
424.47160494 156.46172840
420.25761317 169.52510288
433.74238683 148.45514403
439.64197531 130.33497942
471.66831276 121.90699588
466.61152263 137.92016461
475.03950617 149.29794239
475.03950617 161.93991770
503.27325103 146.76954733
498.63786008 132.02057613
496.10946502 122.32839506
500.32345679 109.68641975
402.55884774 140.86995885
406.77283951 122.32839506
413.09382716 112.63621399
362.10452675 224.30699588
375.58930041 223.46419753
464.92592593 214.19341564
441.32757202 210.82222222
473.77530864 188.48806584
461.13333333 175.00329218
493.58106996 177.53168724
486.83868313 167.83950617
505.38024691 181.74567901
501.58765432 204.50123457
501.16625514 220.93580247
485.99588477 222.62139918
479.67489712 205.76543210
337.66337449 221.77860082
325.02139918 233.99917695
341.87736626 234.42057613
291.73086420 228.94238683
292.57366255 217.98600823
279.08888889 231.89218107
283.72427984 242.84855967
272.76790123 257.59753086
280.35308642 264.76131687
501.16625514 312.37942387
463.24032922 316.17201646
467.03292181 332.18518519
442.59176955 330.92098765
437.11358025 313.22222222
425.31440329 321.65020576
416.04362140 330.92098765
402.13744856 319.12181070
385.28148148 322.07160494
370.95390947 314.90781893
361.26172840 307.74403292
356.62633745 326.70699588
101.25843621 46.05514403
73.44609053 172.47489712
252.11934156 325.44279835
381.91028807 301.00164609
15.71440329 432.47818930
21.61399177 410.98683128
7.70781893 394.55226337
44.79094650 391.18106996
74.28888889 402.13744856
65.01810700 415.20082305
48.58353909 441.74897119
79.76707819 438.37777778
104.62962963 413.93662551
112.63621399 392.44526749
104.20823045 377.27489712
152.24773663 397.08065844
143.81975309 416.04362140
178.37448560 421.52181070
187.22386831 399.18765432
187.64526749 375.58930041
208.29382716 384.86008230
219.25020576 371.37530864
233.57777778 394.97366255
210.40082305 433.74238683
255.91193416 405.93004115
250.85514403 441.32757202
289.20246914 397.92345679
303.95144033 389.49547325
328.39259259 397.92345679
361.26172840 403.40164609
267.28971193 391.18106996
236.94897119 360.84032922
234.42057613 338.08477366
245.79835391 335.55637860
482.62469136 354.51934156
496.10946502 336.39917695
459.44773663 380.22469136
406.77283951 378.53909465
393.28806584 304.79423868
893.06748971 143.81975309
902.75967078 132.86337449
939.00000000 140.02716049
934.78600823 128.22798354
970.60493827 133.70617284
997.99588477 125.27818930
989.14650206 116.42880658
963.86255144 116.42880658
966.81234568 101.67983539
994.62469136 96.20164609
1007.68806584 81.45267490
1022.01563786 115.16460905
995.04609053 78.92427984
973.55473251 84.40246914
966.39094650 69.65349794
966.81234568 57.01152263
996.31028807 59.11851852
1004.73827160 44.79094650
976.92592593 45.63374486
970.18353909 14.45020576
989.56790123 17.40000000
1003.47407407 19.08559671
896.43868313 109.26502058
928.04362140 109.68641975
939.00000000 94.51604938
939.42139918 77.23868313
930.15061728 65.86090535
939.42139918 49.84773663
937.73580247 5.60082305
952.06337449 14.87160494
962.59835391 20.34979424
869.89053498 126.12098765
844.60658436 128.64938272
827.75061728 115.16460905
810.47325103 104.20823045
796.14567901 109.26502058
762.01234568 116.85020576
751.47736626 136.23456790
747.26337449 120.64279835
731.25020576 103.78683128
721.13662551 97.88724280
709.33744856 115.58600823
719.45102881 123.17119342
692.90288066 125.69958848
687.42469136 92.83045267
703.01646091 79.76707819
724.50781893 73.44609053
694.58847737 69.65349794
687.42469136 54.48312757
638.12098765 132.44197531
625.90041152 142.13415638
617.89382716 127.80658436
585.02469136 126.96378601
555.52674897 128.64938272
525.18600823 124.43539095
541.62057613 116.00740741
531.92839506 110.95061728
520.97201646 101.67983539
525.18600823 87.35226337
542.46337449 102.52263374
533.61399177 97.46584362
562.69053498 102.10123457
574.91111111 103.78683128
668.88312757 126.54238683
656.66255144 121.90699588
654.55555556 103.78683128
630.53580247 96.62304527
611.15144033 87.35226337
613.67983539 108.42222222
600.19506173 101.25843621
582.91769547 81.87407407
563.11193416 65.86090535
532.34979424 70.49629630
562.26913580 51.11193416
571.53991770 39.31275720
583.76049383 49.00493827
602.30205761 51.53333333
605.67325103 38.46995885
617.05102881 67.54650206
634.32839506 52.37613169
645.70617284 67.54650206
628.85020576 40.99835391
666.35473251 54.06172840
672.67572016 66.28230453
666.35473251 80.60987654
534.03539095 10.65761317
568.16872428 15.29300412
586.71028807 14.02880658
595.98106996 9.81481481
609.46584362 17.40000000
619.15802469 18.24279835
630.95720165 14.02880658
645.70617284 19.50699588
655.81975309 16.13580247
675.20411523 12.76460905
686.16049383 16.13580247
693.32427984 20.77119342
700.48806584 18.66419753
709.33744856 20.77119342
702.17366255 30.88477366
770.44032922 15.71440329
774.23292181 43.52674897
752.74156379 65.01810700
768.33333333 81.87407407
765.80493827 92.83045267
788.56049383 94.93744856
806.25925926 78.50288066
802.88806584 21.19259259
793.61728395 8.97201646
813.84444444 7.28641975
818.47983539 14.02880658
833.22880658 15.71440329
845.02798354 12.76460905
858.51275720 7.28641975
874.94732510 13.60740741
867.36213992 56.59012346
847.13497942 54.06172840
856.40576132 70.91769547
834.07160494 80.60987654
834.49300412 59.53991770
833.22880658 96.20164609
853.03456790 94.93744856
863.14814815 97.46584362
855.56296296 112.21481481
881.26831276 84.82386831
869.89053498 75.13168724
907.81646091 83.55967078
894.33168724 91.14485597
896.43868313 69.65349794
908.23786008 69.65349794
889.27489712 59.96131687
885.06090535 41.41975309
914.98024691 52.79753086
913.71604938 11.92181070
894.75308642 11.07901235
885.90370370 11.07901235
929.30781893 8.97201646
923.82962963 16.13580247
1014.85185185 22.45679012
1023.27983539 18.24279835
651.18436214 136.65596708
675.20411523 110.95061728
544.57037037 3.07242798
551.73415638 5.60082305
515.49382716 85.66666667
533.61399177 91.14485597
634.32839506 438.79917695
671.83292181 438.37777778
679.41810700 418.99341564
712.70864198 391.60246914
847.55637860 440.90617284
809.63045267 445.96296296
762.43374486 443.43456790
728.72181070 443.01316872
654.13415638 501.16625514
676.04691358 581.65349794
509.80493827 321.86090535
196.07325103 163.20411523
488.10288066 329.65679012
801.41316872 140.44855967
746.20987654 160.25432099
593.03127572 243.69135802
438.16707819 463.66172840
587.01065601 69.55477855
237.15251415 344.73559774
