17.87628605 29.15238657
55.58652387 24.71588801
67.41718671 10.66697588
89.22997133 25.82501265
97.73326025 35.06771800
125.09166807 35.06771800
113.63071344 35.06771800
191.63914657 7.70931017
213.08222297 5.86076910
156.51686625 4.01222803
173.89315230 5.49106089
170.19607016 33.58888514
157.99569911 18.06114016
125.46137629 17.32172373
85.90259740 43.20129870
63.72010457 38.39509192
30.81607354 48.00750548
17.13686962 48.74692191
12.70037106 59.46846011
1.97883286 43.94071513
44.12556924 43.57100692
56.32594029 53.92283690
18.98541069 12.14580874
35.99198853 18.06114016
150.97124304 49.11663012
153.55920054 38.39509192
187.57235622 55.77137797
212.71251476 67.97174903
201.99097656 83.49949401
210.86397369 95.33015686
217.51872154 87.19657615
191.26943835 89.78453365
191.26943835 106.05169506
179.80848372 84.23891044
162.06248946 67.97174903
132.48583235 74.62649688
138.77087199 79.43270366
159.47453196 84.60861865
153.18949233 83.12978580
60.39273065 93.48161579
58.91389779 75.36591331
14.17920391 82.02066116
19.35511891 97.54840614
37.47082139 97.54840614
30.44636532 127.49477146
22.31278462 114.92469219
9.00328892 143.39222466
36.36169674 155.22288750
21.57336819 149.30755608
8.63358071 160.76851071
9.00328892 190.34516782
10.85182999 210.67911958
17.87628605 185.16925283
28.59782425 191.45429246
34.51315568 178.51450498
40.79819531 192.93312532
55.21681565 206.24262102
35.99198853 224.72803171
33.03432282 218.44299207
24.53103390 217.70357565
68.15660314 163.35646821
57.43506494 162.98675999
64.82922921 144.87105751
54.10769101 131.19185360
49.67119244 109.74877720
66.67777028 107.16081970
61.13214707 116.77323326
72.96280992 188.12691854
91.44822061 199.21816495
96.25442739 214.00649351
75.18105920 218.07328386
129.89787485 179.99333783
113.63071344 167.05355035
126.57050093 157.07142857
110.30333952 130.08272896
86.27230562 133.04039467
82.57522348 117.51264969
98.10296846 113.07615112
89.96938776 102.72432113
88.86026311 88.67540901
114.00042166 75.36591331
96.25442739 59.46846011
157.25628268 102.72432113
200.14243549 119.73089897
224.17346939 122.31885647
204.57893405 138.21630966
199.40301906 150.41668072
199.40301906 167.42325856
187.94206443 161.87763535
219.36726261 158.55026143
205.31835048 184.42983640
215.67018047 206.24262102
189.79060550 203.65466352
177.59023444 197.36962388
155.40774161 188.12691854
147.27416090 164.46559285
166.49898802 160.39880250
126.20079271 117.51264969
138.40116377 133.77981110
165.38986338 174.81742284
143.94678698 199.21816495
177.95994265 222.14007421
135.07378985 208.83057851
14.83496374 231.71605667
13.73393490 249.33251813
5.65972339 268.05000843
28.41431945 260.34280654
25.47824254 295.57572947
38.32357902 302.54891213
24.74422331 326.03752741
45.29676168 318.33032552
45.29676168 337.04781582
29.88235790 360.90344072
6.76075223 349.15913307
12.26589644 368.61064260
8.22879069 393.20028673
25.47824254 419.25796930
43.46171361 393.20028673
37.22255018 432.10330579
63.64724237 355.03128689
82.36473267 321.63341204
75.75855962 280.16132569
51.90293473 281.99637376
68.05135773 377.05186372
83.46576151 371.54671951
106.95437679 355.03128689
87.86987688 345.48903694
101.44923259 306.58601788
108.05540563 404.57758475
70.25341542 408.98170012
70.25341542 430.26825772
51.90293473 378.88691179
127.13990555 330.44164277
125.67186709 294.47470062
104.01829988 268.41701805
98.14614606 237.95522010
119.43270366 233.18409513
141.82029010 260.34280654
140.35225164 246.76345083
128.97495362 240.15727779
170.44703997 230.24801822
197.97276101 229.14698937
217.05726092 227.31194131
219.62632822 246.76345083
196.13771294 266.58196998
153.19758813 275.39020071
173.38311688 296.30974869
134.84710744 307.32003711
155.39964581 315.76125822
114.29456907 315.76125822
189.89854950 311.35714286
217.05726092 310.99013324
222.56240513 345.85604655
188.43051105 349.89315230
173.01610727 335.94678698
203.11089560 384.02504638
151.72954967 358.70138303
123.10279980 393.56729634
125.67186709 381.45597909
170.81404959 394.30131557
176.31919379 411.55076741
154.29861697 393.56729634
202.74388598 413.75282510
224.03044358 414.11983471
72.45547310 236.85419126
60.94864227 441.85064935
38.49628942 448.75906561
23.29777365 496.08171698
4.29962894 489.17330073
72.69294991 483.64656772
82.36473267 452.90411537
100.67203576 446.34111992
125.88775510 443.92317423
156.97562827 461.19421488
168.37451510 448.75906561
202.22575476 461.53963569
139.01374599 470.52057683
97.90866925 481.57404284
120.70644291 476.73815146
98.94493169 515.42528251
52.65854276 518.87949064
34.35123967 556.53035925
67.16621690 546.85857649
113.10718502 553.07615112
162.15694046 539.95016023
164.57488615 515.42528251
176.31919379 494.00919211
144.54047900 503.33555406
139.01374599 524.75164446
208.44332940 509.20770788
208.09790858 569.31092933
164.92030697 606.27095632
171.13788160 630.45041322
208.78875021 613.87021420
123.12438860 599.01711924
100.67203576 580.36439534
53.00396357 576.56476640
8.79009951 608.34348119
47.47723056 605.23469388
74.42005397 624.23283859
27.44282341 632.86835891
2.91794569 549.27652218
8.81168831 438.52597403
5.48701299 573.17532468
91.92857143 646.31818182
21.41145218 697.14496542
100.57758475 715.89483893
94.32762692 678.91592174
68.80696576 683.08256030
147.45226851 700.79077416
144.84811941 724.74894586
169.32712093 725.79060550
126.61907573 759.64454377
109.43169168 772.14445944
76.09858323 750.79043684
29.74472930 736.20720189
32.34887839 761.20703323
80.78605161 799.74843987
99.53592511 814.33167482
145.36894923 841.93565525
134.95235284 897.66444594
69.32779558 861.20635858
62.55700793 905.99772306
34.95302749 931.51838421
83.39020071 945.05995952
18.28647327 930.99755439
131.82737392 980.47638725
182.34786642 896.10195649
206.30603812 879.95623208
230.26420982 854.43557092
193.28529263 827.35242031
189.11865407 753.91541575
218.28512397 744.01964918
218.80595379 722.14479676
208.91018722 704.43658290
184.43118570 677.35343228
257.34736043 681.52007084
288.07631978 714.85317929
292.24295834 787.76935402
242.24329567 792.45682240
262.55565863 826.31076067
304.22204419 853.91474110
249.01408332 901.83108450
264.63897791 928.91423512
328.70104571 689.85334795
7.14935065 835.82467532
3.82467532 902.31818182
50.37012987 1008.70779221
126.83766234 1012.03246753
268.13636364 990.42207792
308.03246753 1008.70779221
339.61688312 1002.05844156
364.55194805 1000.39610390
357.90259740 917.27922078
331.30519481 812.55194805
342.94155844 639.66883117
316.34415584 608.08441558
268.13636364 626.37012987
229.90259740 618.05844156
241.53896104 564.86363636
219.92857143 553.22727273
229.90259740 486.73376623
310.16436161 38.57994603
290.15154326 5.78116040
305.71706865 21.34668578
263.46778546 3.55751391
270.13872491 49.69817844
251.79364142 47.47453196
242.89905549 29.12944847
237.33993928 61.92823410
237.33993928 72.49055490
231.22491145 87.50016866
262.54486423 80.48650700
296.78470231 81.60912464
292.85554056 35.02049249
325.41145218 42.87881599
273.77104065 314.55228538
263.10617305 331.39155001
264.79009951 342.61772643
266.47402597 290.41600607
247.95083488 289.29338843
227.74371732 308.37788835
247.95083488 253.93093270
231.67287907 246.07260921
240.65382021 184.32863889
239.53120256 223.62025637
262.54486423 228.11072694
270.96449654 243.26606510
283.87459943 257.29878563
281.06805532 280.87375611
299.02993759 321.84930005
301.83648170 341.49510879
323.72752572 318.48144712
319.23705515 294.34516782
337.76024625 293.22255018
345.61856974 325.21715298
366.94830494 329.70762355
383.22626075 308.37788835
417.46609884 322.41060887
428.13096644 304.44872660
425.32442233 280.87375611
462.37080452 321.84930005
471.91305448 330.26893237
480.33268679 313.99097656
469.66781919 306.13265306
456.19640749 295.46778546
533.65702479 338.12725586
517.37906898 340.93379997
559.47723056 335.32071176
538.14749536 317.35882948
556.10937764 301.08087367
524.11477484 302.76480013
505.03027492 281.43506494
477.52614269 278.62852083
497.17195143 262.91187384
451.14462810 261.22794738
473.59698094 253.93093270
473.59698094 236.53035925
520.74692191 255.05355035
537.02487772 255.05355035
561.72246585 269.08627087
533.09571597 235.96905043
504.46896610 244.94999157
566.21293641 220.25240344
548.25105414 218.56847698
560.03853938 196.11612414
542.63796593 189.38041828
537.02487772 172.54115365
515.13383370 192.18696239
499.41718671 206.78099174
488.19101029 178.15424186
460.68687806 198.92266824
458.44164277 220.25240344
441.60237814 216.88455051
441.60237814 196.11612414
425.88573115 215.76193287
418.02740766 203.97444763
385.47149604 235.40774161
384.34887839 265.15710912
379.85840783 286.48684432
403.43337831 259.54402091
403.99468713 228.11072694
364.14176084 264.03449148
343.93464328 273.57674144
318.67574633 260.10532974
352.91558442 242.14344746
331.02454039 228.67203576
301.83648170 244.38868275
304.64302581 229.79465340
281.06805532 188.81910946
260.29962894 187.13518300
242.89905549 172.54115365
233.91811435 148.40487435
250.75737898 120.90074212
235.04073200 107.99063923
282.75198178 114.16503626
261.98355541 111.91980098
285.55852589 134.37215382
263.10617305 152.33403609
283.87459943 168.61199190
315.86920223 104.62278630
304.64302581 95.08053635
290.04899646 57.47284534
332.14715804 73.18949233
350.67034913 35.02049249
380.98102547 10.32290437
400.06552538 8.07766908
374.80662844 35.02049249
365.26437848 72.62818350
356.84474616 60.84069826
341.12809917 61.40200708
376.49055490 51.29844830
388.27804014 64.76986001
375.92924608 89.46744814
406.23992242 76.55734525
400.06552538 104.62278630
388.27804014 128.75906561
374.80662844 132.12691854
383.22626075 150.08880081
368.07092258 149.52749199
348.42511385 113.60372744
360.77390791 99.00969809
335.51501096 157.94712430
321.48229044 167.48937426
310.25611402 162.43759487
313.62396694 143.91440378
302.39779052 139.98524203
304.08171698 118.65550683
327.65668747 136.05608028
316.99181987 178.15424186
303.52040816 180.96078597
318.11443751 197.80005060
306.32695227 214.63931523
339.44417271 192.74827121
343.93464328 180.39947715
385.47149604 181.52209479
374.24531962 176.47031540
374.24531962 156.82450666
351.79296677 205.65837409
357.96736381 229.79465340
338.32155507 215.76193287
368.63223140 245.51130039
391.08458425 207.90360938
404.55599595 130.44299207
379.29709900 110.79718334
434.86667229 17.61991904
419.71133412 42.87881599
485.94577500 15.37468376
467.42258391 15.93599258
471.35174566 35.58180132
465.17734863 50.17583066
448.89939281 24.35562489
446.09284871 46.80797774
400.62683420 50.73713948
499.97849553 24.35562489
516.25645134 23.23300725
484.26184854 49.05321302
487.62970147 33.33656603
497.17195143 84.41566875
462.93211334 101.81624220
451.14462810 122.02335976
433.74405465 129.88168325
418.02740766 113.04241862
427.00834879 90.59006578
412.41431945 169.17330073
476.40352505 133.81084500
475.84221623 116.41027155
485.38446618 102.93885984
498.29456907 122.58466858
501.66242199 141.66916849
443.28630460 248.31784449
423.07918705 234.28512397
432.06012818 255.05355035
526.36001012 189.38041828
530.28917187 153.45665374
566.77424524 133.81084500
553.30283353 138.30131557
540.39273065 117.53288919
546.00581886 95.08053635
533.09571597 92.27399224
531.97309833 72.62818350
550.49628942 55.78891887
558.91592174 55.78891887
533.09571597 49.05321302
467.98389273 210.71015348
471.91305448 159.63105077
565.65162759 109.11325687
431.04545455 965.48701299
427.72077922 918.94155844
386.16233766 869.07142857
529.95454545 1005.87426210
591.61216057 1013.58146399
640.42443920 951.92384888
703.36658796 1013.58146399
730.34179457 951.92384888
781.72314050 930.08677686
470.46660482 928.08441558
451.46846011 905.28664193
447.66883117 856.84137291
460.96753247 841.64285714
382.12523191 825.49443414
372.62615955 781.79870130
379.27551020 735.25324675
396.37384045 755.20129870
357.42764378 675.40909091
378.32560297 679.20871985
384.02504638 702.00649351
386.87476809 643.11224490
366.92671614 595.61688312
289.03432282 521.52411874
265.28664193 508.22541744
315.63172542 506.32560297
311.83209647 484.47773655
315.63172542 459.78014842
283.33487941 444.58163265
270.98608534 455.98051948
364.07699443 469.27922078
392.57421150 444.58163265
390.67439703 484.47773655
390.67439703 523.42393321
382.12523191 561.42022263
354.57792208 570.91929499
343.17903525 548.12152134
305.18274583 570.91929499
281.43506494 605.11595547
408.72263451 543.37198516
439.11966605 482.57792208
451.46846011 468.32931354
471.41651206 453.13079777
491.36456401 481.62801484
506.56307978 498.72634508
493.26437848 505.37569573
454.31818182 523.42393321
476.16604824 555.72077922
468.56679035 576.61873840
425.82096475 581.36827458
447.66883117 608.91558442
488.51484230 602.26623377
485.66512059 578.51855288
519.86178108 535.77272727
627.20129870 445.53153989
615.80241187 506.32560297
595.85435993 486.37755102
577.80612245 529.12337662
541.70964750 552.87105751
560.70779221 551.92115028
503.71335807 464.52968460
513.21243043 589.91743970
533.16048237 615.56493506
551.20871985 601.31632653
596.80426716 589.91743970
489.46474954 643.11224490
447.66883117 656.41094620
441.96938776 685.85807050
430.57050093 721.95454545
427.72077922 741.90259740
462.86734694 777.04916512
428.67068646 801.74675325
536.96011132 941.38311688
509.41280148 907.18645640
516.06215213 881.53896104
535.06029685 815.04545455
549.30890538 761.85064935
509.41280148 763.75046382
485.66512059 735.25324675
548.35899814 723.85435993
526.51113173 721.95454545
491.36456401 687.75788497
498.96382189 667.80983302
537.91001855 695.35714286
555.00834879 700.10667904
562.60760668 671.60946197
518.91187384 651.66141002
626.25139147 561.42022263
636.70037106 588.01762523
643.34972171 537.67254174
666.14749536 522.47402597
660.44805195 473.07884972
671.84693878 455.98051948
687.04545455 469.27922078
737.39053803 451.23098330
741.19016698 479.72820037
756.38868275 494.92671614
782.03617811 468.32931354
795.33487941 457.88033395
814.33302412 455.03061224
813.38311688 534.82282004
822.88218924 522.47402597
769.68738404 545.27179963
733.59090909 544.32189239
728.84137291 512.97495362
711.74304267 589.91743970
734.54081633 594.66697588
720.29220779 602.26623377
655.69851577 618.41465677
715.54267161 626.01391466
742.14007421 645.01205937
795.33487941 588.01762523
801.03432282 664.96011132
826.68181818 617.46474954
831.43135436 662.11038961
818.13265306 735.25324675
799.13450835 755.20129870
749.73933210 737.15306122
725.04174397 675.40909091
679.44619666 675.40909091
660.44805195 664.96011132
626.25139147 645.01205937
608.20315399 678.25881262
586.35528757 672.55936920
613.90259740 591.81725417
689.89517625 705.80612245
718.39239332 737.15306122
668.04730983 757.10111317
609.15306122 737.15306122
582.55565863 702.00649351
734.54081633 777.04916512
765.88775510 806.49628942
831.43135436 795.09740260
805.78385900 850.19202226
714.59276438 843.54267161
681.34601113 792.24768089
610.10296846 801.74675325
586.35528757 839.74304267
601.55380334 852.09183673
633.85064935 856.84137291
665.19758813 838.79313544
800.08441558 914.78571429
781.08627087 916.68552876
422.97124304 1003.12708720
968.05877888 930.47402597
933.17937258 962.81674819
920.49595210 929.83985495
857.07884972 916.52226345
864.68890201 870.22777871
919.86178108 866.42275257
917.95926800 795.39559791
950.30199022 796.02976893
920.49595210 770.02875696
942.69193793 745.93025805
969.32712093 763.68704672
1014.98743464 785.88303255
1018.79246079 743.39357396
1008.64572441 669.82973520
984.54722550 704.07497048
940.78942486 681.24481363
957.91204250 623.53525046
902.10499241 620.99856637
893.22659808 644.46289425
878.00649351 670.46390622
840.59040310 641.29203913
857.07884972 789.68805869
820.44535335 429.07142857
800.32728959 435.39424861
788.25645134 422.74860853
865.85469725 415.27618485
897.46879744 419.29979760
917.58686119 418.15019396
962.99620509 432.52023950
987.13788160 414.12658121
1014.72836903 414.70138303
992.31109799 436.54385225
998.63391803 457.23671783
1020.47638725 441.14226682
1018.17717996 464.70914151
1018.17717996 518.74051273
985.98827796 517.01610727
981.96466520 531.96095463
977.94105245 457.23671783
936.55532130 490.57522348
941.15373587 533.68536009
945.17734863 551.50421656
995.18510710 585.99232586
950.92536684 656.11814809
877.92553550 568.17346939
891.72077922 547.48060381
907.81523022 590.01593861
890.57117558 511.84289088
902.06721201 465.85874515
875.62632822 454.93751054
849.76024625 459.53592511
845.73663350 442.29187047
845.16183167 411.25257210
854.93346264 615.30721876
967.01981784 567.59866757
240.02774498 364.08913813
262.32357902 382.45041322
282.65213358 389.66377129
289.20973183 372.61401585
316.09588463 370.64673638
269.53693709 414.58264463
262.32357902 429.66512059
239.37198516 453.27247428
243.30654411 509.01205937
324.62076235 434.25543937
339.70323832 429.66512059
318.71892393 400.81168831
353.47419464 377.20433463
360.68755271 398.84440884
374.45850902 356.87578006
350.19539551 347.69514252
409.21377973 342.44906392
407.90226008 360.15457919
413.80409850 379.82737392
423.64049587 396.22136954
410.52529938 425.07480182
459.70728622 437.53423849
462.98608534 360.15457919
439.37873166 364.08913813
574.46525552 300.48043515
591.51501096 236.87173216
556.75974026 236.87173216
577.74405465 230.96989374
581.02285377 331.30114691
567.90765728 349.66242199
553.48094114 368.67945691
590.85925114 360.15457919
584.95741272 391.63105077
588.23621184 411.95960533
563.31733851 405.40200708
544.95606342 413.27112498
510.20079271 419.17296340
475.44552201 393.59833024
512.16807219 393.59833024
538.39846517 403.43472761
472.82248271 422.45176252
438.06721201 392.28681059
582.99013324 255.88876708
421.01745657 541.14429077
518.06991061 488.02774498
510.20079271 434.25543937
582.92266824 5.70425030
605.38311688 22.68654073
601.54840614 42.40791027
604.83530106 63.22491145
564.84474616 72.53778040
617.43506494 31.45159386
644.82585596 3.51298701
681.52951594 6.25206612
724.25914994 2.41735537
736.31109799 15.56493506
761.51062574 15.56493506
789.44923259 5.70425030
775.75383707 17.20838253
789.99704841 27.06906730
804.24025974 15.01711924
859.02184179 6.25206612
800.40554900 40.21664699
780.68417946 41.86009445
761.51062574 40.76446281
750.55430933 28.71251476
708.37249115 22.68654073
713.30283353 38.02538371
668.92975207 17.20838253
644.27804014 12.27804014
656.32998819 27.06906730
677.14698937 30.90377804
695.77272727 45.69480519
690.84238489 56.10330579
603.19185360 86.78099174
610.31345927 94.99822904
632.22609209 78.56375443
645.37367178 54.45985832
632.77390791 93.90259740
644.27804014 107.05017710
626.20011806 116.91086187
616.88724911 132.24970484
603.19185360 129.51062574
596.61806375 142.65820543
590.04427391 127.31936246
581.82703660 140.46694215
574.70543093 153.06670602
556.07969303 153.61452184
587.85301063 173.88370720
584.56611570 196.34415584
592.23553719 217.16115702
599.35714286 205.65702479
601.00059032 186.48347107
603.19185360 160.73612751
616.88724911 171.14462810
633.32172373 140.46694215
648.11275089 134.98878394
647.56493506 172.24025974
624.00885478 218.25678867
618.53069658 200.17886659
615.79161747 261.53423849
610.86127509 298.78571429
601.00059032 317.41145218
630.58264463 328.91558442
647.01711924 318.50708383
699.05962220 305.35950413
725.90259740 310.28984652
747.26741440 311.38547816
653.04309327 270.84710744
655.78217237 245.09976387
639.34769776 260.43860685
659.61688312 228.66528926
649.75619835 207.84828808
685.91204250 228.11747344
675.50354191 247.29102715
693.58146399 249.48229044
712.20720189 218.80460449
696.32054309 208.39610390
721.52007084 238.52597403
717.13754427 275.22963400
726.45041322 270.29929162
748.36304604 271.94273908
747.81523022 292.21192444
765.89315230 293.30755608
775.75383707 301.52479339
783.42325856 248.93447462
783.97107438 239.07378985
846.42207792 283.99468713
798.76210153 59.39020071
770.82349469 58.29456907
735.76328217 59.39020071
768.63223140 74.72904368
799.30991736 75.82467532
814.64876033 59.39020071
840.39610390 80.75501771
810.81404959 90.61570248
830.53541913 121.29338843
837.65702479 109.78925620
861.76092090 93.90259740
864.50000000 110.88488784
855.18713105 143.75383707
814.64876033 126.77154664
790.54486423 322.34179457
808.07497048 299.33353011
809.17060213 332.20247934
862.30873672 320.69834711
866.69126328 252.76918536
823.96162928 233.59563164
838.75265643 227.56965762
861.21310508 223.73494687
836.56139315 201.82231405
817.38783943 213.32644628
813.55312869 199.08323495
816.84002361 184.84002361
815.19657615 158.54486423
799.30991736 146.49291617
775.20602125 138.82349469
784.51889020 136.63223140
747.81523022 134.98878394
743.43270366 98.28512397
728.64167651 105.40672963
695.22491145 111.98051948
673.31227863 68.70306966
842.03955136 268.10802834
829.43978749 252.76918536
805.33589138 230.30873672
780.13636364 214.42207792
763.70188902 202.91794569
754.38902007 182.64876033
766.98878394 174.97933884
776.30165289 172.24025974
789.44923259 167.30991736
760.41499410 157.99704841
784.51889020 113.07615112
770.82349469 90.06788666
829.43978749 56.10330579
832.72668241 70.89433294
833.27449823 47.88606848
833.82231405 34.19067296
847.51770956 40.21664699
852.44805195 51.72077922
856.28276269 61.03364817
829.98760331 104.31109799
868.33471074 86.23317591
851.35242031 168.95336482
835.46576151 176.62278630
852.44805195 183.74439197
863.40436836 208.39610390
871.07378985 168.95336482
873.81286895 296.04663518
802.59681228 176.07497048
784.51889020 199.08323495
777.94510035 224.83057851
790.54486423 291.11629280
767.53659976 259.34297521
672.21664699 91.16351830
677.14698937 86.23317591
699.60743802 194.15289256
718.78099174 199.08323495
737.40672963 202.91794569
724.80696576 172.24025974
729.73730815 227.02184179
741.78925620 220.99586777
693.17127678 332.32931354
678.08880081 315.93531793
667.59664362 292.98372407
657.76024625 352.00210828
672.84272221 340.85419126
675.46576151 368.39610390
699.07311520 393.97073706
714.81135099 397.90529600
668.90816327 433.97208636
638.08745151 397.24953618
618.41465677 412.33201214
623.00497554 376.26522179
621.69345589 352.00210828
762.68181818 386.75737898
741.04174397 384.13433969
743.00902344 346.10026986
753.50118064 349.37906898
789.56797099 369.05186372
807.92924608 350.03482881
828.91356047 331.67355372
824.97900152 355.28090740
864.32459099 346.10026986
865.63611064 374.95370214
835.47115871 376.26522179
835.47115871 424.79144881
898.42410187 401.83985495
882.68586608 386.75737898
893.17802328 361.83850565
913.50657784 374.29794232
928.58905380 352.00210828
946.95032889 354.62514758
930.55633328 395.93801653
857.11123292 512.00750548
864.98035082 533.64757969
895.14530275 294.29524372
902.35866082 266.75333108
896.45682240 219.53862371
929.90057345 227.40774161
935.80241187 239.21141845
940.39273065 249.70357565
950.88488784 271.34364986
925.96601450 289.70492495
913.50657784 319.86987688
942.36001012 306.75468038
922.44973857 21.47351999
938.72769438 9.57809074
938.72769438 24.60389610
965.64892899 23.97782088
993.82231405 30.86464834
981.92688480 19.59529432
1014.48279642 19.59529432
975.04005735 64.67271041
956.25780064 42.13400236
937.47554394 64.67271041
920.57151290 79.69851577
893.65027829 85.33319278
893.65027829 67.80308652
885.51130039 37.12540057
869.85941980 37.12540057
904.29355709 23.97782088
899.91103053 3.94341373
956.88387586 94.09824591
970.65753078 94.09824591
986.93548659 90.96786979
999.45699106 85.33319278
1021.36962388 75.31598921
1018.86532299 104.74152471
1001.96129195 111.62835217
1015.10887165 122.27163097
998.20484061 130.41060887
978.17043346 112.25442739
958.13602631 110.37620172
964.39677855 122.27163097
938.10161916 119.14125485
927.45834036 99.10684770
919.94543768 109.12405127
902.41533142 112.25442739
891.77205262 118.51517963
905.54570754 131.03668410
920.57151290 133.54098499
951.87527408 147.31463991
971.90968123 144.81033901
1011.35242031 149.19286558
988.81371226 192.39205600
994.44838927 174.86194974
1006.96989374 224.94796762
1020.11747344 193.01813122
977.54435824 214.30468882
963.14462810 169.85334795
936.22339349 173.60979929
932.46694215 162.34044527
914.31076067 166.72297183
897.40672963 154.20146736
921.82366335 146.68856468
869.85941980 156.07969303
889.89382695 192.39205600
939.97984483 208.67001181
946.24059707 191.13990555
973.16183167 232.46087030
984.43118570 275.66006072
999.45699106 249.36490133
1018.23924777 277.53828639
969.40538033 311.97242368
980.67473436 322.61570248
962.51855288 287.55548996
996.95269017 310.72027323
1021.99569911 318.23317591
981.30080958 353.29338843
932.46694215 335.76328217
775.94813628 340.14580874
1017.60237814 394.93278799
959.66883117 844.13636364
