6.19944045 353.02997602
53.28177458 315.85971223
39.90047962 271.25539568
18.58952838 252.42246203
4.71262990 234.08513189
8.18185452 218.22581934
47.83013589 211.78297362
82.52238209 221.69504396
89.46083133 198.89728217
101.35531575 201.37529976
116.71902478 165.69184652
141.00359712 174.61270983
151.41127098 182.04676259
169.74860112 210.29616307
138.52557954 201.37529976
183.12989608 227.14668265
189.57274181 246.97082334
347.17466027 412.00679456
50.43205436 173.74540368
64.55675460 149.46083133
75.95563549 149.95643485
85.86770584 147.72621902
2.60631495 49.10111910
13.75739408 57.03077538
15.73980815 71.65107914
17.22661871 83.04996003
8.05795364 88.25379696
6.57114309 101.13948841
22.43045564 104.60871303
15.73980815 112.53836930
23.17386091 118.98121503
6.32334133 121.95483613
1.36730616 107.33453237
8.05795364 131.61910472
20.44804157 136.07953637
15.49200639 147.23061551
5.08433253 138.80535572
44.23701039 151.69104716
27.38649081 147.72621902
36.05955236 135.83173461
43.24580336 128.14988010
36.30735412 116.75099920
44.73261391 117.24660272
33.08593125 111.05155875
40.51998401 101.38729017
29.36890488 94.20103917
36.80295763 87.51039169
25.15627498 77.59832134
37.29856115 78.09392486
37.29856115 60.25219824
30.85571543 53.31374900
31.35131894 63.22581934
48.94524380 77.10271783
59.10511591 107.58233413
46.71502798 94.44884093
52.41446843 112.53836930
54.14908074 118.98121503
61.33533173 120.96362910
68.52158273 135.33613110
55.38808953 132.61031175
77.93804956 121.21143086
76.69904077 130.13229416
88.59352518 131.12350120
98.50559552 114.27298161
84.87649880 110.30815348
76.69904077 107.58233413
66.04356515 92.96203038
68.02597922 80.32414069
56.13149480 74.12909672
51.17545963 66.44724221
57.12270184 61.98681055
56.87490008 50.83573141
50.67985612 50.83573141
63.06994404 46.87090328
97.51438849 73.63349321
88.84132694 84.78457234
86.11550759 94.20103917
80.66386890 101.13948841
101.47921663 101.63509193
102.22262190 88.50159872
92.06274980 63.72142286
84.62869704 48.10991207
96.52318145 51.57913669
99.99240608 64.96043165
90.82374101 54.55275779
63.06994404 57.77418066
20.44804157 52.81814548
96.27537970 124.92845723
135.92366107 147.72621902
109.65667466 139.05315747
99.00119904 138.55755396
69.76059153 66.69504396
71.99080735 58.51758593
58.85731415 67.68625100
63.56554756 66.69504396
114.86051159 49.84452438
116.09952038 58.02198241
130.22422062 60.25219824
120.06434852 55.04836131
119.32094325 85.52797762
125.26818545 81.06754596
136.66706635 75.36810552
134.93245404 86.27138289
139.39288569 91.97082334
139.39288569 96.92685851
146.33133493 100.39608313
150.79176659 108.32573941
148.06594724 116.75099920
135.42805755 107.33453237
137.16266986 119.22901679
127.74620304 117.24660272
122.04676259 103.36970424
126.75499600 94.94444444
135.67585931 59.75659472
139.39288569 53.56155076
130.47202238 50.83573141
161.94284572 51.08353317
157.73021583 47.36650679
150.54396483 47.36650679
143.60551559 45.87969624
148.80935252 55.04836131
144.34892086 62.97801759
169.12909672 83.04996003
164.91646683 94.44884093
174.08513189 89.74060751
173.09392486 103.12190248
166.89888090 109.31694644
155.50000000 108.32573941
155.25219824 99.65267786
150.79176659 93.20983213
145.09232614 87.26258993
156.73900879 87.26258993
151.28737010 84.04116707
144.84452438 79.33293365
153.26978417 74.12909672
155.99560352 64.71262990
161.19944045 59.75659472
171.60711431 182.66626699
189.20103917 173.00199840
184.74060751 183.40967226
212.74220624 201.74700240
207.78617106 182.17066347
213.73341327 181.67505995
194.15707434 182.91406875
196.38729017 167.79816147
207.29056755 169.03717026
213.48561151 159.12509992
205.80375699 152.18665068
193.41366906 157.88609113
189.94444444 145.24820144
179.78457234 153.92126299
172.59832134 151.69104716
160.20823341 154.41686651
156.49120703 171.51518785
174.08513189 166.55915268
149.05715428 146.98281375
165.90767386 144.00919265
135.67585931 135.83173461
142.36650679 128.89328537
156.24340528 125.67186251
165.16426859 134.34492406
172.35051958 129.88449241
184.49280576 116.75099920
179.28896882 133.35371703
190.44004796 133.35371703
201.83892886 131.86690647
206.79496403 123.19384492
201.83892886 116.99880096
193.16586731 118.48561151
189.69664269 98.41366906
182.01478817 103.86530775
192.42246203 92.71422862
182.01478817 92.96203038
186.22741807 82.05875300
178.04996003 82.80215827
261.06354916 82.05875300
248.17785771 69.91646683
196.63509193 46.37529976
182.26258993 52.07474021
171.11151079 45.13629097
174.33293365 56.78297362
194.40487610 82.05875300
201.09552358 81.56314948
205.80375699 64.96043165
213.48561151 60.74780176
189.69664269 60.25219824
183.00599520 60.25219824
171.60711431 59.50879297
225.62789768 79.33293365
217.94604317 74.62470024
236.03557154 70.65987210
227.11470823 63.72142286
239.25699440 56.03956835
246.93884892 52.81814548
259.82454037 50.34012790
228.10591527 45.87969624
169.87250200 198.27777778
219.92845723 135.08832934
209.76858513 141.28337330
225.62789768 149.95643485
216.21143086 127.65427658
218.93725020 121.45923261
228.60151878 125.67186251
238.51358913 130.13229416
242.72621902 141.77897682
254.12509992 148.71742606
235.53996803 157.88609113
246.69104716 162.59432454
224.38888889 167.79816147
240.49600320 183.40967226
245.69984013 194.31294964
237.77018385 197.03876898
229.59272582 213.64148681
237.27458034 215.87170264
243.46962430 223.30575540
262.30255795 226.77498002
274.19704237 230.49200639
290.79976019 210.91566747
274.69264588 213.39368505
258.33772982 203.97721823
268.00199840 197.03876898
262.30255795 185.39208633
262.79816147 164.32893685
276.92286171 166.06354916
266.51518785 146.48721023
204.06914468 98.66147082
199.85651479 99.40487610
211.75099920 96.43125500
213.48561151 84.53677058
207.04276579 82.80215827
206.79496403 46.87090328
272.21462830 84.53677058
267.01079137 73.63349321
277.41846523 76.85491607
281.13549161 75.86370903
277.17066347 57.27857714
281.13549161 49.84452438
264.03717026 134.09712230
254.86850520 126.41526779
245.45203837 121.95483613
240.49600320 116.75099920
243.71742606 105.59992006
230.33613110 96.43125500
220.17625899 102.13069544
226.61910472 110.30815348
221.66306954 113.52957634
208.52957634 114.27298161
199.11310951 113.28177458
300.21622702 185.14428457
293.52557954 198.52557954
286.09152678 212.89808153
284.35691447 193.07394085
305.42006395 155.16027178
305.17226219 166.06354916
291.79096723 156.89488409
277.17066347 150.45203837
284.10911271 143.51358913
298.23381295 134.09712230
286.09152678 124.68065548
278.65747402 131.12350120
273.20583533 120.22022382
264.78057554 113.28177458
256.35531575 102.87410072
259.82454037 98.90927258
246.44324540 90.73181455
239.50479616 81.31534772
253.38169464 55.04836131
291.04756195 108.32573941
301.95083933 116.99880096
275.18824940 106.59112710
286.83493205 103.12190248
282.12669864 95.93565148
269.73661071 97.67026379
268.99320544 49.84452438
250.65587530 61.98681055
225.62789768 54.30495604
219.43285372 51.08353317
200.35211831 56.78297362
158.72142286 71.15547562
208.03397282 75.86370903
186.72302158 68.42965627
195.39608313 67.19064748
287.33053557 55.04836131
292.03876898 56.03956835
296.49920064 72.39448441
291.04756195 79.33293365
298.48161471 80.57194245
285.84372502 86.27138289
306.16346922 104.60871303
307.89808153 97.91806555
303.18984812 62.23461231
297.49040767 64.71262990
244.95643485 79.58073541
252.14268585 76.85491607
320.78377298 108.51159073
322.64228617 66.75699440
315.70383693 46.43725020
268.37370104 38.13589129
331.31534772 39.99440448
310.62390088 42.96802558
313.34972022 62.54436451
304.67665867 74.19104716
307.89808153 117.06075140
461.94171234 388.77519839
504.84419930 417.20455722
500.19212240 392.91037785
458.58187902 429.35164690
544.12840423 419.53059567
534.04890428 400.40539064
568.16413488 408.93419828
560.15222466 389.29209582
585.73864761 389.80899325
617.52783976 373.52672410
606.41454494 358.53669854
593.23366039 344.58046784
587.28933991 328.29819869
605.12230136 308.91454494
597.88573729 301.16108344
573.85000665 278.15914766
569.19792975 263.16912210
613.39266029 257.22480161
571.00707076 246.62840423
541.02701963 249.47134011
502.00126342 251.02203241
503.81040443 259.03394263
508.97937877 271.69792975
523.96940433 284.87881429
536.11649402 298.05969884
549.29737856 281.26053226
564.54585285 313.82507056
558.85998108 304.26246804
559.89377595 346.38960886
556.01704520 329.84889099
570.23172461 359.05359597
547.22978883 378.69569844
539.73477605 355.17686522
523.96940433 365.77326260
504.32730187 371.97603180
440.74891757 354.91841651
463.49240464 348.97409602
494.24780192 356.21066009
489.59572502 338.63614736
492.95555834 313.82507056
505.87799417 304.26246804
482.61760967 280.74363483
474.08880202 276.60845536
482.87605839 261.10153236
453.92980212 292.11537836
475.38104560 302.45332703
451.34531496 281.00208354
434.80459709 299.86883986
450.31152009 313.04972441
438.16443041 333.46717302
415.93784077 355.43531394
418.00543051 330.88268586
392.67745628 339.41149351
391.38521269 323.64612179
412.06111002 304.52091676
392.41900756 299.86883986
372.77690509 312.01592954
346.41513600 296.76745526
325.48078995 282.81122456
312.04145668 271.18103231
302.47885417 248.43754525
314.62594385 247.40375038
334.52649503 263.68601953
353.13480263 259.03394263
346.67358471 249.98823755
368.90017434 251.02203241
377.17053328 264.71981440
361.40516156 272.99017333
391.64366141 280.74363483
393.96969986 256.44945546
388.28382809 271.18103231
405.85834083 262.91067338
420.07302024 244.04391706
428.60182789 261.10153236
395.77884088 247.66219910
445.14254576 251.79737856
431.96166121 277.12535280
412.57800746 285.39571173
422.91595612 298.31814756
481.58381480 242.23477605
466.85223795 257.48325033
508.97937877 285.39571173
613.90955773 276.35000665
610.80817313 420.82283925
582.37881429 428.57630075
273.92027098 243.55635188
288.39339911 253.89430055
294.59616831 238.38737755
312.17068104 220.29596738
316.30586051 194.45109572
306.48480927 208.92422385
325.61001431 203.23835208
256.86265568 67.81122456
243.42332241 65.74363483
262.54852745 57.47327590
208.79119438 55.40568616
166.92250229 62.12535280
174.67596379 64.19294253
131.77347682 69.87881429
123.50311789 71.42950659
80.60063093 67.81122456
242.90642498 60.57466050
335.94796297 64.19294253
332.32968094 62.12535280
321.47483484 57.47327590
344.21832191 62.64225023
334.39727067 55.92258360
345.76901421 84.35194243
333.88037324 84.35194243
328.19450147 84.35194243
323.54242457 80.21676296
317.33965537 76.59848093
312.17068104 78.66607066
313.72137334 69.36191686
327.67760404 74.01399376
335.94796297 75.04778863
345.25211677 71.42950659
319.40724511 100.89266029
297.18065548 93.65609623
305.45101441 84.86883986
317.33965537 92.10540393
312.17068104 87.97022446
315.27206564 124.15304479
318.89034767 122.08545506
317.33965537 114.84889099
265.13301461 69.87881429
256.86265568 96.75748083
60.44163103 78.66607066
317.85655281 177.39348042
324.05932201 167.05553175
314.23827077 156.71758309
318.89034767 148.96412159
307.51860414 138.10927549
334.39727067 112.78130126
328.71139891 120.01786532
341.11693731 96.75748083
349.90419367 89.52091676
362.30973207 75.04778863
367.99560384 76.59848093
361.27593720 68.32812199
349.38729624 66.77742969
357.14075774 57.47327590
348.87039880 55.40568616
371.09698844 65.74363483
376.78286020 62.12535280
377.81665507 56.95637846
366.44491154 58.50707076
378.33355250 71.42950659
384.53632170 66.26053226
392.28978320 62.12535280
389.18839860 59.54086563
401.07703957 67.81122456
396.42496267 72.98019889
388.67150117 73.49709633
393.32357807 79.18296809
387.63770630 89.52091676
380.40114224 82.28435269
372.64768074 84.35194243
382.46873197 97.27437826
375.23216790 94.68989109
366.44491154 98.82507056
358.69145004 99.34196799
361.27593720 90.03781419
352.48868084 116.39958329
357.65765517 116.39958329
345.25211677 120.01786532
341.63383474 138.10927549
335.43106554 135.52478832
335.43106554 127.25442939
324.57621944 130.87271142
318.89034767 138.10927549
331.29588607 148.96412159
342.66762961 151.54860875
327.16070661 156.20068565
353.52247570 154.64999335
357.65765517 142.24445496
370.06319357 151.03171132
351.45488597 134.49099346
361.79283464 131.90650629
374.19837304 130.87271142
368.51250127 138.10927549
380.40114224 138.10927549
379.88424480 156.71758309
376.26596277 161.88655742
385.05321914 163.43724972
375.74906534 183.59624962
370.06319357 173.25830095
363.86042437 166.53863432
362.82662950 159.30207025
360.24214234 153.61619849
349.38729624 170.15691635
341.11693731 163.43724972
348.87039880 199.62007005
338.01555271 187.21453165
350.93798854 181.52865989
330.26209121 178.42727529
359.72524490 175.32589069
367.47870640 196.00178802
365.92801410 209.44112128
357.65765517 185.66383935
356.62386030 213.05940332
363.34352694 222.36355712
373.16457817 239.93806985
392.28978320 227.53253145
392.80668063 216.67768535
390.73909090 205.30594182
378.85044994 205.30594182
386.60391144 187.73142909
401.59393700 172.74140352
401.07703957 184.11314705
415.55016770 205.82283925
417.10086000 210.99181358
409.34739850 194.45109572
413.48257797 162.40345485
397.97565497 166.02173689
399.00944983 156.71758309
396.94186010 146.37963442
381.43493710 149.99791646
391.25598833 144.31204469
326.64380917 231.15081348
336.98175784 220.81286482
345.25211677 239.93806985
297.18065548 220.29596738
376.26596277 106.06163463
332.84657837 98.82507056
330.26209121 68.32812199
405.72911647 56.95637846
396.42496267 53.33809643
401.07703957 85.90263473
541.02701963 243.68557624
539.47632733 232.31383271
503.81040443 232.05538399
505.36109673 244.97781982
451.34531496 231.53848656
431.18631506 226.62796094
458.06498159 214.99776869
447.72703292 205.69361489
440.49046886 194.58032008
430.15252019 193.80497393
415.93784077 181.65788424
429.89407147 166.15096125
415.67939206 173.38752531
442.04116116 180.62408938
434.28769966 177.52270478
446.43478934 168.73544841
452.89600725 182.43323039
458.58187902 187.08530729
453.92980212 195.61411494
468.91982769 189.66979446
471.50431485 180.62408938
488.04503272 189.15289703
499.67522497 197.42325596
493.21400705 193.02962778
478.74087892 204.14292259
494.24780192 213.44707639
485.20209684 220.16674302
473.57190459 232.05538399
537.15028888 195.61411494
534.56580172 214.99776869
543.35305808 216.80690971
545.42064781 207.76120463
560.15222466 212.93017896
581.34501943 209.57034564
569.97327590 229.21244811
560.41067338 239.55039677
585.22175018 225.07726864
599.17798088 212.41328153
594.00900654 204.65982003
606.93144238 196.13101238
615.46025003 203.10912773
580.05277584 199.23239698
587.03089119 188.89444831
580.56967328 185.01771756
586.25554504 175.71356376
572.81621178 175.19666633
552.91566060 170.80303815
541.80236578 184.24237141
529.39682738 185.01771756
522.16026332 195.09721751
506.91178903 189.41134574
495.79849422 180.62408938
506.39489160 164.85871766
492.43866090 167.18475611
489.59572502 176.48890991
484.68519940 159.43129461
498.12453267 157.10525616
478.74087892 154.77921771
462.71705849 162.01578178
466.33534052 168.73544841
446.95168677 159.68974333
429.11872532 147.80110236
417.23008436 151.67783311
408.44282799 141.85678188
402.49850751 135.91246140
395.52039216 130.22658963
383.63175119 132.81107680
387.25003323 118.85484610
389.83452039 113.42742305
407.40903313 109.29224358
419.03922537 132.81107680
430.92786634 139.01384600
440.74891757 132.81107680
437.13063554 126.86675632
446.69323806 126.09141017
455.99739185 129.96814091
462.45860977 135.13711525
469.43672512 137.20470498
457.80653287 143.40747418
462.20016105 152.45317926
481.84226352 141.85678188
490.11262245 129.96814091
498.12453267 146.50885878
530.43062225 139.78919215
514.66525053 151.67783311
520.09267358 160.72353820
490.11262245 142.63212803
548.00513498 151.67783311
541.28546835 142.63212803
554.72480161 143.40747418
534.56580172 149.86869210
536.11649402 162.01578178
536.63339145 173.38752531
564.02895541 149.86869210
557.05084006 154.26232028
579.01898098 158.91439718
582.63726301 147.80110236
597.62728858 141.59833316
603.83005778 149.86869210
607.70678853 167.96010226
611.06662184 173.90442274
613.39266029 138.23849985
609.77437826 132.03573065
600.47022446 132.29417936
591.68296809 131.51883321
575.91759638 125.05761530
561.96136568 137.20470498
558.34308365 127.90055118
558.08463493 119.63019225
550.07272471 125.57451273
545.67909653 129.70969220
542.06081450 116.52880765
529.39682738 124.28226915
520.86801973 126.34985888
522.16026332 137.20470498
513.63145567 145.99196135
507.68713518 130.74348706
509.23782748 116.52880765
391.90211013 90.16703855
409.47662286 65.61441047
410.76886644 71.81717967
415.67939206 82.15512834
406.63368698 87.58255138
409.47662286 99.98808978
399.13867419 98.43739748
467.62758410 69.49114122
465.81844309 75.43546170
469.69517384 78.01994887
454.44669955 68.97424379
448.76082779 64.83906432
453.92980212 60.18698742
437.13063554 58.63629512
437.64753297 64.06371817
436.09684067 84.48116679
433.25390479 78.01994887
439.97357142 75.69391042
422.91595612 84.73961550
417.48853307 99.21274363
423.94975099 90.68393598
434.80459709 97.40360262
437.13063554 87.06565395
444.62564832 93.78532058
453.92980212 93.52687187
449.79462266 86.29030780
459.09877645 96.11135903
457.03118672 88.87479497
448.50237907 79.05374374
455.22204570 77.24460272
466.59378924 87.32410267
471.24586614 87.32410267
482.61760967 85.25651294
487.01123785 91.20083342
480.29157122 94.81911545
472.27966100 95.59446160
460.13257132 105.15706412
450.82841752 101.02188465
444.88409704 110.32603845
457.03118672 112.91052562
451.86221239 120.66398712
439.19822527 106.96620513
425.50044329 92.75152572
414.90404591 121.69778198
417.74698179 116.27035893
404.30764853 122.73157685
423.94975099 110.06758973
470.72896870 126.86675632
475.12259689 116.52880765
469.43672512 104.38171797
475.63949432 106.96620513
488.04503272 117.56260252
497.09073780 108.00000000
503.81040443 95.33601288
485.46054555 99.21274363
483.65140454 59.15319255
505.61954545 59.92853870
499.15832753 59.15319255
496.05694293 89.39169240
499.67522497 78.53684630
497.34918652 74.91856427
509.75472492 80.08753860
511.82231465 73.10942325
544.90375038 79.31219245
538.18408375 76.21080785
533.53200685 73.10942325
528.87992995 77.50305144
524.74475048 81.63823090
517.24973770 91.71773085
514.66525053 85.77341037
536.63339145 90.68393598
549.55582728 96.62825647
546.19599396 93.00997443
530.43062225 102.05567952
520.35112230 105.15706412
522.67716075 116.52880765
605.38075008 87.06565395
604.08850649 99.72964107
607.44833981 120.66398712
558.34308365 68.97424379
559.89377595 76.72770529
583.67105788 63.02992330
590.39072451 64.58061560
576.95139125 70.00803865
585.22175018 78.01994887
589.35692964 97.92050005
570.74862205 106.19085898
562.99516055 101.53878208
568.93948103 91.71773085
602.27936548 184.75926884
589.61537836 81.12133347
553.43255803 88.09944882
541.28546835 61.73767972
527.58768637 61.73767972
617.26939104 93.78532058
615.20180131 87.58255138
607.18989109 75.69391042
597.36883986 68.97424379
594.52590398 74.40166684
615.71869874 74.40166684
616.49404489 61.99612844
595.30125013 118.07949995
613.13421158 109.03379487
617.78628848 158.13905103
572.29931435 136.42935883
588.06468606 130.74348706
581.34501943 136.42935883
552.39876316 103.34792310
561.44446825 192.77117906
550.58962215 197.68170468
367.34948205 109.80914102
367.09103333 118.33794867
437.38908426 142.89057675
443.59185346 146.50885878
475.38104560 59.92853870
566.35499386 62.77147459
578.24363483 115.23656407
584.18795531 86.54875652
588.32313478 89.90858983
565.83809643 82.15512834
560.41067338 83.44737192
617.26939104 68.19889764
463.23395592 204.65982003
413.09490489 229.21244811
467.36913539 175.71356376
494.24780192 121.18088455
511.30541722 103.34792310
479.77467379 78.53684630
435.83839196 118.07949995
463.23395592 244.71937111
560.66912210 160.32119900
588.06468606 157.99516055
21.86863137 24.42107892
38.59190809 30.61488511
42.92757243 32.47302697
24.96553447 33.71178821
23.72677323 33.09240759
16.91358641 23.80169830
8.24225774 6.45904096
8.86163836 31.23426573
8.86163836 42.38311688
14.43606394 47.95754246
27.44305694 46.71878122
21.24925075 15.13036963
37.35314685 15.13036963
44.16633367 28.13736264
64.60589411 45.48001998
61.50899101 17.60789211
56.55394605 15.13036963
57.79270729 39.28621379
57.17332667 41.14435564
85.66483516 38.04745255
80.09040959 29.37612388
69.56093906 39.28621379
76.99350649 49.81568432
83.80669331 29.37612388
72.03846154 22.56293706
59.03146853 28.13736264
76.99350649 37.42807193
79.47102897 17.60789211
80.70979021 13.27222777
86.90359640 25.04045954
91.23926074 36.80869131
98.67182817 33.71178821
92.47802198 15.74975025
88.14235764 10.79470529
79.47102897 3.36213786
76.37412587 4.60089910
68.32217782 7.07842158
52.21828172 6.45904096
48.50199800 4.60089910
33.01748252 6.45904096
59.65084915 11.41408591
69.56093906 8.93656344
60.27022977 2.74275724
52.21828172 18.22727273
44.78571429 17.60789211
41.68881119 15.13036963
117.87262737 26.27922078
119.11138861 26.27922078
131.49900100 31.23426573
129.02147852 37.42807193
122.20829171 35.56993007
114.15634366 25.04045954
110.44005994 13.27222777
107.34315684 13.27222777
116.63386613 38.04745255
117.87262737 45.48001998
127.78271728 45.48001998
125.92457542 19.46603397
119.73076923 13.27222777
121.58891109 17.60789211
130.26023976 26.27922078
131.49900100 26.27922078
137.07342657 15.13036963
132.73776224 6.45904096
144.50599401 18.22727273
145.74475524 20.08541459
142.64785215 32.47302697
140.17032967 36.80869131
138.93156843 36.80869131
137.69280719 28.13736264
137.07342657 22.56293706
127.78271728 12.03346653
151.93856144 11.41408591
152.55794206 12.03346653
155.03546454 26.27922078
151.31918082 34.95054945
150.08041958 33.71178821
148.84165834 28.75674326
146.98351648 25.04045954
173.61688312 23.80169830
190.34015984 22.56293706
184.14635365 26.89860140
178.57192807 30.61488511
183.52697303 34.95054945
178.57192807 33.09240759
160.60989011 29.37612388
168.66183816 42.38311688
188.48201798 49.81568432
189.10139860 48.57692308
181.04945055 41.14435564
170.51998002 34.95054945
163.08741259 28.13736264
161.22927073 15.13036963
163.08741259 9.55594406
171.13936064 8.93656344
186.00449550 18.22727273
162.46803197 7.07842158
149.46103896 10.79470529
154.41608392 19.46603397
162.46803197 19.46603397
172.99750250 19.46603397
181.66883117 6.45904096
187.24325674 6.45904096
190.34015984 10.79470529
178.57192807 13.89160839
174.23626374 12.03346653
166.80369630 12.03346653
200.86963037 15.13036963
203.96653347 16.36913087
204.58591409 28.13736264
195.29520480 34.95054945
192.19830170 41.76373626
195.91458541 28.13736264
187.24325674 28.75674326
200.86963037 41.76373626
207.06343656 36.80869131
209.54095904 33.09240759
215.73476523 26.27922078
218.83166833 36.80869131
221.30919081 41.76373626
225.02547453 39.28621379
231.83866134 36.80869131
238.03246753 35.56993007
240.50999001 30.61488511
236.79370629 28.75674326
229.36113886 22.56293706
222.54795205 19.46603397
218.83166833 21.94355644
208.30219780 5.22027972
209.54095904 3.36213786
234.93556444 10.79470529
244.22627373 10.79470529
255.99450549 15.13036963
257.23326673 19.46603397
251.65884116 32.47302697
250.42007992 41.14435564
247.94255744 41.14435564
249.18131868 46.09940060
242.36813187 44.24125874
226.88361638 29.37612388
221.30919081 29.37612388
225.64485514 33.71178821
212.01848152 6.45904096
216.97352647 6.45904096
228.12237762 10.79470529
232.45804196 19.46603397
220.07042957 19.46603397
226.26423576 15.13036963
244.22627373 19.46603397
264.04645355 30.61488511
268.38211788 31.23426573
254.75574426 26.89860140
251.03946054 26.89860140
260.33016983 23.80169830
268.38211788 15.13036963
262.80769231 10.79470529
269.62087912 20.70479520
278.29220779 31.23426573
257.23326673 13.89160839
247.94255744 6.45904096
259.09140859 6.45904096
286.96353646 4.60089910
295.01548452 4.60089910
288.20229770 7.07842158
275.81468531 7.07842158
288.82167832 19.46603397
290.06043956 21.94355644
284.48601399 24.42107892
277.05344655 15.74975025
280.15034965 15.13036963
293.77672328 15.74975025
297.49300699 19.46603397
298.11238761 33.71178821
286.96353646 34.95054945
297.49300699 45.48001998
297.49300699 45.48001998
286.96353646 43.62187812
278.29220779 42.38311688
283.86663337 44.24125874
285.72477522 41.14435564
278.91158841 39.28621379
297.49300699 41.76373626
299.97052947 41.76373626
259.09140859 45.48001998
264.04645355 46.71878122
311.11938062 21.94355644
322.88761239 20.70479520
334.65584416 39.28621379
314.83566434 32.47302697
303.06743257 23.80169830
308.64185814 33.09240759
316.69380619 33.09240759
300.58991009 44.24125874
304.30619381 52.29320679
312.35814186 52.29320679
330.32017982 50.43506494
342.70779221 48.57692308
348.28221778 36.80869131
332.17832168 25.04045954
319.17132867 33.71178821
325.98451548 47.95754246
335.89460539 50.43506494
336.51398601 34.95054945
329.08141858 31.23426573
327.22327672 41.76373626
324.74575425 13.89160839
312.97752248 11.41408591
330.32017982 24.42107892
327.22327672 13.27222777
321.64885115 8.93656344
317.93256743 23.80169830
315.45504496 4.60089910
302.44805195 15.13036963
324.74575425 4.60089910
314.83566434 3.36213786
316.07442557 18.22727273
338.99150849 19.46603397
358.81168831 25.04045954
342.70779221 8.93656344
337.13336663 13.89160839
358.19230769 26.89860140
364.38611389 28.13736264
353.85664336 28.13736264
348.28221778 31.23426573
344.56593407 28.13736264
346.42407592 19.46603397
359.43106893 13.27222777
370.57992008 16.36913087
382.34815185 28.75674326
394.73576424 28.13736264
389.16133866 37.42807193
379.87062937 41.76373626
384.20629371 56.62887113
406.50399600 52.91258741
407.12337662 35.56993007
414.55594406 30.61488511
415.17532468 23.80169830
412.07842158 21.94355644
397.83266733 13.27222777
404.02647353 11.41408591
416.41408591 10.79470529
420.13036963 9.55594406
416.41408591 11.41408591
397.21328671 18.22727273
389.78071928 24.42107892
412.69780220 36.80869131
450.48001998 36.80869131
475.25524476 23.80169830
465.34515485 20.08541459
449.86063936 23.80169830
436.85364635 33.71178821
431.89860140 41.14435564
482.06843157 39.90559441
510.55994006 39.28621379
508.08241758 33.09240759
485.16533467 36.80869131
454.81568432 44.24125874
428.18231768 50.43506494
403.40709291 49.81568432
387.30319680 45.48001998
371.81868132 44.24125874
354.47602398 41.14435564
353.85664336 35.56993007
392.87762238 43.62187812
428.80169830 46.71878122
401.54895105 46.09940060
366.86363636 44.24125874
368.10239760 33.71178821
369.96053946 28.13736264
369.34115884 15.74975025
360.05044955 10.79470529
382.96753247 3.36213786
389.16133866 6.45904096
378.01248751 6.45904096
362.52797203 8.93656344
351.99850150 17.60789211
368.10239760 21.94355644
378.63186813 20.70479520
382.34815185 19.46603397
391.63886114 12.03346653
404.02647353 6.45904096
419.51098901 7.07842158
432.51798202 9.55594406
440.56993007 12.03346653
430.04045954 15.13036963
421.36913087 19.46603397
423.22727273 21.94355644
431.27922078 23.80169830
441.80869131 32.47302697
462.86763237 42.38311688
487.02347652 43.62187812
498.17232767 46.71878122
469.06143856 57.24825175
434.99550450 20.08541459
447.38311688 60.96453546
443.66683317 48.57692308
438.09240759 49.81568432
426.94355644 57.24825175
438.09240759 58.48701299
456.67382617 54.77072927
477.11338661 54.15134865
495.69480519 54.15134865
478.97152847 51.05444555
472.15834166 47.95754246
464.72577423 41.14435564
462.24825175 36.80869131
469.06143856 23.80169830
463.48701299 15.13036963
451.09940060 13.27222777
452.95754246 11.41408591
487.64285714 8.93656344
496.31418581 8.93656344
527.28321678 26.89860140
544.62587413 26.27922078
552.67782218 21.94355644
526.66383616 20.08541459
517.99250749 23.80169830
560.11038961 47.95754246
594.79570430 41.76373626
577.45304695 33.09240759
527.90259740 43.62187812
553.91658342 56.62887113
588.60189810 48.57692308
563.20729271 35.56993007
546.48401598 37.42807193
597.27322677 43.62187812
578.07242757 21.94355644
546.48401598 23.80169830
578.07242757 41.76373626
580.54995005 21.94355644
537.81268731 11.41408591
584.88561439 43.62187812
562.58791209 15.74975025
508.08241758 13.27222777
545.24525475 39.28621379
557.01348651 23.80169830
515.51498501 7.69780220
520.47002997 28.13736264
521.70879121 25.04045954
504.36613387 22.56293706
576.83366633 17.60789211
586.12437562 13.89160839
595.41508492 28.13736264
596.03446553 39.90559441
609.66083916 41.14435564
592.93756244 15.13036963
601.60889111 8.93656344
605.32517483 8.93656344
612.13836164 22.56293706
615.23526474 35.56993007
615.85464535 43.62187812
607.18331668 46.71878122
611.51898102 37.42807193
607.18331668 19.46603397
600.98951049 32.47302697
607.18331668 49.81568432
614.61588412 52.29320679
611.51898102 15.13036963
602.22827173 6.45904096
597.89260739 21.94355644
594.79570430 33.09240759
591.69880120 47.95754246
586.12437562 52.91258741
571.25924076 45.48001998
565.06543457 47.95754246
602.22827173 58.48701299
609.04145854 59.10639361
582.40809191 58.48701299
572.49800200 58.48701299
562.58791209 58.48701299
536.57392607 55.39010989
514.89560440 55.39010989
506.84365634 56.62887113
497.55294705 62.82267732
483.92657343 67.15834166
482.06843157 69.63586414
497.55294705 67.77772228
502.50799201 52.91258741
511.79870130 47.95754246
527.28321678 35.56993007
526.04445554 29.37612388
518.61188811 37.42807193
511.79870130 32.47302697
503.12737263 26.89860140
484.54595405 23.80169830
480.82967033 30.61488511
500.64985015 30.61488511
498.79170829 21.94355644
490.73976024 15.74975025
470.91958042 10.79470529
452.95754246 4.60089910
436.23426573 0.26523477
418.89160839 3.36213786
393.49700300 0.88461538
361.28921079 2.12337662
352.61788212 2.12337662
348.90159840 3.36213786
399.07142857 6.45904096
431.89860140 4.60089910
457.91258741 5.22027972
488.26223776 6.45904096
510.55994006 6.45904096
530.99950050 6.45904096
545.86463536 10.79470529
554.53596404 17.60789211
539.67082917 17.60789211
522.32817183 15.74975025
517.37312687 13.27222777
540.29020979 10.79470529
549.58091908 9.55594406
555.77472527 7.69780220
548.34215784 6.45904096
529.14135864 8.93656344
515.51498501 10.79470529
555.15534466 13.27222777
562.58791209 13.27222777
545.86463536 22.56293706
532.85764236 41.14435564
541.52897103 45.48001998
534.71578422 34.95054945
537.19330669 48.57692308
465.34515485 33.09240759
448.62187812 28.75674326
433.75674326 26.89860140
417.65284715 28.13736264
407.12337662 29.37612388
400.92957043 30.61488511
397.21328671 33.71178821
420.13036963 42.38311688
470.91958042 28.75674326
456.67382617 34.95054945
456.05444555 29.37612388
460.39010989 26.89860140
443.04745255 8.93656344
460.39010989 17.60789211
475.87462537 7.69780220
292.53796204 26.27922078
298.11238761 30.61488511
298.73176823 67.77772228
278.91158841 65.30019980
273.95654346 65.30019980
285.10539461 62.82267732
288.82167832 62.82267732
304.92557443 6.45904096
312.97752248 12.03346653
355.71478521 15.74975025
220.07042957 4.60089910
213.87662338 5.22027972
207.68281718 5.22027972
195.91458541 5.22027972
187.86263736 5.22027972
156.27422577 4.60089910
119.73076923 4.60089910
119.73076923 4.60089910
106.10439560 5.22027972
208.92157842 20.39510490
212.63786214 17.29820180
216.35414585 13.58191808
199.01148851 24.11138861
193.43706294 19.15634366
152.55794206 1.81368631
145.74475524 3.05244755
145.12537463 7.38811189
140.17032967 11.10439560
140.17032967 3.05244755
135.21528472 3.05244755
129.02147852 2.43306693
128.40209790 6.14935065
120.35014985 8.62687313
84.42607393 4.29120879
88.14235764 4.29120879
26.20429570 2.43306693
21.24925075 3.67182817
14.43606394 7.38811189
8.86163836 12.96253746
3.28721279 4.91058941
3.28721279 14.82067932
15.67482517 32.78271728
31.77872128 24.73076923
33.63686314 32.16333666
29.92057942 34.02147852
32.39810190 43.31218781
37.35314685 37.73776224
29.30119880 37.73776224
20.01048951 38.97652348
12.57792208 38.35714286
2.66783217 32.78271728
3.28721279 21.63386613
38.59190809 6.76873127
43.54695305 9.24625375
46.64385614 11.72377622
47.88261738 32.16333666
44.78571429 40.83466533
44.16633367 47.64785215
44.16633367 53.84165834
48.50199800 24.73076923
52.83766234 24.73076923
58.41208791 94.10139860
521.08941059 313.36213786
512.41808192 344.33116883
482.06843157 376.53896104
350.14035964 282.39310689
298.11238761 229.12637363
524.18631369 248.32717283
510.55994006 227.26823177
517.99250749 211.16433566
605.94455544 213.02247752
571.87862138 12.34315684
578.69180819 9.24625375
587.36313686 7.38811189
582.40809191 4.29120879
571.25924076 4.91058941
563.82667333 4.91058941
563.20729271 22.87262737
557.01348651 30.92457542
553.29720280 47.64785215
545.86463536 55.69980020
548.96153846 63.13236763
570.02047952 71.18431568
600.98951049 14.82067932
596.03446553 9.24625375
594.17632368 6.14935065
539.67082917 4.29120879
524.18631369 3.05244755
503.74675325 3.67182817
501.26923077 10.48501499
477.73276723 3.05244755
478.35214785 15.44005994
464.72577423 3.67182817
470.91958042 3.67182817
403.40709291 1.81368631
272.09840160 4.91058941
269.62087912 9.86563437
228.12237762 4.29120879
233.69680320 4.91058941
239.27122877 4.91058941
336.51398601 6.76873127
330.93956044 6.14935065
225.64485514 237.48801199
