117.88449241 481.85291767
52.70783373 511.78097522
81.97082334 459.90567546
107.24340528 441.28377298
81.97082334 392.06874500
61.35371703 389.40847322
44.06195044 364.13589129
233.60631495 467.88649081
249.56794564 429.97761791
179.73581135 392.06874500
118.54956035 365.46602718
281.49120703 360.81055156
274.84052758 338.19824141
330.70623501 369.45643485
318.06994404 446.60431655
282.82134293 491.16386890
242.25219824 509.78577138
157.12350120 514.44124700
170.42486011 543.70423661
433.12669864 538.38369305
419.16027178 504.46522782
376.59592326 469.88169464
430.46642686 427.98241407
423.15067946 420.00159872
382.58153477 364.80095923
431.79656275 370.12150280
470.37050360 376.77218225
481.01159073 461.90087930
445.09792166 479.19264588
500.96362910 437.29336531
531.55675460 378.10231815
633.31215028 370.12150280
672.55115907 438.62350120
719.10591527 481.18784972
614.69024780 488.50359712
572.12589928 475.86730616
558.15947242 522.42206235
24.94124700 305.77617906
53.87170264 312.09432454
53.20663469 276.84572342
79.47681855 305.77617906
109.73741007 310.43165468
116.05555556 297.46282974
103.41926459 285.49160671
116.38808953 283.82893685
121.70863309 294.80255795
129.02438050 283.82893685
113.39528377 272.19024780
91.11550759 262.54676259
75.48641087 267.20223821
55.86690647 259.22142286
51.87649880 252.23820943
40.23780975 252.90327738
22.94604317 259.22142286
33.25459632 240.59952038
31.92446043 283.16386890
143.32334133 278.84092726
144.98601119 316.41726619
163.94044764 306.44124700
160.61510791 284.16147082
186.55275779 264.20943245
169.26099121 279.17346123
184.22501998 294.80255795
143.98840927 259.22142286
556.16426859 340.85851319
525.57114309 336.20303757
528.89648281 352.16466827
542.86290967 352.16466827
549.51358913 337.53317346
516.92525979 316.25099920
480.34652278 320.90647482
471.70063949 322.23661071
462.38968825 331.54756195
452.41366906 337.53317346
429.80135891 316.25099920
453.74380496 311.59552358
443.76778577 324.23181455
399.20823341 327.55715428
419.82533973 336.20303757
513.59992006 333.54276579
505.61910472 360.14548361
481.67665867 345.51398881
532.22182254 314.25579536
548.18345324 319.57633893
561.48481215 316.25099920
569.46562750 330.21742606
578.11151079 318.24620304
592.07793765 350.83453237
596.73341327 326.89208633
603.38409273 323.56674660
622.00599520 358.15027978
631.31694644 344.18385292
709.12989608 368.79136691
705.13948841 352.16466827
741.71822542 359.48041567
730.41207034 359.48041567
738.39288569 378.10231815
757.01478817 356.15507594
770.31614708 378.10231815
778.29696243 348.83932854
794.25859313 395.39408473
780.95723421 379.43245404
469.04036771 307.60511591
480.34652278 299.62430056
485.00199840 292.97362110
495.64308553 292.97362110
497.63828937 306.27498002
483.67186251 309.60031974
534.88209432 296.96402878
522.91087130 299.62430056
510.93964828 297.62909672
499.63349321 281.00239808
516.26019185 283.66266986
477.02118305 273.68665068
459.06434852 279.67226219
443.10271783 294.96882494
427.14108713 290.97841727
415.16986411 299.62430056
410.51438849 292.97362110
403.19864109 294.96882494
405.19384492 306.94004796
413.17466027 308.93525180
389.23221423 294.96882494
383.91167066 302.28457234
681.19704237 333.54276579
653.26418865 333.54276579
676.54156675 345.51398881
697.15867306 319.57633893
688.51278977 323.56674660
711.79016787 325.56195044
729.08193445 322.23661071
727.75179856 336.86810552
748.36890488 337.53317346
761.67026379 333.54276579
781.62230216 314.25579536
792.26338929 313.59072742
801.57434053 306.94004796
796.91886491 295.63389289
803.56954436 292.97362110
782.95243805 292.97362110
771.64628297 297.62909672
794.92366107 285.65787370
782.28737010 302.94964029
778.29696243 297.62909672
757.01478817 304.94484412
753.02438050 318.24620304
766.32573941 319.57633893
763.00039968 313.59072742
742.38329337 316.91606715
749.03397282 299.62430056
738.39288569 293.63868905
739.72302158 288.98321343
750.36410871 290.31334932
746.37370104 279.00719424
806.22981615 320.90647482
810.88529177 315.58593125
810.22022382 307.60511591
806.89488409 302.28457234
812.88049560 294.96882494
807.55995204 288.31814548
812.88049560 282.99760192
806.89488409 277.01199041
811.55035971 346.17905675
790.26818545 336.20303757
814.21063149 360.14548361
759.00999201 368.79136691
724.42645883 284.32773781
728.41686651 270.36131095
723.09632294 264.37569944
706.46962430 269.03117506
724.42645883 296.96402878
717.77577938 286.32294165
713.12030376 292.97362110
715.78057554 301.61950440
723.76139089 306.94004796
730.41207034 310.93045564
709.12989608 312.26059153
703.14428457 296.96402878
691.83812950 299.62430056
684.52238209 281.00239808
675.21143086 294.96882494
671.88609113 325.56195044
663.90527578 318.91127098
653.26418865 308.93525180
639.29776179 318.24620304
629.32174261 313.59072742
631.98201439 337.53317346
618.68065548 309.60031974
606.70943245 310.93045564
588.75259792 306.94004796
570.79576339 306.94004796
580.77178257 299.62430056
633.31215028 296.96402878
619.34572342 262.38049560
584.09712230 285.65787370
598.72861711 285.65787370
659.91486811 285.65787370
650.60391687 290.97841727
635.97242206 287.65307754
705.80455635 259.72022382
684.52238209 259.72022382
691.83812950 264.37569944
687.18265388 265.04076739
697.15867306 267.70103917
742.38329337 255.06474820
746.37370104 245.75379696
783.61750600 267.03597122
689.84292566 251.07434053
685.85251799 247.08393285
717.11071143 247.08393285
723.09632294 250.40927258
653.92925659 248.41406875
665.23541167 251.73940847
653.92925659 259.72022382
435.12190248 277.01199041
529.56155076 255.06474820
549.51358913 253.06954436
538.87250200 247.08393285
531.55675460 249.07913669
525.57114309 246.41886491
523.57593925 255.06474820
505.61910472 258.39008793
500.29856115 261.05035971
492.98281375 260.38529177
488.99240608 259.72022382
489.65747402 271.69144684
479.01638689 261.05035971
474.36091127 250.40927258
481.01159073 247.08393285
466.38009592 269.03117506
452.41366906 263.04556355
437.78217426 260.38529177
423.81574740 267.03597122
424.48081535 274.35171863
404.52877698 265.70583533
391.22741807 283.66266986
383.91167066 285.65787370
475.69104716 283.66266986
479.68145484 279.67226219
545.52318145 281.00239808
561.48481215 277.01199041
544.85811351 264.37569944
560.15467626 302.28457234
616.02038369 277.01199041
558.15947242 255.06474820
566.80535572 256.39488409
575.45123901 257.05995204
565.47521982 269.03117506
65.34412470 292.30855316
186.38649081 253.06954436
240.25699440 278.34212630
198.35771383 306.94004796
174.41526779 294.96882494
167.76458833 290.31334932
181.73101519 281.66746603
196.36250999 283.66266986
230.28097522 306.94004796
256.88369305 308.93525180
244.24740208 315.58593125
295.45763389 326.89208633
306.09872102 326.89208633
316.07474021 304.27977618
324.05555556 325.56195044
338.02198241 322.90167866
371.94044764 322.23661071
379.25619504 315.58593125
368.61510791 312.26059153
386.57194245 314.25579536
367.28497202 302.28457234
378.59112710 298.29416467
368.61510791 285.65787370
363.95963229 290.97841727
349.99320544 294.96882494
330.70623501 310.93045564
352.65347722 307.60511591
306.09872102 297.62909672
76.15147882 253.56834532
113.72781775 242.59472422
127.69424460 248.91286970
142.99080735 242.59472422
133.67985612 243.25979217
137.00519584 239.26938449
162.94284572 244.92246203
150.97162270 245.92006395
145.31854516 235.94404476
78.47921663 245.92006395
58.19464428 245.25499600
268.68864908 275.18305356
263.70063949 272.19024780
255.05475620 258.22382094
276.66946443 269.19744205
279.32973621 288.15187850
291.30095923 276.84572342
286.64548361 270.52757794
280.65987210 273.18784972
307.59512390 275.51558753
313.58073541 267.53477218
302.60711431 265.20703437
310.58792966 256.89368505
320.56394884 265.20703437
329.87490008 251.24060751
339.85091926 303.11590727
331.87010392 296.46522782
320.56394884 297.79536371
316.90607514 289.81454836
313.24820144 282.16626699
336.52557954 282.83133493
330.53996803 289.14948042
341.51358913 279.17346123
352.81974420 273.52038369
345.17146283 275.18305356
330.53996803 270.52757794
351.15707434 282.83133493
371.77418066 275.18305356
367.45123901 263.87689848
370.11151079 255.89608313
402.36730616 251.90567546
384.41047162 263.87689848
386.73820943 252.23820943
362.13069544 243.25979217
345.50399680 243.25979217
281.65747402 244.92246203
262.37050360 242.92725819
248.07154277 247.25019984
211.49280576 247.25019984
179.90207834 241.26458833
164.60551559 266.53717026
135.00999201 268.19984013
134.01239009 256.56115108
125.69904077 258.22382094
101.75659472 252.57074341
110.06994404 258.22382094
125.69904077 274.51798561
87.45763389 247.58273381
494.14668265 329.71862510
617.84932054 295.80015987
622.50479616 279.83852918
607.20823341 280.50359712
606.87569944 292.14228617
585.92605915 259.55395683
599.22741807 261.88169464
652.76538769 324.39808153
444.26658673 278.17585931
383.74540368 313.75699440
594.40567546 247.58273381
559.48960831 236.94164668
554.83413269 244.25739408
599.72621902 247.58273381
609.36970424 247.58273381
488.65987210 240.93205436
480.67905675 241.92965627
470.03796962 244.25739408
584.76219025 346.34532374
628.32414069 328.05595524
665.23541167 298.46043165
658.25219824 297.13029576
677.87170264 267.53477218
519.58553157 261.21662670
441.44004796 235.94404476
448.42326139 240.59952038
456.40407674 241.59712230
272.84532374 255.89608313
255.55355715 268.19984013
316.07474021 252.90327738
417.83013589 239.93445244
367.95003997 250.24300560
345.33772982 254.56594724
346.00279776 263.87689848
224.12909672 282.91446843
207.16986411 265.29016787
216.97961631 271.27577938
196.02997602 251.82254197
253.72462030 232.20303757
169.59352518 260.96722622
162.44404476 257.97442046
301.60951239 217.23900879
372.10671463 226.13429257
368.11630695 233.78257394
364.45843325 232.45243805
384.41047162 222.14388489
292.63109512 250.07673861
305.93245404 247.41646683
518.75419664 232.45243805
533.05315747 235.11270983
541.36650679 237.10791367
609.53597122 242.09592326
634.80855316 266.70343725
639.79656275 250.07673861
644.45203837 245.75379696
678.03796962 237.10791367
679.03557154 246.08633094
326.71582734 223.80655476
320.06514788 221.14628297
329.37609912 219.81614708
339.35211831 222.47641886
340.01718625 217.82094325
334.03157474 216.49080735
22.77977618 210.50519584
29.43045564 206.51478817
37.41127098 208.50999201
198.35771383 219.81614708
203.01318945 219.15107914
208.99880096 219.15107914
213.65427658 218.48601119
245.57753797 222.47641886
256.88369305 222.47641886
606.04436451 231.78737010
621.34092726 231.78737010
618.68065548 229.79216627
616.68545164 227.79696243
633.31215028 229.79216627
638.63269384 229.79216627
643.28816946 230.45723421
649.93884892 239.10311751
734.40247802 237.10791367
437.11710631 227.79696243
427.80615508 227.79696243
421.82054357 228.46203038
375.93085532 219.81614708
371.27537970 217.82094325
284.15147882 308.93525180
276.83573141 325.56195044
657.91966427 339.52837730
667.89568345 355.49000799
665.90047962 372.11670663
228.28577138 218.48601119
220.30495604 219.81614708
187.05155875 214.49560352
195.03237410 215.16067146
179.07074341 215.16067146
184.39128697 213.16546763
125.86530775 215.82573941
119.87969624 218.48601119
133.18105516 217.82094325
38.74140687 219.81614708
50.71262990 209.84012790
46.05715428 209.17505995
70.66466827 213.16546763
74.65507594 213.83053557
112.56394884 211.83533173
106.57833733 217.82094325
99.92765787 217.82094325
97.26738609 213.16546763
92.61191047 213.16546763
101.92286171 209.84012790
244.91247002 215.16067146
242.25219824 217.82094325
250.23301359 218.48601119
258.21382894 217.82094325
266.19464428 223.14148681
254.22342126 213.83053557
282.82134293 219.15107914
277.50079936 219.81614708
276.17066347 225.13669065
308.75899281 225.80175859
302.10831335 225.13669065
350.65827338 222.47641886
469.70543565 235.11270983
465.04996003 235.11270983
461.05955236 227.13189448
476.35611511 227.13189448
484.33693046 230.45723421
483.67186251 225.80175859
486.99720224 225.80175859
493.64788169 231.78737010
498.96842526 227.79696243
565.47521982 234.44764189
592.74300560 227.13189448
589.41766587 233.11750600
577.44644285 232.45243805
578.11151079 236.44284572
584.76219025 230.45723421
580.77178257 229.79216627
631.31694644 241.09832134
629.98681055 236.44284572
687.84772182 239.10311751
764.99560352 269.03117506
755.68465228 265.70583533
748.36890488 269.03117506
767.65587530 258.39008793
772.97641886 256.39488409
771.64628297 259.72022382
782.95243805 259.72022382
798.91406875 270.36131095
397.21302958 231.78737010
407.18904876 231.78737010
392.55755396 236.44284572
386.57194245 239.76818545
379.92126299 245.75379696
413.17466027 255.06474820
426.47601918 247.08393285
411.84452438 245.75379696
502.95883293 236.44284572
494.31294964 248.41406875
500.96362910 247.74900080
514.93005596 238.43804956
509.60951239 247.74900080
556.16426859 231.78737010
547.51838529 230.45723421
534.88209432 230.45723421
528.23141487 227.79696243
520.25059952 228.46203038
510.93964828 227.13189448
622.00599520 243.09352518
616.02038369 245.75379696
671.22102318 232.45243805
663.24020783 237.77298161
653.92925659 231.78737010
701.14908074 236.44284572
701.14908074 230.45723421
695.82853717 229.79216627
693.16826539 239.10311751
708.46482814 239.10311751
714.45043965 239.10311751
723.09632294 237.10791367
745.04356515 235.11270983
778.29696243 243.75859313
772.31135092 243.75859313
355.31374900 215.82573941
349.32813749 215.82573941
351.32334133 211.83533173
343.34252598 211.83533173
340.68225420 211.83533173
328.71103118 214.49560352
199.02278177 214.49560352
209.66386890 213.83053557
51.37769784 217.82094325
56.03317346 215.16067146
61.35371703 209.17505995
45.39208633 244.42366107
54.70303757 236.44284572
50.71262990 232.45243805
47.38729017 232.45243805
29.43045564 232.45243805
20.78457234 247.74900080
47.38729017 273.68665068
41.40167866 269.03117506
26.77018385 269.69624301
58.69344524 293.63868905
58.69344524 288.31814548
91.94684253 285.65787370
89.28657074 273.68665068
99.26258993 276.34692246
117.21942446 326.89208633
146.48241407 306.94004796
294.12749800 245.75379696
299.44804157 238.43804956
232.27617906 241.09832134
197.69264588 238.43804956
201.68305356 239.10311751
206.33852918 239.10311751
213.65427658 239.76818545
219.63988809 242.42845723
504.28896882 275.68185452
512.93485212 265.70583533
518.25539568 271.69144684
539.53756994 259.72022382
528.23141487 275.68185452
526.90127898 281.00239808
535.54716227 274.35171863
534.21702638 285.65787370
552.17386091 275.01678657
546.85331735 273.68665068
553.50399680 269.03117506
570.79576339 296.96402878
589.41766587 272.35651479
576.78137490 274.35171863
645.94844125 282.99760192
228.95083933 252.40447642
222.30015987 251.73940847
222.96522782 264.37569944
95.27218225 241.09832134
228.95083933 288.31814548
250.89808153 295.63389289
266.85971223 288.31814548
81.97082334 210.50519584
78.64548361 220.48121503
57.36330935 217.82094325
161.77897682 213.16546763
171.75499600 221.14628297
176.41047162 221.14628297
184.39128697 221.14628297
273.51039169 206.51478817
359.30415667 208.50999201
349.32813749 207.17985612
365.95483613 217.82094325
402.53357314 221.14628297
396.54796163 221.14628297
393.22262190 221.14628297
409.84932054 217.82094325
417.16506795 217.82094325
422.48561151 217.82094325
447.09312550 223.80655476
568.13549161 225.80175859
556.16426859 223.14148681
547.51838529 225.80175859
627.32653877 227.79696243
602.05395683 225.80175859
770.31614708 237.10791367
763.66546763 236.44284572
798.91406875 242.42845723
792.26338929 242.42845723
785.61270983 242.42845723
791.59832134 261.05035971
806.22981615 261.71542766
813.54556355 255.06474820
804.23461231 255.06474820
749.69904077 258.39008793
729.74700240 258.39008793
734.40247802 248.41406875
729.08193445 250.40927258
699.81894484 246.41886491
706.46962430 243.09352518
645.28337330 253.06954436
638.63269384 259.72022382
629.98681055 255.72981615
622.67106315 255.72981615
655.92446043 264.37569944
669.89088729 272.35651479
663.90527578 274.35171863
657.91966427 273.68665068
627.32653877 261.05035971
608.03956835 265.04076739
600.72382094 252.40447642
558.82454037 262.38049560
517.59032774 248.41406875
461.72462030 255.06474820
451.08353317 255.06474820
268.85491607 245.75379696
60.02358114 236.44284572
73.32494005 239.10311751
204.34332534 290.31334932
195.69744205 292.97362110
212.32414069 297.62909672
215.64948042 290.31334932
210.99400480 281.00239808
206.33852918 279.67226219
244.91247002 285.65787370
358.63908873 278.34212630
401.20343725 286.32294165
395.21782574 276.34692246
405.85891287 276.34692246
414.50479616 282.99760192
385.90687450 325.56195044
361.96442846 325.56195044
276.83573141 281.00239808
109.23860911 236.44284572
117.21942446 237.10791367
124.53517186 237.77298161
68.00439648 227.79696243
751.69424460 235.11270983
529.56155076 223.14148681
536.87729816 223.14148681
439.77737810 221.14628297
427.80615508 219.81614708
328.04596323 209.17505995
311.41926459 216.49080735
315.40967226 213.16546763
322.72541966 213.16546763
224.96043165 211.83533173
229.61590727 213.16546763
219.63988809 213.16546763
232.94124700 213.16546763
145.81734612 211.17026379
135.17625899 211.83533173
126.53037570 206.51478817
121.20983213 209.84012790
117.21942446 206.51478817
109.90367706 205.84972022
98.59752198 297.62909672
84.63109512 290.31334932
69.33453237 233.11750600
75.98521183 229.79216627
69.33453237 222.47641886
153.79816147 279.67226219
151.80295763 269.03117506
239.59192646 245.75379696
236.93165468 264.37569944
447.75819345 306.27498002
460.39448441 294.96882494
469.04036771 290.97841727
268.85491607 265.70583533
66.00919265 245.75379696
118.54956035 227.13189448
123.87010392 227.13189448
35.41606715 296.96402878
