131.12212587 464.52363636
151.05790210 333.69510490
63.83888112 302.54545455
33.93521678 205.35854545
107.44839161 212.83446154
31.44324476 166.73297902
23.96732867 138.07530070
30.19725874 55.84022378
5.27753846 43.38036364
142.33600000 177.94685315
177.22360839 165.48699301
203.38931469 197.88262937
192.17544056 226.54030769
254.47474126 227.78629371
308.05213986 310.02137063
342.93974825 395.99440559
387.79524476 457.04772028
367.85946853 384.78053147
415.20693706 387.27250350
499.93398601 425.89806993
532.32962238 346.15496503
440.12665734 307.52939860
380.31932867 277.62573427
346.67770629 273.88777622
296.83826573 220.31037762
258.21269930 187.91474126
271.91854545 159.25706294
250.73678322 159.25706294
154.79586014 2.26282517
315.52805594 8.49275524
330.47988811 78.26797203
379.07334266 91.97381818
370.35144056 160.50304895
341.69376224 179.19283916
330.47988811 181.68481119
418.94489510 212.83446154
374.08939860 210.34248951
443.86461538 160.50304895
615.81068531 386.02651748
588.39899301 334.94109091
553.51138462 246.47608392
483.73616783 196.63664336
497.44201399 156.76509091
513.63983217 165.48699301
507.40990210 67.05409790
538.55955245 128.10741259
548.52744056 194.14467133
600.85885315 185.42276923
579.67709091 166.73297902
622.04061538 162.99502098
648.20632168 133.09135664
568.46321678 79.51395804
629.51653147 67.05409790
597.12089510 4.75479720
650.69829371 4.75479720
684.33991608 30.92050350
683.09393007 83.25191608
737.91731469 103.18769231
691.81583217 167.97896503
715.48956643 205.35854545
699.29174825 206.60453147
690.56984615 231.52425175
719.22752448 252.70601399
696.79977622 373.56665734
757.85309091 329.95714685
776.54288112 439.60391608
786.51076923 400.97834965
842.58013986 504.39518881
972.16268531 525.57695105
892.41958042 420.91412587
841.33415385 376.05862937
852.54802797 341.17102098
896.15753846 315.00531469
845.07211189 240.24615385
791.49471329 281.36369231
761.59104895 255.19798601
782.77281119 235.26220979
755.36111888 192.89868531
764.08302098 153.02713287
805.20055944 175.45488112
800.21661538 13.47669930
749.13118881 14.72268531
979.63860140 399.73236364
952.22690909 389.76447552
1018.26416783 292.57756643
923.56923077 307.52939860
929.79916084 277.62573427
944.75099301 253.95200000
869.99183217 230.27826573
904.87944056 226.54030769
958.45683916 215.32643357
914.84732867 189.16072727
953.47289510 180.43882517
908.61739860 94.46579021
838.84218182 79.51395804
987.11451748 96.95776224
945.99697902 25.93655944
964.68676923 18.46064336
430.15876923 267.65784615
758.93130869 67.34257742
1014.67556444 261.70821179
0.90533467 100.07784216
