2.20764045 171.92269663
6.34247191 172.28224719
9.93797753 173.00134831
8.67955056 182.16988764
19.46606742 186.30471910
6.88179775 178.57438202
24.85932584 195.65303371
41.75820225 192.23730337
40.32000000 185.04629213
34.38741573 190.25977528
28.27505618 190.25977528
16.23011236 195.65303371
4.72449438 194.75415730
7.96044944 209.49573034
29.71325843 220.10247191
33.66831461 217.40584270
55.96044944 201.40584270
46.07280899 188.64179775
60.81438202 206.79910112
62.61213483 218.66426966
50.38741573 219.74292135
48.23011236 208.23730337
52.18516854 200.68674157
47.87056180 197.81033708
25.03910112 228.73168539
28.81438202 236.64179775
71.60089888 203.92269663
16.42786517 180.84774831
32.07550562 197.41583820
22.87101124 247.12010787
57.84808989 251.72235506
66.13213483 234.23381573
25.28719101 184.64460225
65.55685393 202.36325393
53.82112360 188.78662472
47.60808989 192.69853483
66.01707865 194.76954607
73.84089888 195.22977079
72.23011236 199.60190562
80.28404494 206.73538876
79.13348315 200.06213034
80.05393258 195.92010787
61.41483146 195.45988315
59.34382022 194.30932135
85.80674157 217.09044494
85.34651685 209.26662472
89.71865169 204.89448989
94.55101124 208.11606292
97.31235955 211.33763596
107.89752809 212.48819775
112.72988764 221.46257978
115.03101124 216.16999551
121.70426966 213.40864719
94.78112360 220.31201798
88.56808989 231.81763596
87.18741573 238.72100674
74.53123596 237.57044494
55.66202247 223.07336629
95.70157303 248.84595056
108.81797753 225.83471461
105.13617978 218.47111910
106.28674157 233.19831011
99.38337079 235.03920899
112.72988764 245.62437753
117.79235955 238.03066966
126.99685393 220.31201798
131.59910112 218.93134382
135.51101124 216.63022022
130.90876404 230.20684944
135.97123596 232.73808539
140.11325843 226.29493933
143.10471910 221.92280449
147.47685393 226.75516404
141.26382022 233.42842247
137.12179775 236.64999551
134.59056180 248.84595056
122.85483146 248.61583820
85.34651685 247.46527640
149.08764045 246.31471461
158.52224719 248.61583820
148.39730337 221.92280449
151.38876404 239.18123146
61.18471910 192.46842247
101.22426966 244.70392809
38.51865169 302.34707416
78.09797753 274.73359101
86.38202247 260.00640000
29.54426966 345.83831011
84.77123596 312.24190562
69.58382022 331.57134382
92.59505618 331.57134382
120.20853933 370.69044494
122.50966292 340.77583820
122.96988764 304.41808539
143.68000000 312.24190562
151.50382022 338.93493933
168.07191011 363.78707416
204.88988764 370.69044494
192.00359551 331.11111910
186.94112360 309.94078202
152.42426966 290.61134382
122.50966292 277.72505169
108.70292135 262.07741124
144.14022472 260.69673708
161.62876404 274.50347865
163.46966292 249.65134382
171.29348315 245.04909663
161.62876404 242.74797303
171.29348315 234.46392809
177.73662921 228.48100674
178.19685393 241.82752360
191.54337079 249.19111910
186.94112360 257.01493933
165.31056180 262.07741124
173.59460674 267.13988315
191.08314607 269.44100674
201.66831461 262.07741124
201.66831461 270.36145618
190.62292135 288.77044494
199.36719101 304.41808539
202.58876404 284.62842247
218.69662921 287.38977079
224.21932584 316.38392809
226.98067416 351.82123146
210.41258427 345.37808539
265.63955056 367.92909663
258.27595506 401.06527640
231.58292135 393.70168090
256.89528090 350.44055730
278.52584270 345.37808539
269.78157303 320.52595056
250.45213483 313.16235506
238.02606742 320.06572584
231.58292135 301.65673708
259.65662921 305.79875955
209.95235955 263.45808539
217.77617978 265.75920899
212.25348315 255.63426517
215.01483146 251.03201798
221.91820225 244.58887191
218.23640449 241.36729888
196.60584270 244.12864719
191.54337079 236.30482697
182.79910112 236.76505169
162.08898876 228.94123146
137.69707865 243.20819775
130.79370787 267.13988315
163.81483146 217.32055730
158.52224719 218.70123146
156.68134831 212.94842247
156.45123596 224.22392809
153.45977528 216.63022022
172.32898876 220.08190562
167.72674157 217.78078202
179.69258427 215.24954607
184.29483146 223.30347865
188.89707865 228.59606292
185.21528090 231.81763596
193.03910112 231.12729888
199.48224719 231.35741124
200.17258427 225.83471461
196.95101124 225.83471461
178.31191011 249.07606292
209.14696629 230.66707416
214.66966292 228.36595056
203.39415730 239.18123146
167.95685393 225.14437753
164.04494382 223.76370337
222.03325843 235.95965843
214.66966292 233.42842247
213.05887640 237.11022022
209.60719101 244.24370337
205.92539326 255.74932135
226.63550562 270.01628764
236.30022472 254.59875955
233.07865169 264.49359101
228.70651685 243.55336629
231.00764045 233.88864719
234.68943820 236.18977079
242.74337079 236.18977079
239.06157303 240.33179326
240.90247191 247.23516404
251.48764045 241.71246742
248.03595506 241.02213034
247.34561798 252.75786067
246.42516854 258.05044494
247.57573034 263.57314157
238.60134831 260.12145618
243.20359551 269.55606292
247.34561798 278.99066966
253.32853933 282.90257978
218.58157303 232.73808539
204.31460674 231.35741124
195.80044944 239.18123146
199.71235955 237.57044494
322.01707865 417.40325393
313.73303371 390.71022022
299.00584270 364.01718652
303.60808989 340.08550112
286.11955056 326.27875955
247.23056180 303.49763596
267.48044944 294.75336629
269.32134831 284.16819775
261.03730337 280.94662472
255.97483146 271.28190562
264.71910112 253.33314157
284.04853933 291.07156854
298.31550562 293.83291685
309.36089888 321.90662472
315.80404494 325.12819775
323.62786517 331.57134382
340.19595506 342.61673708
353.54247191 341.23606292
365.04808989 321.90662472
325.46876404 303.49763596
318.56539326 307.17943371
315.80404494 299.35561348
303.83820225 285.08864719
292.79280899 281.40684944
277.49033708 268.17538876
277.26022472 275.30887191
273.80853933 262.19246742
277.26022472 252.06752360
280.48179775 255.05898427
280.25168539 248.38572584
266.67505618 247.23516404
260.69213483 243.09314157
251.48764045 247.69538876
254.70921348 252.75786067
255.16943820 244.70392809
257.93078652 247.69538876
261.61258427 247.69538876
235.84000000 246.08460225
317.52988764 285.43381573
306.48449438 275.76909663
305.56404494 267.25493933
301.19191011 260.81179326
297.51011236 255.28909663
300.96179775 254.59875955
287.84539326 254.59875955
286.23460674 249.99651236
284.39370787 263.11291685
292.21752809 265.64415281
292.90786517 257.82033258
323.74292135 272.08729888
314.53842697 263.11291685
313.38786517 269.32595056
309.70606742 261.50213034
288.99595506 272.77763596
272.19775281 270.93673708
371.72134831 407.27831011
380.00539326 380.58527640
378.16449438 358.49448989
394.73258427 404.51696180
414.98247191 395.31246742
385.52808989 339.16505169
337.31955056 268.40550112
344.45303371 264.49359101
333.63775281 261.96235506
332.25707865 265.87426517
329.03550562 269.32595056
333.17752809 276.91965843
336.16898876 273.00774831
343.07235955 274.15831011
330.87640449 282.90257978
326.73438202 287.04460225
332.94741573 288.19516404
342.38202247 292.33718652
357.10921348 290.95651236
350.20584270 288.65538876
355.26831461 275.76909663
362.40179775 271.85718652
360.79101124 278.99066966
363.55235955 284.28325393
345.37348315 303.61269213
345.83370787 312.35696180
337.77977528 304.53314157
317.76000000 266.79471461
371.60629213 282.21224270
375.97842697 282.21224270
369.53528090 304.07291685
357.56943820 304.76325393
362.40179775 312.35696180
373.44719101 314.42797303
378.27955056 303.61269213
377.58921348 298.32010787
384.95280899 299.47066966
391.85617978 295.78887191
393.23685393 305.91381573
387.48404494 315.80864719
381.73123596 321.33134382
393.69707865 324.32280449
385.87325843 280.14123146
389.78516854 280.60145618
384.72269663 289.11561348
392.08629213 286.12415281
306.94471910 297.39965843
373.90741573 290.95651236
336.39910112 294.17808539
402.44134831 278.99066966
407.96404494 308.44505169
410.03505618 297.85988315
418.54921348 288.65538876
420.85033708 283.13269213
426.83325843 285.89404045
431.66561798 287.50482697
427.29348315 293.94797303
422.92134831 296.01898427
416.47820225 297.16954607
410.03505618 284.74347865
407.27370787 283.13269213
393.69707865 289.11561348
389.09483146 287.73493933
420.85033708 306.83426517
426.37303371 313.50752360
405.43280899 324.55291685
442.02067416 307.98482697
439.71955056 312.81718652
442.02067416 296.70932135
441.56044944 291.41673708
446.62292135 295.55875955
450.30471910 299.47066966
456.97797753 293.02752360
465.03191011 298.32010787
460.88988764 293.94797303
460.65977528 299.24055730
434.88719101 288.19516404
421.77078652 291.87696180
438.79910112 320.64100674
437.18831461 330.53583820
430.51505618 329.84550112
422.00089888 320.87111910
428.21393258 341.81134382
416.47820225 347.56415281
419.92988764 326.16370337
449.61438202 337.20909663
454.44674157 311.20640000
450.99505618 308.44505169
460.42966292 304.30302921
471.47505618 303.84280449
472.16539326 299.01044494
476.53752809 312.81718652
459.73932584 316.49898427
451.45528090 325.01314157
452.60584270 320.64100674
462.27056180 340.20055730
477.45797753 326.62392809
476.30741573 321.33134382
487.58292135 312.81718652
489.42382022 306.37404045
493.56584270 302.23201798
476.53752809 298.78033258
497.01752809 304.76325393
438.33887640 350.09538876
478.37842697 337.43920899
490.34426966 330.53583820
494.94651685 329.38527640
484.82157303 322.94213034
489.88404494 343.88235506
497.47775281 348.25448989
500.23910112 340.66078202
501.84988764 329.38527640
512.43505618 335.36819775
516.34696629 330.53583820
515.42651685 315.11831011
519.56853933 311.20640000
483.44089888 303.61269213
479.75910112 302.69224270
519.33842697 350.32550112
511.51460674 351.47606292
523.25033708 341.58123146
529.46337079 317.64954607
523.48044944 313.27741124
507.83280899 309.59561348
426.25797753 359.14196854
448.80898876 356.84084494
467.67820225 360.06241798
458.01348315 356.84084494
461.23505618 376.17028315
454.79191011 396.42017079
426.25797753 385.37477753
412.45123596 357.30106966
487.00764045 381.69297978
479.64404494 397.80084494
487.92808989 417.13028315
492.53033708 430.93702472
513.24044944 397.34062022
498.97348315 373.86915955
504.49617978 367.42601348
510.01887640 361.90331685
487.92808989 362.36354157
480.10426966 370.64758652
533.49033708 378.47140674
539.01303371 410.68713708
539.93348315 394.57927191
546.37662921 374.78960899
562.02426966 376.17028315
563.40494382 363.28399101
539.47325843 357.30106966
542.23460674 345.33522697
533.49033708 348.09657528
556.96179775 410.68713708
551.89932584 335.67050787
540.04853933 320.36803596
546.95191011 320.13792360
557.76719101 322.89927191
567.66202247 326.81118202
580.08808989 328.19185618
586.76134831 331.87365393
598.03685393 335.78556404
569.04269663 324.97028315
560.29842697 322.20893483
532.22471910 314.84533933
528.08269663 313.92488989
550.63370787 320.36803596
563.28988764 339.69747416
574.79550562 369.38196854
579.85797753 355.57522697
587.22157303 357.18601348
587.22157303 367.08084494
595.96584270 370.53253034
601.94876404 369.61208090
600.79820225 358.10646292
611.61348315 358.79680000
607.93168539 374.67455281
583.53977528 344.75994607
572.95460674 402.66311910
607.47146067 390.00693933
621.73842697 388.16604045
621.27820225 375.27974831
623.11910112 363.31390562
627.72134831 355.72019775
620.35775281 338.46177079
648.43146067 348.58671461
643.13887640 374.12918652
635.31505618 367.68604045
630.94292135 372.51840000
636.00539326 377.81098427
629.10202247 380.57233258
640.83775281 390.92738876
636.69573034 416.46986067
618.74696629 426.82491685
608.85213483 432.11750112
634.85483146 387.70581573
597.00134831 420.35185618
418.43415730 430.47680000
438.33887640 291.14376629
223.84709360 548.58561576
301.40374384 554.26049261
358.78305419 480.48709360
407.33477833 484.27034483
421.83724138 456.52650246
443.27566502 507.60039409
476.69438424 575.06837438
500.65497537 626.14226601
502.54660099 516.42798030
482.99980296 486.16197044
459.66975369 471.02896552
493.08847291 448.96000000
518.94068966 457.15704433
537.22640394 443.28512315
559.92591133 439.50187192
558.66482759 477.96492611
528.39881773 481.74817734
655.76827586 351.22285714
664.59586207 356.89773399
665.22640394 366.98640394
675.94561576 356.89773399
669.64019704 358.78935961
657.02935961 378.33615764
643.78798030 367.61694581
668.37911330 376.44453202
670.90128079 371.40019704
663.96532020 375.81399015
659.55152709 389.05536946
650.72394089 386.53320197
643.78798030 382.74995074
699.27566502 360.05044335
678.46778325 364.46423645
696.28059113 364.62187192
692.49733990 365.25241379
700.69438424 381.01596059
695.01950739 390.15881773
689.97517241 379.43960591
688.71408867 401.19330049
658.76334975 408.75980296
693.12788177 412.54305419
694.70423645 433.03566502
693.12788177 425.46916256
704.47763547 421.37064039
713.93576355 407.18344828
715.51211823 393.94206897
709.52197044 389.84354680
726.23133005 378.49379310
733.16729064 374.08000000
723.70916256 369.03566502
743.57123153 372.18837438
734.11310345 368.08985222
730.64512315 391.10463054
735.68945813 391.10463054
734.74364532 403.40019704
726.54660099 414.74995074
741.99487685 389.52827586
753.02935961 375.65635468
750.50719212 371.24256158
750.19192118 399.93221675
764.06384236 392.05044335
750.82246305 382.90758621
763.11802956 399.93221675
757.44315271 401.19330049
741.67960591 396.46423645
739.47270936 411.91251232
755.86679803 421.37064039
770.68453202 375.65635468
769.42344828 380.07014778
774.15251232 378.49379310
777.93576355 382.27704433
781.40374384 385.74502463
785.18699507 385.74502463
785.81753695 380.07014778
783.92591133 380.07014778
779.51211823 378.49379310
758.38896552 375.65635468
733.79783251 445.96177340
743.88650246 439.65635468
775.41359606 438.71054187
781.08847291 404.97655172
797.16729064 403.71546798
799.68945813 396.77950739
803.47270936 402.13911330
789.28551724 399.93221675
803.78798030 387.32137931
806.94068966 389.84354680
799.68945813 385.74502463
791.49241379 381.33123153
812.30029557 388.89773399
794.64512315 382.27704433
796.22147783 381.64650246
817.65990148 407.18344828
776.59586207 377.94206897
795.03921182 396.07014778
820.89142857 399.69576355
835.55152709 403.00610837
835.23625616 395.75487685
832.24118227 394.49379310
849.26581281 401.90266010
842.01458128 397.17359606
862.66482759 402.37556650
851.94561576 417.35093596
838.70423645 422.08000000
830.50719212 404.26719212
826.09339901 392.91743842
823.25596059 391.65635468
816.95054187 390.39527094
818.52689655 389.60709360
800.16236453 430.04059113
779.35448276 423.10463054
675.31507389 464.08985222
660.18206897 438.86817734
634.96039409 443.28197044
586.40866995 430.04059113
585.77812808 438.86817734
584.51704433 456.52334975
602.80275862 479.85339901
634.96039409 489.94206897
663.96532020 530.29674877
682.88157635 494.35586207
703.05891626 491.83369458
624.24118227 556.14896552
669.00965517 576.95684729
731.43330049 567.49871921
735.84709360 539.12433498
766.11310345 536.60216749
746.56630542 503.81399015
737.10817734 522.73024631
714.40866995 479.85339901
717.56137931 460.30660099
732.69438424 457.78443350
758.54660099 471.02581281
753.50226601 483.00610837
791.96532020 466.61201970
795.11802956 476.70068966
795.11802956 496.24748768
819.07862069 462.19822660
805.20669951 447.69576355
817.81753695 433.19330049
833.58108374 432.56275862
831.68945813 447.69576355
839.88650246 441.39034483
837.36433498 472.28689655
837.99487685 494.98640394
826.64512315 508.22778325
806.46778325 530.92729064
859.43330049 484.26719212
849.97517241 475.43960591
856.91113300 444.54305419
846.82246305 435.71546798
876.45793103 433.19330049
879.84709360 405.84354680
883.15743842 405.21300493
894.98009852 412.93714286
881.42344828 419.40019704
874.96039409 423.02581281
874.96039409 414.19822660
877.00965517 405.84354680
903.80768473 414.35586207
918.62541872 416.87802956
917.20669951 411.83369458
909.64019704 409.15389163
900.97024631 404.26719212
892.45793103 427.12433498
902.07369458 445.41004926
900.81261084 438.94699507
888.20177340 451.71546798
876.69438424 453.76472906
875.43330049 441.78443350
922.72394089 442.88788177
910.90128079 439.26226601
906.32985222 415.30167488
912.95054187 410.88788177
928.63527094 416.95684729
925.48256158 413.80413793
924.85201970 427.04551724
931.78798030 426.09970443
939.35448276 437.44945813
933.04906404 440.91743842
933.67960591 446.90758621
926.11310345 449.74502463
953.54167488 427.67605911
985.38403941 432.08985222
992.95054187 435.87310345
971.19684729 438.71054187
964.57615764 454.47408867
957.32492611 446.27704433
956.37911330 442.49379310
959.84709360 445.64650246
946.29044335 439.34108374
953.22640394 439.34108374
938.40866995 459.51842365
933.67960591 455.73517241
922.64512315 457.94206897
985.69931034 458.57261084
980.65497537 455.73517241
994.21162562 457.31152709
1003.98502463 454.15881773
1000.51704433 450.37556650
974.66482759 466.45438424
951.01950739 447.53812808
945.02935961 456.68098522
902.15251232 457.94206897
895.53182266 474.33615764
902.46778325 467.71546798
878.82246305 458.57261084
883.23625616 470.23763547
870.62541872 468.34600985
907.82738916 493.56768473
919.49241379 497.35093596
929.26581281 498.61201970
960.79290640 484.10955665
969.30522167 478.74995074
961.10817734 502.08000000
972.14266010 493.25241379
1001.77812808 495.14403941
955.98502463 453.60709360
570.96039409 637.80413793
628.97024631 661.76472906
743.72886700 612.58246305
746.25103448 651.67605911
805.52197044 610.06029557
883.70916256 606.27704433
895.05891626 660.50364532
963.15743842 646.63172414
966.94068966 570.96669951
886.23133005 557.09477833
893.79783251 521.78443350
915.23625616 536.91743842
984.59586207 516.74009852
971.98502463 533.13418719
989.32492611 623.62009852
1013.28551724 604.70384236
1018.96039409 563.71862069
994.99980296 548.58561576
996.26088670 537.86640394
1006.34955665 528.40827586
1013.91605911 506.96985222
1023.37418719 486.79251232
873.93576355 491.83684729
