85.50000000 373.71428571
36.21428571 394.42857143
40.50000000 358.00000000
71.21428571 335.85714286
56.21428571 311.57142857
68.35714286 278.00000000
93.35714286 289.42857143
39.78571429 291.57142857
123.35714286 368.00000000
202.64285714 388.00000000
230.50000000 387.28571429
245.50000000 343.71428571
194.78571429 339.42857143
158.35714286 328.00000000
144.78571429 325.85714286
132.64285714 301.57142857
158.35714286 274.42857143
179.07142857 268.00000000
141.21428571 240.85714286
183.35714286 240.85714286
194.78571429 233.00000000
219.07142857 236.57142857
214.07142857 274.42857143
218.35714286 311.57142857
248.35714286 299.42857143
288.35714286 324.42857143
303.35714286 285.14285714
336.92857143 296.57142857
354.07142857 324.42857143
369.78571429 393.00000000
364.07142857 375.14285714
409.78571429 348.00000000
372.64285714 433.00000000
449.78571429 401.57142857
569.07142857 440.85714286
536.21428571 427.28571429
499.78571429 395.14285714
490.50000000 359.42857143
484.78571429 306.57142857
439.07142857 309.42857143
403.35714286 300.14285714
407.64285714 274.42857143
387.64285714 264.42857143
314.78571429 264.42857143
276.21428571 244.42857143
256.92857143 255.85714286
239.07142857 264.42857143
250.50000000 236.57142857
350.50000000 239.42857143
361.21428571 223.00000000
351.21428571 219.42857143
368.35714286 195.14285714
414.78571429 241.57142857
428.35714286 239.42857143
576.92857143 330.85714286
538.35714286 273.00000000
546.92857143 256.57142857
519.07142857 239.42857143
636.21428571 413.71428571
625.50000000 375.14285714
569.78571429 379.42857143
689.07142857 400.85714286
685.50000000 355.14285714
651.92857143 343.00000000
613.35714286 298.00000000
633.35714286 276.57142857
675.50000000 288.00000000
669.07142857 238.00000000
447.64285714 256.57142857
221.21428571 105.85714286
296.92857143 103.00000000
206.92857143 175.85714286
72.64285714 180.14285714
56.21428571 175.14285714
46.21428571 173.00000000
29.78571429 170.14285714
9.07142857 168.71428571
6.92857143 155.85714286
93.35714286 249.42857143
69.07142857 243.00000000
51.92857143 233.00000000
44.07142857 241.57142857
29.78571429 250.85714286
30.50000000 263.00000000
16.21428571 250.14285714
16.21428571 230.85714286
9.78571429 283.00000000
19.07142857 275.85714286
286.21428571 230.14285714
302.64285714 253.00000000
394.78571429 213.00000000
391.92857143 233.00000000
377.64285714 233.00000000
450.50000000 261.57142857
448.35714286 240.85714286
460.50000000 240.85714286
462.64285714 224.42857143
461.21428571 206.57142857
442.64285714 198.00000000
441.21428571 185.14285714
428.35714286 180.14285714
414.07142857 173.71428571
414.78571429 189.42857143
368.35714286 193.00000000
467.64285714 180.14285714
606.92857143 215.14285714
577.64285714 210.85714286
557.64285714 229.42857143
540.50000000 218.00000000
529.78571429 210.14285714
524.78571429 199.42857143
504.07142857 208.00000000
491.21428571 199.42857143
513.35714286 165.14285714
506.92857143 150.14285714
578.35714286 185.85714286
556.21428571 177.28571429
597.64285714 198.00000000
585.50000000 194.42857143
564.78571429 209.42857143
620.50000000 181.57142857
649.78571429 189.42857143
645.50000000 214.42857143
685.50000000 211.57142857
698.35714286 305.85714286
61.92857143 218.35714286
95.14285714 226.92857143
157.64285714 216.57142857
190.14285714 214.07142857
39.07142857 218.35714286
9.78571429 215.85714286
325.85714286 232.64285714
338.71428571 213.35714286
488.00000000 253.00000000
419.42857143 215.85714286
533.00000000 238.35714286
549.78571429 191.92857143
515.14285714 181.21428571
256.92857143 228.00000000
240.50000000 240.85714286
207.64285714 220.85714286
249.07142857 216.57142857
610.50000000 281.57142857
564.48601399 194.53846154
370.08041958 453.97902098
