53.25723224 755.55310280
45.44911797 738.13500173
6.40854662 732.12875999
4.60667409 684.67945020
49.05286301 669.66384583
33.43663447 652.84636894
30.43351360 630.62327448
31.03413778 592.78395148
48.45223884 577.16772294
16.61915759 553.14275596
25.02789603 519.50780218
43.04662127 522.51092306
67.67221243 499.68720442
83.88906514 518.90717801
43.64724544 550.74025926
128.33525406 524.91341975
94.70030028 499.68720442
83.28844097 485.87284841
104.31028708 453.43914298
85.69093766 435.42041774
52.65660806 431.21604852
40.64412457 428.21292764
9.41166749 416.20044415
7.00917079 473.25974074
26.22914438 462.44850560
50.85473554 475.66223744
104.91091125 568.75898450
68.87346078 575.96647459
74.87970252 595.78707236
84.48968931 589.78083061
88.69405854 604.19581080
107.91403212 598.79019323
124.73150901 613.80579759
110.91715300 627.62015361
80.88594427 651.64512059
139.74711338 584.37521304
174.58331550 588.57958226
188.39767152 585.57646139
207.61764511 581.97271634
240.05135053 577.16772294
221.43200112 619.21141516
176.98581220 632.42514701
157.16521444 637.23014040
139.14648920 669.66384583
125.93275736 681.07570515
160.16833531 702.69817543
96.50217281 748.94623688
118.12464309 748.34561270
182.99205395 710.50628970
228.03886704 731.52813581
186.59579900 727.92439077
212.42263850 716.51253145
237.04822966 702.09755126
273.08568014 735.13188086
287.50066033 722.51877319
311.52562731 725.52189407
345.76120526 729.72626329
326.54123168 746.54374018
369.78617225 729.72626329
360.77680963 733.93063251
402.21987767 756.75435115
413.63173699 747.14436435
389.60677001 715.91190727
428.64734136 703.29879961
432.25108640 675.06946340
457.47730174 710.50628970
495.31662474 710.50628970
495.91724891 672.66696670
457.47730174 757.95559950
438.25732815 756.75435115
394.41176340 661.25510739
414.23236117 665.45947661
427.44609301 649.24262389
454.47418086 634.82764370
460.48042261 615.00704594
486.90788629 602.39393828
424.44297213 615.60767012
433.45233475 588.57958226
387.20427331 598.18956905
386.00302496 616.80891847
372.18866894 646.23950302
344.55995691 626.41890526
361.37743380 623.41578439
368.58492390 573.56397790
307.32125809 611.40330089
294.70815042 631.82452283
296.51002295 667.86197331
312.12625148 668.46259748
340.35558769 684.67945020
346.96245361 703.29879961
322.33686245 701.49692708
274.88755266 649.24262389
228.03886704 659.45323486
189.59891987 667.86197331
249.06071315 529.11778898
227.43824287 512.90093626
211.82201433 529.71841315
195.60516161 542.93214499
157.76583861 558.54837353
155.96396609 542.33152082
122.32901231 581.37209217
161.36958366 508.09594287
188.39767152 479.26598248
148.75647600 466.05225064
174.58331550 454.64039133
154.76271774 434.21916939
140.34773755 432.41729687
125.33213319 424.00855842
146.95460347 413.79794745
101.90779038 407.79170571
198.60828249 415.59981998
181.79080560 414.39857163
185.99517482 443.22853201
215.42575938 449.23477376
244.85634393 445.63102871
226.23699452 421.60606172
249.06071315 415.59981998
231.04198791 482.86972753
245.45696811 474.46098909
231.04198791 472.65911656
277.29004936 476.26286161
294.10752625 490.07721763
270.68318344 524.91341975
280.29317023 513.50156044
313.92812401 533.92278237
306.12000974 514.70280879
336.15121847 512.30031209
359.57556128 533.92278237
378.19491069 499.68720442
405.22299855 538.72777577
428.04671718 509.29719121
423.24172378 527.31591645
448.46793912 555.54525266
474.89540280 550.74025926
481.50226872 513.50156044
460.48042261 517.10530548
460.48042261 466.65287482
506.72848405 490.07721763
506.12785988 472.65911656
497.11849726 456.44226385
504.92661153 433.01792104
498.92036978 424.60918260
455.07480504 415.59981998
464.68479183 407.79170571
423.84234796 408.99295406
399.21675680 446.83227706
399.81738098 475.66223744
419.03735456 460.64663307
366.78305137 461.84788142
366.18242720 449.83539793
363.17930633 428.81355182
325.94060750 468.45474734
312.12625148 470.85724404
310.32437896 407.79170571
287.50066033 399.38296726
339.15433934 432.41729687
524.28068674 563.95399110
520.67694169 610.80267672
534.49129771 618.01016682
514.67069995 686.48132272
529.68630431 693.08818864
540.49753945 718.91502815
506.86258568 758.55622367
515.87194830 748.34561270
559.11688887 749.54686105
557.91564052 763.36121707
617.97805798 754.95247862
625.18554807 714.11003475
587.94684925 697.29255786
602.96245361 703.29879961
563.32125809 673.86821505
587.34622507 652.84636894
576.53498993 621.01328769
573.53186906 595.18644818
582.54123168 598.79019323
589.14809760 581.37209217
542.90003615 558.54837353
527.88443179 538.12715159
563.92188226 529.71841315
616.17618545 516.50468131
560.31813722 478.66535831
557.91564052 451.03664628
526.68318344 430.01480017
528.48505596 400.58421561
561.51938556 397.58109474
571.12937236 422.80731007
595.75496352 446.83227706
613.17306458 436.62166609
616.17618545 415.59981998
646.80801836 455.84163968
693.65670397 454.64039133
655.21675680 438.42353861
710.47418086 466.05225064
731.49602697 449.83539793
756.12161813 449.83539793
772.33847085 434.21916939
765.73160493 492.47971433
756.72224231 470.25661987
744.70975881 527.31591645
752.51787308 548.93838674
714.07792591 532.12090985
700.86419407 533.92278237
678.64109961 583.17396469
639.60052826 568.75898450
711.07480504 580.17084382
726.69103358 591.58270313
769.93597415 590.38145478
783.75033016 577.16772294
777.74408842 605.39705915
778.34471259 661.25510739
759.12473901 683.47820185
735.70039620 678.07258427
757.92349066 707.50316883
756.72224231 723.72002154
708.67230834 753.15060610
712.27605339 710.50628970
693.05607980 670.26447000
680.44297213 642.03513380
658.82050185 632.42514701
632.99366234 654.04761729
619.77993050 624.61703274
632.39303817 610.80267672
618.57868215 673.86821505
660.62237437 720.71690067
724.88916105 639.03201293
735.70039620 641.43450962
693.05607980 425.81043095
696.05920067 400.58421561
764.06383403 753.15060610
800.10128450 723.72002154
787.48817683 691.88694029
797.09816363 661.85573156
818.72063391 657.65136234
837.33998333 607.79955585
827.72999653 599.99144158
816.31813722 593.98519983
816.31813722 561.55149440
854.15746021 592.78395148
887.79241399 602.39393828
905.81113923 588.57958226
875.77993050 688.88381942
858.36182944 710.50628970
845.74872177 732.72938416
878.18242720 750.14748523
883.58804477 727.92439077
906.41176340 731.52813581
884.78929312 700.29567873
965.27293251 616.20829429
962.26981164 644.43763050
991.70039620 666.06010078
1005.51475221 680.47508097
977.88604018 739.93687426
949.65670397 745.94311600
1009.11849726 753.75123027
925.63173699 648.64199972
936.44297213 612.60454924
968.87667756 592.78395148
1010.31974561 633.62639535
973.68167096 540.52964829
984.49290610 526.71529228
992.90164455 491.87909015
984.49290610 479.86660666
998.90788629 454.64039133
1015.72536318 419.80418920
941.84858970 455.24101550
948.45545563 434.21916939
907.01238758 428.81355182
929.23548204 394.57797387
887.19178982 426.41105512
896.80177661 424.60918260
858.96245361 422.20668590
794.69566693 432.41729687
802.50378120 447.43290123
825.92812401 457.64351220
806.10752625 491.27846598
808.51002295 512.30031209
845.74872177 481.66847918
880.58492390 454.64039133
863.16682283 533.32215820
789.29004936 544.73401752
788.08880101 531.52028567
663.75959687 678.07258427
898.60364913 526.11466810
925.63173699 548.33776256
937.64422048 523.11154723
902.80801836 499.68720442
907.01238758 466.05225064
947.85483145 497.28470772
1019.92973240 504.49219782
586.27907835 397.58109474
654.75023425 398.78234309
651.74711338 418.00231668
998.30726212 393.07641343
1000.10913464 364.24645305
992.30102037 318.59901578
985.69415445 295.77529715
938.24484466 297.57716967
927.43360951 293.37280045
866.77056788 295.77529715
901.00614583 329.41025092
905.21051505 351.63334538
916.02175020 374.45706402
953.86107320 347.42897616
956.86419407 372.65519149
973.68167096 378.06080907
878.78305137 363.04520470
839.74248002 358.84083548
822.32437896 358.84083548
795.29629110 363.04520470
772.47257247 360.64270800
739.43824287 360.64270800
800.10128450 405.08889692
739.43824287 400.88452770
727.42575938 378.66143324
735.83449782 339.62086189
758.65821645 339.62086189
780.28068674 294.57404880
809.71127129 299.97966637
866.16994371 332.41337180
544.83601030 378.66143324
552.64412457 360.64270800
520.81104332 335.41649267
538.22914438 331.81274762
557.44911797 325.80650588
586.27907835 323.40400918
591.68469592 334.21524432
605.49905193 318.59901578
626.52089804 327.00775423
595.28844097 373.25581567
613.30716620 375.65831237
659.55522765 367.85019810
639.73462989 345.02647946
652.94836173 321.60213665
680.57707376 351.03272121
690.18706055 343.22460694
693.19018142 293.37280045
661.35710017 285.56468618
585.07783000 296.37592132
635.53026066 300.58029054
517.80792244 308.38840481
536.42727186 298.77841802
559.25099049 271.75033016
543.03413778 212.88916105
580.87346078 215.29165775
585.67845417 267.54596094
618.71278377 283.16218948
606.09967611 254.93285327
617.51153543 237.51475221
614.50841455 220.69727532
627.72214639 195.47105999
656.55210677 176.85171058
665.56146939 205.08104678
686.58331550 202.67855009
648.74399250 209.88604018
669.76583861 236.31350386
672.16833531 248.32598735
649.94524085 269.34783346
708.20578579 256.73472580
724.42263850 238.11537639
769.46945160 188.26356990
725.62388685 172.04671718
696.79392647 176.25108640
705.80328909 153.42736777
740.03886704 154.02799194
761.06071315 145.01862932
777.27756587 164.23860291
784.48505596 158.23236117
767.06695490 132.40552166
798.29941198 175.65046223
811.51314382 161.83610621
827.12937236 145.01862932
837.33998333 146.82050185
839.74248002 170.84546883
821.12313061 149.22299855
820.52250644 185.86107320
831.33374158 191.26669077
763.46320985 240.51787308
789.89067353 244.12161813
735.23387365 268.74720929
738.23699452 286.76593453
720.81889346 333.01399597
734.03262530 311.99214986
691.98893307 322.20276083
715.41327588 358.84083548
521.41166749 148.02175020
520.21041914 110.18242720
535.82664768 98.77056788
547.83913117 123.99678321
579.67221243 111.38367555
586.87970252 92.16370196
603.09655524 102.97493710
613.30716620 90.36182944
634.92963649 89.16058109
648.74399250 92.16370196
665.56146939 122.79553486
618.71278377 115.58804477
717.81577258 102.97493710
728.62700772 90.96245361
872.77680963 166.04047544
875.77993050 194.26981164
840.94372837 241.71912143
826.52874818 264.54284007
861.96557448 264.54284007
885.99054147 264.54284007
922.62861612 251.32910823
950.85795232 271.75033016
980.88916105 262.14034337
987.49602697 274.75345104
1007.91724891 286.16531035
961.66918747 285.56468618
1016.32598735 271.75033016
1013.92349066 203.87979843
1016.92661153 177.45233475
1009.11849726 159.43360951
985.69415445 197.27293251
965.27293251 170.24484466
947.25420728 203.87979843
925.63173699 190.06544242
929.83610621 167.24172378
911.21675680 187.06232155
898.00302496 212.28853688
916.02175020 149.82362272
887.19178982 149.22299855
866.16994371 143.21675680
887.19178982 113.78617225
878.78305137 111.98429972
863.76744701 100.57244040
846.94997012 111.38367555
918.42424690 120.39303817
930.43673039 96.96869536
957.46481824 95.16682283
977.28541601 92.16370196
956.86419407 117.38991729
965.87355669 126.39927991
984.49290610 132.40552166
997.10601377 134.20739418
1015.12473901 102.97493710
1018.12785988 87.95933274
1020.53035658 117.99054147
824.12625148 107.17930633
809.71127129 97.56931953
799.50066033 90.36182944
825.92812401 90.36182944
852.95621187 84.35558769
975.48354348 52.82281852
945.45233475 73.84466464
1016.32598735 40.81033503
1021.13098075 22.19098562
997.70663794 15.58411970
982.09040940 14.98349553
951.45857650 40.81033503
956.86419407 25.79473067
905.21051505 21.59036145
900.40552166 55.22531522
884.18866894 83.45465143
859.56307779 20.98973727
825.32749983 25.19410649
792.89379441 25.19410649
771.27132412 45.01470425
750.24947801 61.23155697
772.47257247 65.43592619
831.33374158 55.82593940
706.40391326 78.64965803
688.98581220 67.83842289
701.59891987 51.62157018
685.98269133 46.21595260
653.54898590 46.81657678
652.94836173 64.23467784
642.13712658 33.60284494
664.36022104 36.00534164
698.59579900 19.18786475
740.03886704 25.79473067
730.42888025 44.41408008
733.43200112 16.78536805
748.44760549 15.58411970
767.66757907 13.18162300
781.48193509 13.78224718
661.95772435 14.98349553
633.72838814 20.98973727
607.90154863 31.80097241
577.87033990 12.58099883
580.87346078 31.80097241
590.48344757 50.42032183
591.68469592 70.24091959
606.09967611 70.24091959
619.31340795 76.84778551
558.65036632 69.64029541
561.05286301 42.01158338
529.82040593 69.64029541
675.77208036 78.04903386
327.87658165 342.02335859
341.09031349 335.41649267
358.50841455 352.23396956
350.09967611 387.07017168
335.08407174 386.46954751
396.94836173 367.24957392
454.60828249 385.26829916
441.99517482 367.24957392
396.34773755 341.42273442
386.13712658 328.80962675
369.92027387 326.40713005
291.23850700 337.21836519
409.56146939 278.35719608
423.37582541 279.55844443
435.38830890 314.99527073
479.83449782 340.22148607
500.85634393 327.00775423
472.62700772 393.67703761
512.86882742 372.65519149
511.06695490 391.27454091
514.67069995 224.30102037
478.03262530 240.51787308
492.44760549 251.32910823
512.26820325 272.35095434
478.63324947 288.56780705
431.78456385 263.34159172
416.16833531 254.33222910
393.94524085 254.93285327
378.32901231 276.55532356
359.70966290 266.94533677
359.70966290 242.31974561
334.48344757 240.51787308
392.74399250 236.31350386
402.95460347 221.89852367
412.56459027 198.47418086
448.00141657 198.47418086
457.01077919 215.89228193
379.53026066 200.27605339
344.69405854 205.08104678
300.24786962 245.32286648
295.44287622 261.53971920
305.05286301 299.97966637
329.07783000 285.56468618
231.77671371 327.60837840
204.74862586 341.42273442
183.12615557 330.01087510
178.92178635 341.42273442
160.90306111 348.02960034
154.89681937 379.86268159
112.85312714 393.67703761
202.34612916 375.65831237
247.99356643 379.86268159
229.97484119 381.66455411
223.36797527 373.85643984
220.36485440 354.63646626
263.60979497 311.99214986
235.98108294 304.18403559
253.39918400 275.35407521
273.21978176 251.32910823
263.60979497 200.27605339
291.83913117 209.28541601
290.03725865 196.67230834
218.56298187 203.27917426
201.74550498 211.08728853
197.54113576 236.91412804
218.56298187 240.51787308
174.71741713 222.49914785
160.30243694 218.29477862
154.29619519 200.87667756
124.86561064 202.67855009
109.24938210 199.07480504
113.45375132 218.29477862
109.85000627 236.31350386
134.47559743 226.70351707
144.08558422 243.52099396
147.68932927 222.49914785
165.70805451 257.33534997
120.66124141 268.14658512
130.87185238 274.15282686
105.64563705 286.76593453
99.63939530 308.38840481
111.05125462 328.80962675
138.67996665 339.62086189
142.88433587 360.64270800
154.29619519 324.60525753
82.82191841 266.34471259
78.61754919 247.12473901
84.62379094 226.70351707
79.81879754 206.88291931
79.81879754 217.09353028
256.40230487 249.52723570
201.74550498 272.95157851
216.16048517 303.58341142
206.55049838 325.80650588
82.22129424 352.83459373
83.42254259 390.07329256
12.41478836 344.42585529
11.81416419 320.40088831
33.43663447 333.01399597
53.25723224 346.22772781
68.27283660 311.99214986
38.84225205 277.75657191
17.82040593 269.94845764
18.42103011 248.32598735
2.80480157 215.29165775
16.01853341 233.91100716
40.64412457 213.48978523
34.03725865 244.12161813
43.64724544 244.12161813
57.46160146 242.92036978
39.44287622 254.93285327
52.05598389 364.84707723
46.04974214 399.68327935
289.30253285 290.36967958
270.68318344 417.10138041
119.92651562 360.64270800
31.03413778 129.10208870
16.01853341 109.88211511
35.23850700 100.27212832
16.61915759 93.06463822
9.41166749 70.84154376
12.41478836 46.21595260
40.64412457 51.02094600
40.64412457 67.83842289
41.84537292 81.05215473
61.06534651 99.07087997
76.68157504 104.47649754
58.66284981 112.88523598
71.87658165 123.09584695
84.48968931 82.25340308
104.91091125 92.46401405
125.93275736 78.64965803
107.31340795 73.84466464
142.75023425 90.66214152
158.96708696 100.27212832
154.16209357 72.64341629
163.17145619 51.02094600
174.58331550 25.19410649
188.39767152 33.60284494
202.81265171 34.80409329
204.61452423 73.84466464
222.03262530 61.23155697
184.19330230 67.83842289
190.80016822 57.02718775
232.84386044 29.99909989
216.02638355 23.39223397
251.46320985 36.00534164
268.88131091 29.99909989
271.28380761 20.98973727
292.30565372 14.98349553
289.90315702 36.00534164
271.88443179 68.43904706
289.90315702 63.03342949
340.95621187 52.82281852
314.52874818 47.41720095
343.35870856 37.80721416
384.20115244 54.62469105
369.18554807 48.61844930
425.64422048 27.59660319
471.29165775 28.19722737
482.70351707 180.15514354
455.67542921 162.73704247
470.69103358 160.33454578
491.11225551 145.31894141
504.32598735 145.91956559
506.72848405 102.07400084
496.51787308 85.25652395
488.70975881 115.88835686
501.32286648 67.83842289
456.87667756 79.85090638
447.26669077 102.07400084
422.64109961 93.66526240
415.43360951 108.68086676
442.46169737 117.69022938
410.02799194 129.70271287
400.41800515 122.49522278
382.99990409 138.71207549
360.17618545 145.31894141
365.58180302 121.29397443
354.77056788 101.47337667
328.94372837 95.46713492
321.13561410 124.29709530
341.55683604 121.29397443
334.94997012 139.91332384
324.73935915 151.92580733
358.37431293 163.33766665
342.15746021 179.55451936
332.54747342 168.74328422
295.90939877 156.13017655
304.31813722 147.72143811
297.11064712 131.50458540
283.89691528 105.07712171
290.50378120 96.06775910
253.86570655 97.86963162
238.85010218 106.27837006
189.59891987 105.07712171
185.39455065 92.46401405
209.41951763 136.91020297
214.82513520 157.93204908
249.06071315 133.30645792
273.68630431 129.70271287
247.25884063 173.54827762
199.80953084 182.55764024
174.58331550 178.95389519
173.98269133 154.32830403
158.36646279 150.12393481
139.74711338 174.74952597
127.13400571 162.73704247
83.28844097 170.54515674
118.12464309 130.30333705
50.85473554 196.37199625
173.98269133 195.17074790
113.92027387 21.59036145
98.30404533 29.39847572
64.06846738 52.82281852
82.68781679 61.83218114
92.29780358 57.02718775
137.94524085 120.09272608
241.85322306 65.43592619
426.24484466 171.74640509
434.65358310 162.73704247
350.56619866 23.39223397
367.98429972 20.98973727
477.29789950 104.47649754
500.12161813 227.00382916
307.32125809 280.45938069
247.99356643 677.17164801
279.22602351 696.39162160
66.60506570 693.98912490
7.74389659 495.78314729
210.75486760 686.78163481
676.83922709 539.02808786
752.51787308 92.16370196
