8.17647059 334.09558824
24.94117647 338.50735294
48.23529412 330.21323529
84.94117647 336.38970588
60.05882353 320.86029412
86.88235294 319.97794118
80.17647059 317.15441176
66.94117647 326.15441176
75.76470588 310.97794118
76.11764706 303.56617647
54.76470588 310.09558824
61.64705882 306.38970588
30.05882353 310.97794118
27.41176471 320.86029412
9.23529412 295.09558824
7.11764706 315.91911765
53.35294118 276.21323529
65.70588235 277.80147059
80.88235294 271.27205882
78.41176471 283.62500000
44.88235294 284.86029412
40.82352941 294.38970588
53.00000000 285.74264706
13.64705882 275.50735294
36.94117647 270.56617647
2.70588235 283.27205882
3.76470588 294.91911765
93.58823529 287.50735294
94.47058824 298.62500000
95.35294118 313.44852941
11.17647059 261.10294118
24.76470588 263.92647059
17.17647059 255.27941176
35.00000000 243.27941176
41.70588235 250.69117647
53.00000000 251.22058824
68.00000000 246.63235294
61.47058824 258.98529412
86.00000000 250.33823529
93.23529412 245.75000000
94.29411765 234.27941176
77.00000000 230.75000000
57.58823529 234.98529412
38.00000000 226.69117647
16.47058824 226.69117647
5.17647059 225.80882353
17.17647059 242.04411765
3.41176471 243.63235294
35.70588235 203.39705882
55.29411765 215.22058824
45.58823529 215.57352941
64.64705882 219.98529412
63.94117647 235.51470588
53.70588235 229.33823529
106.82352941 249.80882353
93.05882353 272.92647059
114.41176471 240.10294118
106.47058824 222.98529412
92.70588235 216.10294118
112.64705882 207.63235294
122.70588235 229.33823529
136.11764706 239.39705882
130.64705882 262.16176471
128.52941176 245.75000000
148.11764706 268.51470588
135.05882353 217.33823529
140.88235294 211.86764706
145.82352941 210.10294118
130.29411765 203.75000000
122.70588235 214.86764706
128.35294118 220.51470588
67.11764706 209.75000000
22.47058824 177.10294118
38.35294118 184.51470588
49.11764706 177.10294118
57.05882353 185.92647059
61.11764706 194.57352941
72.94117647 192.80882353
85.64705882 192.10294118
100.47058824 191.75000000
110.52941176 180.63235294
46.82352941 201.10294118
55.64705882 201.45588235
7.47058824 183.45588235
13.82352941 171.10294118
7.11764706 193.69117647
19.47058824 201.45588235
4.64705882 203.39705882
65.00000000 173.57352941
55.64705882 171.10294118
18.58823529 209.92647059
140.00000000 191.04411765
7.29411765 110.22058824
11.00000000 119.39705882
2.52941176 116.92647059
6.94117647 129.45588235
8.52941176 143.22058824
15.94117647 145.69117647
9.05882353 154.16176471
27.94117647 148.69117647
35.00000000 163.16176471
17.00000000 135.63235294
27.94117647 128.92647059
41.00000000 162.80882353
45.23529412 154.16176471
57.05882353 156.45588235
65.70588235 161.39705882
70.11764706 167.75000000
79.11764706 169.33823529
88.47058824 175.86764706
102.58823529 165.10294118
88.29411765 164.39705882
82.64705882 154.33823529
78.23529412 158.57352941
75.05882353 136.33823529
96.94117647 141.63235294
104.88235294 141.63235294
105.23529412 126.98529412
90.58823529 149.92647059
132.23529412 161.39705882
140.52941176 161.75000000
129.05882353 171.98529412
118.64705882 162.80882353
129.58823529 147.98529412
129.94117647 141.27941176
120.05882353 142.51470588
135.76470588 150.45588235
143.70588235 142.16176471
128.52941176 131.57352941
135.41176471 133.16176471
143.88235294 123.27941176
135.23529412 121.33823529
124.47058824 124.33823529
120.23529412 115.16176471
128.52941176 107.75000000
135.41176471 106.51470588
143.88235294 104.75000000
113.88235294 106.86764706
121.64705882 101.22058824
113.52941176 121.86764706
95.70588235 117.63235294
104.17647059 113.39705882
95.00000000 105.45588235
103.11764706 101.57352941
89.17647059 113.22058824
81.41176471 101.57352941
82.82352941 134.92647059
92.52941176 134.39705882
67.47058824 123.27941176
70.82352941 116.39705882
59.88235294 137.57352941
28.47058824 108.98529412
19.47058824 118.51470588
16.64705882 111.80882353
13.64705882 102.45588235
3.58823529 99.10294118
50.35294118 104.75000000
62.00000000 115.86764706
65.52941176 107.39705882
41.70588235 132.63235294
51.94117647 141.80882353
57.05882353 100.51470588
35.70588235 142.86764706
36.76470588 136.69117647
14.17647059 160.16176471
23.35294118 67.51470588
26.35294118 76.16176471
34.82352941 76.86764706
35.17647059 69.98529412
42.23529412 73.69117647
50.00000000 81.27941176
38.88235294 83.04411765
41.00000000 89.75000000
47.88235294 92.75000000
35.17647059 92.92647059
33.94117647 87.98529412
20.00000000 90.45588235
24.94117647 94.51470588
11.00000000 90.63235294
8.00000000 72.63235294
4.47058824 63.80882353
19.47058824 76.16176471
15.41176471 79.86764706
35.17647059 58.86764706
39.05882353 55.33823529
28.82352941 64.33823529
69.05882353 90.10294118
67.47058824 70.69117647
63.76470588 63.98529412
70.64705882 61.33823529
75.94117647 68.39705882
79.11764706 72.45588235
89.70588235 72.80882353
84.41176471 70.86764706
90.94117647 94.33823529
80.70588235 90.45588235
102.41176471 93.10294118
117.23529412 94.86764706
111.94117647 90.10294118
135.94117647 96.63235294
131.00000000 91.69117647
133.29411765 77.39705882
135.58823529 70.33823529
145.64705882 87.27941176
139.11764706 81.80882353
131.52941176 53.92647059
128.52941176 59.75000000
130.64705882 65.57352941
122.52941176 66.80882353
115.47058824 66.27941176
108.94117647 65.22058824
102.94117647 71.57352941
90.76470588 63.27941176
87.58823529 56.92647059
79.11764706 59.04411765
84.05882353 65.22058824
94.11764706 69.27941176
97.82352941 61.33823529
51.41176471 68.04411765
48.23529412 65.39705882
44.17647059 60.45588235
52.47058824 60.27941176
2.88235294 52.69117647
119.35294118 85.69117647
9.05882353 27.43382353
6.05882353 20.55147059
11.35294118 18.78676471
15.76470588 11.37500000
9.58823529 11.02205882
6.23529412 7.31617647
15.41176471 5.02205882
2.88235294 30.43382353
11.88235294 39.25735294
10.47058824 46.84558824
15.94117647 61.31617647
43.11764706 32.37500000
48.76470588 27.78676471
40.82352941 19.66911765
36.94117647 34.13970588
59.88235294 49.66911765
54.58823529 42.78676471
58.64705882 33.43382353
64.82352941 8.02205882
29.17647059 11.72794118
29.35294118 17.37500000
35.52941176 8.72794118
25.11764706 24.08088235
70.29411765 44.02205882
65.17647059 32.72794118
72.94117647 35.55147059
74.35294118 30.43382353
72.41176471 23.55147059
94.11764706 30.43382353
87.41176471 44.72794118
80.88235294 46.49264706
96.23529412 48.61029412
102.41176471 47.19852941
109.29411765 46.13970588
103.11764706 38.37500000
116.88235294 41.90441176
121.29411765 35.90441176
132.94117647 41.90441176
143.52941176 29.55147059
141.05882353 38.90441176
148.29411765 40.31617647
142.64705882 57.08088235
127.11764706 15.43382353
122.00000000 13.49264706
107.88235294 13.49264706
102.94117647 5.02205882
97.29411765 8.72794118
88.82352941 14.72794118
104.00000000 32.19852941
140.70588235 4.31617647
143.35294118 8.02205882
149.88235294 6.08088235
134.70588235 8.02205882
127.29411765 8.90441176
146.35294118 22.49264706
141.58823529 21.78676471
150.23529412 22.49264706
129.05882353 26.72794118
99.94117647 17.02205882
113.70588235 34.31617647
73.82352941 15.78676471
63.58823529 23.37500000
41.52941176 12.96323529
51.94117647 33.43382353
41.52941176 44.02205882
29.52941176 36.61029412
35.61764706 120.36764706
50.08823529 174.36764706
29.26470588 172.95588235
22.55882353 175.07352941
67.38235294 151.42647059
67.02941176 144.01470588
51.85294118 147.54411765
56.79411765 94.95588235
43.73529412 99.89705882
27.85294118 116.48529412
73.73529412 97.42647059
89.26470588 103.77941176
109.02941176 195.54411765
90.32352941 23.30882353
45.50000000 6.72058824
56.08823529 13.42647059
69.50000000 9.19117647
5.61764706 38.48529412
7.38235294 81.19117647
22.91176471 83.30882353
17.61764706 127.07352941
161.97058824 130.25000000
166.91176471 128.13235294
163.02941176 121.07352941
154.91176471 140.13235294
154.91176471 154.95588235
162.67647059 145.42647059
172.91176471 153.19117647
161.97058824 166.60294118
181.73529412 155.66176471
172.91176471 166.60294118
190.91176471 154.25000000
187.73529412 146.13235294
181.38235294 146.13235294
176.08823529 132.72058824
181.38235294 129.19117647
192.67647059 130.25000000
186.32352941 119.66176471
178.55882353 112.25000000
168.32352941 108.01470588
166.20588235 97.42647059
155.61764706 101.66176471
149.26470588 98.48529412
153.50000000 109.77941176
171.14705882 85.77941176
175.02941176 97.42647059
196.55882353 144.36764706
205.02941176 153.19117647
201.85294118 161.66176471
189.50000000 166.60294118
240.32352941 168.01470588
64.20588235 198.72058824
85.11764706 124.07352941
82.11764706 113.13235294
76.11764706 125.30882353
219.58823529 137.66176471
209.70588235 146.30882353
204.05882353 135.54411765
182.88235294 84.19117647
209.88235294 111.89705882
217.29411765 103.95588235
198.23529412 114.72058824
205.11764706 124.42647059
215.52941176 119.48529412
37.82352941 134.83823529
215.00000000 153.54411765
129.94117647 84.01470588
188.52941176 77.30882353
199.64705882 76.07352941
193.64705882 74.13235294
209.00000000 93.54411765
203.35294118 86.13235294
195.58823529 96.89705882
180.23529412 96.89705882
189.58823529 103.95588235
218.52941176 88.42647059
213.41176471 81.89705882
219.23529412 96.36764706
200.97058824 219.54411765
215.97058824 204.19117647
203.79411765 205.07352941
209.44117647 190.42647059
215.26470588 181.77941176
198.67647059 195.54411765
193.20588235 242.13235294
168.50000000 225.19117647
169.02941176 238.42647059
157.02941176 190.60294118
175.73529412 184.25000000
178.20588235 194.66176471
191.97058824 189.01470588
225.67647059 176.83823529
244.02941176 195.01470588
241.38235294 206.66176471
232.91176471 214.95588235
180.50000000 263.48529412
252.67647059 241.60294118
254.61764706 227.48529412
256.20588235 218.66176471
227.79411765 232.95588235
232.55882353 247.07352941
161.97058824 265.07352941
223.20588235 166.25000000
211.73529412 168.72058824
181.02941176 209.66176471
173.26470588 203.48529412
166.38235294 202.25000000
148.91176471 204.36764706
173.08823529 219.19117647
166.73529412 235.95588235
156.50000000 211.25000000
151.91176471 217.07352941
283.73529412 234.72058824
280.73529412 223.25000000
283.73529412 174.19117647
290.61764706 180.36764706
280.91176471 195.89705882
264.32352941 184.95588235
257.44117647 181.60294118
255.50000000 200.30882353
253.55882353 168.01470588
275.26470588 171.19117647
271.20588235 218.66176471
236.26470588 222.89705882
216.50000000 221.66176471
182.26470588 177.36764706
193.55882353 174.54411765
249.50000000 249.36764706
272.26470588 237.19117647
276.14705882 257.66176471
293.61764706 254.66176471
312.67647059 251.30882353
323.26470588 255.19117647
322.55882353 247.42647059
325.91176471 237.19117647
312.67647059 237.01470588
305.08823529 228.36764706
292.20588235 226.77941176
282.14705882 177.72058824
302.08823529 188.48529412
317.08823529 191.30882353
313.38235294 206.30882353
318.50000000 213.72058824
325.91176471 212.13235294
318.85294118 208.25000000
329.44117647 201.19117647
334.38235294 185.83823529
344.08823529 182.13235294
345.14705882 195.72058824
355.38235294 184.60294118
359.79411765 194.66176471
346.91176471 207.72058824
342.14705882 218.83823529
340.38235294 230.83823529
349.55882353 245.66176471
341.26470588 241.25000000
365.26470588 251.48529412
359.79411765 235.77941176
360.32352941 221.13235294
364.91176471 184.95588235
375.14705882 200.30882353
377.44117647 225.01470588
376.55882353 244.60294118
295.91176471 234.19117647
282.14705882 204.54411765
272.26470588 203.13235294
272.97058824 188.66176471
159.50000000 344.22058824
132.67647059 342.10294118
158.08823529 325.51470588
137.61764706 330.45588235
139.02941176 314.92647059
136.20588235 303.27941176
138.67647059 295.86764706
145.02941176 285.98529412
160.20588235 276.80882353
176.08823529 292.69117647
169.02941176 300.80882353
189.14705882 327.98529412
205.38235294 329.75000000
218.44117647 327.27941176
241.73529412 333.63235294
250.55882353 342.45588235
262.91176471 333.63235294
272.08823529 324.80882353
287.97058824 334.33823529
280.55882353 329.75000000
309.85294118 331.16176471
332.79411765 333.63235294
339.85294118 340.69117647
328.20588235 326.92647059
325.73529412 309.63235294
308.08823529 301.51470588
292.20588235 313.16176471
293.61764706 324.80882353
289.02941176 288.80882353
321.85294118 270.45588235
312.32352941 267.27941176
332.44117647 267.98529412
332.44117647 279.63235294
337.73529412 256.69117647
280.55882353 266.57352941
268.91176471 268.69117647
251.61764706 267.27941176
233.26470588 258.80882353
202.55882353 265.51470588
213.50000000 259.86764706
206.08823529 254.22058824
193.38235294 285.98529412
194.79411765 307.51470588
199.38235294 325.51470588
204.32352941 318.10294118
220.20588235 315.63235294
232.20588235 320.57352941
248.08823529 317.04411765
234.67647059 311.04411765
245.61764706 307.16176471
232.91176471 293.39705882
257.26470588 297.63235294
271.38235294 297.63235294
266.08823529 316.33823529
259.38235294 306.80882353
172.20588235 318.45588235
165.41176471 283.27205882
214.47058824 309.38970588
347.00000000 263.39705882
338.70588235 291.80882353
347.70588235 306.98529412
359.00000000 312.10294118
367.11764706 296.22058824
357.58823529 286.86764706
363.41176471 279.98529412
356.35294118 268.51470588
404.35294118 258.27941176
389.88235294 253.33823529
375.41176471 262.69117647
389.70588235 273.80882353
377.52941176 286.33823529
381.94117647 294.63235294
395.88235294 302.39705882
400.11764706 287.22058824
312.05882353 287.39705882
329.00000000 295.86764706
366.41176471 243.63235294
398.35294118 225.27941176
407.35294118 242.39705882
398.00000000 241.51470588
393.58823529 237.10294118
429.23529412 266.92647059
437.52941176 273.45588235
464.70588235 266.92647059
458.35294118 289.51470588
455.70588235 300.63235294
437.88235294 303.98529412
426.41176471 292.69117647
417.76470588 269.39705882
453.41176471 261.63235294
446.88235294 236.39705882
442.11764706 226.33823529
432.05882353 242.39705882
430.82352941 233.57352941
416.52941176 251.39705882
464.00000000 224.75000000
457.64705882 230.22058824
474.05882353 248.92647059
460.11764706 247.33823529
472.47058824 221.92647059
423.58823529 227.22058824
409.82352941 332.39705882
413.17647059 344.75000000
427.47058824 329.75000000
431.00000000 338.04411765
418.11764706 326.92647059
416.70588235 306.80882353
448.11764706 314.92647059
439.64705882 327.98529412
456.23529412 333.10294118
469.11764706 339.10294118
495.23529412 333.98529412
494.17647059 324.45588235
485.00000000 317.57352941
469.29411765 312.63235294
464.35294118 326.22058824
473.88235294 323.75000000
430.11764706 276.98529412
448.29411765 284.04411765
476.17647059 273.98529412
495.58823529 279.80882353
500.00000000 291.63235294
498.76470588 305.04411765
513.05882353 306.27941176
524.70588235 320.04411765
548.52941176 328.51470588
544.29411765 296.57352941
549.76470588 307.69117647
540.58823529 270.10294118
479.17647059 296.57352941
484.29411765 299.75000000
485.52941176 281.75000000
518.52941176 270.10294118
522.23529412 340.51470588
507.23529412 336.63235294
454.29411765 272.04411765
497.70588235 215.57352941
519.05882353 220.16176471
524.70588235 204.10294118
532.64705882 207.10294118
542.70588235 202.69117647
540.23529412 210.10294118
536.00000000 224.39705882
538.47058824 234.45588235
545.35294118 228.80882353
558.58823529 242.22058824
552.05882353 237.27941176
553.64705882 256.51470588
528.23529412 258.98529412
502.11764706 252.10294118
489.41176471 225.80882353
432.23529412 211.86764706
419.70588235 211.33823529
438.41176471 209.39705882
410.52941176 207.10294118
457.64705882 254.75000000
467.70588235 249.45588235
542.35294118 220.51470588
499.82352941 203.22058824
329.52941176 175.33823529
315.23529412 171.80882353
306.41176471 164.39705882
331.11764706 160.51470588
339.23529412 158.04411765
348.58823529 173.39705882
351.41176471 168.10294118
362.52941176 179.39705882
358.47058824 175.69117647
372.76470588 170.92647059
379.29411765 180.27941176
385.11764706 183.10294118
394.82352941 176.75000000
390.23529412 170.22058824
385.29411765 163.86764706
373.29411765 156.45588235
389.00000000 153.98529412
401.17647059 155.39705882
400.29411765 166.33823529
400.47058824 202.33823529
386.52941176 207.63235294
388.29411765 216.98529412
402.94117647 216.80882353
397.82352941 210.63235294
388.47058824 197.75000000
428.70588235 167.75000000
432.94117647 183.63235294
422.70588235 183.10294118
432.58823529 203.04411765
422.88235294 203.57352941
410.17647059 193.33823529
406.47058824 169.69117647
440.88235294 157.16176471
445.64705882 191.22058824
431.17647059 153.63235294
419.52941176 155.22058824
414.94117647 152.92647059
423.41176471 168.10294118
322.64705882 228.10294118
323.52941176 234.80882353
314.61764706 179.39705882
567.14705882 344.92647059
581.97058824 342.10294118
585.50000000 331.16176471
582.32352941 312.45588235
591.50000000 296.57352941
579.85294118 300.80882353
567.50000000 303.27941176
563.26470588 292.69117647
533.97058824 293.75000000
567.14705882 271.16176471
561.50000000 277.16176471
585.14705882 286.33823529
590.08823529 258.10294118
594.67647059 239.75000000
585.85294118 198.45588235
595.38235294 194.57352941
584.08823529 184.69117647
593.97058824 180.10294118
470.44117647 187.16176471
457.38235294 183.98529412
401.61764706 194.22058824
485.61764706 193.86764706
478.82352941 236.04411765
529.11764706 189.80882353
537.23529412 192.80882353
527.88235294 197.57352941
518.88235294 194.39705882
512.17647059 191.22058824
554.52941176 189.10294118
558.76470588 213.63235294
559.82352941 207.27941176
569.35294118 237.63235294
583.82352941 211.33823529
591.41176471 204.63235294
588.76470588 218.57352941
462.23529412 191.04411765
457.29411765 203.39705882
432.94117647 140.39705882
417.23529412 137.04411765
413.52941176 131.92647059
447.94117647 142.33823529
457.11764706 164.04411765
451.47058824 176.75000000
471.05882353 174.80882353
494.17647059 176.75000000
488.17647059 173.92647059
495.94117647 166.69117647
516.76470588 172.69117647
506.52941176 184.16176471
527.70588235 177.98529412
537.23529412 185.57352941
548.52941176 168.27941176
541.29411765 147.45588235
516.23529412 131.75000000
503.88235294 131.04411765
497.88235294 136.69117647
489.76470588 138.27941176
486.05882353 135.98529412
426.58823529 133.86764706
421.47058824 133.51470588
473.35294118 152.92647059
481.11764706 146.22058824
465.41176471 144.80882353
471.76470588 160.86764706
512.52941176 144.10294118
519.58823529 164.04411765
494.52941176 154.69117647
512.88235294 135.98529412
539.35294118 132.27941176
529.64705882 131.75000000
544.64705882 132.98529412
551.35294118 134.92647059
542.70588235 166.33823529
593.00000000 140.04411765
579.76470588 131.92647059
583.47058824 124.86764706
578.17647059 140.92647059
587.35294118 170.22058824
582.23529412 177.63235294
563.17647059 160.16176471
564.94117647 169.33823529
564.58823529 175.69117647
561.76470588 185.39705882
572.00000000 175.51470588
570.58823529 180.63235294
539.00000000 128.04411765
560.88235294 132.98529412
577.29411765 127.33823529
564.58823529 123.80882353
556.29411765 126.10294118
533.00000000 148.33823529
533.88235294 157.69117647
509.88235294 155.92647059
472.47058824 131.92647059
419.35294118 202.33823529
156.41176471 42.78676471
156.58823529 34.13970588
153.94117647 27.78676471
163.29411765 31.66911765
152.88235294 3.25735294
156.23529412 7.49264706
158.88235294 4.84558824
164.70588235 4.84558824
183.05882353 3.61029412
185.17647059 11.19852941
191.70588235 13.49264706
199.11764706 8.90441176
189.58823529 8.37500000
196.64705882 16.31617647
201.58823529 31.13970588
198.58823529 60.96323529
184.29411765 57.61029412
188.88235294 57.25735294
151.82352941 62.19852941
151.29411765 70.84558824
164.52941176 44.55147059
168.94117647 41.90441176
147.05882353 33.96323529
175.64705882 44.02205882
179.17647059 41.55147059
186.05882353 38.55147059
180.94117647 33.43382353
180.76470588 26.55147059
188.52941176 21.08088235
199.64705882 41.55147059
195.76470588 48.08088235
188.88235294 45.78676471
180.23529412 48.96323529
185.52941176 54.25735294
167.88235294 60.96323529
159.41176471 58.84558824
247.64705882 155.52941176
242.52941176 150.94117647
237.58823529 142.82352941
254.70588235 149.70588235
253.64705882 140.17647059
263.00000000 150.23529412
267.23529412 153.94117647
270.23529412 161.00000000
276.94117647 153.05882353
272.00000000 143.52941176
266.17647059 126.58823529
279.05882353 137.52941176
285.76470588 123.58823529
281.52941176 124.47058824
273.58823529 129.58823529
273.05882353 115.82352941
282.41176471 110.88235294
276.76470588 106.64705882
271.11764706 100.29411765
259.11764706 108.58823529
260.52941176 115.82352941
247.11764706 107.35294118
245.52941176 121.47058824
238.29411765 120.76470588
241.82352941 131.35294118
254.35294118 103.64705882
248.35294118 99.05882353
292.47058824 114.94117647
301.47058824 137.35294118
293.70588235 129.05882353
285.23529412 142.82352941
304.11764706 152.52941176
310.11764706 149.70588235
313.64705882 134.70588235
311.17647059 128.35294118
323.35294118 138.58823529
321.41176471 129.41176471
321.23529412 119.70588235
325.29411765 104.70588235
337.47058824 122.70588235
335.35294118 114.76470588
334.29411765 105.94117647
343.47058824 108.41176471
351.05882353 112.64705882
342.41176471 149.35294118
353.70588235 137.00000000
350.88235294 130.82352941
342.94117647 136.29411765
365.17647059 126.94117647
357.23529412 129.05882353
361.82352941 110.52941176
356.17647059 102.76470588
383.17647059 106.47058824
383.52941176 118.47058824
383.52941176 130.82352941
377.35294118 124.82352941
378.41176471 96.94117647
312.94117647 103.47058824
301.29411765 99.76470588
257.88235294 157.11764706
249.94117647 163.29411765
237.76470588 159.58823529
287.17647059 150.58823529
296.52941176 150.58823529
318.05882353 151.82352941
327.23529412 149.70588235
209.35294118 46.29411765
215.35294118 48.76470588
221.88235294 55.11764706
222.94117647 45.05882353
225.76470588 52.47058824
230.88235294 45.58823529
230.88235294 54.23529412
238.47058824 51.41176471
223.11764706 65.88235294
228.41176471 61.11764706
219.58823529 60.94117647
231.41176471 70.29411765
230.17647059 79.64705882
238.64705882 85.29411765
233.35294118 95.17647059
235.29411765 104.70588235
233.88235294 111.23529412
243.05882353 92.00000000
256.11764706 88.11764706
260.35294118 83.17647059
254.70588235 75.94117647
211.11764706 67.29411765
270.41176471 95.17647059
269.52941176 54.41176471
302.88235294 61.11764706
294.94117647 61.64705882
293.17647059 55.47058824
297.76470588 49.29411765
303.05882353 42.76470588
314.00000000 52.64705882
316.11764706 60.58823529
310.82352941 58.11764706
314.17647059 71.88235294
306.23529412 67.29411765
306.94117647 78.94117647
297.76470588 82.47058824
311.17647059 97.29411765
271.47058824 45.05882353
261.05882353 45.58823529
283.47058824 68.00000000
286.11764706 75.94117647
286.64705882 95.70588235
316.82352941 119.70588235
258.58823529 66.05882353
210.05882353 7.07352941
218.17647059 4.77941176
224.88235294 6.01470588
230.35294118 4.60294118
237.23529412 5.83823529
232.47058824 10.42647059
227.00000000 15.36764706
221.52941176 10.77941176
225.05882353 21.89705882
232.82352941 18.19117647
237.58823529 14.48529412
240.58823529 9.89705882
245.00000000 10.77941176
253.11764706 10.07352941
257.88235294 4.60294118
246.58823529 3.54411765
259.47058824 10.42647059
252.23529412 14.48529412
221.88235294 31.95588235
213.05882353 28.77941176
204.05882353 35.66176471
234.58823529 34.60294118
245.00000000 42.36764706
240.76470588 39.36764706
263.17647059 18.54411765
267.05882353 15.19117647
267.05882353 3.89705882
279.58823529 7.77941176
283.29411765 13.25000000
285.23529412 16.60294118
276.58823529 16.07352941
273.41176471 21.36764706
277.11764706 12.36764706
274.11764706 3.89705882
265.11764706 25.77941176
271.11764706 33.72058824
282.05882353 23.30882353
280.29411765 31.07352941
281.35294118 36.89705882
281.35294118 44.30882353
293.17647059 6.54411765
296.88235294 17.13235294
301.11764706 16.60294118
305.35294118 25.25000000
307.47058824 7.25000000
321.23529412 9.72058824
324.58823529 15.19117647
324.76470588 20.66176471
314.00000000 16.25000000
308.00000000 15.89705882
315.76470588 7.60294118
322.82352941 31.77941176
324.76470588 38.66176471
319.82352941 43.42647059
316.29411765 40.60294118
321.41176471 51.19117647
319.47058824 67.42647059
325.82352941 69.72058824
322.82352941 83.83823529
293.88235294 32.48529412
298.64705882 29.83823529
264.05882353 34.60294118
247.11764706 19.77941176
253.82352941 39.19117647
257.70588235 41.83823529
204.85294118 4.95588235
285.32352941 5.66176471
293.08823529 19.77941176
291.32352941 65.30882353
340.02941176 9.54411765
334.73529412 15.89705882
338.97058824 15.54411765
332.61764706 21.19117647
338.26470588 24.01470588
329.08823529 26.83823529
336.85294118 29.30882353
330.85294118 34.60294118
338.26470588 37.07352941
343.91176471 32.13235294
341.44117647 60.01470588
329.79411765 54.36764706
335.08823529 74.83823529
372.14705882 86.13235294
363.67647059 68.83823529
352.02941176 61.42647059
361.55882353 62.83823529
369.32352941 63.19117647
368.97058824 53.66176471
358.02941176 53.30882353
363.67647059 46.95588235
352.73529412 42.72058824
356.26470588 36.72058824
355.91176471 32.83823529
363.32352941 32.13235294
362.26470588 24.36764706
371.79411765 28.95588235
374.61764706 37.07352941
378.85294118 30.36764706
380.61764706 19.77941176
392.26470588 4.25000000
392.61764706 14.48529412
398.97058824 11.66176471
408.14705882 7.07352941
402.50000000 20.48529412
391.55882353 24.36764706
397.91176471 28.60294118
408.14705882 24.36764706
412.02941176 26.13235294
414.85294118 31.77941176
418.73529412 23.66176471
413.79411765 19.77941176
420.50000000 16.95588235
415.55882353 12.01470588
433.55882353 8.13235294
428.61764706 8.48529412
440.61764706 15.89705882
437.79411765 24.36764706
425.79411765 31.07352941
430.38235294 31.42647059
424.02941176 38.83823529
428.26470588 46.25000000
433.55882353 51.54411765
440.61764706 56.48529412
420.85294118 66.36764706
430.38235294 61.77941176
436.38235294 73.07352941
446.61764706 71.30882353
446.97058824 77.30882353
442.02941176 81.54411765
450.14705882 90.72058824
448.02941176 104.83823529
438.50000000 102.36764706
431.79411765 121.07352941
449.08823529 118.95588235
461.08823529 107.30882353
421.20588235 103.42647059
419.08823529 94.95588235
411.67647059 86.83823529
420.14705882 81.54411765
411.32352941 109.77941176
398.97058824 122.13235294
398.61764706 136.60294118
397.20588235 145.42647059
377.08823529 143.66176471
396.50000000 40.25000000
406.02941176 47.66176471
408.14705882 40.60294118
396.85294118 36.36764706
405.67647059 32.13235294
391.91176471 36.36764706
387.32352941 33.89705882
397.55882353 51.54411765
378.14705882 61.42647059
380.26470588 72.36764706
390.14705882 66.72058824
384.85294118 61.77941176
385.91176471 51.19117647
375.67647059 46.60294118
397.91176471 67.77941176
403.20588235 75.19117647
393.67647059 81.89705882
388.38235294 85.77941176
398.26470588 95.66176471
401.79411765 87.54411765
447.32352941 45.54411765
444.85294118 38.83823529
447.67647059 32.83823529
452.61764706 36.01470588
452.26470588 45.89705882
456.50000000 51.89705882
458.26470588 42.01470588
462.85294118 37.07352941
460.02941176 30.72058824
459.67647059 24.36764706
454.38235294 19.42647059
444.14705882 22.25000000
381.23529412 10.66911765
377.35294118 6.43382353
356.88235294 8.02205882
347.52941176 13.31617647
356.88235294 17.55147059
348.58823529 28.66911765
349.64705882 51.43382353
354.58823529 71.55147059
382.11764706 46.49264706
404.00000000 8.02205882
460.82352941 5.02205882
476.70588235 14.37500000
483.76470588 17.55147059
483.94117647 27.78676471
473.52941176 22.84558824
475.29411765 31.66911765
480.05882353 45.78676471
476.35294118 74.02205882
467.70588235 74.72794118
448.29411765 53.02205882
442.47058824 28.13970588
414.76470588 47.72794118
414.58823529 56.90441176
424.11764706 52.13970588
405.23529412 63.43382353
388.47058824 16.31617647
369.76470588 74.02205882
418.11764706 76.13970588
471.05882353 93.36764706
479.00000000 89.48529412
483.76470588 97.60294118
477.76470588 116.13235294
468.94117647 112.60294118
474.76470588 108.01470588
470.70588235 84.19117647
433.11764706 91.95588235
421.47058824 88.25000000
429.76470588 107.66176471
423.94117647 118.60294118
436.82352941 132.89705882
441.76470588 128.30882353
371.52941176 145.60294118
363.94117647 85.07352941
371.70588235 98.13235294
527.17647059 108.01470588
524.00000000 121.42647059
504.05882353 120.19117647
511.82352941 121.42647059
497.88235294 118.60294118
566.17647059 110.48529412
549.94117647 117.72058824
561.94117647 100.95588235
545.52941176 105.01470588
579.23529412 109.77941176
593.52941176 110.30882353
587.17647059 104.83823529
486.23529412 107.13235294
499.11764706 107.83823529
469.47058824 132.72058824
550.47058824 106.60294118
512.88235294 66.01470588
519.58823529 72.89705882
509.17647059 77.83823529
502.11764706 94.77941176
489.41176471 69.72058824
547.82352941 66.19117647
548.00000000 75.36764706
536.17647059 66.36764706
539.70588235 72.36764706
525.58823529 74.30882353
527.35294118 66.36764706
514.11764706 86.83823529
513.76470588 97.07352941
522.58823529 88.42647059
450.94117647 63.72058824
456.94117647 82.07352941
407.00000000 99.01470588
461.88235294 19.25000000
494.35294118 26.66176471
506.70588235 25.77941176
513.41176471 33.01470588
521.70588235 28.60294118
515.00000000 24.89705882
516.76470588 19.60294118
508.64705882 19.60294118
498.23529412 27.54411765
502.64705882 21.89705882
498.41176471 18.72058824
498.23529412 15.01470588
503.70588235 15.72058824
522.23529412 36.36764706
541.29411765 22.42647059
550.64705882 22.60294118
548.88235294 18.19117647
546.23529412 15.72058824
562.11764706 17.13235294
557.35294118 29.13235294
547.64705882 33.54411765
544.47058824 37.77941176
553.29411765 33.72058824
555.58823529 37.60294118
560.70588235 32.30882353
561.94117647 38.48529412
565.29411765 48.72058824
563.17647059 62.13235294
563.88235294 89.66176471
557.17647059 67.42647059
552.58823529 54.72058824
544.82352941 47.30882353
504.94117647 42.19117647
496.82352941 47.83823529
505.82352941 48.72058824
506.52941176 55.07352941
515.00000000 55.60294118
506.88235294 60.89705882
501.94117647 66.19117647
489.23529412 51.19117647
481.64705882 23.13235294
447.23529412 16.77941176
463.64705882 93.72058824
443.35294118 92.13235294
530.52941176 22.60294118
532.29411765 51.54411765
555.58823529 63.36764706
174.67647059 11.66176471
166.55882353 23.30882353
169.38235294 11.66176471
251.26470588 4.25000000
256.55882353 29.66176471
223.73529412 78.72058824
197.97058824 83.30882353
191.61764706 88.60294118
156.67647059 81.89705882
162.32352941 82.60294118
156.67647059 77.66176471
150.67647059 53.30882353
153.14705882 50.13235294
118.55882353 49.07352941
61.73529412 90.72058824
54.67647059 87.54411765
54.32352941 123.89705882
71.97058824 108.01470588
79.73529412 120.72058824
185.26470588 72.72058824
190.91176471 66.36764706
205.73529412 64.25000000
228.32352941 130.25000000
220.91176471 130.95588235
250.55882353 133.07352941
259.73529412 124.60294118
255.14705882 122.13235294
271.73529412 83.30882353
288.67647059 29.66176471
331.02941176 93.19117647
334.91176471 87.54411765
343.38235294 53.30882353
341.97058824 46.60294118
335.97058824 4.25000000
324.67647059 95.66176471
299.26470588 108.01470588
295.73529412 158.13235294
221.97058824 117.19117647
226.55882353 118.60294118
225.14705882 145.07352941
225.32352941 159.05882353
409.02941176 59.52941176
433.38235294 40.11764706
465.85294118 57.41176471
465.85294118 48.94117647
478.91176471 54.58823529
484.55882353 58.11764706
476.08823529 62.00000000
520.55882353 99.41176471
558.32352941 57.76470588
561.85294118 43.29411765
555.85294118 45.05882353
551.97058824 41.52941176
541.02941176 47.17647059
541.73529412 56.00000000
545.61764706 54.58823529
579.50000000 70.82352941
566.44117647 71.88235294
561.14705882 75.76470588
562.91176471 82.82352941
559.02941176 72.58823529
580.20588235 97.29411765
582.32352941 91.64705882
578.08823529 87.05882353
571.73529412 87.05882353
567.85294118 98.00000000
572.08823529 93.05882353
592.20588235 84.23529412
595.02941176 77.88235294
597.14705882 57.76470588
591.50000000 54.94117647
586.91176471 60.23529412
582.67647059 54.58823529
203.61764706 234.23529412
391.38235294 93.05882353
398.08823529 85.29411765
389.26470588 110.70588235
387.50000000 119.88235294
381.85294118 150.58823529
380.44117647 191.52941176
325.38235294 113.17647059
305.97058824 33.41176471
458.08823529 95.52941176
439.73529412 113.52941176
437.61764706 125.52941176
426.67647059 125.88235294
524.08823529 32.70588235
515.97058824 40.82352941
467.61764706 32.35294118
464.79411765 44.70588235
570.32352941 64.82352941
570.67647059 45.76470588
576.67647059 44.70588235
570.32352941 35.17647059
568.20588235 32.35294118
586.91176471 47.52941176
580.55882353 47.17647059
583.73529412 33.76470588
380.79411765 83.17647059
353.26470588 54.58823529
359.61764706 40.11764706
352.55882353 325.51470588
360.32352941 337.86764706
369.50000000 331.86764706
374.44117647 345.98529412
389.26470588 344.22058824
395.97058824 319.86764706
389.97058824 308.22058824
410.79411765 284.57352941
497.97058824 313.16176471
481.73529412 328.69117647
537.14705882 321.98529412
547.38235294 321.98529412
541.02941176 331.16176471
525.85294118 213.98529412
549.14705882 182.22058824
565.38235294 224.92647059
588.67647059 235.86764706
580.20588235 219.27941176
571.73529412 259.51470588
574.20588235 263.04411765
471.50000000 201.63235294
410.44117647 178.69117647
406.20588235 206.22058824
425.61764706 100.95588235
402.32352941 114.72058824
398.79411765 105.54411765
354.32352941 9.54411765
349.38235294 18.72058824
421.73529412 13.07352941
428.08823529 14.83823529
499.73529412 7.07352941
505.02941176 9.19117647
511.38235294 8.13235294
518.79411765 9.19117647
537.14705882 10.60294118
532.20588235 10.60294118
538.20588235 3.19117647
542.08823529 16.60294118
552.67647059 7.42647059
545.61764706 6.72058824
554.79411765 11.66176471
553.73529412 15.54411765
562.55882353 9.89705882
585.14705882 4.25000000
593.61764706 24.36764706
573.85294118 25.42647059
569.61764706 20.48529412
565.73529412 27.89705882
561.85294118 26.48529412
584.44117647 22.95588235
582.32352941 15.54411765
580.91176471 9.19117647
592.91176471 16.95588235
586.55882353 28.25000000
545.61764706 29.30882353
498.32352941 55.07352941
521.26470588 60.01470588
509.26470588 83.66176471
472.91176471 60.72058824
358.20588235 28.25000000
398.79411765 5.66176471
408.67647059 16.60294118
263.26470588 205.07352941
308.08823529 42.72058824
338.08823529 41.30882353
371.26470588 112.25000000
403.38235294 132.72058824
420.67647059 125.66176471
344.44117647 26.48529412
453.85294118 8.48529412
448.55882353 3.19117647
365.97058824 153.89705882
440.61764706 253.64705882
424.38235294 260.00000000
170.26470588 246.58823529
151.20588235 179.52941176
139.91176471 179.52941176
20.61764706 149.88235294
22.73529412 144.94117647
22.73529412 48.94117647
19.91176471 30.58823529
26.97058824 283.29411765
19.20588235 292.47058824
24.85294118 3.05882353
30.50000000 5.88235294
41.08823529 3.05882353
360.14705882 17.88235294
176.44117647 103.42647059
255.14705882 21.54411765
111.50000000 53.30882353
82.20588235 19.42647059
59.26470588 4.60294118
325.02941176 47.66176471
294.67647059 100.95588235
266.44117647 109.07352941
109.02941176 150.01470588
568.20588235 8.13235294
492.32352941 20.48529412
494.08823529 11.66176471
317.26470588 208.25000000
318.32352941 73.77941176
341.61764706 200.83823529
374.79411765 210.01470588
503.97058824 110.48529412
511.02941176 112.95588235
561.32352941 120.94117647
472.38235294 36.94117647
114.08641359 252.12387612
