328.57692308 433.57692308
309.34615385 408.96153846
275.50000000 430.50000000
277.80769231 402.80769231
207.03846154 410.50000000
231.65384615 435.11538462
171.65384615 418.96153846
142.42307692 440.50000000
116.26923077 423.57692308
85.50000000 427.42307692
44.73076923 432.80769231
98.57692308 385.88461538
141.65384615 378.96153846
170.11538462 360.50000000
208.57692308 385.11538462
228.57692308 362.03846154
264.73076923 362.03846154
294.73076923 349.73076923
329.34615385 367.42307692
354.73076923 387.42307692
408.57692308 395.11538462
367.03846154 358.96153846
448.57692308 369.73076923
481.65384615 399.73076923
455.50000000 434.34615385
430.88461538 445.11538462
535.50000000 388.96153846
517.03846154 358.96153846
539.34615385 328.19230769
590.88461538 421.26923077
572.42307692 374.34615385
603.19230769 371.26923077
642.42307692 400.50000000
650.11538462 358.96153846
638.57692308 344.34615385
659.34615385 317.42307692
709.34615385 322.03846154
723.96153846 326.65384615
668.57692308 303.57692308
679.34615385 292.80769231
674.73076923 271.26923077
651.65384615 260.50000000
619.34615385 263.57692308
617.03846154 298.19230769
541.65384615 300.50000000
481.65384615 288.96153846
452.42307692 311.26923077
423.96153846 302.03846154
388.57692308 280.50000000
419.34615385 278.96153846
442.42307692 272.80769231
547.80769231 267.42307692
577.80769231 268.19230769
737.80769231 267.42307692
727.80769231 294.34615385
744.73076923 337.42307692
761.65384615 248.19230769
706.26923077 230.50000000
504.73076923 285.88461538
492.42307692 247.42307692
508.57692308 271.26923077
507.80769231 218.96153846
449.34615385 235.88461538
410.11538462 242.03846154
363.19230769 248.19230769
340.88461538 248.19230769
311.65384615 257.42307692
336.26923077 299.73076923
338.57692308 333.57692308
296.26923077 318.19230769
480.88461538 251.26923077
481.65384615 192.80769231
568.57692308 221.26923077
544.73076923 245.88461538
525.50000000 235.11538462
543.96153846 206.65384615
554.73076923 185.88461538
422.42307692 212.03846154
444.73076923 208.19230769
401.65384615 228.19230769
376.26923077 238.96153846
360.88461538 195.11538462
307.80769231 224.34615385
247.03846154 268.96153846
235.50000000 287.42307692
196.26923077 291.26923077
193.96153846 272.80769231
134.73076923 299.73076923
147.03846154 349.73076923
111.65384615 362.80769231
110.11538462 345.88461538
117.03846154 326.65384615
51.65384615 352.03846154
56.26923077 321.26923077
24.73076923 325.11538462
65.50000000 302.80769231
19.34615385 303.57692308
20.88461538 360.50000000
7.03846154 395.11538462
43.19230769 410.50000000
277.03846154 288.96153846
297.80769231 284.34615385
311.65384615 287.42307692
268.57692308 312.80769231
88.76923077 368.19230769
209.92307692 333.19230769
188.00000000 316.26923077
223.38461538 311.26923077
249.15384615 335.50000000
264.53846154 334.73076923
228.00000000 244.73076923
207.23076923 274.34615385
160.30769231 243.96153846
132.23076923 239.34615385
105.69230769 278.19230769
116.84615385 282.80769231
101.84615385 309.73076923
83.76923077 327.42307692
98.76923077 293.19230769
169.34615385 288.96153846
157.80769231 314.34615385
144.73076923 328.96153846
80.88461538 229.73076923
61.65384615 218.96153846
45.50000000 245.88461538
27.03846154 245.88461538
13.96153846 268.96153846
42.42307692 278.19230769
70.11538462 268.96153846
193.96153846 238.96153846
422.42307692 337.42307692
380.88461538 334.34615385
473.96153846 355.11538462
512.42307692 337.42307692
617.80769231 245.88461538
588.57692308 231.26923077
280.11538462 238.96153846
278.57692308 219.73076923
270.11538462 189.73076923
202.42307692 221.26923077
118.00000000 233.76923077
94.92307692 224.53846154
21.07692308 220.30769231
70.30769231 206.07692308
155.69230769 225.69230769
161.46153846 210.30769231
148.00000000 198.76923077
184.53846154 191.07692308
96.07692308 198.00000000
64.53846154 180.30769231
51.07692308 202.61538462
31.84615385 209.53846154
246.46153846 223.76923077
229.92307692 210.30769231
255.30769231 189.53846154
236.07692308 168.76923077
219.15384615 198.76923077
334.15384615 205.30769231
320.30769231 191.84615385
305.30769231 197.61538462
291.07692308 204.15384615
348.76923077 177.61538462
362.23076923 161.46153846
343.76923077 164.53846154
322.61538462 164.53846154
323.76923077 136.46153846
288.38461538 179.92307692
239.92307692 253.38461538
79.15384615 252.23076923
38.00000000 188.00000000
11.84615385 194.53846154
13.76923077 178.76923077
6.46153846 174.53846154
22.23076923 153.38461538
32.23076923 125.69230769
46.07692308 142.23076923
55.30769231 144.53846154
64.53846154 144.92307692
65.69230769 160.69230769
47.61538462 173.00000000
79.15384615 174.15384615
108.38461538 186.46153846
94.92307692 174.92307692
106.07692308 170.30769231
101.07692308 146.46153846
129.92307692 163.76923077
125.69230769 151.46153846
145.30769231 153.38461538
159.15384615 177.23076923
174.15384615 178.76923077
139.92307692 183.76923077
181.46153846 172.23076923
202.23076923 172.23076923
209.15384615 161.84615385
199.15384615 159.53846154
203.76923077 149.92307692
184.15384615 149.92307692
169.53846154 142.61538462
185.69230769 118.00000000
157.23076923 126.07692308
122.61538462 110.69230769
151.46153846 101.46153846
29.15384615 102.61538462
51.07692308 104.15384615
66.07692308 105.69230769
83.38461538 107.23076923
96.84615385 103.00000000
106.46153846 101.46153846
119.92307692 100.69230769
221.46153846 105.69230769
230.30769231 106.84615385
222.61538462 124.92307692
237.61538462 129.92307692
204.15384615 137.23076923
261.84615385 141.07692308
278.38461538 143.38461538
278.76923077 166.07692308
311.84615385 169.53846154
334.92307692 190.69230769
327.61538462 181.46153846
349.53846154 187.61538462
338.38461538 228.38461538
303.76923077 239.92307692
293.00000000 249.53846154
361.07692308 303.76923077
369.53846154 263.38461538
384.15384615 277.61538462
353.38461538 279.53846154
380.30769231 197.61538462
377.61538462 187.61538462
361.07692308 146.07692308
381.84615385 149.15384615
372.61538462 141.84615385
368.38461538 124.53846154
359.53846154 124.92307692
353.38461538 129.92307692
342.23076923 113.76923077
348.76923077 111.07692308
354.53846154 104.15384615
323.38461538 117.61538462
305.30769231 114.92307692
322.23076923 104.15384615
283.00000000 111.46153846
268.00000000 111.46153846
262.23076923 104.15384615
249.15384615 106.07692308
194.92307692 98.76923077
113.38461538 123.00000000
135.30769231 118.76923077
95.69230769 163.76923077
11.84615385 85.11538462
11.84615385 63.57692308
9.92307692 52.03846154
19.92307692 26.65384615
32.61538462 15.88461538
41.84615385 37.42307692
29.15384615 53.57692308
38.76923077 60.11538462
49.92307692 56.65384615
53.00000000 31.65384615
56.46153846 31.26923077
68.00000000 55.50000000
68.38461538 83.19230769
38.38461538 77.80769231
87.61538462 58.57692308
81.84615385 35.88461538
81.07692308 29.73076923
84.92307692 4.73076923
54.53846154 4.73076923
34.92307692 3.96153846
99.92307692 15.50000000
102.23076923 27.80769231
120.30769231 7.80769231
132.23076923 17.42307692
135.30769231 8.96153846
141.46153846 10.88461538
156.84615385 10.88461538
152.61538462 10.50000000
144.15384615 30.50000000
155.69230769 29.34615385
168.76923077 29.34615385
163.00000000 30.88461538
154.92307692 35.88461538
134.53846154 36.26923077
118.00000000 41.26923077
104.92307692 58.57692308
121.84615385 66.65384615
66.84615385 130.50000000
76.84615385 188.19230769
158.00000000 151.65384615
171.46153846 91.65384615
166.46153846 78.19230769
164.92307692 73.96153846
143.38461538 72.42307692
178.00000000 74.34615385
192.61538462 74.34615385
176.46153846 58.57692308
180.69230769 38.96153846
179.92307692 17.03846154
194.92307692 11.65384615
191.46153846 6.26923077
212.61538462 7.80769231
213.00000000 29.34615385
210.69230769 25.50000000
204.92307692 30.50000000
214.15384615 45.88461538
199.53846154 62.80769231
211.84615385 64.73076923
210.69230769 58.57692308
199.92307692 52.03846154
223.38461538 56.65384615
230.30769231 60.11538462
219.53846154 75.11538462
212.23076923 78.96153846
223.76923077 81.65384615
214.15384615 92.42307692
240.30769231 93.96153846
248.76923077 95.50000000
238.76923077 82.03846154
254.53846154 63.19230769
257.23076923 82.03846154
271.46153846 71.65384615
239.92307692 52.80769231
248.38461538 48.57692308
259.92307692 44.73076923
260.69230769 37.80769231
254.53846154 17.03846154
237.23076923 7.42307692
230.30769231 5.50000000
259.92307692 5.11538462
274.15384615 6.26923077
271.84615385 22.42307692
291.84615385 20.11538462
296.07692308 12.03846154
307.23076923 14.34615385
285.69230769 31.65384615
278.00000000 46.65384615
271.84615385 41.65384615
279.92307692 55.11538462
276.46153846 63.57692308
286.07692308 75.11538462
280.69230769 89.73076923
279.15384615 96.65384615
251.46153846 116.26923077
274.92307692 125.88461538
299.53846154 89.73076923
314.15384615 93.96153846
303.38461538 76.26923077
314.15384615 73.57692308
321.07692308 77.03846154
332.23076923 76.65384615
339.53846154 80.50000000
332.23076923 68.19230769
317.23076923 64.34615385
298.76923077 64.34615385
294.15384615 71.65384615
303.00000000 55.11538462
326.07692308 54.73076923
318.76923077 35.88461538
309.15384615 33.57692308
297.23076923 31.65384615
326.46153846 21.65384615
326.84615385 14.73076923
341.46153846 11.65384615
351.07692308 20.88461538
368.00000000 23.96153846
360.69230769 7.80769231
348.00000000 32.42307692
361.46153846 37.80769231
356.46153846 42.42307692
333.76923077 39.34615385
339.53846154 48.19230769
333.38461538 57.80769231
353.38461538 68.19230769
354.53846154 85.88461538
332.61538462 93.96153846
343.38461538 93.96153846
381.84615385 99.73076923
383.38461538 110.50000000
383.00000000 87.80769231
369.53846154 89.73076923
368.38461538 61.65384615
383.76923077 73.57692308
383.38461538 64.34615385
371.46153846 50.11538462
384.53846154 49.73076923
382.61538462 20.88461538
333.38461538 17.42307692
219.53846154 37.42307692
191.07692308 39.73076923
133.00000000 73.96153846
391.26923077 40.50000000
407.80769231 29.73076923
408.57692308 18.57692308
400.11538462 20.88461538
393.57692308 9.34615385
389.73076923 10.50000000
426.65384615 11.65384615
428.19230769 26.26923077
437.42307692 22.42307692
418.57692308 23.96153846
414.34615385 65.50000000
407.03846154 72.42307692
394.34615385 67.03846154
392.42307692 59.34615385
390.88461538 80.88461538
402.42307692 82.03846154
413.19230769 81.65384615
427.03846154 79.34615385
418.96153846 73.57692308
424.34615385 69.73076923
423.19230769 85.88461538
427.80769231 113.19230769
410.11538462 120.50000000
393.96153846 123.19230769
423.57692308 175.11538462
399.34615385 187.03846154
421.65384615 168.19230769
433.96153846 172.80769231
415.50000000 167.80769231
437.42307692 132.42307692
426.65384615 99.73076923
438.57692308 44.73076923
437.80769231 35.11538462
433.57692308 8.19230769
441.65384615 187.80769231
443.19230769 200.88461538
456.65384615 215.11538462
480.11538462 210.88461538
277.80769231 158.57692308
490.50000000 211.26923077
500.50000000 190.50000000
505.50000000 198.96153846
513.96153846 181.26923077
480.88461538 163.57692308
459.34615385 166.26923077
465.50000000 152.80769231
446.26923077 145.11538462
447.42307692 125.88461538
455.11538462 118.57692308
458.19230769 123.19230769
474.34615385 120.50000000
483.96153846 101.65384615
472.42307692 96.65384615
439.73076923 80.50000000
458.96153846 75.50000000
474.73076923 80.88461538
483.19230769 85.11538462
490.88461538 77.80769231
503.57692308 100.11538462
508.96153846 112.42307692
512.42307692 101.65384615
512.03846154 66.65384615
510.50000000 29.34615385
495.11538462 35.88461538
485.88461538 27.80769231
481.26923077 21.26923077
486.26923077 16.26923077
453.19230769 48.19230769
448.96153846 36.65384615
450.88461538 28.57692308
458.19230769 28.57692308
466.26923077 20.11538462
445.88461538 7.42307692
455.50000000 7.42307692
470.50000000 3.96153846
515.50000000 4.73076923
529.34615385 35.88461538
537.42307692 35.88461538
543.57692308 35.88461538
532.03846154 59.34615385
520.88461538 59.34615385
544.73076923 73.57692308
533.96153846 85.11538462
520.88461538 123.19230769
524.34615385 145.11538462
499.73076923 132.42307692
520.88461538 167.80769231
555.88461538 174.34615385
548.96153846 145.11538462
562.80769231 138.57692308
578.19230769 139.73076923
598.19230769 159.34615385
612.80769231 155.88461538
581.26923077 175.88461538
613.19230769 187.80769231
630.88461538 187.03846154
601.26923077 197.42307692
625.11538462 203.57692308
622.80769231 130.50000000
618.57692308 137.42307692
610.50000000 142.03846154
608.19230769 128.57692308
600.50000000 93.96153846
641.26923077 95.50000000
590.50000000 48.19230769
577.80769231 49.73076923
565.50000000 55.88461538
582.03846154 38.96153846
584.34615385 35.11538462
564.34615385 14.34615385
571.26923077 10.88461538
590.50000000 11.65384615
595.50000000 11.65384615
601.65384615 14.34615385
609.34615385 8.96153846
603.19230769 7.42307692
608.96153846 46.65384615
629.73076923 62.03846154
627.80769231 52.42307692
631.26923077 45.88461538
619.34615385 50.11538462
636.65384615 35.88461538
625.88461538 33.96153846
631.26923077 33.57692308
627.42307692 23.96153846
633.96153846 22.42307692
636.26923077 26.26923077
632.03846154 8.96153846
623.19230769 7.80769231
671.26923077 11.65384615
655.11538462 7.80769231
663.57692308 144.73076923
662.80769231 177.03846154
645.50000000 179.73076923
671.65384615 187.03846154
673.96153846 215.88461538
676.65384615 160.88461538
677.42307692 132.42307692
665.11538462 165.11538462
677.42307692 170.88461538
658.96153846 18.19230769
601.65384615 37.03846154
560.88461538 41.65384615
417.03846154 50.88461538
508.96153846 87.03846154
588.19230769 143.19230769
470.30769231 183.19230769
490.30769231 175.11538462
714.53846154 67.03846154
715.30769231 60.50000000
686.84615385 53.19230769
692.23076923 45.88461538
700.30769231 58.19230769
720.69230769 46.65384615
727.61538462 48.19230769
744.53846154 47.03846154
753.76923077 46.65384615
764.53846154 36.65384615
766.07692308 62.03846154
763.38461538 68.19230769
765.30769231 78.96153846
705.69230769 85.88461538
687.23076923 118.19230769
728.00000000 133.19230769
693.38461538 141.26923077
695.30769231 153.57692308
708.00000000 169.73076923
703.76923077 137.80769231
744.53846154 209.34615385
695.30769231 207.42307692
703.00000000 220.50000000
747.23076923 223.57692308
765.69230769 222.03846154
763.00000000 193.57692308
759.53846154 166.26923077
745.30769231 152.03846154
753.00000000 118.19230769
764.53846154 119.73076923
737.23076923 164.73076923
694.92307692 176.26923077
346.84615385 166.65384615
704.15384615 13.19230769
721.46153846 16.26923077
745.69230769 17.03846154
657.61538462 42.03846154
665.69230769 38.57692308
710.69230769 6.26923077
754.92307692 18.19230769
696.07692308 8.19230769
611.84615385 19.73076923
462.61538462 65.88461538
471.46153846 64.73076923
731.07692308 4.73076923
723.76923077 3.57692308
760.40384615 4.34615385
580.11538462 294.53846154
561.65384615 254.15384615
560.11538462 295.69230769
585.11538462 215.30769231
604.34615385 217.23076923
617.03846154 222.61538462
631.26923077 226.07692308
633.96153846 222.61538462
640.88461538 217.23076923
662.03846154 199.15384615
667.03846154 253.76923077
458.00000000 287.23076923
703.00000000 259.15384615
723.00000000 243.00000000
442.42307692 174.92307692
402.80769231 176.84615385
527.03846154 202.61538462
541.26923077 181.07692308
241.26923077 183.76923077
237.42307692 233.00000000
226.65384615 229.15384615
22.61538462 214.92307692
9.92307692 213.76923077
40.69230769 154.92307692
36.46153846 163.00000000
114.53846154 165.69230769
179.92307692 227.61538462
679.34615385 395.11538462
709.34615385 432.80769231
750.11538462 418.19230769
742.42307692 190.11538462
518.57692308 310.11538462
514.73076923 317.03846154
584.15384615 92.13461538
544.53846154 97.32692308
558.96153846 102.90384615
643.19230769 77.71153846
