31.40617284 340.48024691
94.41851852 333.60617284
56.03827160 286.63333333
116.75925926 278.04074074
6.77407407 256.27283951
78.37901235 243.09753086
159.14938272 238.51481481
128.78888889 212.73703704
106.44814815 192.11481481
57.18395062 198.98888889
51.45555556 171.49259259
6.77407407 159.46296296
13.64814815 116.50000000
46.30000000 92.44074074
46.87283951 123.37407407
82.96172840 119.93703704
103.01111111 129.67530864
101.29259259 97.59629630
144.82839506 109.62592593
156.85802469 143.99629630
155.71234568 186.38641975
160.86790123 331.88765432
183.78148148 287.20617284
223.30740741 338.18888889
233.61851852 287.20617284
307.51481481 289.49753086
280.59135802 341.05308642
344.74938272 349.07283951
364.22592593 312.98395062
354.48765432 256.84567901
287.46543210 235.07777778
215.28765432 246.53456790
205.54938272 189.82345679
257.67777778 204.71728395
322.98148148 207.00864198
362.50740741 175.50246914
307.51481481 164.61851852
251.37654321 167.48271605
203.25802469 157.17160494
190.65555556 127.38395062
222.16172840 101.60617284
267.41604938 117.07283951
310.95185185 119.36419753
341.31234568 129.67530864
361.93456790 121.08271605
262.26049383 82.12962963
18.25123457 67.59382716
49.18456790 35.37160494
92.14753086 40.81358025
97.29629630 67.66543210
143.98271605 65.37407407
149.56790123 35.65802469
198.83209877 40.81358025
190.38271605 69.31234568
204.77530864 18.36543210
39.41049383 9.25370370
125.07901235 19.51111111
280.86419753 71.10246914
227.59012346 57.92716049
303.77777778 49.62098765
317.52592593 76.25802469
350.17777778 77.97654321
346.45432099 56.20864198
337.28209877 36.94691358
301.76604938 20.76419753
251.80617284 27.92469136
260.68518519 41.95925926
203.97407407 19.76172840
221.01604938 22.19629630
66.32457293 5.94940867
334.88239159 8.12155059
252.56964520 4.46320631
215.37647832 5.68265440
1.97306176 47.14388962
