21.40409590 532.46803197
6.11938062 534.71578422
9.26623377 520.33016983
2.52297702 502.34815185
11.06443556 498.30219780
8.81668332 474.92557443
36.68881119 475.37512488
27.24825175 492.90759241
25.89960040 474.02647353
36.23926074 465.03546454
31.74375624 454.24625375
6.56893107 451.54895105
14.21128871 460.53996004
23.20229770 446.15434565
9.26623377 435.36513487
11.06443556 422.77772228
19.15634366 414.23626374
7.46803197 407.04345654
41.18431568 429.07142857
38.03746254 410.63986014
51.52397602 442.55794206
63.21228771 456.04445554
70.85464535 466.38411588
51.07442557 476.27422577
65.46003996 474.92557443
88.83666334 472.22827173
84.79070929 455.59490509
92.43306693 456.49400599
65.46003996 442.55794206
60.06543457 432.21828172
62.31318681 423.22727273
49.27622378 419.18131868
49.27622378 410.63986014
49.27622378 400.30019980
29.04645355 386.81368631
9.71578422 381.41908092
12.86263736 364.78571429
25.45004995 373.77672328
25.89960040 365.23526474
36.23926074 357.14335664
38.48701299 381.41908092
65.01048951 399.40109890
58.26723277 381.86863137
60.06543457 361.63886114
51.07442557 357.59290709
5.66983017 349.95054945
10.61488511 337.81268731
15.11038961 349.05144855
35.78971029 341.40909091
22.30319680 356.69380619
20.50499500 331.06943057
9.71578422 332.86763237
25.00049950 325.22527473
42.53296703 328.37212787
57.81768232 336.46403596
70.85464535 374.67582418
81.64385614 372.42807193
78.94655345 397.15334665
70.85464535 411.53896104
100.07542458 432.66783217
82.09340659 425.02547453
103.67182817 467.73276723
120.75474525 448.40209790
120.75474525 461.88861139
137.38811189 463.68681319
131.99350649 454.69580420
120.30519481 436.26423576
112.66283716 429.97052947
100.07542458 417.83266733
110.41508492 413.78671329
116.70879121 409.74075924
110.41508492 399.85064935
98.72677323 386.81368631
89.73576424 396.70379620
125.25024975 413.33716284
144.58091908 451.54895105
158.51698302 453.79670330
149.97552448 430.42007992
148.17732268 413.33716284
163.46203796 420.52997003
159.86563437 407.49300699
135.58991009 402.09840160
142.78271728 395.80469530
136.03946054 417.83266733
135.14035964 388.61188811
119.40609391 386.81368631
123.00249750 376.02447552
114.01148851 361.63886114
133.79170829 358.49200799
146.37912088 380.07042957
145.48001998 389.51098901
154.92057942 387.71278721
162.56293706 394.00649351
144.58091908 362.53796204
99.17632368 356.24425574
74.45104895 355.79470529
78.94655345 343.65684316
66.80869131 335.56493506
65.90959041 345.00549451
86.58891109 357.59290709
93.78171828 342.30819181
78.49700300 327.47302697
55.12037962 326.57392607
70.85464535 320.28021978
74.00149850 313.08741259
56.01948052 314.88561439
38.48701299 312.18831169
33.09240759 310.39010989
6.11938062 313.08741259
15.55994006 317.58291708
17.80769231 308.59190809
210.66483516 380.51998002
181.89360639 375.57492507
167.05844156 362.53796204
161.21428571 367.48301698
176.04945055 360.73976024
160.76473526 351.74875125
154.47102897 358.49200799
149.97552448 339.61088911
136.93856144 344.55594406
130.64485514 331.96853147
119.85564436 345.45504496
119.40609391 332.41808192
109.51598402 338.26223776
97.37812188 330.61988012
87.48801199 339.16133866
87.03846154 322.07842158
88.38711289 312.18831169
97.37812188 313.08741259
94.23126873 321.17932068
104.57092907 313.98651349
117.15834166 321.17932068
131.54395604 314.88561439
122.10339660 300.50000000
108.61688312 304.99550450
100.97452547 292.40809191
110.41508492 291.95854146
118.05744256 290.60989011
115.80969031 276.67382617
108.61688312 279.82067932
101.42407592 279.82067932
3.87162837 301.84865135
10.61488511 294.65584416
5.66983017 281.61888112
19.60589411 282.06843157
16.45904096 274.42607393
29.49600400 301.39910090
38.93656344 288.81168831
52.87262737 300.94955045
60.51498501 301.39910090
67.70779221 303.64685315
74.90059940 299.60089910
70.40509491 278.92157842
93.78171828 298.70179820
82.99250749 296.00449550
86.58891109 286.56393606
82.09340659 275.32517483
60.96453546 280.27022977
43.88161838 273.52697303
47.47802198 291.50899101
7.46803197 260.49000999
9.71578422 250.15034965
23.20229770 271.27922078
25.00049950 236.21428571
37.13836164 248.35214785
48.82667333 267.23326673
55.12037962 253.74675325
40.28521479 235.76473526
30.39510490 231.71878122
20.05544456 225.42507493
6.11938062 222.27822178
5.66983017 215.98451548
15.11038961 214.63586414
21.85364635 215.98451548
28.59690310 220.48001998
29.04645355 224.07642358
37.58791209 221.37912088
45.23026973 226.77372627
53.77172827 217.33316683
61.86363636 225.87462537
74.45104895 227.67282717
81.64385614 218.68181818
74.45104895 216.88361638
144.58091908 316.68381618
153.57192807 321.62887113
157.16833167 334.66583417
171.10439560 346.35414585
175.59990010 340.06043956
183.24225774 333.31718282
184.14135864 351.29920080
194.03146853 343.65684316
183.69180819 342.30819181
188.63686314 363.43706294
216.05944056 353.99650350
207.96753247 362.53796204
215.60989011 337.81268731
207.51798202 331.06943057
213.36213786 325.67482517
212.46303696 317.13336663
206.61888112 315.33516484
182.34315684 316.23426573
169.75574426 317.13336663
160.76473526 316.23426573
160.31518482 304.09640360
150.42507493 300.50000000
136.48901099 298.25224775
130.19530470 298.70179820
126.59890110 279.82067932
126.59890110 291.95854146
132.44305694 286.56393606
142.33316683 281.61888112
150.87462537 293.30719281
135.58991009 277.12337662
126.59890110 267.68281718
117.60789211 265.43506494
112.21328671 265.43506494
103.22227772 267.23326673
93.78171828 267.23326673
73.55194805 266.33416583
63.66183816 266.33416583
65.90959041 251.49900100
72.65284715 248.35214785
88.38711289 259.14135864
85.68981019 265.88461538
100.52497502 253.74675325
95.13036963 248.35214785
84.34115884 248.35214785
86.58891109 254.19630370
37.58791209 203.39710290
31.29420579 197.10339660
35.34015984 192.15834166
29.49600400 189.46103896
22.30319680 208.34215784
18.70679321 202.49800200
9.26623377 206.09440559
5.22027972 201.59890110
3.87162837 209.24125874
11.96353646 199.80069930
16.00949051 193.50699301
13.31218781 189.01148851
31.74375624 181.36913087
24.10139860 191.70879121
23.20229770 179.57092907
17.35814186 171.92857143
12.86263736 178.67182817
6.11938062 181.36913087
6.56893107 172.37812188
13.76173826 169.23126873
20.05544456 167.88261738
18.25724276 157.99250749
6.11938062 159.79070929
18.25724276 150.79970030
3.42207792 155.74475524
2.52297702 134.16633367
6.11938062 144.95554446
12.41308691 141.35914086
40.28521479 192.15834166
52.87262737 206.99350649
65.46003996 208.34215784
48.82667333 197.10339660
46.57892108 188.56193806
51.97352647 184.96553447
57.36813187 192.60789211
57.36813187 200.69980020
68.15734266 187.21328671
59.61588412 182.26823177
65.01048951 178.67182817
61.41408591 171.92857143
53.77172827 171.47902098
60.06543457 165.18531469
69.05644356 165.18531469
65.46003996 157.54295704
69.05644356 150.35014985
49.27622378 160.24025974
39.38611389 170.13036963
34.89060939 174.17632368
34.89060939 164.73576424
28.14735265 172.37812188
41.18431568 179.57092907
43.43206793 152.14835165
48.37712288 151.69880120
29.49600400 153.94655345
25.00049950 144.50599401
31.29420579 145.40509491
38.48701299 144.95554446
43.88161838 144.50599401
49.27622378 144.05644356
51.97352647 136.86363636
57.36813187 135.51498501
60.06543457 157.09340659
66.80869131 137.31318681
68.60689311 131.01948052
66.35914086 124.72577423
62.76273726 119.33116883
56.91858142 124.72577423
51.07442557 126.97352647
35.34015984 122.47802198
31.29420579 130.56993007
24.55094905 137.76273726
21.85364635 128.77172827
18.25724276 122.02847153
13.31218781 126.97352647
25.00049950 120.67982018
25.89960040 111.23926074
23.65184815 101.79870130
7.01848152 112.58791209
11.06443556 100.89960040
5.22027972 102.24825175
7.91758242 88.76173826
26.34915085 79.77072927
17.80769231 95.05544456
16.90859141 101.34915085
20.95454545 111.68881119
16.90859141 130.56993007
51.07442557 116.18431568
55.12037962 108.99150849
61.86363636 107.19330669
48.37712288 106.29420579
42.08341658 101.79870130
40.73476523 94.60589411
29.49600400 100.00049950
52.42307692 73.47702298
37.58791209 61.33916084
30.39510490 69.43106893
21.40409590 65.38511489
12.41308691 48.30219780
25.00049950 51.89860140
23.65184815 43.35714286
4.32117882 52.79770230
3.87162837 43.80669331
8.36713287 37.06343656
7.91758242 34.36613387
10.16533467 26.72377622
16.00949051 29.42107892
16.90859141 34.36613387
22.30319680 32.11838162
35.78971029 29.87062937
29.49600400 33.46703297
33.54195804 46.05444555
39.38611389 43.35714286
52.42307692 54.14635365
35.78971029 53.24725275
52.42307692 61.78871129
50.17532468 65.83466533
60.96453546 60.44005994
53.32217782 95.95454545
61.41408591 92.80769231
65.46003996 80.22027972
70.85464535 77.52297702
74.45104895 71.67882118
85.24025974 64.03646354
80.74475524 82.91758242
87.03846154 83.36713287
81.19430569 92.80769231
80.29520480 104.04645355
82.54295704 111.23926074
86.13936064 122.92757243
74.90059940 116.18431568
71.30419580 107.64285714
92.43306693 112.58791209
94.23126873 121.57892108
91.53396603 131.91858142
81.64385614 131.91858142
73.55194805 122.47802198
81.19430569 146.30419580
89.28621379 161.13936064
78.04745255 165.18531469
75.79970030 173.72677323
83.44205794 193.05744256
95.57992008 174.62587413
86.58891109 171.92857143
101.42407592 173.72677323
108.61688312 160.24025974
109.51598402 152.59790210
100.07542458 154.84565435
99.62587413 159.34115884
110.41508492 188.11238761
111.31418581 202.49800200
117.60789211 194.40609391
108.16733267 195.30519481
105.91958042 197.55294705
107.26823177 207.89260739
101.42407592 202.49800200
96.47902098 198.45204795
90.63486513 195.30519481
96.02947053 186.31418581
85.68981019 202.49800200
89.28621379 223.17732268
95.13036963 215.53496503
87.03846154 211.93856144
105.02047952 222.27822178
110.86463536 238.46203796
114.01148851 223.62687313
123.90159840 222.27822178
118.95654346 214.63586414
118.50699301 206.09440559
124.35114885 202.49800200
135.58991009 200.69980020
133.34215784 206.09440559
135.58991009 216.88361638
142.78271728 216.43406593
142.78271728 224.52597403
139.63586414 234.86563437
133.34215784 235.31518482
131.54395604 247.90259740
138.73676324 247.00349650
126.59890110 239.81068931
119.40609391 242.05844156
102.77272727 242.05844156
109.06643357 252.84765235
114.01148851 251.49900100
119.85564436 253.74675325
126.59890110 256.89360639
141.43406593 261.83866134
143.23226773 252.39810190
152.22327672 261.83866134
149.52597403 275.77472527
158.06743257 293.75674326
163.91158841 281.61888112
172.90259740 287.46303696
180.54495504 298.70179820
168.40709291 307.24325674
221.45404595 315.78471528
212.01348651 290.60989011
202.12337662 296.00449550
196.27922078 302.29820180
189.98551449 293.75674326
194.93056943 286.11438561
184.14135864 280.71978022
173.35214785 271.72877123
165.70979021 275.77472527
166.15934066 269.03146853
169.75574426 260.04045954
162.11338661 243.85664336
153.57192807 237.11338661
147.72777223 231.71878122
157.61788212 227.67282717
167.95754246 227.67282717
163.01248751 234.86563437
151.77372627 208.34215784
178.29720280 245.65484515
178.74675325 236.21428571
191.78371628 243.40709291
185.93956044 253.74675325
196.27922078 251.04945055
199.42607393 268.58191808
209.31618382 269.03146853
205.71978022 260.93956044
204.37112887 281.61888112
223.70179820 303.64685315
227.29820180 292.40809191
217.85764236 285.21528472
221.90359640 270.82967033
230.44505495 274.87562438
241.23426573 291.05944056
239.43606394 299.60089910
238.08741259 316.23426573
243.93156843 318.48201798
251.57392607 313.08741259
254.27122877 304.54595405
255.17032967 293.75674326
249.32617383 286.56393606
272.70279720 300.94955045
292.03346653 313.53696304
265.06043956 288.81168831
256.06943057 279.82067932
246.17932068 276.22427572
145.48001998 198.45204795
140.98451548 191.25924076
130.64485514 195.30519481
131.09440559 180.47002997
121.65384615 180.02047952
114.01148851 180.02047952
123.90159840 167.88261738
118.05744256 162.93756244
124.80069930 157.99250749
131.99350649 151.24925075
135.14035964 161.58891109
140.08541459 170.57992008
136.48901099 173.72677323
144.58091908 177.77272727
149.52597403 180.02047952
153.57192807 168.33216783
154.02147852 155.29520480
145.03046953 149.90059940
151.77372627 141.35914086
157.16833167 141.35914086
155.37012987 135.06543457
142.78271728 140.46003996
132.44305694 136.86363636
137.38811189 144.05644356
123.45204795 139.56093906
118.05744256 142.25824176
110.86463536 147.20329670
105.02047952 136.86363636
98.27722278 129.67082917
100.52497502 124.27622378
110.41508492 129.67082917
110.86463536 117.08341658
102.32317682 113.93656344
105.02047952 94.60589411
95.13036963 104.94555445
118.95654346 115.28521479
115.80969031 103.59690310
116.25924076 95.95454545
142.78271728 124.72577423
136.03946054 127.87262737
128.39710290 117.08341658
135.58991009 108.99150849
131.99350649 103.59690310
128.39710290 96.85364635
136.93856144 98.20229770
126.59890110 78.42207792
123.45204795 67.18331668
114.91058941 83.81668332
91.53396603 95.95454545
101.42407592 77.52297702
100.52497502 65.83466533
89.28621379 77.97252747
84.34115884 47.85264735
74.45104895 55.94455544
75.79970030 39.76073926
52.42307692 41.55894106
59.16633367 45.15534466
80.29520480 31.21928072
72.65284715 28.52197802
91.08441558 37.96253746
101.42407592 39.76073926
99.62587413 55.94455544
85.68981019 59.99050949
106.81868132 56.39410589
109.96553447 66.28421578
115.80969031 60.88961039
111.31418581 54.14635365
121.20429570 50.99950050
118.95654346 46.05444555
126.59890110 35.71478521
131.54395604 31.21928072
136.48901099 39.31118881
136.03946054 50.99950050
132.89260739 56.84365634
142.33316683 57.74275724
144.13136863 68.98151848
155.37012987 86.06443556
154.92057942 72.57792208
156.26923077 60.88961039
154.47102897 42.90759241
151.32417582 35.26523477
143.68181818 34.36613387
144.13136863 48.75174825
156.26923077 32.56793207
164.36113886 29.42107892
167.50799201 41.10939061
171.55394605 52.34815185
163.46203796 51.89860140
172.45304695 63.13736264
169.30619381 66.28421578
176.94855145 77.52297702
168.85664336 73.92657343
176.94855145 85.61488511
172.00349650 90.55994006
163.01248751 97.30319680
153.12237762 101.34915085
142.78271728 101.79870130
158.51698302 107.64285714
172.00349650 107.64285714
178.74675325 102.69780220
160.76473526 127.87262737
148.62687313 120.23026973
160.76473526 120.23026973
172.45304695 116.18431568
180.54495504 123.37712288
180.99450549 113.48701299
168.85664336 129.67082917
165.26023976 135.51498501
173.80169830 131.46903097
171.55394605 140.01048951
179.19630370 135.06543457
179.64585415 142.25824176
176.04945055 149.90059940
162.56293706 145.85464535
163.91158841 151.24925075
166.60889111 159.34115884
164.36113886 167.43306693
169.75574426 151.24925075
174.70079920 158.44205794
177.84765235 166.53396603
167.05844156 177.77272727
177.84765235 173.27722278
187.73776224 174.17632368
189.08641359 169.23126873
194.48101898 171.92857143
190.43506494 155.74475524
182.79270729 153.94655345
184.14135864 149.90059940
189.53596404 139.11138861
183.69180819 138.21228771
196.72877123 135.06543457
196.27922078 129.22127872
200.32517483 140.46003996
203.92157842 144.05644356
159.64085914 211.03946054
155.59490509 188.11238761
148.40209790 189.46103896
171.32917083 203.39710290
168.18231768 197.10339660
160.98951049 195.75474525
157.84265734 202.49800200
166.38411588 189.46103896
160.98951049 184.06643357
171.77872128 187.66283716
171.77872128 180.91958042
179.42107892 191.25924076
175.37512488 198.45204795
184.36613387 198.00249750
184.36613387 204.74575425
182.56793207 215.08541459
171.77872128 223.17732268
179.42107892 228.12237762
192.90759241 224.07642358
192.45804196 235.31518482
204.14635365 234.41608392
199.20129870 231.26923077
203.69680320 242.50799201
209.99050949 250.59990010
200.54995005 255.99450549
220.33016983 251.94855145
213.13736264 243.40709291
211.33916084 229.92057942
214.03646354 222.72777223
204.14635365 212.38811189
209.54095904 211.93856144
215.83466533 211.93856144
209.54095904 204.29620380
205.49500500 203.84665335
193.80669331 206.09440559
188.41208791 209.69080919
194.70579421 196.65384615
201.89860140 195.30519481
194.70579421 186.31418581
191.55894106 178.67182817
183.91658342 181.36913087
201.44905095 178.67182817
207.29320679 188.11238761
209.54095904 193.05744256
217.63286713 201.59890110
216.28421578 190.80969031
214.93556444 184.06643357
212.68781219 178.67182817
209.54095904 164.73576424
205.49500500 166.53396603
201.44905095 158.89160839
198.75174825 167.43306693
192.00849151 163.38711289
192.45804196 149.90059940
200.99950050 151.24925075
210.88961039 157.99250749
211.78871129 152.59790210
217.63286713 144.05644356
214.93556444 148.55194805
211.33916084 141.80869131
210.88961039 133.71678322
201.89860140 132.81768232
203.24725275 117.98251748
195.15534466 123.37712288
185.71478521 117.53296703
187.96253746 112.13836164
187.96253746 108.09240759
193.35714286 100.89960040
189.76073926 95.95454545
196.95354645 79.77072927
204.14635365 107.64285714
200.54995005 102.24825175
199.20129870 92.35814186
204.14635365 93.25724276
213.13736264 95.50499500
208.19230769 109.89060939
209.99050949 103.59690310
219.43106893 104.49600400
213.58691309 112.58791209
220.33016983 118.43206793
214.93556444 120.23026973
216.73376623 128.77172827
210.44005994 126.97352647
218.53196803 135.96453546
224.37612388 137.31318681
223.92657343 130.56993007
235.16533467 123.37712288
223.92657343 116.18431568
223.92657343 111.23926074
227.52297702 102.24825175
223.92657343 92.35814186
235.61488511 94.15634366
232.46803197 104.49600400
234.26623377 111.23926074
245.50499500 125.62487512
245.95454545 111.23926074
238.31218781 102.24825175
246.40409590 95.95454545
243.70679321 101.34915085
250.89960040 100.89960040
254.04645355 98.20229770
249.55094905 89.21128871
247.30319680 86.51398601
15.11038961 8.89160839
17.80769231 19.23126873
25.89960040 21.92857143
33.54195804 22.82767233
41.18431568 21.02947053
27.69780220 7.09340659
39.38611389 16.08441558
37.13836164 7.54295704
11.51398601 21.92857143
7.46803197 21.92857143
48.37712288 25.97452547
59.16633367 22.82767233
56.46903097 20.13036963
52.87262737 21.92857143
60.06543457 14.73576424
70.40509491 19.23126873
74.45104895 16.98351648
78.94655345 21.02947053
83.44205794 25.52497502
81.19430569 18.33216783
88.38711289 20.13036963
86.58891109 12.93756244
96.02947053 17.43306693
96.92857143 29.12137862
106.81868132 32.71778222
112.21328671 30.47002997
114.91058941 20.57992008
110.86463536 16.98351648
105.02047952 18.33216783
119.40609391 28.22227772
123.00249750 21.92857143
129.29620380 14.28621379
136.48901099 17.43306693
134.69080919 13.38711289
132.44305694 26.42407592
147.27822178 29.12137862
144.58091908 42.15834166
151.32417582 22.82767233
152.22327672 16.53396603
159.86563437 11.13936064
162.56293706 19.68081918
179.64585415 34.51598402
176.94855145 40.80969031
185.04045954 51.59890110
198.97652348 61.93856144
192.68281718 69.58091908
179.64585415 67.78271728
198.97652348 68.23226773
198.52697303 54.29620380
198.07742258 48.45204795
194.93056943 43.05744256
189.53596404 34.51598402
200.32517483 34.96553447
198.52697303 29.12137862
204.82067932 23.72677323
204.82067932 18.78171828
192.23326673 19.23126873
181.89360639 27.32317682
184.14135864 19.68081918
171.55394605 13.83666334
176.49900100 20.57992008
180.99450549 11.58891109
202.12337662 11.13936064
213.36213786 29.12137862
212.01348651 21.47902098
207.96753247 46.20429570
202.12337662 43.95654346
220.10539461 52.49800200
213.81168831 57.44305694
212.46303696 68.68181818
211.56393606 82.61788212
225.50000000 71.37912088
221.00449550 65.08541459
234.04145854 64.63586414
236.73876124 69.58091908
227.74775225 53.84665335
241.68381618 49.80069930
241.68381618 45.30519481
232.24325674 43.50699301
216.95854146 42.60789211
223.70179820 43.05744256
211.56393606 47.10339660
231.34415584 31.81868132
225.50000000 24.62587413
220.10539461 23.72677323
215.60989011 16.53396603
234.04145854 15.63486513
243.48201798 16.53396603
249.32617383 17.88261738
243.48201798 9.34115884
233.14235764 7.54295704
257.41808192 10.24025974
263.71178821 11.13936064
272.25324675 8.89160839
275.40009990 12.03846154
277.64785215 9.34115884
283.04245754 10.68981019
284.39110889 5.74475524
290.23526474 10.24025974
265.06043956 21.02947053
258.31718282 21.47902098
255.17032967 28.67182817
258.31718282 36.76373626
246.17932068 28.22227772
265.06043956 50.25024975
250.67482517 48.45204795
247.97752248 38.56193806
259.21628372 56.09440559
247.07842158 65.08541459
252.47302697 63.73676324
259.66583417 73.62687313
233.14235764 86.21428571
229.99550450 81.71878122
271.35414585 42.15834166
279.44605395 21.47902098
284.84065934 16.08441558
279.44605395 26.42407592
267.75774226 30.47002997
284.84065934 46.20429570
292.03346653 46.65384615
303.27222777 42.60789211
291.58391608 39.91058941
296.52897103 37.21328671
303.72177822 37.21328671
296.52897103 30.91958042
294.28121878 14.28621379
295.18031968 10.68981019
272.25324675 56.99350649
272.25324675 64.63586414
274.05144855 79.92057942
281.24425574 74.52597403
280.34515485 70.48001998
293.83166833 70.48001998
287.08841159 64.63586414
300.57492507 61.48901099
300.57492507 53.39710290
310.01548452 50.25024975
317.65784216 49.80069930
315.41008991 59.24125874
314.06143856 35.41508492
317.65784216 31.36913087
302.37312687 25.97452547
296.07942058 24.17632368
314.06143856 20.13036963
308.66683317 11.58891109
308.21728272 7.54295704
301.92357642 6.19430569
317.65784216 7.99250749
317.20829171 10.68981019
319.00649351 1.69880120
324.85064935 12.03846154
319.45604396 16.53396603
327.99750250 25.07542458
332.04345654 13.38711289
336.98851149 10.68981019
336.98851149 3.94655345
330.24525475 7.09340659
345.08041958 7.99250749
331.59390609 29.57092907
340.13536464 24.17632368
340.58491508 19.23126873
325.30019980 36.31418581
325.74975025 51.59890110
328.89660340 45.30519481
323.05244755 65.08541459
332.49300699 58.34215784
343.28221778 72.27822178
313.61188811 82.61788212
311.36413586 76.77372627
301.92357642 83.96653347
297.87762238 79.47102897
287.98751249 89.81068931
287.98751249 96.10439560
293.83166833 101.94855145
304.17132867 96.55394605
297.42807193 98.35214785
281.24425574 92.95754246
284.84065934 99.25124875
272.70279720 111.83866134
268.20729271 104.64585415
253.37212787 107.34315684
259.21628372 119.93056943
251.12437562 123.07742258
258.31718282 114.53596404
242.13336663 140.60989011
243.48201798 147.80269730
223.25224775 152.74775225
233.14235764 154.99550450
232.69280719 149.60089910
227.29820180 159.94055944
218.30719281 165.78471528
229.99550450 168.48201798
230.89460539 179.27122877
225.05044955 172.97752248
223.70179820 183.31718282
223.70179820 190.50999001
229.09640360 197.25324675
233.59190809 207.59290709
232.69280719 218.83166833
240.33516484 201.74875125
239.43606394 196.35414585
234.04145854 190.06043956
240.78471528 189.16133866
237.18831169 185.11538462
243.93156843 182.41808192
247.07842158 189.61088911
249.32617383 192.75774226
259.66583417 192.75774226
252.47302697 183.76673327
260.11538462 178.37212787
254.27122877 167.58291708
250.67482517 175.67482517
241.23426573 172.52797203
238.08741259 164.88561439
252.02347652 162.63786214
250.67482517 151.84865135
255.17032967 145.10539461
263.71178821 131.16933067
266.85864136 138.81168831
267.75774226 145.10539461
266.85864136 154.09640360
270.45504496 161.73876124
259.66583417 154.99550450
340.80969031 523.32717283
319.68081918 509.84065934
331.81868132 500.84965035
348.00249750 490.50999001
323.27722278 479.72077922
265.28521479 469.83066933
225.72477522 459.49100899
216.28421578 436.56393606
223.92657343 426.22427572
232.46803197 439.71078921
238.31218781 430.71978022
263.03746254 453.64685315
271.12937063 447.80269730
281.46903097 450.94955045
304.39610390 452.29820180
288.66183816 435.21528472
259.89060939 428.92157842
259.89060939 415.43506494
241.45904096 411.83866134
258.09240759 401.94855145
247.75274725 393.85664336
259.89060939 380.37012987
234.26623377 380.37012987
223.92657343 364.18631369
222.12837163 387.11338661
212.68781219 404.19630370
170.43006993 407.79270729
175.82467532 388.01248751
163.68681319 381.71878122
260.34015984 367.33316683
270.23026973 384.41608392
276.07442557 413.63686314
288.66183816 408.24225774
299.45104895 427.12337662
305.74475524 416.33416583
316.08441558 400.15034965
321.92857143 423.07742258
319.23126873 433.41708292
307.99250749 436.56393606
334.51598402 446.45404595
351.59890110 420.38011988
338.11238761 416.33416583
328.22227772 410.04045954
330.02047952 429.37112887
344.85564436 405.09540460
353.39710290 399.70079920
342.15834166 389.81068931
334.06643357 385.31518482
337.21328671 378.57192807
326.42407592 378.12237762
311.58891109 380.81968032
310.24025974 373.17732268
296.75374625 370.48001998
301.24925075 380.81968032
282.81768232 379.02147852
285.51498501 372.27822178
273.82667333 372.72777223
276.97352647 365.08541459
294.95554446 361.03946054
290.46003996 347.10339660
281.01948052 349.80069930
274.27622378 323.72677323
254.49600400 327.77272727
240.11038961 333.16733267
267.53296703 328.67182817
262.13836164 317.43306693
290.90959041 329.12137862
388.01248751 500.84965035
364.63586414 506.69380619
367.78271728 484.21628372
351.59890110 468.03246753
340.36013986 463.98651349
355.19530470 453.19730270
361.48901099 444.20629371
360.58991009 423.97652348
372.27822178 422.17832168
387.56293706 419.03146853
387.11338661 442.85764236
374.97552448 447.80269730
376.77372627 434.76573427
363.73676324 390.26023976
362.38811189 375.87462537
357.44305694 362.83766234
345.75474525 354.74575425
337.21328671 361.48901099
324.62587413 360.14035964
322.37812188 368.23226773
315.63486513 361.48901099
318.78171828 352.49800200
308.44205794 352.49800200
312.03846154 338.11238761
300.35014985 334.51598402
316.53396603 323.72677323
303.94655345 312.93756244
318.33216783 312.03846154
327.77272727 306.19430569
323.27722278 316.53396603
328.22227772 329.57092907
321.92857143 337.21328671
325.97452547 345.30519481
342.60789211 343.05744256
340.36013986 330.47002997
344.40609391 309.34115884
359.69080919 324.62587413
353.84665335 336.31418581
360.14035964 341.70879121
371.37912088 336.31418581
382.16833167 342.15834166
380.81968032 355.19530470
374.52597403 353.39710290
379.47102897 381.26923077
391.60889111 392.95754246
380.81968032 405.09540460
405.54495504 413.63686314
413.63686314 398.35214785
405.09540460 387.11338661
410.93956044 377.22327672
408.69180819 365.98451548
395.20529471 372.27822178
387.11338661 374.07642358
394.75574426 353.84665335
395.65484515 332.71778222
385.31518482 331.36913087
386.21428571 321.47902098
370.03046953 321.02947053
360.14035964 316.53396603
348.90159840 320.13036963
392.95754246 479.72077922
404.19630370 452.74775225
407.79270729 474.77572428
409.14135864 502.19830170
424.87562438 490.06043956
423.97652348 462.18831169
424.87562438 444.20629371
428.47202797 431.61888112
436.11438561 412.28821179
422.17832168 413.63686314
421.72877123 395.65484515
437.91258741 398.80169830
430.71978022 371.37912088
429.82067932 357.89260739
412.73776224 351.59890110
410.93956044 332.71778222
410.93956044 322.82767233
418.13236763 327.77272727
416.78371628 337.66283716
429.37112887 328.22227772
423.52697303 346.65384615
420.82967033 357.44305694
439.71078921 359.69080919
443.30719281 342.15834166
452.29820180 367.33316683
443.75674326 381.71878122
453.19730270 385.76473526
450.50000000 417.23326673
448.70179820 436.56393606
446.90359640 452.74775225
445.10539461 470.28021978
439.71078921 483.31718282
443.75674326 495.00549451
442.85764236 517.03346653
457.69280719 521.52897103
484.66583417 517.03346653
461.28921079 492.75774226
474.77572428 477.92257742
461.28921079 462.18831169
479.27122877 451.39910090
485.56493506 436.56393606
472.97752248 430.71978022
476.57392607 417.23326673
463.53696304 419.03146853
470.28021978 390.26023976
485.56493506 406.44405594
486.01448551 422.17832168
502.19830170 417.68281718
508.94155844 419.03146853
506.69380619 439.26123876
508.49200799 449.60089910
496.80369630 444.20629371
512.98751249 465.78471528
504.44605395 474.77572428
526.02447552 523.32717283
498.60189810 501.74875125
488.71178821 489.61088911
489.61088911 392.05844156
484.66583417 381.26923077
468.48201798 374.52597403
466.23426573 364.63586414
461.28921079 357.44305694
481.06943057 355.19530470
502.64785215 374.07642358
515.68481518 395.20529471
501.29920080 398.80169830
536.81368631 406.44405594
530.07042957 383.96653347
520.62987013 371.37912088
512.08841159 361.93856144
504.44605395 350.69980020
505.34515485 327.32317682
403.74675325 316.53396603
397.90259740 306.19430569
388.91158841 305.29520480
375.42507493 303.94655345
362.38811189 306.19430569
379.47102897 312.93756244
414.53596404 311.13936064
408.69180819 303.04745255
430.27022977 309.34115884
443.75674326 318.33216783
444.65584416 323.27722278
441.95854146 311.13936064
452.29820180 309.79070929
457.69280719 321.92857143
454.09640360 336.76373626
461.28921079 327.32317682
444.65584416 330.91958042
466.68381618 339.91058941
468.48201798 329.12137862
480.17032967 339.91058941
476.57392607 334.51598402
495.45504496 333.61688312
486.01448551 323.27722278
493.65684316 358.34215784
513.43706294 509.09140859
513.43706294 488.41208791
527.82267732 495.60489510
537.71278721 486.61388611
544.90559441 502.79770230
567.38311688 500.10039960
573.67682318 527.97252747
601.54895105 500.99950050
587.16333666 481.21928072
576.37412587 472.22827173
538.61188811 466.83366633
558.39210789 472.22827173
569.18131868 459.64085914
559.29120879 450.64985015
574.57592408 444.35614386
591.65884116 430.86963037
580.86963037 416.48401598
573.67682318 411.98851149
618.18231768 485.26523477
625.37512488 518.08241758
639.31118881 494.25624376
626.72377622 461.88861139
546.25424575 407.04345654
559.29120879 379.62087912
542.65784216 381.86863137
540.85964036 390.85964036
571.42907093 384.56593407
583.11738262 393.55694306
569.63086913 368.83166833
554.79570430 366.13436563
542.65784216 355.34515485
533.66683317 371.07942058
594.35614386 386.36413586
592.55794206 368.38211788
591.20929071 351.29920080
580.42007992 345.00549451
566.03446553 343.20729271
553.44705295 347.25324675
546.25424575 328.82167832
530.51998002 316.68381618
521.07942058 323.42707293
517.48301698 312.63786214
494.10639361 314.43606394
496.80369630 292.40809191
474.32617383 296.90359640
462.18831169 288.81168831
445.55494505 298.70179820
433.41708292 299.60089910
419.48101898 300.05044955
416.78371628 292.40809191
426.67382617 283.86663337
400.59990010 286.11438561
389.36113886 282.06843157
397.90259740 273.07742258
360.58991009 291.95854146
346.20429570 294.65584416
338.56193806 302.29820180
321.47902098 289.26123876
344.85564436 279.37112887
326.42407592 273.07742258
351.59890110 267.68281718
357.44305694 271.27922078
353.84665335 280.27022977
368.68181818 270.38011988
362.83766234 263.63686314
368.68181818 289.26123876
469.38111888 315.78471528
463.53696304 308.59190809
448.25224775 288.36213786
443.30719281 278.47202797
418.58191808 281.61888112
420.38011988 267.23326673
409.59090909 265.88461538
397.00349650 262.28821179
388.01248751 265.43506494
403.29720280 251.94855145
241.45904096 264.98551449
245.05544456 255.54495504
260.34015984 265.43506494
258.09240759 255.09540460
261.23926074 244.75574426
277.87262737 260.93956044
270.67982018 255.99450549
281.91858142 282.51798202
274.72577423 281.61888112
299.45104895 288.36213786
288.21228771 303.64685315
299.00149850 298.25224775
309.79070929 280.27022977
311.13936064 267.68281718
295.40509491 271.27922078
293.15734266 260.49000999
290.01048951 253.74675325
303.49700300 248.35214785
285.96453546 239.81068931
282.81768232 229.47102897
267.53296703 228.57192807
262.13836164 226.32417582
261.23926074 234.41608392
267.08341658 241.15934066
249.55094905 243.85664336
250.89960040 233.51698302
244.15634366 234.86563437
237.86263736 242.95754246
227.52297702 240.26023976
232.46803197 229.92057942
223.02747253 225.87462537
222.57792208 235.31518482
244.60589411 220.48001998
246.85364635 215.53496503
255.84465534 218.23226773
250.45004995 202.49800200
262.58791209 199.80069930
260.78971029 210.58991009
265.73476523 216.88361638
267.98251748 206.54395604
279.22127872 213.73676324
273.37712288 220.92957043
289.11138861 214.63586414
281.46903097 201.59890110
282.81768232 220.92957043
267.08341658 190.36013986
271.12937063 183.16733267
265.28521479 166.08441558
280.12037962 170.13036963
268.43206793 170.57992008
280.12037962 160.68981019
272.92757243 155.29520480
274.72577423 148.55194805
279.67082917 154.39610390
287.76273726 165.18531469
287.76273726 158.89160839
292.25824176 152.59790210
294.05644356 141.35914086
283.26723277 147.20329670
274.72577423 143.60689311
281.46903097 130.56993007
273.82667333 131.01948052
276.97352647 123.37712288
272.47802198 124.72577423
264.38611389 123.37712288
275.62487512 189.01148851
280.12037962 183.16733267
286.41408591 184.96553447
288.21228771 198.90159840
295.85464535 200.69980020
300.35014985 207.44305694
304.84565435 208.34215784
308.44205794 218.68181818
297.20329670 229.92057942
299.90059940 221.82867133
311.13936064 228.12237762
307.54295704 234.41608392
301.24925075 235.76473526
293.60689311 240.26023976
314.28621379 245.20529471
315.63486513 235.76473526
323.72677323 237.56293706
325.97452547 251.04945055
318.78171828 250.15034965
334.96553447 250.15034965
329.57092907 224.07642358
335.86463536 219.58091908
319.23126873 211.93856144
324.62587413 200.69980020
316.98351648 184.96553447
307.99250749 193.95654346
303.49700300 186.31418581
312.48801199 174.17632368
306.19430569 179.57092907
296.30419580 168.78171828
297.20329670 164.28621379
303.94655345 173.27722278
327.77272727 179.12137862
320.57992008 171.47902098
315.18531469 167.43306693
308.44205794 166.08441558
312.48801199 157.99250749
303.04745255 163.38711289
299.00149850 154.84565435
302.14835165 144.50599401
312.03846154 146.75374625
307.99250749 151.69880120
315.18531469 153.94655345
318.78171828 148.55194805
322.82767233 159.34115884
327.32317682 166.98351648
339.91058941 162.48801199
334.96553447 172.37812188
338.11238761 180.91958042
339.46103896 192.15834166
347.55294705 204.74575425
325.97452547 216.88361638
354.29620380 220.92957043
345.30519481 234.86563437
339.01148851 242.95754246
330.47002997 237.11338661
356.09440559 254.19630370
345.75474525 255.99450549
332.26823177 271.27922078
368.68181818 251.04945055
362.83766234 242.50799201
366.43406593 232.61788212
374.07642358 219.13136863
363.73676324 210.14035964
365.53496503 203.39710290
361.93856144 183.61688312
356.54395604 181.36913087
349.35114885 183.16733267
347.10339660 174.17632368
347.55294705 166.98351648
350.69980020 161.58891109
355.64485514 166.98351648
361.93856144 175.52497502
371.37912088 170.57992008
374.52597403 163.38711289
369.58091908 161.58891109
363.28721279 159.79070929
358.34215784 148.10239760
351.14935065 145.40509491
339.46103896 151.69880120
334.06643357 155.74475524
331.36913087 148.55194805
327.32317682 141.80869131
320.13036963 137.76273726
321.02947053 126.97352647
314.73576424 127.87262737
313.38711289 117.53296703
388.01248751 249.70079920
381.26923077 252.84765235
388.01248751 229.47102897
388.01248751 239.81068931
403.29720280 245.65484515
396.55394605 252.39810190
378.12237762 241.60889111
379.92057942 223.62687313
382.61788212 215.53496503
377.22327672 210.14035964
387.56293706 210.14035964
382.61788212 203.39710290
391.15934066 199.80069930
399.70079920 198.45204795
397.90259740 202.49800200
398.35214785 189.91058941
385.76473526 183.16733267
389.81068931 181.36913087
380.37012987 173.72677323
369.13136863 184.96553447
371.82867133 198.00249750
417.23326673 223.62687313
420.38011988 213.73676324
410.49000999 211.93856144
399.25124875 224.52597403
402.39810190 213.73676324
393.40709291 219.58091908
397.45304695 236.66383616
409.59090909 238.01248751
414.08641359 251.04945055
424.42607393 248.80169830
432.06843157 256.44405594
427.57292707 265.88461538
444.20629371 267.68281718
468.93156843 280.71978022
472.52797203 274.87562438
465.78471528 263.63686314
455.44505495 260.49000999
442.40809191 253.29720280
449.15134865 248.35214785
457.69280719 244.30619381
468.48201798 251.94855145
466.68381618 240.26023976
462.18831169 229.92057942
459.94055944 222.72777223
450.94955045 213.73676324
442.85764236 218.68181818
434.76573427 216.43406593
443.75674326 208.34215784
434.76573427 208.79170829
432.06843157 204.29620380
422.17832168 199.35114885
408.24225774 196.20429570
414.98551449 184.96553447
410.49000999 176.87362637
403.29720280 175.07542458
397.45304695 178.67182817
426.67382617 274.87562438
487.81268731 276.67382617
479.72077922 278.47202797
504.89560440 313.53696304
512.08841159 294.65584416
513.88661339 306.79370629
528.27222777 304.09640360
521.07942058 287.01348651
510.29020979 282.06843157
517.48301698 260.04045954
506.69380619 247.45304695
497.25324675 248.80169830
480.61988012 241.60889111
481.06943057 253.29720280
472.97752248 267.68281718
487.36313686 265.88461538
527.37312687 283.86663337
523.32717283 268.58191808
527.82267732 253.29720280
519.28121878 251.49900100
523.32717283 240.26023976
524.67582418 230.81968032
514.33616384 231.71878122
516.13436563 224.52597403
500.40009990 226.32417582
506.69380619 239.36113886
499.50099900 237.11338661
494.10639361 235.31518482
484.21628372 234.41608392
483.31718282 228.57192807
479.72077922 224.52597403
470.28021978 226.77372627
476.12437562 215.53496503
470.28021978 217.78271728
456.34415584 210.14035964
466.68381618 203.84665335
442.85764236 198.90159840
444.20629371 192.15834166
437.01348651 191.70879121
459.04145854 172.37812188
436.56393606 173.72677323
449.60089910 172.82767233
448.25224775 163.38711289
438.36213786 162.93756244
440.60989011 154.84565435
430.27022977 161.58891109
419.03146853 162.03846154
413.63686314 162.48801199
404.64585415 163.38711289
407.79270729 168.78171828
392.50799201 159.79070929
398.80169830 156.19430569
391.15934066 149.45104895
382.16833167 145.40509491
375.87462537 150.79970030
369.58091908 146.75374625
365.53496503 140.01048951
364.63586414 133.26723277
355.19530470 139.11138861
354.74575425 124.72577423
357.44305694 120.67982018
339.91058941 120.67982018
337.21328671 126.97352647
340.80969031 136.86363636
343.05744256 143.60689311
352.04845155 132.81768232
325.52497502 111.23926074
336.31418581 108.99150849
345.75474525 112.58791209
351.59890110 104.94555445
348.00249750 95.95454545
343.95654346 103.14735265
339.46103896 100.45004995
333.61688312 95.05544456
328.67182817 100.89960040
306.64385614 112.13836164
294.50599401 118.43206793
296.75374625 131.01948052
296.75374625 123.82667333
314.28621379 104.04645355
304.39610390 102.24825175
312.48801199 91.00949051
357.44305694 113.18731269
370.03046953 120.82967033
364.63586414 121.72877123
374.07642358 132.96753247
379.02147852 135.66483516
388.01248751 138.81168831
396.55394605 141.05944056
400.15034965 132.96753247
396.10439560 127.57292707
392.50799201 131.16933067
388.01248751 132.51798202
381.71878122 127.57292707
382.16833167 121.27922078
388.01248751 120.82967033
383.96653347 115.43506494
387.11338661 109.59090909
378.57192807 106.89360639
373.17732268 113.63686314
371.37912088 105.99450549
371.37912088 101.04945055
359.24125874 102.39810190
353.84665335 96.10439560
362.83766234 96.10439560
362.83766234 87.11338661
352.94755245 86.66383616
357.44305694 78.57192807
366.88361638 73.62687313
360.58991009 68.23226773
352.94755245 64.63586414
343.50699301 59.24125874
349.80069930 58.79170829
339.01148851 64.63586414
326.87362637 86.66383616
330.91958042 84.41608392
317.43306693 83.06743257
337.66283716 87.56293706
343.95654346 90.70979021
335.86463536 73.17732268
494.55594406 217.48301698
494.10639361 214.33616384
490.95954046 205.79470529
480.61988012 208.04245754
474.32617383 196.80369630
465.78471528 191.40909091
454.99550450 198.60189810
465.33516484 172.52797203
468.03246753 178.82167832
477.47302697 178.37212787
476.12437562 169.83066933
479.72077922 165.33516484
472.97752248 157.69280719
465.78471528 163.53696304
459.94055944 157.69280719
455.44505495 150.94955045
463.08741259 146.00449550
456.34415584 141.95854146
448.70179820 147.35314685
438.36213786 144.65584416
431.61888112 145.55494505
422.17832168 151.39910090
422.17832168 146.45404595
410.49000999 145.10539461
407.79270729 150.94955045
419.03146853 133.86663337
409.59090909 134.31618382
418.13236763 122.17832168
412.28821179 120.38011988
407.34315684 123.52697303
404.64585415 112.28821179
411.38911089 105.54495504
405.54495504 97.45304695
403.29720280 102.39810190
397.90259740 106.44405594
386.21428571 98.80169830
390.26023976 88.01248751
383.51698302 88.01248751
377.22327672 89.81068931
384.41608392 79.92057942
377.22327672 72.27822178
370.03046953 67.78271728
370.03046953 61.03946054
364.18631369 52.94755245
355.19530470 52.94755245
346.65384615 51.59890110
357.44305694 43.05744256
352.49800200 35.41508492
344.85564436 39.01148851
351.14935065 28.67182817
340.36013986 32.26823177
334.96553447 35.41508492
371.82867133 46.20429570
369.58091908 39.91058941
380.37012987 39.46103896
378.12237762 26.87362637
368.68181818 27.77272727
364.18631369 33.16733267
357.89260739 21.92857143
350.25024975 21.02947053
357.44305694 15.18531469
353.84665335 12.48801199
346.20429570 12.93756244
362.83766234 12.93756244
356.54395604 7.54295704
365.08541459 7.09340659
369.13136863 10.24025974
374.07642358 9.34115884
372.72777223 5.29520480
374.97552448 20.57992008
369.13136863 21.47902098
362.83766234 19.68081918
379.92057942 16.98351648
386.21428571 19.68081918
388.46203796 9.79070929
383.51698302 3.49700300
378.57192807 3.49700300
147.27822178 83.06743257
126.14935065 85.31518482
135.14035964 66.88361638
131.99350649 70.92957043
162.11338661 73.62687313
166.60889111 80.81968032
180.99450549 98.35214785
678.87162837 528.87162837
690.55994006 520.77972028
671.67882118 495.60489510
677.07342657 474.02647353
645.60489510 463.23726274
659.09140859 456.94355644
654.59590410 438.06243756
637.51298701 443.45704296
611.43906094 430.86963037
636.61388611 414.68581419
613.23726274 399.40109890
618.63186813 376.92357642
638.41208791 387.71278721
645.60489510 391.30919081
656.39410589 408.39210789
677.07342657 426.37412587
713.03746254 463.23726274
699.55094905 459.64085914
724.72577423 483.91658342
717.53296703 508.19230769
699.55094905 495.60489510
703.14735265 548.65184815
722.02847153 556.74375624
739.11138861 508.19230769
788.56193806 531.56893107
796.65384615 520.77972028
794.85564436 507.29320679
780.47002997 484.81568432
768.78171828 473.12737263
757.09340659 493.80669331
733.71678322 452.44805195
713.93656344 442.55794206
696.85364635 445.25524476
705.84465534 417.38311688
725.62487512 423.67682318
755.29520480 437.16333666
749.90059940 404.79570430
743.60689311 424.57592408
767.88261738 448.85164835
776.87362637 434.46603397
809.24125874 487.51298701
819.13136863 478.52197802
804.74575425 467.73276723
803.84665335 437.16333666
794.85564436 416.48401598
822.72777223 412.88761239
802.04845155 396.70379620
836.21428571 450.64985015
850.59990010 437.16333666
837.11338661 431.76873127
854.19630370 427.27322677
846.10439560 416.48401598
839.81068931 412.88761239
864.08641359 412.88761239
872.17832168 427.27322677
885.66483516 439.86063936
864.98551449 474.92557443
859.59090909 459.64085914
840.70979021 477.62287712
847.00349650 492.90759241
872.17832168 502.79770230
822.72777223 553.14735265
855.09540460 532.46803197
882.06843157 539.66083916
868.58191808 572.02847153
891.95854146 558.54195804
890.16033966 483.91658342
882.06843157 466.83366633
896.45404595 441.65884116
897.35314685 422.77772228
895.55494505 406.59390609
887.46303696 383.21728272
863.18731269 386.81368631
844.30619381 389.51098901
855.09540460 400.30019980
833.51698302 387.71278721
840.70979021 376.02447552
686.96353646 403.89660340
674.82567433 399.85064935
668.53196803 392.65784216
664.93556444 383.66683317
650.54995005 378.27222777
637.96253746 373.32717283
649.65084915 356.24425574
621.32917083 356.69380619
591.20929071 337.36313686
587.61288711 326.57392607
561.98851149 334.21628372
555.69480519 327.02347652
561.98851149 313.53696304
555.24525475 299.15134865
543.55694306 308.59190809
537.26323676 290.60989011
556.59390609 286.11438561
540.85964036 281.61888112
541.30919081 271.72877123
534.11638362 270.38011988
553.44705295 270.38011988
554.79570430 259.59090909
548.05244755 250.59990010
536.36413586 253.74675325
544.00649351 238.91158841
535.46503497 239.81068931
531.86863137 239.81068931
529.62087912 233.96653347
539.06143856 233.06743257
534.56593407 227.67282717
544.45604396 225.42507493
533.21728272 218.23226773
533.66683317 209.24125874
518.38211788 203.84665335
526.47402597 204.29620380
531.86863137 198.45204795
536.36413586 189.91058941
526.92357642 193.05744256
508.94155844 204.29620380
499.50099900 203.84665335
496.35414585 194.85564436
489.61088911 195.75474525
486.91358641 191.25924076
486.91358641 176.87362637
495.90459540 178.67182817
566.03446553 260.93956044
570.97952048 271.27922078
572.32817183 262.73776224
517.48301698 213.28721279
546.70379620 214.63586414
557.94255744 227.22327672
563.78671329 232.16833167
557.49300699 215.53496503
552.99750250 200.25024975
544.45604396 198.45204795
545.35514486 207.44305694
560.63986014 184.06643357
553.44705295 186.31418581
547.15334665 188.56193806
527.82267732 180.02047952
509.39110889 187.21328671
513.88661339 176.87362637
520.18031968 167.43306693
513.88661339 163.38711289
503.09740260 169.68081918
506.69380619 160.68981019
497.70279720 164.73576424
530.51998002 169.68081918
538.61188811 169.23126873
530.07042957 164.28621379
525.12537463 158.44205794
548.95154845 166.08441558
543.55694306 159.34115884
537.71278721 158.44205794
556.59390609 166.08441558
562.43806194 167.43306693
561.98851149 158.44205794
553.44705295 155.29520480
568.28221778 177.32317682
571.42907093 187.66283716
573.22727273 238.01248751
582.21828172 232.61788212
571.87862138 226.77372627
584.91558442 224.52597403
575.47502498 207.44305694
589.41108891 198.45204795
585.36513487 193.95654346
580.42007992 189.01148851
589.41108891 185.86463536
588.96153846 173.72677323
585.36513487 163.83666334
579.07142857 164.73576424
578.17232767 156.64385614
571.42907093 155.74475524
590.75974026 254.19630370
595.25524476 254.19630370
585.81468531 245.65484515
584.91558442 238.46203796
593.00749251 242.50799201
602.89760240 237.11338661
609.64085914 228.12237762
610.98951049 238.46203796
615.93456543 246.55394605
607.84265734 258.69180819
601.54895105 259.59090909
606.49400599 248.35214785
593.45704296 269.93056943
589.86063936 277.57292707
584.46603397 275.77472527
583.56693307 287.46303696
578.62187812 304.54595405
562.43806194 294.20629371
589.41108891 297.80269730
597.95254745 313.53696304
578.62187812 318.48201798
609.19130869 322.52797203
623.57692308 331.06943057
614.58591409 309.94055944
609.19130869 303.19730270
616.38411588 295.10539461
612.78771229 282.51798202
601.99850150 275.77472527
601.09940060 283.86663337
624.02647353 291.95854146
622.22827173 305.44505495
630.32017982 313.08741259
643.35714286 320.72977023
643.80669331 340.95954046
665.83466533 365.23526474
670.33016983 348.60189810
679.32117882 358.04245754
686.51398601 371.52897103
699.10139860 392.65784216
709.89060939 390.85964036
720.23026973 377.82267732
713.03746254 372.42807193
726.52397602 390.41008991
743.15734266 388.61188811
733.26723277 383.66683317
763.38711289 384.56593407
753.94655345 367.93256743
738.21228771 363.88661339
718.88161838 356.24425574
720.67982018 338.26223776
704.49600400 362.08841159
699.10139860 356.69380619
691.90859141 349.95054945
695.50499500 337.81268731
683.36713287 340.50999001
672.12837163 328.37212787
660.88961039 329.72077922
651.44905095 334.21628372
655.94455544 316.23426573
650.54995005 311.73876124
640.65984016 301.39910090
656.84365634 297.80269730
632.56793207 293.75674326
650.10039960 273.97652348
642.90759241 264.98551449
626.72377622 259.14135864
630.76973027 247.45304695
637.96253746 245.20529471
628.97152847 239.81068931
641.55894106 235.31518482
637.96253746 225.87462537
630.76973027 225.42507493
633.91658342 217.78271728
624.02647353 210.58991009
598.40209790 214.63586414
601.09940060 203.84665335
605.59490509 209.24125874
601.54895105 195.75474525
604.24625375 186.76373626
598.40209790 189.46103896
607.39310689 180.47002997
619.98051948 189.46103896
613.68681319 192.60789211
614.58591409 204.29620380
650.54995005 214.63586414
646.95354645 208.79170829
639.76073926 203.84665335
645.15534466 198.45204795
629.87062937 189.01148851
628.97152847 181.81868132
620.43006993 175.97452547
633.46703297 168.78171828
621.77872128 161.58891109
628.52197802 160.68981019
614.58591409 156.64385614
603.79670330 169.68081918
604.24625375 162.48801199
598.40209790 159.34115884
585.81468531 155.74475524
560.63986014 246.55394605
559.29120879 239.36113886
609.19130869 336.91358641
615.03546454 348.60189810
610.98951049 368.38211788
625.82467532 389.06143856
624.92557443 421.87862138
613.23726274 416.93356643
600.64985015 405.69480519
558.84165834 412.43806194
523.77672328 413.78671329
758.89160839 345.45504496
757.99250749 358.49200799
740.46003996 350.40009990
733.26723277 337.36313686
742.25824176 332.41808192
733.26723277 320.72977023
713.48701299 319.38111888
698.20229770 318.93156843
682.91758242 324.32617383
676.17432567 309.94055944
685.16533467 306.79370629
673.92657343 299.60089910
664.93556444 291.95854146
682.01848152 289.26123876
672.12837163 287.01348651
676.17432567 272.62787213
665.38511489 269.93056943
665.38511489 248.80169830
659.54095904 247.00349650
650.99950050 244.75574426
660.44005994 238.01248751
653.69680320 226.32417582
663.13736264 230.37012987
686.06443556 253.29720280
691.90859141 239.81068931
684.26623377 230.37012987
678.42207792 231.26923077
675.72477522 243.40709291
682.01848152 220.03046953
674.37612388 210.14035964
664.93556444 211.93856144
666.73376623 221.37912088
670.77972028 198.45204795
678.87162837 195.30519481
673.92657343 191.25924076
668.08241758 187.66283716
659.99050949 202.04845155
650.54995005 190.80969031
655.04545455 182.26823177
646.95354645 178.22227772
642.90759241 165.18531469
649.20129870 157.99250749
643.35714286 156.19430569
637.06343656 156.19430569
629.87062937 153.49700300
657.74275724 174.17632368
658.19230769 167.43306693
662.23826174 158.89160839
672.57792208 157.54295704
672.12837163 171.92857143
667.18331668 180.02047952
682.91758242 173.27722278
682.46803197 157.99250749
688.76173826 157.09340659
705.84465534 166.53396603
701.79870130 158.44205794
697.30319680 175.52497502
704.94555445 184.06643357
706.29420579 174.17632368
697.30319680 189.46103896
690.11038961 187.66283716
688.76173826 196.20429570
695.95454545 200.69980020
691.90859141 207.44305694
680.22027972 208.34215784
697.30319680 209.69080919
704.49600400 208.79170829
704.49600400 195.75474525
709.89060939 207.89260739
714.38611389 208.79170829
704.04645355 228.57192807
709.89060939 231.26923077
704.49600400 240.70979021
713.03746254 243.85664336
709.44105894 258.24225774
705.39510490 274.42607393
699.55094905 271.27922078
686.51398601 277.57292707
693.70679321 281.61888112
694.15634366 297.80269730
708.09240759 296.45404595
700.00049950 305.89460539
729.22127872 304.54595405
725.62487512 291.95854146
736.41408591 276.67382617
737.76273726 263.18731269
728.32217782 275.32517483
727.87262737 263.63686314
718.43206793 255.99450549
723.82667333 236.66383616
731.46903097 225.87462537
724.27622378 224.52597403
719.78071928 218.68181818
711.68881119 223.17732268
703.14735265 220.48001998
735.06543457 238.46203796
735.06543457 246.55394605
741.80869131 254.19630370
745.85464535 247.00349650
751.24925075 255.99450549
756.64385614 269.93056943
749.45104895 266.33416583
763.83666334 255.99450549
757.54295704 245.20529471
762.93756244 237.11338661
756.19430569 236.66383616
753.04745255 235.76473526
754.84565435 229.02147852
739.56093906 217.78271728
727.42307692 213.73676324
734.61588412 211.48901099
727.87262737 206.99350649
738.66183816 200.69980020
740.90959041 207.89260739
720.67982018 202.49800200
713.03746254 201.59890110
712.13836164 189.91058941
720.23026973 184.51598402
716.63386613 166.53396603
722.47802198 175.07542458
727.42307692 178.22227772
733.71678322 187.66283716
735.96453546 176.42407592
731.46903097 167.88261738
724.27622378 160.68981019
739.56093906 163.83666334
750.79970030 165.63486513
752.14835165 158.89160839
756.64385614 174.62587413
753.94655345 190.80969031
744.95554446 184.06643357
745.85464535 193.95654346
747.65284715 204.29620380
751.24925075 212.83766234
747.65284715 220.03046953
760.24025974 216.43406593
760.24025974 203.84665335
766.98351648 211.93856144
769.23126873 220.92957043
773.27722278 230.81968032
778.67182817 242.50799201
773.27722278 253.74675325
783.16733267 252.39810190
777.32317682 268.58191808
783.61688312 263.63686314
769.23126873 278.02247752
768.78171828 268.58191808
764.28621379 289.26123876
742.25824176 290.60989011
747.65284715 304.54595405
754.84565435 296.90359640
759.79070929 320.72977023
752.14835165 335.11538462
772.37812188 332.41808192
768.33216783 324.77572428
753.04745255 311.28921079
778.22227772 380.96953047
770.57992008 375.12537463
780.02047952 362.08841159
788.56193806 356.69380619
786.31418581 425.47502498
789.46103896 408.39210789
722.47802198 402.09840160
826.99850150 359.84065934
800.92457542 374.22627373
819.35614386 342.30819181
845.43006993 336.01448551
849.92557443 351.29920080
861.16433566 347.70279720
868.80669331 359.39110889
867.90759241 371.52897103
851.72377622 364.78571429
893.53196803 358.94155844
891.73376623 371.97852148
891.73376623 346.80369630
871.95354645 344.10639361
871.05444555 314.43606394
836.43906094 315.33516484
833.29220779 309.04145854
807.21828172 320.72977023
793.28221778 319.83066933
786.98851149 315.33516484
779.34615385 305.44505495
769.45604396 299.15134865
757.76773227 305.44505495
790.58491508 277.12337662
803.62187812 284.31618382
797.77772228 284.31618382
806.76873127 275.32517483
816.20929071 285.66483516
810.36513487 300.94955045
796.87862138 297.35314685
836.88861139 286.56393606
831.04445554 274.87562438
849.92557443 304.54595405
851.72377622 295.55494505
852.17332667 284.76573427
866.10939061 287.01348651
881.84365634 301.84865135
872.40309690 305.44505495
862.96253746 305.44505495
891.73376623 291.50899101
884.54095904 269.48101898
870.15534466 274.87562438
879.59590410 263.63686314
867.00849151 255.99450549
846.32917083 268.13236763
838.68681319 267.23326673
842.73276723 256.89360639
850.37512488 253.29720280
828.34715285 256.89360639
816.65884116 263.63686314
805.42007992 264.53596404
796.42907093 257.79270729
795.08041958 264.08641359
790.13536464 261.38911089
789.23626374 249.70079920
795.08041958 242.50799201
789.68581419 238.01248751
789.68581419 229.92057942
780.24525475 227.67282717
797.32817183 227.67282717
802.72277722 231.71878122
808.56693307 244.30619381
816.20929071 252.39810190
823.40209790 244.30619381
823.40209790 234.86563437
813.06243756 230.81968032
817.10839161 242.95754246
837.33816184 237.56293706
841.38411588 242.50799201
836.43906094 247.00349650
830.14535465 233.96653347
831.94355644 223.17732268
825.20029970 221.37912088
818.00749251 225.42507493
837.78771229 225.42507493
843.18231768 229.47102897
842.28321678 219.58091908
852.62287712 221.37912088
893.08241758 238.91158841
886.78871129 248.35214785
879.59590410 252.84765235
873.75174825 242.05844156
875.99950050 235.31518482
865.65984016 231.71878122
868.35714286 245.20529471
848.57692308 235.31518482
847.22827173 213.73676324
840.93456543 216.43406593
835.98951049 213.73676324
845.87962038 208.34215784
852.17332667 202.49800200
855.76973027 210.14035964
857.56793207 204.74575425
862.96253746 217.33316683
868.35714286 210.58991009
868.80669331 218.23226773
876.44905095 220.48001998
871.50399600 214.18631369
884.54095904 213.73676324
879.14635365 205.64485514
891.73376623 200.69980020
889.48601399 226.32417582
898.47702298 204.74575425
872.85264735 196.65384615
896.67882118 184.96553447
885.44005994 186.76373626
883.19230769 180.02047952
890.83466533 177.32317682
870.15534466 180.02047952
862.96253746 186.76373626
856.21928072 193.05744256
862.51298701 194.40609391
858.46703297 180.02047952
846.32917083 180.91958042
830.59490509 206.54395604
807.21828172 225.42507493
804.07142857 217.33316683
791.03446553 212.83766234
776.19930070 213.28721279
780.69480519 201.59890110
793.28221778 199.35114885
785.63986014 192.60789211
775.30019980 186.31418581
781.14435564 183.16733267
804.07142857 192.15834166
811.26423576 191.70879121
807.66783217 206.09440559
819.35614386 206.54395604
819.80569431 196.65384615
816.65884116 183.16733267
825.20029970 183.61688312
839.58591409 195.30519481
697.52797203 249.25124875
783.84165834 172.37812188
773.50199800 170.57992008
762.26323676 183.16733267
769.45604396 162.48801199
764.96053946 159.79070929
758.66683317 166.98351648
766.30919081 152.14835165
765.85964036 147.20329670
749.22627373 149.00149850
740.23526474 149.90059940
729.44605395 153.04745255
729.89560440 147.20329670
720.90459540 148.10239760
712.81268731 147.20329670
706.06943057 149.00149850
696.62887113 144.95554446
702.92257742 151.69880120
794.63086913 171.92857143
791.03446553 164.28621379
793.73176823 154.84565435
783.84165834 145.40509491
776.19930070 144.95554446
778.89660340 152.14835165
775.74975025 161.58891109
773.05244755 155.29520480
764.06143856 172.82767233
769.00649351 171.92857143
802.27322677 182.26823177
805.86963037 174.62587413
800.47502498 171.92857143
803.62187812 165.18531469
805.42007992 157.99250749
800.92457542 147.65284715
812.61288711 152.14835165
822.05344655 161.13936064
819.35614386 172.82767233
825.64985015 171.47902098
838.68681319 175.52497502
832.39310689 166.98351648
844.53096903 165.18531469
858.01748252 169.68081918
851.72377622 171.02947053
846.32917083 159.34115884
841.83366633 149.00149850
873.30219780 172.37812188
877.34815185 166.98351648
884.54095904 160.68981019
875.54995005 159.34115884
867.00849151 157.54295704
854.87062937 157.54295704
858.91658342 149.45104895
876.44905095 148.10239760
891.28421578 149.45104895
895.33016983 167.88261738
898.47702298 158.89160839
880.49500500 172.37812188
444.65584416 239.06143856
438.36213786 225.57492507
429.82067932 234.56593407
428.02247752 224.22627373
449.15134865 230.51998002
441.95854146 228.72177822
435.66483516 230.51998002
499.50099900 222.42807193
581.31918082 258.84165834
576.82367632 248.95154845
573.22727273 243.55694306
352.04845155 193.65684316
447.35314685 140.16033966
438.81168831 133.41708292
432.06843157 132.06843157
424.87562438 124.87562438
429.37112887 120.38011988
432.96753247 114.98551449
441.95854146 124.87562438
450.94955045 123.97652348
452.74775225 134.76573427
462.63786214 130.71978022
453.64685315 117.23326673
459.49100899 121.72877123
459.04145854 114.08641359
456.79370629 106.44405594
446.45404595 111.83866134
442.85764236 107.34315684
440.16033966 113.63686314
433.86663337 108.69180819
426.67382617 107.34315684
432.06843157 101.49900100
418.58191808 102.39810190
419.93056943 105.99450549
422.62787213 114.53596404
412.28821179 93.40709291
417.68281718 89.81068931
417.68281718 83.51698302
408.69180819 88.01248751
398.35214785 89.81068931
404.64585415 77.67282717
401.94855145 63.28721279
392.05844156 79.02147852
378.57192807 54.29620380
386.21428571 55.64485514
378.57192807 60.14035964
383.96653347 47.55294705
392.95754246 52.04845155
399.70079920 52.94755245
405.09540460 54.74575425
412.73776224 56.09440559
407.34315684 46.65384615
407.79270729 41.25924076
415.88461538 43.95654346
396.10439560 40.80969031
401.04945055 46.65384615
392.50799201 43.50699301
385.76473526 26.87362637
393.40709291 20.57992008
399.25124875 24.62587413
393.85664336 27.77272727
399.70079920 30.47002997
410.04045954 25.97452547
405.09540460 15.18531469
397.90259740 15.63486513
399.70079920 9.79070929
415.43506494 16.53396603
417.68281718 26.42407592
431.61888112 25.52497502
433.41708292 21.47902098
428.02247752 37.21328671
426.67382617 30.02047952
433.86663337 34.96553447
436.11438561 46.20429570
432.06843157 47.55294705
435.66483516 55.64485514
426.67382617 57.44305694
426.67382617 66.88361638
426.22427572 80.37012987
442.40809191 82.61788212
441.05944056 76.77372627
441.95854146 68.68181818
441.05944056 53.84665335
450.05044955 52.49800200
445.55494505 39.91058941
442.40809191 41.25924076
454.54595405 48.00249750
443.75674326 32.26823177
454.54595405 30.47002997
445.10539461 19.23126873
442.85764236 14.73576424
435.66483516 16.53396603
428.47202797 16.53396603
428.47202797 10.68981019
422.17832168 15.63486513
432.96753247 11.13936064
435.66483516 7.54295704
441.05944056 7.09340659
435.21528472 4.39610390
423.97652348 6.64385614
419.03146853 8.44205794
414.98551449 10.68981019
414.08641359 7.09340659
406.89360639 7.99250749
449.15134865 84.86563437
433.41708292 91.15934066
454.09640360 99.70079920
444.65584416 97.45304695
450.05044955 92.95754246
460.39010989 96.10439560
463.53696304 89.36113886
459.49100899 79.02147852
456.34415584 71.37912088
454.99550450 61.03946054
459.04145854 44.40609391
463.08741259 32.71778222
464.88561439 52.94755245
471.62887113 54.74575425
471.62887113 46.65384615
469.83066933 75.87462537
473.42707293 85.76473526
470.72977023 101.04945055
467.13336663 96.10439560
467.58291708 107.79270729
478.37212787 113.18731269
469.83066933 115.88461538
473.42707293 126.22427572
469.83066933 121.27922078
476.12437562 121.72877123
484.21628372 132.96753247
475.67482517 137.46303696
470.28021978 133.41708292
477.02347652 128.92157842
482.41808192 141.50899101
469.83066933 147.80269730
466.23426573 140.60989011
479.72077922 155.44505495
479.27122877 147.80269730
487.81268731 152.74775225
488.71178821 146.45404595
489.61088911 136.11438561
493.65684316 143.75674326
496.35414585 129.37112887
503.99650350 136.56393606
501.29920080 143.75674326
503.99650350 148.70179820
495.00549451 152.74775225
486.46403596 165.33516484
494.55594406 114.53596404
485.11538462 115.88461538
481.96853147 101.04945055
485.56493506 94.75574426
477.02347652 88.46203796
486.91358641 81.71878122
480.61988012 71.82867133
472.52797203 69.13136863
476.12437562 59.24125874
481.06943057 47.55294705
415.88461538 66.88361638
510.73976024 153.64685315
519.28121878 148.70179820
519.73076923 143.75674326
515.23526474 138.36213786
515.68481518 132.96753247
509.84065934 126.22427572
507.59290709 136.11438561
502.64785215 120.82967033
508.04245754 122.17832168
515.68481518 115.43506494
493.20729271 104.19630370
494.10639361 96.10439560
491.85864136 89.81068931
504.89560440 97.90259740
513.43706294 109.59090909
506.24425574 115.88461538
523.77672328 139.26123876
535.46503497 135.21528472
532.76773227 140.60989011
530.07042957 145.55494505
526.92357642 150.94955045
550.30019980 141.95854146
539.06143856 145.55494505
544.00649351 142.85764236
549.40109890 149.15134865
558.84165834 155.89460539
564.23626374 152.74775225
566.93356643 145.55494505
561.08941059 145.55494505
557.04345654 139.26123876
575.02547453 140.60989011
576.82367632 145.55494505
583.11738262 143.75674326
587.61288711 148.70179820
593.00749251 147.35314685
592.55794206 141.50899101
605.59490509 142.40809191
606.94355644 133.41708292
599.75074925 132.06843157
579.52097902 123.52697303
570.52997003 130.71978022
568.28221778 124.42607393
561.98851149 119.93056943
555.24525475 123.07742258
547.15334665 119.48101898
542.65784216 114.53596404
551.19930070 110.93956044
534.56593407 104.64585415
527.37312687 108.24225774
527.82267732 113.18731269
530.51998002 115.43506494
531.86863137 130.71978022
545.80469530 134.76573427
528.27222777 100.15034965
517.03346653 95.65484515
519.28121878 86.66383616
506.69380619 88.01248751
499.05144855 88.01248751
494.10639361 82.61788212
499.95054945 77.22327672
494.10639361 72.27822178
499.05144855 64.63586414
488.26223776 59.69080919
490.50999001 52.04845155
500.84965035 52.04845155
494.10639361 48.00249750
510.29020979 50.69980020
510.73976024 65.08541459
517.93256743 61.03946054
515.68481518 72.72777223
515.68481518 77.22327672
526.47402597 73.62687313
531.86863137 79.92057942
536.36413586 70.03046953
540.85964036 77.67282717
535.91458541 95.65484515
543.10739261 89.81068931
551.64885115 98.80169830
548.50199800 89.36113886
574.12637363 105.54495504
571.42907093 116.78371628
561.53896104 113.18731269
582.66783217 107.34315684
588.51198801 111.38911089
594.35614386 121.72877123
587.61288711 137.91258741
611.43906094 122.62787213
602.44805195 116.78371628
599.30119880 102.84765235
593.00749251 104.19630370
593.00749251 93.40709291
584.01648352 89.36113886
578.62187812 91.60889111
571.42907093 90.70979021
565.58491508 91.60889111
567.38311688 88.01248751
569.63086913 83.51698302
559.74075924 77.22327672
553.89660340 75.42507493
516.13436563 46.65384615
514.78571429 40.80969031
498.60189810 43.50699301
509.39110889 36.31418581
523.32717283 52.04845155
524.22627373 57.44305694
544.90559441 61.48901099
549.40109890 57.44305694
544.45604396 49.80069930
540.85964036 44.85564436
535.46503497 46.65384615
534.11638362 42.15834166
530.07042957 40.80969031
531.86863137 34.06643357
521.52897103 35.86463536
519.28121878 26.42407592
525.57492507 25.07542458
527.82267732 19.68081918
474.77572428 35.41508492
482.41808192 29.57092907
472.52797203 27.77272727
466.23426573 21.47902098
454.09640360 15.63486513
447.80269730 12.48801199
459.49100899 8.89160839
452.74775225 7.09340659
449.15134865 5.29520480
459.94055944 3.94655345
467.13336663 7.09340659
468.93156843 13.38711289
472.52797203 8.89160839
475.67482517 11.58891109
476.12437562 17.88261738
472.52797203 20.13036963
481.51898102 12.93756244
477.47302697 7.09340659
490.50999001 17.43306693
492.30819181 21.47902098
488.71178821 27.77272727
487.81268731 8.44205794
492.30819181 11.58891109
499.50099900 16.53396603
498.60189810 28.67182817
500.40009990 23.27722278
504.89560440 26.87362637
510.29020979 11.58891109
504.89560440 7.54295704
500.40009990 7.99250749
496.35414585 6.64385614
545.35514486 33.16733267
539.51098901 23.72677323
536.36413586 19.23126873
549.40109890 19.68081918
550.74975025 46.65384615
553.89660340 40.80969031
562.43806194 39.91058941
556.59390609 50.25024975
557.04345654 59.24125874
568.28221778 68.23226773
569.63086913 55.64485514
561.08941059 59.24125874
574.57592408 64.18631369
575.92457542 74.52597403
580.42007992 64.18631369
583.56693307 75.42507493
588.06243756 82.16833167
597.05344655 78.12237762
596.15434565 72.72777223
601.09940060 65.53496503
594.35614386 56.54395604
596.15434565 51.14935065
599.75074925 44.85564436
587.61288711 47.10339660
579.52097902 54.29620380
574.57592408 48.00249750
579.52097902 40.80969031
575.02547453 40.80969031
569.18131868 43.50699301
564.68581419 34.51598402
564.68581419 26.87362637
556.59390609 21.02947053
611.43906094 141.05944056
621.32917083 140.16033966
618.63186813 149.60089910
624.92557443 149.15134865
629.87062937 146.45404595
627.17332667 141.50899101
630.76973027 139.26123876
625.37512488 136.56393606
619.98051948 129.37112887
619.53096903 118.58191808
628.97152847 122.17832168
631.66883117 117.68281718
636.16433566 127.12337662
635.26523477 132.06843157
642.00849151 133.86663337
655.94455544 144.65584416
645.60489510 143.30719281
652.34815185 132.96753247
647.85264735 120.82967033
624.47602398 111.83866134
619.08141858 105.54495504
619.98051948 101.04945055
609.19130869 84.86563437
615.48501499 82.61788212
607.39310689 78.12237762
603.34715285 88.01248751
612.33816184 93.85664336
610.98951049 113.18731269
604.24625375 103.29720280
628.52197802 95.65484515
622.22827173 88.91158841
632.56793207 83.06743257
626.72377622 75.87462537
638.41208791 98.35214785
642.90759241 105.99450549
634.36613387 105.99450549
626.72377622 103.74675325
652.34815185 114.53596404
646.05444555 114.08641359
652.34815185 101.04945055
645.15534466 97.00349650
658.64185814 87.11338661
662.23826174 79.02147852
662.68781219 92.05844156
663.13736264 97.00349650
665.83466533 105.99450549
668.98151848 107.79270729
664.93556444 117.23326673
658.64185814 107.79270729
666.28421578 125.77472527
659.99050949 126.67382617
669.88061938 134.76573427
666.73376623 138.36213786
672.12837163 144.65584416
687.86263736 140.16033966
680.22027972 140.16033966
677.07342657 134.76573427
686.51398601 118.58191808
677.97252747 121.27922078
671.67882118 118.58191808
675.27522478 105.99450549
683.81668332 104.64585415
677.07342657 94.75574426
687.41308691 98.80169830
673.47702298 82.61788212
642.45804196 75.87462537
641.55894106 82.61788212
637.06343656 77.22327672
637.96253746 62.83766234
634.36613387 53.84665335
616.38411588 72.72777223
621.77872128 66.43406593
619.98051948 53.84665335
595.25524476 32.26823177
589.41108891 32.26823177
585.81468531 13.38711289
591.20929071 17.88261738
578.17232767 21.02947053
573.22727273 20.57992008
578.17232767 14.28621379
562.43806194 16.08441558
557.49300699 5.74475524
549.85064935 8.89160839
539.06143856 5.29520480
535.46503497 8.89160839
526.02447552 5.29520480
521.97852148 13.38711289
691.00949051 122.62787213
686.51398601 128.92157842
688.31218781 132.51798202
702.69780220 135.66483516
712.13836164 134.76573427
717.53296703 133.86663337
719.33116883 127.57292707
712.58791209 122.17832168
713.93656344 110.04045954
713.03746254 103.29720280
708.09240759 104.19630370
704.04645355 113.18731269
700.00049950 118.58191808
694.60589411 108.24225774
690.11038961 103.29720280
699.10139860 101.04945055
697.75274725 95.65484515
702.69780220 88.91158841
690.55994006 84.86563437
682.91758242 87.11338661
691.90859141 74.07642358
695.50499500 70.92957043
706.29420579 79.92057942
681.11938062 78.12237762
683.36713287 83.06743257
646.95354645 59.69080919
642.90759241 50.69980020
641.10939061 41.70879121
634.81568432 45.75474525
624.02647353 50.69980020
621.77872128 43.05744256
603.79670330 48.90159840
606.94355644 43.50699301
605.14535465 58.79170829
621.77872128 34.06643357
620.87962038 28.22227772
612.33816184 27.77272727
603.79670330 25.52497502
606.04445554 30.47002997
608.29220779 18.78171828
594.80569431 23.27722278
594.35614386 6.19430569
583.11738262 3.49700300
570.08041958 4.39610390
574.12637363 7.09340659
571.42907093 13.38711289
752.37312687 144.65584416
749.22627373 136.56393606
734.39110889 140.16033966
738.43706294 141.05944056
720.00549451 140.16033966
726.29920080 136.56393606
728.09740260 127.57292707
733.94155844 130.27022977
738.88661339 128.47202797
732.14335664 119.03146853
725.40009990 113.18731269
717.30819181 105.99450549
733.49200799 106.89360639
724.05144855 96.10439560
733.94155844 113.63686314
743.83166833 116.78371628
742.48301698 112.73776224
751.02447552 113.63686314
751.02447552 122.17832168
758.21728272 115.43506494
762.71278721 116.78371628
760.46503497 123.07742258
755.96953047 131.16933067
765.41008991 126.67382617
771.25424575 134.76573427
762.26323676 137.01348651
777.54795205 134.76573427
773.50199800 125.77472527
780.24525475 128.92157842
783.84165834 121.72877123
783.39210789 113.63686314
773.50199800 114.98551449
771.25424575 107.79270729
761.36413586 106.89360639
757.31818182 98.80169830
752.82267732 97.00349650
744.73076923 104.64585415
733.94155844 95.20529471
719.55594406 89.36113886
713.71178821 82.16833167
719.55594406 77.67282717
713.71178821 74.52597403
703.37212787 70.03046953
675.94955045 70.03046953
675.94955045 61.48901099
672.35314685 61.03946054
665.60989011 55.64485514
656.16933067 61.03946054
657.51798202 44.85564436
647.17832168 43.95654346
648.52697303 37.66283716
638.18731269 34.06643357
630.09540460 37.21328671
623.80169830 37.66283716
632.79270729 29.57092907
629.64585415 17.88261738
613.91158841 18.78171828
617.05844156 8.89160839
604.92057942 6.64385614
599.97552448 8.89160839
739.78571429 83.06743257
743.83166833 79.47102897
725.84965035 79.02147852
724.50099900 74.07642358
723.60189810 65.98451548
720.00549451 68.23226773
695.72977023 56.99350649
684.49100899 50.25024975
677.74775225 40.80969031
670.10539461 41.25924076
657.51798202 36.76373626
652.57292707 30.47002997
645.38011988 30.47002997
646.72877123 24.17632368
662.91258741 26.87362637
653.92157842 23.27722278
658.41708292 12.48801199
682.69280719 34.06643357
692.58291708 35.41508492
685.83966034 42.15834166
697.52797203 48.90159840
701.12437562 40.36013986
694.38111888 18.33216783
686.73876124 17.88261738
676.39910090 19.68081918
666.95854146 19.68081918
657.96753247 17.88261738
643.58191808 14.73576424
652.12337662 7.99250749
652.57292707 3.49700300
643.13236763 8.89160839
635.04045954 8.89160839
635.49000999 15.18531469
623.80169830 8.89160839
628.74675325 6.64385614
621.10439560 3.04745255
613.46203796 3.49700300
595.03046953 13.83666334
602.22327672 19.68081918
603.57192807 14.28621379
609.41608392 10.68981019
657.96753247 72.27822178
654.37112887 79.02147852
707.41808192 59.69080919
717.30819181 58.79170829
709.66583417 54.74575425
716.40909091 49.35114885
707.41808192 41.25924076
716.40909091 33.61688312
702.92257742 34.06643357
705.17032967 26.87362637
701.12437562 21.47902098
699.77572428 15.63486513
710.11538462 18.78171828
713.26223776 25.52497502
721.35414585 25.07542458
731.69380619 28.67182817
724.95054945 32.71778222
723.60189810 49.35114885
733.49200799 53.84665335
733.49200799 45.75474525
733.49200799 39.46103896
733.04245754 36.31418581
741.58391608 39.46103896
740.68481518 33.61688312
750.57492507 44.40609391
750.57492507 39.01148851
745.62987013 59.24125874
738.88661339 67.78271728
742.03346653 51.59890110
754.62087912 57.89260739
749.22627373 75.87462537
739.78571429 73.17732268
767.65784216 92.50799201
752.82267732 90.26023976
741.13436563 90.26023976
758.66683317 78.57192807
759.56593407 68.68181818
769.45604396 70.48001998
765.41008991 77.22327672
774.85064935 84.41608392
778.44705295 86.21428571
777.54795205 96.10439560
785.19030969 101.49900100
799.57592408 105.54495504
779.34615385 103.29720280
798.22727273 127.57292707
791.03446553 130.27022977
789.23626374 119.93056943
792.83266733 114.08641359
799.57592408 113.18731269
802.72277722 119.93056943
809.91558442 120.82967033
809.01648352 116.33416583
809.01648352 110.49000999
809.01648352 102.39810190
813.51198801 96.10439560
816.65884116 80.37012987
797.77772228 87.56293706
788.33716284 83.51698302
791.48401598 74.52597403
808.56693307 136.56393606
815.31018981 135.21528472
811.26423576 143.30719281
823.40209790 141.50899101
817.10839161 127.12337662
818.45704296 120.38011988
815.75974026 116.78371628
817.55794206 109.59090909
822.05344655 100.59990010
827.89760240 101.94855145
830.14535465 94.75574426
831.04445554 91.60889111
838.68681319 91.60889111
839.58591409 104.64585415
834.19130869 100.59990010
830.59490509 113.18731269
836.88861139 129.82067932
839.58591409 123.97652348
835.53996004 119.48101898
840.48501499 115.43506494
844.53096903 118.58191808
850.37512488 116.78371628
842.28321678 136.56393606
834.64085914 138.36213786
824.30119880 133.41708292
850.82467532 141.50899101
854.87062937 138.36213786
850.37512488 134.31618382
853.07242757 131.61888112
857.56793207 123.07742258
859.36613387 115.88461538
869.25624376 119.93056943
863.41208791 120.38011988
864.76073926 129.82067932
873.75174825 138.36213786
875.54995005 132.51798202
877.34815185 125.77472527
865.65984016 136.56393606
885.88961039 138.36213786
890.83466533 129.82067932
884.09140859 126.22427572
890.83466533 120.82967033
870.15534466 116.33416583
867.00849151 105.99450549
881.39410589 108.24225774
889.03646354 110.04045954
893.53196803 97.90259740
881.84365634 93.40709291
887.23826174 92.95754246
877.34815185 86.21428571
867.00849151 87.56293706
862.06343656 87.11338661
865.21028971 80.81968032
881.84365634 80.37012987
883.19230769 70.92957043
864.31118881 70.92957043
859.81568432 67.33316683
858.01748252 60.58991009
852.62287712 62.83766234
838.23726274 57.44305694
838.23726274 61.93856144
848.57692308 74.52597403
856.21928072 75.42507493
853.97152847 83.96653347
852.17332667 89.81068931
849.92557443 99.70079920
861.16433566 92.05844156
844.98051948 83.96653347
819.80569431 65.08541459
803.62187812 76.77372627
777.99750250 65.98451548
764.06143856 53.84665335
782.49300699 76.32417582
777.54795205 72.72777223
792.38311688 63.73676324
790.58491508 51.14935065
778.44705295 52.49800200
769.45604396 43.95654346
765.85964036 44.85564436
762.71278721 37.66283716
757.76773227 36.76373626
756.86863137 42.15834166
766.30919081 25.52497502
759.11638362 18.33216783
750.12537463 25.07542458
749.22627373 17.88261738
746.52897103 8.89160839
738.88661339 18.33216783
730.79470529 21.02947053
701.12437562 6.19430569
704.27122877 2.59790210
716.40909091 3.49700300
729.89560440 6.19430569
733.94155844 5.74475524
726.74875125 5.29520480
726.29920080 14.73576424
720.45504496 10.68981019
669.20629371 7.99250749
674.60089910 12.03846154
683.59190809 7.99250749
839.13636364 15.18531469
826.99850150 14.28621379
823.40209790 11.13936064
827.89760240 8.44205794
821.60389610 3.49700300
814.41108891 6.64385614
807.66783217 13.83666334
800.92457542 10.68981019
806.76873127 6.19430569
791.93356643 9.34115884
787.43806194 7.09340659
778.44705295 3.04745255
771.25424575 12.93756244
774.85064935 7.99250749
773.95154845 4.84565435
769.45604396 7.09340659
766.75874126 3.49700300
776.64885115 28.22227772
774.85064935 21.02947053
765.85964036 16.53396603
756.86863137 11.13936064
760.46503497 27.77272727
755.51998002 31.36913087
776.64885115 37.66283716
778.89660340 44.40609391
783.84165834 43.05744256
782.94255744 34.06643357
788.78671329 30.47002997
793.28221778 35.41508492
792.83266733 26.87362637
785.63986014 25.07542458
782.04345654 17.88261738
793.73176823 19.23126873
800.02547453 25.07542458
800.47502498 19.23126873
797.32817183 34.06643357
804.97052947 30.47002997
804.52097902 37.66283716
815.75974026 34.06643357
812.16333666 39.46103896
819.35614386 30.47002997
818.00749251 25.07542458
810.81468531 25.97452547
806.76873127 54.74575425
800.92457542 59.24125874
796.42907093 52.94755245
795.08041958 43.50699301
800.47502498 49.35114885
800.92457542 44.85564436
809.46603397 43.95654346
818.00749251 44.40609391
814.86063936 51.14935065
822.50299700 52.94755245
824.75074925 47.55294705
826.99850150 53.84665335
816.20929071 57.89260739
825.64985015 68.23226773
834.19130869 50.25024975
830.59490509 43.50699301
837.33816184 42.60789211
841.38411588 42.15834166
828.79670330 34.06643357
826.99850150 28.67182817
831.94355644 22.82767233
823.40209790 22.37812188
817.55794206 16.53396603
847.67782218 16.08441558
837.33816184 6.64385614
837.78771229 3.49700300
845.87962038 3.49700300
852.17332667 10.24025974
853.97152847 7.09340659
857.56793207 12.48801199
857.56793207 16.53396603
860.71478521 25.07542458
837.33816184 26.42407592
849.02647353 29.12137862
846.77872128 39.01148851
850.37512488 34.06643357
844.53096903 25.07542458
840.48501499 30.47002997
855.32017982 33.61688312
853.97152847 48.45204795
858.46703297 56.99350649
856.66883117 54.74575425
859.81568432 50.69980020
863.41208791 47.55294705
862.96253746 41.25924076
871.95354645 36.76373626
866.55894106 31.81868132
875.54995005 29.12137862
876.89860140 25.52497502
870.15534466 21.92857143
868.35714286 12.93756244
872.40309690 12.48801199
875.54995005 5.29520480
870.15534466 5.29520480
862.96253746 5.74475524
859.36613387 4.39610390
884.54095904 12.93756244
880.94455544 17.88261738
884.54095904 25.07542458
888.58691309 16.98351648
892.18331668 11.58891109
891.28421578 7.09340659
882.29320679 5.29520480
898.02747253 5.29520480
898.47702298 16.08441558
898.02747253 25.52497502
898.47702298 32.71778222
892.63286713 32.26823177
885.44005994 32.71778222
893.53196803 24.17632368
889.48601399 44.40609391
878.69680320 41.25924076
879.14635365 50.69980020
871.05444555 44.85564436
866.55894106 43.50699301
870.15534466 62.38811189
873.30219780 49.35114885
881.39410589 62.83766234
886.33916084 52.94755245
893.53196803 57.89260739
893.53196803 65.08541459
898.92657343 65.98451548
898.47702298 48.00249750
893.08241758 72.72777223
897.12837163 74.97552448
894.43106893 88.01248751
898.92657343 87.56293706
898.92657343 97.45304695
895.77972028 123.52697303
898.92657343 123.97652348
895.77972028 114.98551449
