9.00940439 644.82791619
38.27982181 548.65368751
212.50849695 558.41049332
294.74443161 752.15278007
286.38145521 502.65731727
336.55931364 494.29434087
549.81521201 607.19452236
514.96947698 522.17092889
583.26711764 516.59561129
7.61557499 495.68817027
39.67365121 502.65731727
50.82428642 437.14733542
102.39597426 435.75350602
92.63916845 494.29434087
152.57383270 492.90051147
194.38871473 495.68817027
243.17274377 456.66094704
386.73717208 445.51031183
446.67183633 424.60287081
477.33608315 448.29797063
505.21267118 747.97129187
417.40141891 492.90051147
558.17818842 455.26711764
562.35967662 424.60287081
562.35967662 395.33245339
622.29434087 407.87691800
662.71539350 405.08925920
703.13644613 407.87691800
694.77346972 451.08562943
669.68454050 470.59924105
781.19089259 522.17092889
774.22174559 661.55386900
947.05659132 761.90958588
954.02573833 522.17092889
977.72083815 470.59924105
891.30341528 451.08562943
856.45768025 406.48308860
891.30341528 402.30160040
988.87147335 414.84606501
941.48127372 392.54479459
8.08018479 458.75169114
15.74624649 432.96584722
25.50305230 423.20904141
9.47401419 405.78617390
22.01847880 403.69542980
54.77346972 399.51394159
69.40867844 399.51394159
80.55931364 420.42138261
114.01121927 408.57383270
100.07292526 391.15096519
109.13281637 383.48490348
114.70813397 388.36330639
136.31248969 405.78617390
157.21993070 426.69361492
194.15640983 444.81339713
178.82428642 404.39234450
169.06748061 393.93862399
178.12737172 384.18181818
163.49216301 379.30341528
198.33789804 400.90777099
210.18544795 397.42319749
194.85332453 381.39415938
261.75713579 423.90595611
243.63735357 388.36330639
228.30523016 386.27256228
288.23989441 412.05840620
283.36149150 381.39415938
271.51394159 383.48490348
256.18181818 373.03118297
264.54479459 368.15278007
304.96584722 386.27256228
362.11285266 412.05840620
332.84243524 416.93680911
334.93317934 396.02936809
411.59379640 415.54297971
396.95858769 371.63735357
380.92954958 376.51575648
370.47582907 365.36512127
450.62101963 391.15096519
431.80432272 392.54479459
439.47038443 377.90958588
436.68272562 368.15278007
450.62101963 368.15278007
468.74080185 368.15278007
489.64824286 370.24352417
499.40504867 368.15278007
422.04751691 374.42501237
498.70813397 404.39234450
430.41049332 354.21448606
500.79887807 525.65550239
513.80795248 394.63553869
527.04933179 376.51575648
513.11103778 356.30523016
534.01847880 357.69905956
553.53209041 351.42682726
559.10740802 376.51575648
575.83336083 367.45586537
568.16729913 345.85150965
584.19633724 353.51757136
601.61920475 359.09288896
596.74080185 353.51757136
607.89143706 348.63916845
591.86239894 374.42501237
626.01121927 362.57746246
620.43590167 341.67002145
636.46493978 344.45768025
661.55386900 359.09288896
669.21993070 375.12192707
706.85332453 380.00032998
700.58109223 359.09288896
708.94406864 345.85150965
727.06385085 340.97310675
742.39597426 355.60831546
756.33426827 355.60831546
755.63735357 334.00395974
777.93862399 362.57746246
790.48308860 353.51757136
802.33063851 355.60831546
789.78617390 340.97310675
793.96766210 334.00395974
774.45405049 334.00395974
763.30341528 336.79161854
779.33245339 350.72991256
782.12011219 424.60287081
827.41956773 409.96766210
809.29978551 384.87873288
838.57020294 362.57746246
820.45042072 350.72991256
812.78435902 340.97310675
855.29615575 331.91321564
875.50668207 344.45768025
875.50668207 373.03118297
921.27074740 346.54842435
921.96766210 328.42864214
931.02755321 322.85332453
951.93499423 327.03481274
942.17818842 328.42864214
979.11466755 338.18544795
965.87328824 338.18544795
964.47945884 327.03481274
963.78254413 319.36875103
973.53934994 320.06566573
987.47764395 322.15640983
1018.14189078 334.70087444
999.32519386 346.54842435
1002.11285266 330.51938624
1.45949513 373.03118297
17.48853325 373.03118297
35.60831546 369.19815212
29.68454050 366.06203597
33.16911401 359.78980366
16.09470384 358.39597426
61.74261673 359.44134631
56.16729913 371.98581092
55.47038443 361.88054776
44.66820657 377.21267118
65.22719023 375.47038443
62.43953143 365.71357862
67.66639168 365.36512127
74.28708134 368.15278007
81.95314305 357.00214486
74.98399604 383.83336083
51.63735357 386.62101963
37.00214486 389.06022109
29.68454050 377.90958588
93.45223560 379.65187263
92.40686355 369.19815212
102.16366936 366.06203597
106.69361492 376.51575648
101.46675466 378.95495793
126.20722653 374.42501237
129.34334268 368.50123742
130.38871473 361.88054776
122.02573833 360.83517571
116.10196337 355.60831546
100.07292526 354.91140076
143.63009404 374.42501237
146.06929550 363.27437717
142.93317934 358.04751691
145.72083815 353.86602871
158.61376011 371.98581092
161.40141891 366.06203597
155.47764395 358.04751691
164.18907771 350.72991256
177.08199967 354.56294341
177.08199967 361.88054776
172.90051147 366.75895067
183.70268933 359.78980366
187.88417753 349.68454050
192.06566573 352.12374196
174.29434087 348.63916845
175.33971292 346.54842435
200.08018479 348.29071110
203.56475829 352.12374196
204.26167299 368.15278007
193.80795248 359.44134631
220.29071110 353.16911401
211.23082000 353.86602871
228.65368751 347.59379640
233.88054776 346.19996700
241.54660947 346.89688170
235.27437717 355.60831546
240.84969477 353.16911401
239.10740802 359.44134631
211.23082000 373.72809767
256.87873288 360.48671836
254.09107408 355.60831546
252.00032998 349.68454050
256.18181818 345.85150965
255.83336083 341.67002145
248.16729913 342.01847880
243.28889622 340.97310675
239.10740802 342.36693615
120.98036628 351.07836991
156.17455865 348.29071110
154.43227190 342.36693615
210.88236265 346.19996700
270.23626464 379.47764395
281.73535720 366.58472199
276.68272562 360.48671836
267.79706319 357.69905956
269.71357862 347.94225375
271.10740802 342.36693615
274.41775285 341.84425012
274.94043887 345.15459495
275.63735357 340.62464940
267.79706319 340.27619205
264.13826101 340.62464940
285.21993070 357.35060221
281.73535720 352.47219931
281.73535720 346.02573833
280.68998515 343.06385085
286.61376011 340.79887807
293.93136446 343.93499423
296.37056591 340.27619205
298.63553869 342.71539350
294.45405049 338.35967662
305.77891437 339.40504867
307.17274377 342.36693615
309.61194522 340.62464940
311.52846065 335.74624649
314.31611945 339.75350602
302.99125557 343.06385085
296.02210856 347.94225375
291.31793433 351.77528461
292.18907771 358.57020294
293.23444976 369.37238080
304.73354232 355.43408678
300.37782544 345.67728098
321.80795248 340.62464940
326.33789804 339.57927735
329.29978551 337.83699060
337.66276192 338.53390530
332.26167299 339.57927735
333.82973107 343.41230820
336.09470384 345.50305230
326.86058406 344.45768025
322.67909586 346.37419568
319.02029368 345.15459495
316.92954958 350.38145521
321.80795248 350.03299786
330.51938624 349.68454050
336.44316119 356.65368751
323.89869658 357.87328824
304.55931364 335.74624649
279.29615575 339.40504867
288.18181818 345.50305230
308.04388715 346.37419568
306.30160040 348.81339713
275.46312490 355.25985811
360.13826101 356.65368751
366.41049332 346.19996700
343.06385085 347.94225375
343.76076555 337.66276192
349.51031183 340.10196337
353.51757136 334.00395974
356.65368751 331.91321564
360.31248969 334.87510312
370.06929550 331.73898697
373.72809767 334.00395974
375.47038443 347.07111038
375.47038443 351.60105593
362.92591982 343.41230820
348.63916845 347.41956773
383.31067481 364.84243524
392.89325194 356.47945884
394.80976737 347.59379640
382.61376011 347.76802508
390.62827916 336.79161854
382.61376011 336.09470384
377.90958588 334.35241709
381.39415938 331.91321564
384.35604686 329.99670021
396.20359677 334.35241709
399.68817027 340.97310675
404.21811582 338.88236265
400.73354232 349.51031183
399.16548424 356.30523016
406.13463125 366.93317934
408.57383270 355.60831546
413.10377825 345.50305230
416.58835176 338.88236265
415.02029368 331.56475829
408.92229005 335.22356047
408.92229005 329.99670021
422.86058406 327.55749876
426.51938624 333.13281637
429.82973107 335.39778914
431.57201782 332.78435902
436.45042072 330.86784359
440.10922290 337.31430457
429.65550239 342.71539350
429.82973107 353.51757136
421.81521201 353.51757136
436.27619205 357.87328824
444.98762580 348.29071110
443.24533905 339.75350602
444.98762580 331.21630094
441.15459495 333.30704504
453.17637354 336.09470384
454.39597426 338.88236265
458.05477644 335.22356047
455.78980366 334.17818842
459.97129187 332.43590167
449.86602871 326.16366936
468.68272562 332.78435902
470.94769840 330.34515756
463.10740802 331.21630094
472.51575648 335.57201782
477.56838805 332.43590167
480.35604686 332.08744432
483.49216301 331.56475829
480.00758951 340.62464940
469.90232635 342.19270747
463.10740802 340.62464940
465.02392344 352.64642798
471.99307045 353.69180003
456.66094704 349.51031183
459.97129187 344.63190893
454.74443161 343.93499423
489.76439531 353.86602871
488.37056591 346.72265303
495.68817027 341.67002145
507.01303415 345.32882363
512.93680911 336.61738987
519.03481274 332.95858769
514.50486718 329.99670021
512.41412308 323.20178188
506.66457680 323.20178188
502.65731727 323.20178188
497.77891437 323.37601056
495.86239894 322.50486718
488.37056591 324.42138261
487.49942254 322.67909586
486.10559314 328.77709949
487.84787989 331.91321564
486.97673651 334.35241709
494.64279822 330.69361492
498.47582907 334.17818842
504.74806138 331.21630094
519.20904141 327.20904141
523.39052962 325.64098334
523.39052962 330.34515756
529.31430457 329.99670021
534.54116482 330.69361492
534.01847880 323.72446791
518.86058406 321.98218116
520.95132816 318.84606501
524.26167299 320.41412308
505.79343343 321.45949513
526.00395974 347.07111038
518.86058406 342.88962217
552.83517571 335.74624649
545.86602871 329.64824286
538.02573833 321.11103778
541.85876918 320.58835176
551.61557499 321.11103778
555.97129187 325.29252599
560.84969477 325.29252599
568.34152780 326.86058406
567.29615575 324.07292526
570.78072925 322.33063851
574.43953143 331.21630094
581.23444976 334.17818842
590.81702689 330.34515756
590.99125557 338.70813397
594.99851510 340.97310675
601.44497608 336.44316119
605.80069295 339.40504867
589.24896882 347.24533905
584.89325194 320.41412308
584.37056591 316.75532090
573.39415938 316.23263488
568.34152780 316.23263488
566.07655502 317.97492163
559.45586537 320.41412308
558.58472199 316.92954958
562.41775285 319.71720838
598.30885992 316.05840620
604.75532090 316.23263488
609.11103778 320.58835176
610.67909586 315.53572018
613.46675466 315.18726283
601.27074740 322.15640983
598.48308860 320.93680911
593.60468570 324.94406864
590.12011219 323.55023923
600.22537535 326.86058406
608.58835176 333.65550239
616.95132816 331.39052962
627.75350602 328.95132816
620.95858769 324.07292526
620.95858769 318.67183633
615.38327009 321.11103778
612.59561129 323.55023923
615.73172744 325.29252599
634.54842435 320.06566573
639.07836991 323.55023923
644.30523016 319.89143706
646.91866029 317.97492163
650.92591982 326.16366936
650.92591982 321.63372381
647.09288896 325.29252599
644.13100148 335.74624649
656.15278007 336.09470384
651.44860584 348.46493978
656.84969477 350.03299786
647.78980366 347.41956773
645.17637354 344.63190893
656.67546609 329.12555684
659.81158225 324.24715393
654.41049332 317.62646428
651.44860584 314.83880548
638.55568388 319.71720838
639.77528461 316.23263488
633.85150965 318.49760766
627.23082000 319.89143706
665.03844250 340.97310675
666.43227190 333.13281637
664.86421383 323.89869658
667.82610130 319.02029368
661.72809767 318.49760766
661.90232635 313.79343343
667.82610130 315.88417753
677.93136446 348.11648243
667.12918660 355.43408678
685.59742617 339.23082000
688.38508497 329.47401419
680.89325194 331.91321564
676.36330639 334.00395974
676.71176374 327.90595611
672.53027553 324.59561129
673.05296156 322.15640983
679.67365121 321.45949513
679.67365121 325.29252599
689.60468570 322.50486718
688.03662762 318.67183633
685.59742617 315.53572018
679.67365121 317.10377825
674.96947698 318.32337898
693.43771655 317.80069295
696.39960403 319.71720838
699.18726283 316.58109223
703.89143706 324.24715393
703.89143706 318.32337898
709.98944069 322.50486718
718.70087444 314.83880548
721.14007590 316.05840620
726.19270747 314.14189078
714.34515756 327.73172744
699.88417753 332.43590167
717.82973107 337.31430457
727.93499423 329.82247154
735.60105593 326.16366936
730.54842435 323.37601056
742.04751691 319.89143706
744.31248969 325.81521201
751.10740802 323.89869658
750.06203597 320.41412308
748.49397789 316.58109223
741.00214486 329.99670021
741.69905956 338.01121927
756.85695430 321.11103778
719.39778914 319.19452236
724.27619205 318.67183633
724.10196337 322.15640983
735.42682726 317.80069295
731.94225375 317.45223560
710.16366936 317.80069295
785.08199967 329.64824286
780.37782544 322.15640983
777.24170929 316.92954958
769.05296156 324.24715393
770.27256228 317.27800693
762.25804323 319.36875103
772.88599241 313.61920475
786.47582907 321.45949513
793.61920475 319.36875103
781.94588352 316.23263488
803.72446791 331.56475829
794.83880548 326.68635539
805.64098334 322.15640983
801.28526646 316.40686355
810.34515756 315.70994885
819.05659132 316.58109223
816.26893252 315.18726283
812.08744432 312.05114668
810.69361492 327.03481274
816.09470384 323.37601056
823.23807952 320.93680911
824.63190893 327.20904141
826.19996700 333.65550239
834.21448606 330.34515756
837.87328824 321.80795248
833.16911401 323.37601056
838.04751691 313.96766210
840.83517571 318.84606501
847.28163669 315.36149150
843.62283452 310.65731727
825.85150965 306.99851510
784.55931364 311.35423197
793.27074740 309.61194522
848.32700874 312.05114668
855.64461310 316.23263488
863.65913216 327.03481274
867.84062036 320.41412308
862.61376011 311.35423197
871.67365121 327.03481274
874.46131001 320.41412308
882.12737172 318.67183633
887.35423197 316.23263488
891.18726283 315.53572018
900.24715393 319.71720838
910.70087444 322.85332453
888.39960403 332.61013034
891.53572018 347.24533905
886.30885992 324.24715393
908.95858769 313.44497608
919.06385085 313.79343343
925.68454050 315.18726283
932.65368751 310.65731727
940.66820657 318.32337898
947.63735357 315.18726283
946.59198152 309.61194522
958.09107408 310.30885992
962.96947698 309.61194522
956.69724468 316.92954958
973.07474014 312.74806138
980.39234450 312.05114668
986.66457680 310.65731727
996.07292526 324.94406864
1016.63190893 316.92954958
1016.98036628 297.41593796
1006.64279822 309.43771655
