25.18354430 386.89240506
20.75316456 367.90506329
38.47468354 359.04430380
14.42405063 346.38607595
35.31012658 343.22151899
34.04430380 329.29746835
6.19620253 316.00632911
28.34810127 295.75316456
20.75316456 293.85443038
35.31012658 283.09493671
28.98101266 267.90506329
16.32278481 264.74050633
37.20886076 252.71518987
13.15822785 241.95569620
25.81645570 224.23417722
46.70253165 229.29746835
47.33544304 242.58860759
39.74050633 214.74050633
6.19620253 230.56329114
8.09493671 212.84177215
4.93037975 201.44936709
15.68987342 201.44936709
43.53797468 201.44936709
33.41139241 191.95569620
39.74050633 178.03164557
28.34810127 175.50000000
30.24683544 166.00632911
8.09493671 172.33544304
16.32278481 162.20886076
27.08227848 153.34810127
40.37341772 148.28481013
31.51265823 142.58860759
4.29746835 144.48734177
27.08227848 130.56329114
47.33544304 138.15822785
47.33544304 126.76582278
39.10759494 117.27215190
24.55063291 121.06962025
7.46202532 124.86708861
14.42405063 108.41139241
32.14556962 107.77848101
27.08227848 95.12025316
11.25949367 95.12025316
10.62658228 88.15822785
48.60126582 101.44936709
42.27215190 93.22151899
35.94303797 84.36075949
31.51265823 72.96835443
49.86708861 74.86708861
44.80379747 62.20886076
28.34810127 61.57594937
24.55063291 59.04430380
13.15822785 45.75316456
37.20886076 48.91772152
40.37341772 41.32278481
38.47468354 33.72784810
30.87974684 33.09493671
19.48734177 33.72784810
18.22151899 19.17088608
6.82911392 22.33544304
35.94303797 14.74050633
37.84177215 9.04430380
42.90506329 5.87974684
45.43670886 19.17088608
56.82911392 391.32278481
67.58860759 375.50000000
84.04430380 388.15822785
99.86708861 385.62658228
91.00632911 360.94303797
66.32278481 345.75316456
65.05696203 327.39873418
79.61392405 328.03164557
93.53797468 323.60126582
93.53797468 309.67721519
74.55063291 303.98101266
53.66455696 318.53797468
44.80379747 293.85443038
65.05696203 289.42405063
54.29746835 272.96835443
44.17088608 260.31012658
71.38607595 254.61392405
86.57594937 280.56329114
99.86708861 298.28481013
106.82911392 278.03164557
96.70253165 263.47468354
89.74050633 249.55063291
70.75316456 236.89240506
74.55063291 226.13291139
78.98101266 210.94303797
64.42405063 200.81645570
68.22151899 173.60126582
80.24683544 181.82911392
81.51265823 195.12025316
89.10759494 200.81645570
94.80379747 197.65189873
99.23417722 222.96835443
112.52531646 205.24683544
57.46202532 166.00632911
73.28481013 160.31012658
87.84177215 164.74050633
87.84177215 152.71518987
78.98101266 139.42405063
63.15822785 147.01898734
61.89240506 137.52531646
56.82911392 117.90506329
68.85443038 114.74050633
63.79113924 99.55063291
54.29746835 85.62658228
64.42405063 83.72784810
75.18354430 85.62658228
65.05696203 74.86708861
59.36075949 55.87974684
65.05696203 47.01898734
75.81645570 52.71518987
77.08227848 41.32278481
68.85443038 32.46202532
58.72784810 42.58860759
59.99367089 17.27215190
62.52531646 4.61392405
75.18354430 3.98101266
73.28481013 12.84177215
86.57594937 19.17088608
97.96835443 7.14556962
106.19620253 17.27215190
99.86708861 21.70253165
90.37341772 29.29746835
106.82911392 38.15822785
109.36075949 59.04430380
95.43670886 48.91772152
94.17088608 66.00632911
106.19620253 70.43670886
113.79113924 68.53797468
99.23417722 84.36075949
89.74050633 93.85443038
97.96835443 105.87974684
106.19620253 104.61392405
113.79113924 88.15822785
125.81645570 90.68987342
130.24683544 105.87974684
109.99367089 129.29746835
118.22151899 132.46202532
129.61392405 135.62658228
123.28481013 143.85443038
117.58860759 155.24683544
101.13291139 138.15822785
94.17088608 129.29746835
91.63924051 119.17088608
80.87974684 112.84177215
80.24683544 104.61392405
141.00632911 146.38607595
134.67721519 157.14556962
116.95569620 166.00632911
103.03164557 157.14556962
103.03164557 174.86708861
118.85443038 174.86708861
110.62658228 193.22151899
130.24683544 199.55063291
149.23417722 189.42405063
141.00632911 175.50000000
130.87974684 168.53797468
151.76582278 166.63924051
151.76582278 159.67721519
164.42405063 148.91772152
160.62658228 170.43670886
162.52531646 183.09493671
181.51265823 203.98101266
177.71518987 193.85443038
173.91772152 222.96835443
161.25949367 228.66455696
151.13291139 219.17088608
146.70253165 228.66455696
158.09493671 238.15822785
123.28481013 217.27215190
121.38607595 231.82911392
128.34810127 241.95569620
135.31012658 248.28481013
156.82911392 255.87974684
154.93037975 271.70253165
139.10759494 262.84177215
123.91772152 269.17088608
116.95569620 253.98101266
152.39873418 293.85443038
170.75316456 293.85443038
181.51265823 314.10759494
168.85443038 318.53797468
127.08227848 305.24683544
117.58860759 283.72784810
126.44936709 290.05696203
141.63924051 283.72784810
135.94303797 328.03164557
141.63924051 334.99367089
168.22151899 336.89240506
160.62658228 354.61392405
147.96835443 375.50000000
125.18354430 356.51265823
116.32278481 340.68987342
111.89240506 321.70253165
99.23417722 343.22151899
108.09493671 367.90506329
132.14556962 375.50000000
139.74050633 392.58860759
151.76582278 391.95569620
170.75316456 369.17088608
316.95569620 236.89240506
303.66455696 231.82911392
177.08227848 236.25949367
179.61392405 245.12025316
184.04430380 259.04430380
196.06962025 245.12025316
190.37341772 230.56329114
186.57594937 217.27215190
196.06962025 211.57594937
206.82911392 201.44936709
199.23417722 190.68987342
189.10759494 183.09493671
180.87974684 179.29746835
180.24683544 172.33544304
191.00632911 172.33544304
200.50000000 172.96835443
178.98101266 357.14556962
191.00632911 339.42405063
196.70253165 325.50000000
214.42405063 317.27215190
220.12025316 332.46202532
245.43670886 337.52531646
229.61392405 365.37341772
225.18354430 372.96835443
208.72784810 383.72784810
210.62658228 350.18354430
201.76582278 366.63924051
263.15822785 379.29746835
244.80379747 392.58860759
291.63924051 387.52531646
287.20886076 367.90506329
273.91772152 345.75316456
283.41139241 325.50000000
300.50000000 318.53797468
309.99367089 338.79113924
329.61392405 352.71518987
325.81645570 379.29746835
313.15822785 393.85443038
353.03164557 393.85443038
353.66455696 370.43670886
373.28481013 375.50000000
379.61392405 348.28481013
356.82911392 336.25949367
345.43670886 341.32278481
332.14556962 330.56329114
328.34810127 303.98101266
308.09493671 303.98101266
326.44936709 289.42405063
305.56329114 278.03164557
307.46202532 262.84177215
263.79113924 221.70253165
255.56329114 228.66455696
253.03164557 208.41139241
236.57594937 203.98101266
225.81645570 193.22151899
225.81645570 177.39873418
230.87974684 183.72784810
241.63924051 183.09493671
223.28481013 101.44936709
418.85443038 295.75316456
412.52531646 308.41139241
395.43670886 293.85443038
396.06962025 274.23417722
393.53797468 265.37341772
404.29746835 253.98101266
399.86708861 233.72784810
392.27215190 223.60126582
373.91772152 209.67721519
550.50000000 198.28481013
559.36075949 214.74050633
578.34810127 209.67721519
589.10759494 217.27215190
592.90506329 215.37341772
591.00632911 190.68987342
589.10759494 250.18354430
573.91772152 250.18354430
577.71518987 257.14556962
584.04430380 281.82911392
551.13291139 290.68987342
541.63924051 254.61392405
527.71518987 276.13291139
519.48734177 250.81645570
528.34810127 245.12025316
508.72784810 226.13291139
498.60126582 219.80379747
497.33544304 232.46202532
475.81645570 219.17088608
482.14556962 212.84177215
473.91772152 191.95569620
458.72784810 199.55063291
461.89240506 183.09493671
442.27215190 188.79113924
437.84177215 199.55063291
399.86708861 186.25949367
415.05696203 199.55063291
415.05696203 212.84177215
434.04430380 236.25949367
433.41139241 249.55063291
435.31012658 223.60126582
427.71518987 262.84177215
427.71518987 276.13291139
449.23417722 273.60126582
443.53797468 288.15822785
442.90506329 303.98101266
443.53797468 325.50000000
455.56329114 338.15822785
457.46202532 357.14556962
461.89240506 378.66455696
479.61392405 345.12025316
468.22151899 322.96835443
459.99367089 308.41139241
479.61392405 264.10759494
468.85443038 249.55063291
453.03164557 266.00632911
458.09493671 228.03164557
471.38607595 239.42405063
499.23417722 276.13291139
493.53797468 292.58860759
501.13291139 314.10759494
507.46202532 302.71518987
513.79113924 316.00632911
527.08227848 298.91772152
514.42405063 341.95569620
504.93037975 366.00632911
533.41139241 371.06962025
543.53797468 343.85443038
562.52531646 336.89240506
544.80379747 322.96835443
571.38607595 316.00632911
575.18354430 356.51265823
596.06962025 336.25949367
591.63924051 166.63924051
577.71518987 173.60126582
437.84177215 374.86708861
434.04430380 355.87974684
422.65189873 348.28481013
418.85443038 324.86708861
377.71518987 292.58860759
353.03164557 305.24683544
347.33544304 288.15822785
339.10759494 264.74050633
344.80379747 240.68987342
337.20886076 226.13291139
339.10759494 214.10759494
351.76582278 209.67721519
344.17088608 199.55063291
322.65189873 208.41139241
308.72784810 206.51265823
288.47468354 214.10759494
285.94303797 226.13291139
273.28481013 234.99367089
248.60126582 250.81645570
234.67721519 240.68987342
219.48734177 230.56329114
206.82911392 224.86708861
265.68987342 261.57594937
257.46202532 270.43670886
261.89240506 280.56329114
230.24683544 267.27215190
227.71518987 257.14556962
226.44936709 281.19620253
216.95569620 279.29746835
205.56329114 289.42405063
190.37341772 283.72784810
173.28481013 272.33544304
239.10759494 314.74050633
234.67721519 309.67721519
223.91772152 303.98101266
266.32278481 316.00632911
253.66455696 294.48734177
283.41139241 260.31012658
278.98101266 272.33544304
284.67721519 301.44936709
368.22151899 321.70253165
370.12025316 307.14556962
393.53797468 316.00632911
395.43670886 333.72784810
396.70253165 354.61392405
408.09493671 386.25949367
369.48734177 272.96835443
367.58860759 250.81645570
364.42405063 240.68987342
358.72784810 224.23417722
353.03164557 249.55063291
284.67721519 190.68987342
289.74050633 177.39873418
287.84177215 161.57594937
272.01898734 175.50000000
272.01898734 188.15822785
265.68987342 197.01898734
254.29746835 195.12025316
317.58860759 186.25949367
317.58860759 179.93037975
316.32278481 166.00632911
334.04430380 169.17088608
351.13291139 173.60126582
365.68987342 191.95569620
376.44936709 176.76582278
508.09493671 202.71518987
491.00632911 179.29746835
500.50000000 168.53797468
520.12025316 164.10759494
120.12025316 53.34810127
123.91772152 41.32278481
128.98101266 22.33544304
113.79113924 19.17088608
139.74050633 10.31012658
146.06962025 21.70253165
147.33544304 38.15822785
131.51265823 57.77848101
144.17088608 63.47468354
147.33544304 54.61392405
143.53797468 84.99367089
137.84177215 79.29746835
121.38607595 77.39873418
161.25949367 66.00632911
161.25949367 88.15822785
147.96835443 97.65189873
139.74050633 102.08227848
150.50000000 119.80379747
159.99367089 115.37341772
167.58860759 120.43670886
165.68987342 129.29746835
154.93037975 129.93037975
132.77848101 123.60126582
182.14556962 141.95569620
189.74050633 135.62658228
191.63924051 125.50000000
184.04430380 128.03164557
182.14556962 119.80379747
191.00632911 113.47468354
204.29746835 123.60126582
209.99367089 123.60126582
202.39873418 132.46202532
204.29746835 141.95569620
209.36075949 155.87974684
191.63924051 163.47468354
186.57594937 153.34810127
268.22151899 111.57594937
266.32278481 97.01898734
261.25949367 81.82911392
247.96835443 80.56329114
233.41139241 70.43670886
231.51265823 61.57594937
224.55063291 63.47468354
217.58860759 71.06962025
223.28481013 80.56329114
200.50000000 86.89240506
198.60126582 97.65189873
211.25949367 97.01898734
206.82911392 59.67721519
200.50000000 66.00632911
197.33544304 52.71518987
204.29746835 47.01898734
216.95569620 47.01898734
209.99367089 32.46202532
213.15822785 14.74050633
203.03164557 12.84177215
182.77848101 34.99367089
173.28481013 34.99367089
172.65189873 50.18354430
159.36075949 36.89240506
158.09493671 10.31012658
170.75316456 5.87974684
177.08227848 12.84177215
181.51265823 17.27215190
194.80379747 5.87974684
228.34810127 26.76582278
234.67721519 12.84177215
237.20886076 28.03164557
241.63924051 32.46202532
246.70253165 40.05696203
237.20886076 43.85443038
230.24683544 37.52531646
240.37341772 55.87974684
254.93037975 59.04430380
261.89240506 62.20886076
269.48734177 55.87974684
275.18354430 66.63924051
289.74050633 72.33544304
287.20886076 93.85443038
297.33544304 93.22151899
299.23417722 81.82911392
303.66455696 112.20886076
315.05696203 98.28481013
325.18354430 86.89240506
330.87974684 72.96835443
330.87974684 59.04430380
327.08227848 48.28481013
308.09493671 61.57594937
299.23417722 64.10759494
308.09493671 48.28481013
295.43670886 43.85443038
285.31012658 47.01898734
280.87974684 53.34810127
272.65189873 30.56329114
261.25949367 35.62658228
278.34810127 7.14556962
299.86708861 10.94303797
582.77848101 152.71518987
595.43670886 140.05696203
582.14556962 120.43670886
566.95569620 123.60126582
566.32278481 143.85443038
558.09493671 138.15822785
536.57594937 128.03164557
514.42405063 129.93037975
511.89240506 139.42405063
511.89240506 150.18354430
508.09493671 159.04430380
492.27215190 145.75316456
497.33544304 136.89240506
493.53797468 124.86708861
482.14556962 117.27215190
469.48734177 162.20886076
480.87974684 150.81645570
484.04430380 128.03164557
462.52531646 111.57594937
424.55063291 108.41139241
434.04430380 105.87974684
447.96835443 116.63924051
399.86708861 103.98101266
414.42405063 95.75316456
392.27215190 75.50000000
375.18354430 90.68987342
377.71518987 101.44936709
342.90506329 102.08227848
342.27215190 90.68987342
353.66455696 88.15822785
351.13291139 78.03164557
363.15822785 77.39873418
351.76582278 67.27215190
315.68987342 88.15822785
317.58860759 69.17088608
351.76582278 57.14556962
361.25949367 54.61392405
369.48734177 48.91772152
366.32278481 41.32278481
352.39873418 39.42405063
341.00632911 32.46202532
337.84177215 21.70253165
325.81645570 28.03164557
319.48734177 36.89240506
309.36075949 35.62658228
304.93037975 28.66455696
301.13291139 23.60126582
282.77848101 26.13291139
267.58860759 16.00632911
253.66455696 14.74050633
263.15822785 10.31012658
337.84177215 6.51265823
350.50000000 17.27215190
363.79113924 16.00632911
374.55063291 14.74050633
320.75316456 17.27215190
316.32278481 8.41139241
482.77848101 97.01898734
432.31841547 84.42083788
439.49698002 70.40554520
426.84903296 57.41576174
420.69597764 51.60454283
408.04803059 47.84434235
411.80823106 38.61475937
423.77250530 32.11986763
422.74699608 12.97702885
410.44088543 11.26784682
401.55313885 27.67599435
390.95621024 36.56374092
393.69090150 22.54844824
394.03273790 57.41576174
378.99193600 55.36474330
485.30305854 21.86477543
489.40509542 11.26784682
468.89491101 36.56374092
455.22145473 45.45148750
468.55307460 64.59432629
451.46125426 65.27799910
458.63981880 80.31880100
451.80309066 91.25756602
477.44082118 89.89022039
489.74693183 78.95145537
497.95100559 68.01269036
513.33364390 57.41576174
522.22139048 53.65556127
526.32342736 45.45148750
523.24689970 28.70150357
520.85404485 21.52293902
526.32342736 8.87499197
514.35915312 10.92601041
497.26733278 12.97702885
561.53257727 99.11980338
582.72643449 82.71165585
592.63969029 92.28307524
590.93050826 67.67085395
585.46112575 55.36474330
586.82847137 37.24741374
576.23154276 49.21168798
565.29277774 42.03312343
551.96115787 36.22190452
582.72643449 19.13008417
587.85398060 5.79846431
569.39481462 8.53315556
566.66012337 21.52293902
560.50706805 17.76273855
554.01217632 4.77295509
517.09384437 87.83920195
518.80302641 76.55860053
501.02753325 103.90551308
529.39995502 111.08407762
543.41524770 99.80347619
552.98666710 87.49736555
562.55808649 78.95145537
571.44583307 73.48207287
551.61932147 72.79840005
539.99688363 67.67085395
532.47648268 62.54330785
548.88463021 56.04841612
529.05811861 89.89022039
511.62446186 117.57896935
496.24182356 52.97188845
491.11427745 36.56374092
443.25718049 15.71172011
454.87961833 26.30864872
441.20616205 30.06884919
453.85410910 3.40560946
260.94303797 105.87974684
242.58860759 123.60126582
238.15822785 110.31012658
243.22151899 94.48734177
538.15822785 172.33544304
540.68987342 162.20886076
568.53797468 164.10759494
545.75316456 120.43670886
554.61392405 110.31012658
427.39873418 181.82911392
13.38711289 8.09240759
7.39310689 159.14135864
31.96853147 244.25624376
9.19130869 393.50699301
102.09840160 235.26523477
112.88761239 6.89360639
137.46303696 8.69180819
108.69180819 117.78271728
182.41808192 380.32017982
189.01148851 394.10639361
193.20729271 300.59990010
171.02947053 247.85264735
180.02047952 83.61688312
170.43006993 98.60189810
177.62287712 96.80369630
174.62587413 69.23126873
183.01748252 71.62887113
184.21628372 5.09540460
191.40909091 24.87562438
190.21028971 62.63786214
205.19530470 162.73776224
216.58391608 169.33116883
218.98151848 202.29820180
212.98751249 184.31618382
206.39410589 261.63886114
208.79170829 248.45204795
231.56893107 340.75974026
272.92757243 279.62087912
274.72577423 76.42407592
277.72277722 84.81568432
298.70179820 3.89660340
310.09040959 5.09540460
362.23826174 5.69480519
389.81068931 3.89660340
407.19330669 5.09540460
337.66283716 79.42107892
344.25624376 111.18931069
376.62387612 116.58391608
322.67782218 271.22927073
397.60289710 210.09040959
388.01248751 204.09640360
400.59990010 70.43006993
384.41608392 70.43006993
373.02747253 61.43906094
389.81068931 45.25524476
437.76273726 5.09540460
425.17532468 3.29720280
416.78371628 71.02947053
414.38611389 62.03846154
432.96753247 45.85464535
444.95554446 53.64685315
441.95854146 142.95754246
438.36213786 133.36713287
471.92857143 276.62387612
570.23026973 392.90759241
525.87462537 217.28321678
529.47102897 209.49100899
527.07342657 196.90359640
533.66683317 152.54795205
552.24825175 142.95754246
555.84465534 156.14435564
561.23926074 166.93356643
580.42007992 104.59590410
562.43806194 57.24325674
539.06143856 31.46903097
540.26023976 17.68281718
541.45904096 6.29420579
