49.58333333 381.05092593
63.93518519 389.66203704
96.08333333 405.16203704
82.30555556 408.31944444
132.25000000 401.14351852
156.36111111 398.84722222
173.58333333 412.05092593
176.16666667 380.76388889
200.27777778 404.87500000
212.62037037 375.88425926
233.57407407 394.82870370
250.22222222 395.97685185
288.68518519 401.71759259
286.96296296 380.18981481
261.12962963 370.14351852
287.53703704 360.95833333
272.89814815 341.72685185
241.03703704 368.42129630
242.75925926 349.47685185
159.51851852 352.92129630
100.67592593 360.38425926
123.63888889 355.79166667
136.55555556 342.01388889
117.03703704 333.11574074
109.00000000 338.56944444
88.90740741 359.23611111
83.45370370 349.47685185
67.37962963 391.67129630
36.37962963 343.44907407
65.94444444 328.52314815
20.59259259 309.57870370
21.16666667 296.94907407
60.77777778 300.10648148
83.45370370 307.56944444
98.95370370 309.57870370
42.98148148 285.75462963
26.62037037 281.44907407
66.51851852 265.94907407
25.47222222 253.31944444
38.96296296 229.49537037
55.89814815 234.08796296
88.04629630 240.68981481
72.83333333 244.42129630
88.04629630 261.93055556
105.55555556 284.89351852
91.49074074 282.59722222
130.52777778 305.84722222
124.50000000 320.19907407
152.34259259 319.62500000
171.28703704 341.43981481
187.36111111 306.13425926
230.70370370 331.39351852
246.77777778 313.59722222
248.21296296 282.02314815
273.75925926 296.94907407
272.61111111 315.31944444
275.48148148 263.36574074
278.63888889 249.01388889
250.22222222 270.25462963
190.23148148 279.15277778
169.56481481 288.91203704
143.73148148 287.76388889
139.42592593 277.14351852
119.90740741 258.77314815
159.51851852 257.62500000
176.74074074 241.26388889
169.85185185 242.12500000
164.39814815 229.78240741
156.07407407 232.65277778
159.23148148 224.61574074
151.76851852 225.47685185
147.75000000 232.36574074
135.69444444 230.93055556
113.01851852 223.18055556
132.82407407 240.40277778
93.78703704 230.93055556
104.69444444 224.04166667
114.74074074 238.10648148
127.94444444 253.89351852
85.17592593 249.30092593
76.27777778 252.17129630
288.68518519 247.57870370
269.16666667 245.85648148
243.62037037 245.28240741
237.01851852 234.08796296
220.37037037 233.51388889
215.49074074 240.97685185
188.50925926 227.77314815
257.68518519 228.34722222
272.61111111 226.05092593
7.38888889 450.86111111
22.88888889 429.04629630
54.46296296 421.00925926
36.09259259 415.26851852
55.03703704 447.41666667
74.55555556 440.52777778
138.27777778 458.89814815
121.05555556 456.60185185
179.61111111 431.34259259
202.57407407 434.78703704
216.35185185 415.26851852
250.22222222 429.62037037
279.50000000 416.99074074
265.14814815 450.28703704
308.77777778 453.73148148
342.07407407 457.17592593
339.20370370 426.17592593
327.14814815 396.89814815
341.50000000 380.82407407
323.70370370 364.17592593
400.05555556 455.45370370
386.27777778 439.95370370
369.62962963 421.00925926
383.98148148 401.49074074
441.96296296 453.15740741
458.61111111 453.15740741
502.24074074 437.65740741
524.05555556 435.36111111
414.69444444 411.18981481
468.94444444 406.59722222
408.66666667 353.78240741
387.13888889 378.46759259
364.17592593 358.66203704
388.86111111 351.19907407
335.47222222 274.27314815
315.66666667 274.56018519
317.96296296 263.36574074
348.67592593 268.53240741
339.20370370 239.82870370
361.59259259 235.23611111
373.36111111 229.20833333
390.29629630 238.96759259
389.14814815 261.93055556
378.52777778 266.23611111
364.75000000 259.92129630
359.87037037 272.55092593
399.48148148 273.12500000
406.94444444 257.62500000
412.97222222 273.41203704
380.82407407 309.86574074
394.88888889 309.00462963
414.40740741 301.25462963
396.61111111 319.91203704
419.86111111 326.80092593
502.24074074 371.00462963
501.09259259 385.93055556
487.60185185 378.18055556
485.01851852 353.78240741
442.25000000 334.83796296
441.38888889 355.21759259
323.70370370 231.79166667
447.41666667 254.46759259
449.71296296 232.36574074
467.50925926 239.25462963
487.60185185 263.93981481
486.74074074 291.20833333
473.25000000 289.77314815
447.12962963 284.60648148
438.51851852 281.16203704
455.16666667 272.83796296
470.37962963 333.97685185
470.66666667 313.88425926
462.91666667 284.31944444
468.65740741 280.30092593
526.63888889 362.10648148
526.92592593 408.31944444
547.87962963 397.41203704
559.36111111 379.04166667
547.59259259 364.97685185
561.65740741 342.87500000
513.72222222 272.55092593
502.52777778 256.18981481
492.76851852 245.85648148
479.85185185 238.39351852
519.17592593 229.49537037
538.40740741 245.56944444
529.50925926 242.98611111
594.66666667 240.11574074
578.59259259 264.80092593
556.20370370 254.75462963
602.99074074 277.14351852
600.98148148 300.10648148
571.99074074 302.11574074
553.90740741 295.22685185
543.86111111 276.85648148
537.25925926 261.35648148
520.03703704 337.13425926
13.70370370 249.50462963
17.43518519 217.64351852
12.55555556 220.51388889
33.79629630 221.66203704
48.14814815 215.63425926
59.62962963 220.51388889
66.23148148 217.64351852
51.59259259 207.31018519
23.46296296 207.88425926
27.76851852 207.59722222
34.37037037 202.14351852
39.82407407 201.28240741
44.70370370 206.16203704
54.75000000 198.12500000
57.62037037 194.39351852
62.50000000 205.58796296
72.25925926 207.88425926
67.09259259 201.28240741
133.11111111 215.92129630
121.05555556 212.47685185
103.25925926 198.41203704
102.39814815 215.63425926
98.66666667 207.02314815
80.29629630 196.11574074
89.48148148 195.25462963
78.86111111 182.91203704
101.25000000 183.48611111
55.89814815 165.97685185
66.80555556 159.08796296
60.77777778 159.37500000
45.27777778 162.53240741
36.09259259 165.68981481
187.07407407 208.45833333
174.15740741 215.63425926
168.41666667 204.43981481
178.75000000 201.85648148
171.86111111 198.12500000
160.37962963 200.13425926
154.92592593 210.46759259
155.78703704 205.01388889
150.04629630 194.10648148
161.81481481 193.24537037
160.09259259 188.36574074
165.25925926 182.91203704
134.54629630 190.66203704
142.87037037 182.91203704
151.19444444 187.79166667
131.96296296 180.61574074
119.04629630 167.12500000
123.92592593 165.97685185
123.06481481 161.95833333
126.50925926 162.53240741
142.87037037 158.80092593
218.36111111 217.93055556
237.01851852 220.51388889
251.65740741 217.93055556
249.64814815 210.18055556
230.99074074 217.35648148
210.61111111 214.19907407
206.01851852 208.45833333
221.51851852 205.01388889
216.35185185 199.84722222
207.16666667 192.38425926
200.27777778 191.81018519
191.95370370 186.93055556
228.98148148 190.66203704
219.50925926 190.66203704
246.20370370 200.70833333
237.30555556 198.41203704
274.04629630 213.62500000
264.00000000 222.23611111
282.37037037 226.82870370
279.21296296 210.75462963
272.89814815 199.84722222
284.95370370 195.82870370
288.11111111 186.64351852
272.61111111 189.80092593
267.44444444 190.08796296
256.53703704 192.38425926
251.37037037 169.13425926
262.27777778 163.10648148
267.73148148 163.96759259
272.32407407 163.39351852
270.88888889 174.01388889
281.50925926 176.31018519
292.41666667 175.44907407
280.64814815 170.85648148
285.52777778 144.44907407
228.98148148 174.87500000
226.39814815 166.55092593
230.41666667 163.96759259
221.51851852 172.00462963
212.62037037 176.02314815
228.69444444 197.55092593
183.62962963 188.07870370
177.88888889 181.18981481
172.43518519 177.45833333
59.62962963 184.63425926
56.75925926 186.35648148
87.75925926 172.29166667
99.81481481 175.44907407
212.62037037 160.23611111
201.42592593 165.11574074
197.98148148 170.28240741
193.38888889 170.28240741
189.94444444 170.28240741
181.62037037 171.71759259
186.50000000 171.71759259
216.63888889 179.75462963
146.02777778 147.31944444
131.10185185 150.18981481
115.60185185 153.63425926
84.88888889 159.66203704
80.87037037 154.49537037
153.77777778 147.60648148
179.89814815 143.30092593
178.75000000 139.56944444
170.71296296 144.73611111
175.30555556 144.73611111
189.94444444 145.31018519
185.92592593 142.43981481
196.54629630 139.28240741
210.89814815 149.61574074
210.89814815 143.58796296
207.74074074 137.27314815
221.51851852 133.25462963
230.99074074 131.24537037
236.44444444 131.24537037
217.50000000 131.24537037
4.80555556 155.06944444
14.27777778 154.20833333
19.15740741 152.19907407
1.93518519 160.81018519
580.31481481 395.17592593
335.66543210 217.35925926
355.69506173 213.76419753
367.25061728 206.57407407
374.18395062 215.04814815
380.60370370 224.29259259
301.25555556 233.28024691
306.39135802 206.83086420
297.91728395 140.57901235
303.82345679 144.94444444
305.62098765 154.95925926
294.06543210 165.74444444
309.21604938 164.20370370
312.29753086 168.31234568
314.09506173 173.19135802
317.69012346 179.61111111
309.21604938 188.85555556
333.86790123 195.53209877
341.82839506 194.50493827
332.07037037 181.66543210
362.37160494 192.19382716
366.99382716 184.49012346
353.64074074 178.58395062
347.47777778 168.56913580
361.34444444 170.88024691
354.92469136 150.85061728
351.58641975 170.10987654
355.18148148 166.77160494
389.33456790 158.29753086
371.35925926 127.48271605
381.37407407 127.48271605
456.35679012 118.49506173
464.83086420 123.63086420
469.45308642 144.68765432
444.54444444 146.48518519
406.53950617 158.81111111
473.81851852 135.18641975
493.33456790 223.77901235
484.86049383 221.72469136
476.64320988 215.30493827
464.06049383 214.53456790
446.34197531 221.21111111
429.39382716 221.21111111
421.17654321 209.14197531
409.62098765 219.15679012
404.74197531 208.62839506
348.50493827 150.59382716
375.21111111 171.39382716
368.02098765 178.84074074
374.95432099 184.49012346
383.17160494 179.86790123
237.82839506 191.16666667
334.89506173 172.16419753
337.20617284 164.97407407
339.77407407 161.89259259
408.85061728 167.28518519
440.17901235 188.34197531
391.13209877 180.89506173
398.83580247 199.12716049
406.79629630 187.31481481
449.93703704 176.27283951
435.30000000 164.46049383
426.31234568 165.74444444
423.48765432 192.70740741
435.81358025 201.69506173
464.31728395 176.01604938
447.36913580 204.51975309
510.79629630 196.30246914
492.56419753 216.84567901
482.29259259 207.34444444
494.36172840 201.69506173
508.48518519 211.45308642
517.98641975 209.91234568
358.51975309 143.40370370
419.63580247 179.35432099
417.83827160 169.08271605
439.15185185 178.58395062
446.34197531 180.63827160
450.45061728 182.94938272
453.53209877 184.74691358
473.30493827 197.58641975
504.11975309 190.90987654
504.37654321 185.26049383
502.32222222 179.09753086
497.44320988 179.61111111
493.07777778 179.86790123
500.52469136 171.39382716
491.02345679 165.74444444
495.38888889 164.20370370
488.71234568 160.86543210
486.14444444 156.75679012
481.52222222 152.64814815
492.05061728 149.56666667
495.90246914 154.70246914
521.32469136 153.16172840
515.41851852 144.68765432
526.46049383 137.49753086
516.95925926 117.98148148
514.90493827 129.79382716
355.43827160 115.15679012
359.80370370 115.67037037
343.88271605 116.95432099
579.77160494 202.72222222
570.01358025 194.76172840
563.59382716 183.46296296
546.38888889 177.55679012
534.57654321 167.02839506
545.61851852 135.70000000
543.30740741 153.67530864
558.20123457 154.95925926
554.09259259 148.28271605
565.13456790 131.07777778
557.68765432 138.01111111
537.65802469 133.38888889
567.95925926 136.72716049
563.33703704 142.63333333
568.47283951 139.03827160
573.60864198 138.01111111
579.00123457 142.11975309
586.44814815 137.24074074
567.70246914 154.18888889
575.66296296 168.82592593
561.53950617 172.93456790
558.71481481 164.97407407
579.00123457 180.38148148
49.65084915 497.90259740
127.17332667 508.29220779
207.09340659 503.49700300
252.64785215 486.71378621
322.17832168 497.90259740
386.11438561 509.89060939
446.85364635 513.88661339
444.45604396 485.11538462
501.19930070 481.91858142
545.15534466 494.70579421
516.38411588 545.85464535
242.25824176 550.64985015
298.20229770 565.83466533
588.31218781 537.86263736
609.89060939 467.53296703
664.23626374 531.46903097
560.34015984 472.32817183
597.90259740 441.15934066
625.07542458 427.57292707
611.48901099 394.80569431
653.84665335 461.13936064
737.76273726 484.31618382
718.58191808 476.32417582
784.91558442 477.12337662
723.37712288 444.35614386
736.96353646 415.58491508
772.92757243 409.19130869
723.37712288 382.01848152
704.99550450 398.00249750
685.01548452 399.60089910
645.85464535 370.82967033
610.68981019 371.62887113
605.09540460 340.46003996
626.67382617 310.09040959
686.61388611 284.51598402
766.53396603 327.67282717
712.18831169 306.09440559
741.75874126 306.89360639
762.53796204 294.10639361
788.91158841 322.07842158
786.51398601 304.49600400
704.19630370 278.92157842
711.38911089 268.53196803
727.37312687 259.74075924
736.96353646 256.54395604
743.35714286 251.74875125
750.54995005 250.94955045
766.53396603 265.33516484
756.14435564 278.12237762
665.63486513 218.18231768
664.43606394 249.75074925
653.64685315 249.75074925
644.45604396 229.37112887
642.85764236 248.95154845
614.88561439 230.56993007
616.88361638 214.98551449
612.08841159 196.60389610
620.87962038 192.60789211
631.26923077 207.79270729
637.26323676 200.99950050
619.68081918 199.00149850
635.66483516 213.78671329
631.66883117 225.77472527
593.30719281 184.21628372
604.49600400 169.83066933
591.30919081 146.65384615
608.09240759 139.86063936
614.48601399 140.65984016
608.09240759 145.45504496
621.27922078 157.44305694
631.66883117 142.65784216
637.66283716 163.03746254
622.87762238 165.43506494
653.24725275 176.22427572
645.25524476 177.02347652
646.45404595 183.01748252
705.99450549 169.83066933
700.00049950 194.20629371
746.75374625 175.02547453
747.95254745 199.40109890
760.34015984 203.39710290
765.13536464 213.38711289
794.70579421 220.57992008
780.71978022 246.95354645
787.91258741 232.56793207
780.32017982 268.13236763
769.93056943 237.76273726
729.97052947 230.17032967
716.38411588 234.16633367
708.39210789 239.76073926
697.20329670 254.94555445
693.20729271 236.16433566
648.85164835 210.58991009
654.04645355 202.59790210
654.84565435 188.21228771
722.77772228 206.19430569
712.38811189 201.79870130
700.79970030 216.58391608
716.78371628 208.99150849
714.78571429 218.18231768
728.37212787 208.19230769
749.55094905 283.31718282
752.14835165 234.16633367
745.75474525 222.17832168
792.90759241 199.80069930
793.70679321 207.79270729
729.77072927 272.52797203
714.58591409 358.84165834
792.10839161 445.95454545
677.02347652 469.93056943
741.75874126 167.83266733
