883.73980515 565.53518088
886.19544064 550.80136793
896.01798261 554.07554858
902.56634392 538.52319047
902.56634392 525.42646785
884.55835031 536.06755498
891.10671162 511.51120006
901.74779875 505.78138392
896.83652777 479.58793867
882.92125998 487.77339031
890.28816646 458.30576441
893.56234711 446.02758695
906.65906974 452.57594826
896.01798261 427.20104818
878.82853417 456.66867408
870.64308253 455.03158376
861.63908572 444.39049663
863.27617605 436.20504499
863.27617605 481.22502900
866.55035671 495.14029679
866.55035671 505.78138392
856.72781474 509.05556457
846.90527277 522.15228719
864.09472122 531.97482916
874.73580835 518.87810654
869.82453736 539.34173563
864.91326638 547.52718727
847.72381794 545.89009695
857.54635990 536.88610014
860.82054056 567.99081637
833.80855015 567.99081637
842.81254695 555.71263891
827.26018884 557.34972924
832.99000499 526.24501301
812.52637589 539.34173563
810.07074040 554.07554858
815.80055655 555.71263891
791.24420163 564.71663571
789.60711130 557.34972924
783.05874999 548.34573244
790.42565647 527.88210334
799.42965327 515.60392588
808.43365007 514.78538072
823.16746302 501.68865810
828.89727917 513.14829039
833.80855015 495.14029679
805.97801458 502.50720326
821.53037269 491.86611613
844.44963728 483.68066449
821.53037269 477.95084834
838.71982114 472.22103220
831.35291466 459.94285474
845.26818245 455.85012892
850.99799859 457.48721925
830.53436950 447.66467728
835.44564048 446.02758695
842.81254695 445.20904179
841.99400179 435.38649982
852.63508892 432.11231917
862.45763089 428.83813851
854.27217925 418.19705138
841.17545663 418.19705138
869.00599220 396.91487712
856.72781474 396.09633196
860.82054056 403.46323843
841.99400179 406.73741909
838.71982114 396.91487712
844.44963728 388.72942548
833.80855015 405.91887392
833.80855015 419.83414171
828.89727917 432.93086433
820.71182753 445.20904179
817.43764687 435.38649982
810.88928556 443.57195146
810.88928556 468.12830638
796.15547261 447.66467728
802.70383393 475.49521285
796.97401778 484.49920965
803.52237909 484.49920965
786.33293065 505.78138392
772.41766286 509.87410973
770.78057253 496.77738711
760.95803057 515.60392588
766.68784672 531.97482916
750.31694344 553.25700342
742.95003696 557.34972924
738.85731114 517.24101621
747.04276278 518.05956137
736.40167565 531.15628400
731.49040467 543.43446145
721.66786270 555.71263891
702.84132393 554.89409375
710.20823041 533.61191949
711.84532074 512.32974523
712.66386590 499.23302260
713.48241106 482.86211933
736.40167565 484.49920965
753.59112409 504.14429359
760.13948540 483.68066449
742.95003696 482.86211933
741.31294664 473.03957736
723.30495303 470.58394187
734.76458532 466.49121605
723.30495303 459.94285474
739.67585631 450.93885794
764.23221122 460.76139990
780.60311450 473.85812252
763.41366606 473.03957736
789.60711130 477.13230318
781.42165966 462.39849023
769.14348221 450.12031277
754.40966926 444.39049663
756.86530475 433.74940949
739.67585631 441.11631597
728.21622401 444.39049663
724.94204336 435.38649982
731.49040467 430.47522884
747.86130795 430.47522884
741.31294664 430.47522884
779.78456934 437.84213531
778.96602417 428.83813851
795.33692745 425.56395786
802.70383393 424.74541269
808.43365007 432.11231917
817.43764687 428.01959335
820.71182753 423.10832236
814.16346622 414.10432556
823.98600819 404.28178360
819.07473720 406.73741909
819.89328237 399.37051261
827.26018884 396.09633196
830.53436950 383.81815450
817.43764687 383.81815450
822.34891786 361.71743507
813.34492106 371.53997704
812.52637589 365.81016089
801.88528876 364.17307057
794.51838229 365.81016089
799.42965327 381.36251901
783.87729516 382.18106417
773.23620803 369.08434155
781.42165966 367.44725122
789.60711130 378.08833835
799.42965327 394.45924163
799.42965327 407.55596425
805.15946942 405.10032876
765.05075639 414.92287073
747.86130795 417.37850622
759.32094024 407.55596425
755.22821442 398.55196745
754.40966926 390.36651581
768.32493704 388.72942548
681.55914967 554.89409375
679.10351418 543.43446145
657.00279476 549.16427760
643.08752697 553.25700342
659.45843025 535.24900981
664.36970123 527.06355818
672.55515287 526.24501301
674.19224320 516.42247105
681.55914967 505.78138392
687.28896582 510.69265490
699.56714328 509.87410973
692.20023680 527.88210334
686.47042066 540.16028080
692.20023680 555.71263891
695.47441746 543.43446145
683.19624000 498.41447744
691.38169164 482.86211933
693.83732713 459.12430957
691.38169164 473.03957736
703.65986910 472.22103220
702.02277877 446.84613212
715.93804656 447.66467728
716.75659172 422.28977720
723.30495303 418.19705138
737.22022082 407.55596425
745.40567245 392.00360614
739.67585631 400.18905778
745.40567245 366.62870606
765.86930155 365.81016089
769.96202737 379.72542868
760.13948540 365.81016089
767.50639188 356.80616409
774.05475319 350.25780278
783.87729516 353.53198344
781.42165966 330.61271885
800.24819843 340.43526081
770.78057253 333.06835434
771.59911770 322.42726721
767.50639188 318.33454139
759.32094024 313.42327041
749.49839827 299.50800262
735.58313049 312.60472524
737.22022082 329.79417368
739.67585631 319.15308655
742.13149180 325.70144786
761.77657573 339.61671565
758.50239508 330.61271885
755.22821442 337.16108016
728.21622401 335.52398983
737.22022082 338.79817049
726.57913369 325.70144786
745.40567245 333.06835434
755.22821442 344.52798663
760.95803057 346.98362212
747.04276278 310.96763491
754.40966926 351.89489311
746.22421762 362.53598024
727.39767885 352.71343827
723.30495303 357.62470926
729.03476918 380.54397384
725.76058852 394.45924163
729.85331434 394.45924163
712.66386590 392.00360614
725.76058852 406.73741909
719.21222721 402.64469327
710.20823041 401.00760294
707.75259492 410.83014491
697.93005295 396.09633196
713.48241106 360.08034475
702.84132393 378.08833835
703.65986910 387.09233515
699.56714328 390.36651581
689.74460131 406.73741909
688.92605615 427.20104818
700.38568844 424.74541269
683.19624000 408.37450942
679.10351418 425.56395786
675.82933353 432.11231917
665.18824640 424.74541269
665.18824640 435.38649982
670.09951738 410.83014491
675.01078836 455.03158376
665.18824640 453.39449343
654.54715927 439.47922564
643.08752697 452.57594826
669.28097221 472.22103220
671.73660771 479.58793867
652.91006894 477.13230318
642.26898181 477.13230318
643.08752697 462.39849023
629.17225919 466.49121605
627.53516886 484.49920965
634.90207533 481.22502900
643.08752697 486.95484515
660.27697541 502.50720326
656.18424959 488.59193547
670.91806254 495.14029679
675.82933353 485.31775482
643.08752697 511.51120006
635.72062050 496.77738711
609.52717525 500.87011293
622.62389787 522.97083236
634.90207533 518.05956137
595.61190747 516.42247105
598.88608812 506.59992908
607.07153976 533.61191949
594.79336230 533.61191949
626.71662369 537.70464531
623.44244304 529.51919367
627.53516886 552.43845826
620.16826238 557.34972924
639.81334632 566.35372604
575.96682353 564.71663571
587.42645583 552.43845826
571.05555255 546.70864211
574.32973321 532.79337432
544.86210731 563.07954539
548.13628796 549.98282276
560.41446542 527.06355818
540.76938149 542.61591629
530.12829436 544.25300662
529.30974919 555.71263891
522.76138788 563.07954539
506.39048460 548.34573244
504.75339428 567.99081637
490.83812649 564.71663571
544.86210731 528.70064850
544.04356214 514.78538072
527.67265887 516.42247105
571.87409771 515.60392588
555.50319444 518.05956137
511.30175559 523.78937752
539.95083632 504.96283875
521.12429755 517.24101621
545.68065247 493.50320646
562.87010091 497.59593228
578.42245903 495.95884195
563.68864608 484.49920965
573.51118804 485.31775482
601.34172361 486.95484515
615.25699140 486.13629998
611.16426558 477.95084834
616.89408173 465.67267089
624.26098820 450.12031277
628.35371402 439.47922564
638.17625599 432.93086433
629.17225919 432.93086433
595.61190747 464.85412572
583.33373001 475.49521285
571.05555255 472.22103220
583.33373001 459.94285474
571.05555255 455.03158376
583.33373001 437.84213531
600.52317845 455.85012892
596.43045263 441.11631597
609.52717525 435.38649982
607.07153976 428.01959335
620.98680755 428.83813851
585.78936550 426.38250302
595.61190747 410.01159974
612.80135591 404.28178360
602.97881394 401.00760294
614.43844624 393.64069647
630.80934951 401.82614810
646.36170763 412.46723523
646.36170763 404.28178360
660.27697541 415.74141589
638.17625599 419.83414171
663.55115607 402.64469327
673.37369803 401.00760294
678.28496902 395.27778679
672.55515287 393.64069647
652.09152377 397.73342228
631.62789468 392.82215130
634.90207533 387.91088032
618.53117205 386.27378999
621.80535271 378.08833835
635.72062050 376.45124802
647.18025279 380.54397384
658.63988508 382.18106417
665.18824640 380.54397384
692.20023680 378.90688352
682.37769484 379.72542868
675.82933353 366.62870606
670.91806254 373.17706737
673.37369803 381.36251901
652.09152377 360.89888991
636.53916566 367.44725122
640.63189148 359.26179958
662.73261090 360.08034475
657.82133992 358.44325442
666.82533672 355.98761893
666.82533672 346.98362212
662.73261090 338.79817049
675.01078836 358.44325442
679.92205935 355.16907376
683.19624000 355.16907376
675.82933353 348.62071245
685.65187549 351.89489311
693.01878197 353.53198344
691.38169164 342.07235114
706.93404975 347.80216729
698.74859811 334.70544467
713.48241106 342.89089631
715.93804656 333.06835434
711.02677557 333.06835434
690.56314648 322.42726721
685.65187549 330.61271885
679.10351418 337.97962532
701.20423361 328.97562852
702.84132393 315.06036073
732.30894983 290.50400582
726.57913369 302.78218328
723.30495303 292.95964131
724.94204336 278.22582836
713.48241106 288.86691549
713.48241106 281.50000902
712.66386590 270.04037672
696.29296262 283.95564451
720.84931754 319.97163172
712.66386590 319.15308655
692.20023680 294.59673164
702.02277877 283.13709934
683.19624000 304.41927360
667.64388189 331.43126401
685.65187549 319.97163172
667.64388189 317.51599623
675.01078836 309.33054459
670.09951738 303.60072844
668.46242705 292.95964131
678.28496902 281.50000902
665.18824640 287.22982516
664.36970123 275.77019287
657.82133992 301.14509295
652.91006894 297.05236713
657.00279476 316.69745106
661.91406574 312.60472524
664.36970123 310.96763491
649.63588828 311.78618008
645.54316246 312.60472524
640.63189148 316.69745106
632.44643984 317.51599623
644.72461730 328.15708336
638.99480115 324.88290270
657.82133992 328.97562852
647.18025279 333.88689950
656.18424959 339.61671565
637.35771082 344.52798663
629.99080435 333.88689950
632.44643984 326.51999303
622.62389787 321.60872204
622.62389787 333.88689950
620.98680755 336.34253499
617.71262689 342.07235114
618.53117205 351.07634794
631.62789468 354.35052860
623.44244304 356.80616409
593.97481714 357.62470926
604.61590427 367.44725122
607.89008492 360.89888991
616.89408173 371.53997704
616.89408173 380.54397384
607.07153976 373.99561253
598.06754296 377.26979319
605.43444943 379.72542868
598.06754296 395.27778679
593.15627197 391.18506097
583.33373001 387.91088032
590.70063648 400.18905778
586.60791066 410.01159974
577.60391386 405.91887392
577.60391386 419.01559655
561.23301058 431.29377400
571.05555255 438.66068048
545.68065247 432.11231917
535.85811050 453.39449343
559.59592026 455.03158376
527.67265887 467.30976121
535.85811050 467.30976121
520.30575239 491.86611613
520.30575239 477.95084834
517.85011690 505.78138392
506.39048460 501.68865810
503.93484911 488.59193547
499.84212329 463.21703539
509.66466526 453.39449343
521.12429755 454.21303859
482.65267485 473.03957736
481.83412969 487.77339031
492.47521682 498.41447744
477.74140387 502.50720326
483.47122002 513.96683555
498.20503297 521.33374203
505.57193944 513.14829039
492.47521682 531.97482916
485.92685551 541.79737113
475.28576838 542.61591629
459.73341026 525.42646785
467.10031674 516.42247105
476.10431354 516.42247105
464.64468125 562.26100022
456.45922961 566.35372604
475.28576838 563.89809055
419.62469723 559.80536473
436.81414568 545.07155178
454.00359412 543.43446145
412.25779076 571.26499702
401.61670363 552.43845826
402.43524879 538.52319047
426.17305855 545.89009695
419.62469723 539.34173563
420.44324240 520.51519687
435.17705535 530.33773883
449.09232313 515.60392588
435.17705535 512.32974523
440.08832633 500.05156777
458.91486510 488.59193547
448.27377797 490.22902580
456.45922961 476.31375802
467.91886190 473.85812252
458.91486510 463.21703539
465.46322641 461.57994507
481.83412969 456.66867408
492.47521682 450.12031277
479.37849420 442.75340630
483.47122002 417.37850622
517.03157174 432.11231917
505.57193944 442.75340630
499.84212329 420.65268687
511.30175559 416.55996105
521.94284272 418.19705138
553.04755895 424.74541269
534.22102018 423.92686753
530.12829436 428.83813851
533.40247501 414.92287073
523.57993305 402.64469327
528.49120403 406.73741909
530.12829436 398.55196745
541.58792665 398.55196745
544.04356214 409.19305458
553.04755895 410.83014491
563.68864608 414.92287073
571.05555255 400.18905778
555.50319444 398.55196745
548.95483313 396.09633196
558.77737509 390.36651581
555.50319444 383.81815450
575.96682353 373.99561253
571.87409771 381.36251901
559.59592026 363.35452540
540.76938149 390.36651581
539.95083632 385.45524483
568.59991706 364.99161573
573.51118804 368.26579639
572.69264288 351.07634794
585.78936550 347.80216729
594.79336230 335.52398983
589.88209132 361.71743507
602.16026878 335.52398983
607.89008492 332.24980918
599.70463329 330.61271885
614.43844624 319.15308655
603.79735911 312.60472524
608.70863009 326.51999303
609.52717525 308.51199942
617.71262689 308.51199942
622.62389787 315.06036073
625.07953337 315.06036073
628.35371402 295.41527680
638.17625599 301.14509295
610.34572042 286.41128000
602.16026878 292.14109615
593.15627197 292.14109615
620.98680755 292.34573244
625.07953337 305.03318248
641.45043664 307.48881797
645.95243504 319.76699543
665.59751898 322.22263092
677.87569644 321.81335834
677.87569644 330.40808256
776.91966126 341.86771485
793.69983712 341.04916969
795.33692745 342.68626001
737.62949340 307.48881797
736.40167565 301.75900182
729.44404176 309.53518088
694.24659971 327.13390190
689.33532873 331.22662772
718.39368205 342.27698743
716.75659172 347.18825842
738.85731114 366.01479718
700.79496102 410.62550862
789.60711130 393.02678759
822.75819044 378.70224722
807.61510491 381.97642788
815.80055655 378.29297464
811.70783073 399.16587632
769.55275479 411.44405378
773.64548061 393.02678759
747.86130795 326.31535674
733.94604016 341.86771485
744.99639987 358.23861813
731.89967725 423.31295866
697.93005295 291.11791469
709.38968524 286.61591629
717.98440946 314.03717928
724.12349819 308.30736313
708.57114008 302.98681957
636.12989308 310.35372604
615.25699140 333.68226321
622.21462529 330.40808256
650.04516086 339.82135194
589.88209132 343.50480518
591.51918165 331.63590030
587.01718325 323.04117608
605.02517685 304.62390989
585.38009292 305.03318248
598.47681554 304.62390989
579.24100419 333.27299063
571.05555255 340.63989710
578.83173161 339.41207936
566.96282673 322.63190350
570.64627997 316.08354219
571.87409771 309.94445346
574.32973321 305.85172764
578.01318644 302.16827440
564.91646382 318.53917768
561.23301058 319.76699543
557.95882993 324.67826641
557.95882993 334.09153579
564.91646382 331.63590030
571.05555255 330.40808256
564.50719124 343.09553260
565.32573640 336.95644387
554.27537669 342.27698743
555.09392185 349.23462133
545.68065247 345.14189551
547.72701538 336.95644387
551.41046862 331.63590030
537.49520083 334.09153579
541.58792665 329.58953739
548.54556054 322.63190350
541.58792665 313.21863412
537.49520083 322.22263092
545.68065247 309.94445346
550.59192345 303.39609215
557.95882993 304.21463731
572.28337030 285.79737113
565.32573640 282.93246305
580.87809452 283.75100822
589.06354616 281.70464531
571.87409771 266.97083236
582.92445743 274.33773883
579.24100419 266.56155977
600.52317845 262.46883396
606.25299460 262.46883396
611.98281074 263.28737912
617.30335431 262.87810654
624.67026078 262.87810654
606.66226718 271.88210334
641.85970923 256.32974523
662.73261090 259.60392588
659.04915767 265.74301461
649.63588828 257.96683555
659.04915767 253.46483715
652.91006894 253.05556457
548.13628796 361.92207137
539.13229116 356.19225522
543.22501698 366.01479718
526.85411370 360.69425362
525.62629596 348.00680358
533.81174759 351.28098424
530.94683952 341.86771485
526.03556854 340.63989710
518.66866206 345.14189551
515.39448141 357.01080038
511.71102817 370.51679559
514.98520883 366.42406977
522.35211530 361.51279878
517.44084432 375.42806657
516.62229915 380.74861013
524.80775079 377.47442948
512.12030075 388.11551661
497.79576038 378.29297464
490.01958133 399.57514890
497.38648780 407.35132796
561.64228317 349.23462133
643.49679955 368.47043268
625.07953337 370.10752300
608.29935751 385.25060854
603.38808652 284.56955338
597.65827038 284.16028080
594.79336230 286.20664371
638.58552857 294.39209535
627.12589628 356.19225522
663.55115607 371.33534075
669.28097221 363.96843428
663.96042865 214.07235114
677.67106014 231.05716329
686.47042066 239.03797864
695.47441746 239.03797864
709.59432154 247.42806657
657.20743105 241.90288671
662.52797461 243.33534075
661.70942945 233.51279878
657.20743105 234.33134395
654.34252297 226.75980118
648.40807054 234.33134395
645.13388988 237.60552460
643.49679955 230.64789071
638.17625599 230.64789071
636.33452937 224.91807456
637.35771082 221.02998503
639.40407373 225.94125602
644.92925359 225.73661973
645.54316246 222.66707536
649.02197941 226.75980118
648.40807054 218.16507696
649.02197941 213.86771485
653.31934152 219.80216729
640.42725519 211.61671565
634.08353017 209.77498903
633.46962130 203.22662772
628.35371402 202.40808256
629.17225919 205.68226321
629.58153177 199.33853819
631.01398580 211.00280678
623.64707933 207.93326241
620.57753496 203.63590030
617.50799060 202.20344627
620.78217126 195.04117608
620.16826238 192.17626801
608.29935751 192.58554059
611.98281074 199.95244706
605.63908572 191.97163172
608.91326638 180.92127200
596.63508892 190.12990510
578.42245903 179.69345426
567.57673560 181.94445346
565.32573640 186.65108815
571.46482513 190.53917768
582.31054855 189.31135993
585.99400179 192.99481317
586.60791066 195.45044866
581.90127597 195.65508495
596.63508892 195.04117608
593.36090827 199.95244706
594.17945343 196.88290270
590.08672761 197.29217528
600.11390587 199.74781077
605.84372201 197.08753899
609.52717525 201.99880997
609.32253896 208.95644387
611.16426558 205.88689950
613.61990107 204.86371805
611.16426558 202.40808256
616.48480915 209.16108016
613.00599220 213.25380598
615.87090027 213.86771485
619.75898980 216.73262292
620.78217126 210.18426161
624.05635191 213.04916969
618.94044464 207.93326241
626.92125998 216.93725922
622.00998900 227.16907376
631.62789468 228.39689151
630.40007693 231.87570846
635.31134791 233.30816249
637.76698341 239.65188751
635.51598421 241.28897784
638.79016486 247.22343028
642.67825439 244.97243108
647.58952537 246.81415770
652.91006894 241.49361413
624.67026078 246.40488511
626.10271482 240.67506897
628.14907773 236.99161573
622.82853417 236.99161573
618.32653576 232.69425362
610.75499300 235.55916169
617.91726318 242.51679559
608.09472122 229.21543667
613.61990107 231.87570846
611.77817445 225.12271085
612.18744703 218.36971325
615.05235511 222.25780278
605.02517685 221.64389391
611.98281074 250.08833835
620.37289867 250.70224722
624.26098820 256.02279079
604.20663169 248.65588432
611.16426558 244.76779479
600.31854216 253.56715530
588.85890986 258.47842628
590.70063648 253.77179159
597.65827038 250.70224722
571.26018884 257.45524483
581.69663968 252.95324643
564.71182753 261.54797065
565.93964528 256.22742708
574.12509691 250.70224722
577.39927757 242.31215930
584.76618405 245.99561253
585.17545663 240.67506897
596.63508892 241.08434155
596.43045263 246.81415770
591.31454536 247.83733915
603.38808652 242.10752300
602.16026878 238.42406977
602.16026878 234.12670766
598.06754296 227.57834635
602.97881394 226.75980118
597.04436150 223.69025682
591.72381794 217.14189551
596.63508892 211.41207936
599.70463329 217.96044067
604.20663169 212.63989710
602.56954136 214.89089631
607.89008492 217.34653180
591.10990907 209.57035274
591.10990907 209.57035274
592.54236310 208.54717129
595.40727118 205.27299063
592.13309052 201.99880997
590.29136390 199.54317448
585.17545663 198.72462932
581.28736710 199.74781077
580.67345823 206.91008096
587.63109212 204.04517288
586.19863808 208.54717129
587.01718325 211.82135194
586.19863808 216.52798663
590.08672761 212.02598823
588.04036470 223.07634794
584.97082034 231.26179958
589.26818245 228.60152780
587.42645583 236.78697944
579.44564048 237.60552460
581.90127597 236.58234315
590.29136390 231.46643587
580.67345823 231.46643587
574.32973321 235.35452540
570.44164368 235.96843428
570.64627997 228.19225522
575.76218724 222.87171165
574.73900579 225.73661973
581.69663968 217.96044067
576.99000499 220.41607616
578.21782273 217.14189551
574.94364208 212.84453340
582.31054855 229.01080038
571.26018884 213.66307856
572.07873401 205.06835434
574.12509691 200.97562852
573.71582433 197.08753899
567.37209931 195.85972125
562.46082833 189.31135993
559.39128397 186.85572444
552.63828636 182.35372604
546.49919763 180.10272684
552.22901378 187.06036073
556.52637589 192.58554059
553.66146782 196.88290270
561.43764687 198.31535674
557.95882993 195.65508495
563.89328237 195.65508495
562.05155575 193.60872204
561.43764687 203.63590030
568.59991706 205.47762692
568.80455335 199.33853819
559.80055655 211.20744307
558.36810251 206.70544467
555.50319444 202.61271885
558.57273880 203.63590030
553.86610411 215.30016889
564.91646382 218.57434954
557.95882993 215.70944147
559.59592026 219.39289471
563.27937349 223.69025682
567.37209931 221.64389391
572.89727917 221.02998503
555.91246702 226.96443747
567.98600819 235.96843428
562.46082833 235.55916169
569.00918964 224.91807456
561.43764687 240.26579639
558.16346622 236.99161573
555.91246702 233.30816249
560.41446542 243.74461333
572.89727917 240.67506897
565.32573640 248.86052061
555.70783073 246.81415770
549.56874200 239.03797864
547.11310651 227.16907376
549.97801458 232.28498104
545.47601618 239.24261493
539.74620003 180.92127200
527.05874999 176.41927360
517.64548061 169.87091229
518.25938948 178.26100022
515.18984512 181.73981717
510.07393784 182.55836233
522.35211530 182.35372604
525.42165966 184.19545266
532.99320243 189.10672364
537.49520083 188.28817848
540.97401778 187.06036073
537.69983712 184.60472524
545.68065247 186.85572444
543.42965327 180.10272684
546.90847022 192.79017688
548.75019684 190.12990510
550.79655974 192.79017688
546.08992505 196.67826641
547.72701538 197.90608416
543.22501698 194.22263092
539.74620003 193.19944946
536.88129196 195.24581237
539.74620003 202.40808256
549.77337829 203.43126401
546.90847022 204.65908176
545.27137989 201.38490110
543.42965327 207.11471725
547.93165167 212.43526081
541.38329036 212.02598823
547.11310651 209.36571645
543.22501698 217.75580438
540.56474520 230.44325442
544.04356214 231.67107216
539.74620003 238.42406977
532.17465727 232.48961733
534.22102018 226.55516489
536.88129196 233.71743507
535.65347421 238.42406977
527.87729516 241.90288671
534.42565647 246.60952141
537.49520083 246.20024882
547.31774280 247.63270286
547.93165167 243.53997704
543.83892585 250.49761093
541.79256294 248.04197544
538.72301858 252.13470126
533.81174759 255.81815450
551.00119604 255.81815450
557.14028476 254.79497304
553.45683153 252.13470126
551.00119604 250.08833835
560.61910171 252.74861013
545.06674360 260.52478919
540.36010891 259.91088032
529.92365807 202.20344627
526.64947741 195.24581237
526.24020483 191.76699543
522.35211530 190.33454139
520.71502497 187.06036073
515.18984512 186.03717928
512.73420962 189.72063252
508.43684751 185.42327041
508.23221122 188.49281477
507.82293864 195.04117608
513.14348221 194.22263092
518.66866206 197.70144786
523.98920563 197.29217528
523.17066046 204.65908176
526.03556854 206.09153579
528.08193145 209.16108016
527.87729516 200.56635594
523.37529676 211.61671565
520.10111610 211.41207936
515.39448141 204.24980918
516.21302657 208.54717129
512.93884592 212.43526081
511.50639188 209.57035274
506.39048460 203.63590030
509.86930155 204.24980918
510.07393784 199.13390190
506.59512090 200.15708336
516.21302657 216.32335034
520.30575239 218.57434954
526.24020483 217.55116809
522.76138788 221.23462133
531.56074839 224.30416569
524.39847821 225.73661973
520.30575239 225.12271085
519.07793464 227.57834635
524.19384192 229.42007296
521.53357014 230.85252700
518.05475319 230.85252700
516.41766286 236.37770686
521.73820643 239.85652380
526.64947741 235.35452540
523.57993305 233.30816249
522.76138788 245.99561253
528.49120403 250.49761093
518.25938948 246.60952141
512.93884592 243.13070446
516.82693544 241.90288671
520.71502497 241.90288671
509.05075639 246.60952141
508.43684751 251.72542868
511.09711930 252.13470126
511.91566446 258.06915370
507.82293864 258.68306257
502.29775879 251.72542868
501.88848620 257.45524483
504.34412170 262.77578839
516.21302657 268.71024083
518.05475319 255.20424563
529.51438548 263.18506097
527.46802257 271.98442149
540.56474520 282.42087232
555.09392185 273.62151181
551.41046862 265.43606017
534.83492905 290.60632396
527.67265887 287.53677960
530.53756694 281.80696345
512.73420962 286.71823444
509.05075639 272.59833036
564.30255495 276.48641989
492.27058053 175.39609215
493.29376198 181.33054459
492.27058053 187.26499702
495.74939747 185.62790670
500.25139588 185.21863412
504.54875799 187.67426961
501.68384991 190.33454139
494.72621602 189.72063252
493.49839827 195.24581237
490.83812649 192.58554059
492.88448940 199.95244706
497.18185151 197.29217528
500.25139588 195.04117608
502.29775879 192.79017688
502.50239508 197.08753899
501.27457733 201.18026481
493.08912569 204.24980918
501.47921362 208.34253499
496.97721522 210.59353420
504.34412170 215.91407776
500.66066846 216.32335034
498.81894184 217.55116809
494.72621602 226.96443747
502.70703137 222.66707536
507.20902977 223.28098424
511.71102817 221.84853020
509.05075639 226.35052860
504.13948540 225.53198344
503.11630395 230.64789071
509.05075639 232.28498104
506.79975719 228.80616409
513.14348221 229.42007296
512.52957333 234.53598024
511.50639188 237.40088831
507.41366606 238.21943348
499.22821442 236.58234315
493.29376198 237.19625202
502.70703137 245.17706737
507.61830235 242.10752300
597.65827038 181.53518088
568.59991706 188.90208735
492.47521682 218.36971325
490.42885391 225.53198344
475.89967725 174.16827440
480.19703936 171.30336633
477.33213129 172.94045666
481.62949340 179.69345426
470.37449739 173.96363811
467.71422561 174.57754698
464.03077237 174.37291069
452.16186750 174.37291069
441.31614408 171.71263891
446.02277877 180.30736313
416.55515287 173.55436553
421.67106014 174.16827440
411.64388189 170.48482117
404.07233912 170.89409375
393.84052457 172.94045666
400.38888588 177.23781877
395.27297861 179.07954539
382.79016486 183.99081637
370.10271482 177.23781877
373.78616806 175.39609215
375.01398580 181.94445346
376.24180355 186.65108815
371.94444144 184.40008895
366.62389787 185.21863412
364.57753496 179.07954539
352.50399380 187.87890590
356.18744703 190.94845026
354.55035671 196.06435754
356.39208333 200.36171965
359.46162769 203.22662772
364.98680755 196.26899383
364.78217126 192.38090430
367.44244304 191.97163172
342.27217925 205.06835434
343.09072441 201.18026481
344.31854216 195.85972125
341.45363409 208.34253499
338.38408972 209.16108016
335.72381794 213.04916969
378.08353017 190.53917768
375.01398580 194.63190350
384.83652777 192.58554059
383.81334632 189.51599623
392.20343425 186.44645186
403.25379396 186.24181557
410.82533672 189.92526881
413.89488109 188.90208735
414.50878996 185.01399782
411.64388189 179.07954539
420.03396982 180.71663571
417.37369803 179.07954539
426.99160371 178.87490910
423.51278676 179.28418168
430.87969324 183.99081637
434.76778277 182.96763491
443.15787070 186.65108815
440.70223520 186.44645186
450.52477717 187.26499702
456.25459332 186.24181557
463.82613608 180.51199942
477.33213129 185.01399782
480.19703936 186.65108815
482.24340227 186.44645186
484.90367405 191.35772284
487.35930954 190.94845026
486.95003696 187.67426961
487.15467325 195.24581237
486.95003696 198.31535674
479.78776678 195.65508495
472.62549660 194.22263092
476.30894983 193.19944946
486.13149180 206.70544467
486.74540067 212.63989710
480.60631194 205.88689950
471.19304256 208.34253499
464.03077237 197.08753899
466.07713528 195.85972125
462.18904576 191.15308655
461.37050059 194.63190350
456.86850219 189.72063252
458.09631994 199.74781077
452.16186750 191.15308655
454.82213928 200.97562852
449.29695942 205.27299063
453.79895783 206.70544467
457.89168365 207.11471725
461.77977317 203.43126401
460.75659172 199.13390190
467.30495303 207.72862612
466.07713528 200.15708336
469.96522481 201.58953739
478.55994903 217.96044067
483.26658373 221.43925762
486.95003696 221.43925762
477.33213129 205.88689950
468.32813448 214.07235114
465.46322641 212.23062452
473.03476918 220.82534874
467.30495303 219.59753100
473.64867805 224.71343827
470.16986110 222.05316649
468.94204336 227.98761893
481.42485711 232.69425362
485.92685551 231.26179958
487.97321842 228.19225522
484.69903776 227.57834635
479.58313049 224.30416569
489.81494504 232.08034475
487.76858213 238.83334235
481.01558452 244.76779479
483.47122002 243.74461333
476.51358612 234.94525282
472.42086030 236.99161573
474.87649580 242.51679559
470.57913369 242.92606817
472.21622401 247.63270286
476.10431354 253.15788272
483.67585631 250.49761093
491.04276278 256.43206337
490.63349020 246.81415770
484.49440147 258.47842628
489.40567245 261.34333436
484.69903776 267.68705938
490.63349020 266.86851421
496.36330635 251.93006497
496.15867006 259.70624403
477.74140387 261.75260694
467.50958932 257.25060854
477.53676758 268.09633196
467.10031674 271.57514890
458.30095623 266.45924163
454.82213928 261.34333436
462.18904576 250.90688352
461.77977317 254.99960934
464.03077237 243.94924962
460.96122801 246.20024882
465.25859012 248.86052061
458.50559252 244.35852220
466.69104416 236.17307057
471.80695143 231.26179958
464.03077237 231.46643587
459.52877397 231.26179958
456.04995703 227.16907376
458.91486510 226.96443747
461.77977317 223.07634794
458.71022881 220.21143987
456.25459332 211.20744307
450.11550459 214.68626001
446.84132393 217.14189551
448.68305055 220.21143987
456.04995703 217.14189551
454.82213928 220.41607616
451.75259492 225.53198344
449.50159572 222.46243907
442.95323440 225.94125602
444.18105215 222.25780278
435.58632793 220.62071245
444.18105215 201.38490110
439.88369004 196.06435754
438.04196342 193.60872204
448.06914168 190.53917768
444.99959731 191.97163172
441.31614408 197.29217528
448.27377797 199.54317448
441.31614408 204.04517288
446.02277877 207.93326241
440.49759891 209.97962532
438.24659971 205.27299063
433.33532873 211.82135194
436.40487309 216.93725922
440.08832633 218.16507696
434.97241906 225.53198344
436.60950938 230.23861813
440.90687150 233.10352620
433.74460131 234.74061653
438.45123600 238.62870606
440.70223520 237.81016089
443.56714328 240.06116009
449.09232313 239.85652380
451.75259492 239.44725122
454.61750299 235.55916169
451.95723121 230.44325442
447.65986910 229.21543667
444.79496102 234.33134395
450.32014088 234.53598024
443.77177957 245.58633995
434.76778277 242.10752300
437.22341826 245.79097624
438.86050859 242.51679559
453.38968524 248.04197544
449.09232313 244.35852220
447.25059652 254.18106417
452.36650379 254.79497304
447.45523281 260.32015290
439.67905375 257.25060854
435.38169164 261.34333436
429.85651178 251.72542868
431.90287469 247.42806657
428.83333033 257.86451741
424.74060451 253.97642788
432.51678357 262.36651581
432.51678357 189.72063252
429.44723920 192.38090430
428.83333033 189.51599623
427.19624000 197.29217528
424.53596822 194.42726721
422.89887789 197.49681157
425.35451338 200.56635594
430.06114807 200.97562852
429.85651178 197.90608416
433.33532873 194.42726721
434.15387389 203.22662772
440.49759891 199.33853819
427.40087629 205.47762692
427.60551258 211.41207936
414.71342625 199.95244706
416.75978916 206.70544467
416.75978916 202.61271885
421.26178756 213.45844227
419.62469723 216.93725922
424.74060451 216.11871405
427.40087629 220.62071245
430.67505695 217.14189551
432.31214727 222.25780278
419.21542465 223.48562053
418.39687949 226.55516489
424.94524080 225.94125602
425.96842225 230.64789071
430.26578436 225.73661973
432.92605615 230.85252700
424.33133193 234.94525282
428.42405775 233.92207137
423.51278676 239.24261493
428.01478516 245.17706737
426.37769484 241.08434155
415.12269883 240.26579639
412.87169963 235.76379798
412.25779076 230.64789071
414.09951738 226.96443747
414.91806254 217.75580438
413.69024480 222.46243907
412.05315447 208.95644387
411.43924560 204.86371805
411.23460931 200.36171965
411.84851818 198.72462932
411.02997301 194.42726721
414.91806254 195.85972125
415.12269883 192.58554059
418.39687949 194.22263092
407.75579236 207.93326241
409.59751898 207.11471725
408.57433752 202.61271885
408.57433752 197.29217528
400.79815847 198.11072045
396.91006894 194.01799463
397.72861410 201.38490110
398.95643185 207.52398983
401.20743105 204.65908176
403.04915767 209.16108016
398.34252297 217.14189551
401.41206734 218.36971325
404.89088429 217.55116809
381.35771082 205.06835434
378.28816646 201.99880997
378.08353017 200.15708336
381.97161970 195.45044866
375.21862209 198.51999303
385.04116406 205.06835434
391.79416166 206.91008096
387.90607213 214.68626001
384.01798261 217.14189551
379.31134791 213.25380598
373.17225919 208.34253499
372.96762289 216.11871405
355.98281074 210.18426161
352.09472122 209.77498903
349.63908572 207.72862612
344.93245103 210.59353420
343.29536070 216.32335034
347.38808652 213.66307856
362.32653576 217.96044067
362.53117205 212.23062452
383.81334632 210.38889790
386.06434552 209.77498903
396.91006894 206.50080838
388.11070843 223.89489311
390.36170763 219.39289471
394.24979715 223.07634794
393.84052457 226.96443747
384.01798261 224.71343827
381.97161970 220.82534874
377.87889388 219.59753100
368.87489707 223.07634794
378.08353017 225.53198344
379.72062050 230.03398184
388.92925359 235.55916169
386.06434552 238.42406977
393.43125199 231.26179958
386.67825439 230.44325442
380.53916566 233.10352620
401.20743105 223.69025682
395.68225119 213.66307856
415.73660771 214.27698743
405.91406574 224.71343827
410.41606414 223.48562053
406.52797461 231.87570846
399.97961330 233.30816249
403.25379396 237.19625202
402.23061250 234.74061653
399.57034072 237.40088831
396.50079636 241.08434155
403.66306654 243.74461333
415.53197142 245.99561253
420.03396982 245.38170366
423.51278676 248.45124802
415.73660771 254.99960934
405.30015687 255.61351821
402.02597621 250.49761093
408.36970123 245.79097624
393.84052457 258.47842628
330.60791066 215.09553260
340.02118005 218.77898583
335.51918165 219.18825842
344.52317845 222.46243907
338.58872601 223.07634794
335.10990907 225.73661973
329.38009292 224.30416569
330.40327437 229.62470926
337.56554456 232.48961733
334.08672761 230.44325442
337.97481714 229.42007296
342.06754296 228.80616409
338.99799859 226.55516489
345.54635990 231.46643587
348.00199540 229.21543667
351.07153976 225.73661973
349.22981314 221.84853020
354.55035671 231.67107216
359.05235511 224.30416569
355.98281074 225.32734714
348.00199540 217.75580438
360.89408173 238.21943348
359.46162769 228.60152780
363.75898980 227.16907376
366.41926158 225.12271085
361.50799060 221.64389391
367.85171562 216.32335034
372.35371402 230.23861813
373.58153177 236.58234315
372.55835031 221.23462133
367.85171562 198.92926561
350.45763089 238.83334235
353.11790267 249.47442948
346.97881394 244.56315850
341.24899779 240.67506897
333.88209132 240.06116009
339.81654376 254.79497304
344.93245103 252.54397384
354.55035671 254.99960934
360.89408173 253.77179159
361.30335431 248.04197544
369.48880595 241.90288671
368.87489707 238.62870606
364.78217126 242.92606817
361.71262689 241.08434155
358.43844624 206.29617208
395.27297861 210.18426161
405.30015687 222.25780278
397.72861410 247.83733915
391.18025279 243.33534075
379.31134791 243.94924962
372.14907773 249.88370206
377.06034871 248.24661173
375.83253097 254.18106417
390.77098021 253.15788272
363.75898980 258.47842628
370.30735111 254.38570046
375.21862209 258.47842628
376.03716726 268.09633196
385.85970923 263.79896985
381.76698341 257.86451741
370.92125998 263.38969726
345.13708732 264.20824243
349.63908572 263.59433356
336.74699939 256.84133595
332.04036470 243.33534075
329.99400179 249.88370206
333.88209132 251.72542868
340.43045263 249.67906577
335.72381794 265.43606017
334.70063648 269.32414970
429.85651178 270.34733116
417.78297062 263.59433356
411.43924560 261.75260694
404.68624799 261.13869806
404.07233912 265.84533276
395.68225119 265.84533276
414.71342625 271.77978519
389.13388988 270.75660374
306.05155575 242.10752300
311.16746302 242.51679559
316.48800659 247.63270286
297.45683153 240.26579639
305.64228317 246.60952141
309.53037269 250.49761093
294.59192345 253.97642788
299.50319444 247.01879399
292.34092425 248.65588432
297.66146782 263.18506097
305.64228317 264.41287872
304.00519284 256.84133595
304.82373800 253.15788272
310.34891786 265.43606017
315.66946142 270.14269487
320.17145982 266.66387792
319.35291466 254.99960934
316.28337030 255.61351821
339.40727118 272.80296665
372.76298660 241.49361413
357.61990107 282.42087232
351.68544863 275.25860214
371.53516886 281.80696345
372.96762289 276.28178360
352.09472122 297.97323044
339.40727118 284.26259894
323.44564048 284.46723523
322.42245903 293.67586833
298.88928556 277.10032876
296.22901378 269.52878599
286.81574440 254.79497304
289.88528876 276.48641989
280.06274680 276.69105618
266.35211530 287.94605218
251.82293864 286.10432556
288.45283472 286.92287073
271.67265887 293.06195945
291.93165167 303.29377400
310.96282673 305.13550062
303.80055655 291.42486913
315.46482513 293.06195945
320.58073241 304.72622804
325.28736710 308.61431757
334.29136390 299.61032077
334.29136390 310.45604419
348.61590427 304.93086433
260.21302657 298.38250302
264.10111610 307.18186353
263.28257094 312.50240710
369.48880595 301.86131997
379.31134791 304.52159175
377.87889388 287.12750702
383.60871002 283.44405378
404.27697541 289.99241509
407.75579236 277.91887392
400.79815847 274.64469327
395.47761490 274.23542069
361.91726318 264.82215130
354.34572042 265.64069647
357.21062849 270.96124003
352.91326638 242.72143188
357.00599220 240.26579639
336.95163568 241.49361413
393.84052457 313.32095226
403.45843025 301.65668368
396.70543265 294.69904978
388.51998101 318.23222324
392.20343425 322.32494906
410.62070043 320.27858615
403.66306654 313.32095226
417.57833433 324.57594826
401.82133992 330.51040070
384.63189148 325.39449343
379.92525679 323.34813052
372.55835031 328.87331037
376.44643984 323.55276681
371.94444144 317.82295066
366.62389787 309.43286273
356.80135591 314.34413372
344.11390587 320.27858615
358.23380994 324.78058455
350.45763089 326.82694746
344.52317845 327.44085634
342.27217925 334.60312652
350.04835831 334.80776281
346.56954136 335.21703539
354.95962929 335.62630798
349.43444943 339.51439750
350.66226718 347.49521285
343.29536070 348.51839431
359.87090027 347.08594027
361.71262689 338.49121605
369.48880595 337.46803459
390.97561650 338.69585234
395.88688748 335.42167169
405.09552058 337.26339830
401.82133992 343.40248703
411.64388189 345.65348623
416.35051658 345.65348623
414.50878996 337.67267089
381.97161970 349.33693947
373.99080435 345.24421365
376.44643984 339.30976121
374.60471322 333.17067248
336.54236310 336.44485314
336.33772681 330.91967328
337.15627197 324.78058455
338.17945343 316.59513292
325.49200339 315.36731517
324.26418564 320.89249503
324.26418564 324.16667568
326.10591226 327.03158376
327.74300259 331.73821845
325.08273081 339.30976121
310.55355415 338.69585234
308.71182753 319.05076841
302.98201138 333.78458136
302.98201138 344.01639591
308.09791866 348.31375802
291.93165167 340.33294267
279.24420163 331.32894587
285.38329036 331.12430957
283.13229116 324.98522085
281.29056454 320.27858615
277.60711130 316.79976921
288.86210731 319.25540470
283.95083632 308.40968128
269.21702337 303.08913771
249.36730315 297.35932157
241.59112409 294.08514091
243.63748700 305.95404579
243.02357813 311.68386193
239.74939747 315.77658775
250.39048460 317.41367808
260.82693544 316.79976921
257.55275479 321.30176761
247.52557653 330.30576441
248.34412170 324.16667568
266.96602417 333.37530878
253.86930155 337.46803459
254.48321042 342.17466929
269.01238708 340.53757896
273.71902178 346.06275882
268.60311450 344.42566849
253.66466526 351.79257496
240.36330635 352.40648384
245.27457733 349.54157576
235.86130795 342.58394187
237.08912569 323.14349423
233.20103616 318.84613212
235.65667166 335.21703539
230.13149180 341.97003300
220.92285871 335.83094427
220.92285871 318.43685953
205.57513688 298.38250302
218.87649580 300.63350222
214.37449739 310.45604419
195.95723121 332.96603619
206.80295463 337.87730718
213.35131594 339.71903380
190.63668764 325.59912972
191.65986910 334.39849023
193.09232313 349.54157576
196.16186750 353.22502900
203.32413768 349.74621205
212.12349819 351.79257496
4.72461730 520.00360614
1.65507293 481.12271085
10.24979715 482.75980118
4.92925359 461.27299063
10.65906974 465.97962532
3.70143584 424.64309455
1.04116406 413.38809854
2.06434552 447.35772284
40.33133193 468.84453340
48.72141986 471.70944147
42.58233113 488.89888991
48.51678357 511.20424563
41.14987709 507.31615610
57.52078037 484.39689151
63.65986910 500.15388591
74.09631994 517.54797065
62.22741506 513.86451741
80.44004496 489.30816249
63.86450539 486.44325442
58.13468924 476.41607616
59.77177957 466.59353420
54.45123600 447.35772284
65.09232313 462.70544467
67.34332233 439.78618008
58.13468924 434.87490910
52.40487309 434.26100022
31.12269883 398.24501301
45.44723920 427.09873004
41.55914967 420.34573244
68.16186750 418.91327840
67.75259492 401.31455738
81.25859012 404.99801061
102.74540067 417.48082436
102.74540067 425.46163971
97.83412969 436.92127200
76.96122801 456.77099223
76.96122801 473.14189551
82.48640787 464.75180758
93.33213129 469.45844227
95.58313049 484.60152780
105.20103616 487.87570846
123.20902977 496.87970526
134.05475319 508.13470126
136.51038868 484.60152780
139.78456934 495.65188751
151.24420163 486.03398184
164.75019684 507.11151981
175.39128397 509.36251901
172.32173960 497.69825042
174.16346622 476.41607616
180.50719124 521.02678759
213.65827038 514.06915370
203.63109212 507.93006497
197.90127597 500.76779479
194.62709532 489.30816249
220.82054056 491.14988911
201.99400179 484.80616409
205.06354616 470.27698743
212.02118005 473.55116809
219.79735911 464.34253499
213.45363409 463.52398983
218.16026878 450.01799463
183.16746302 448.38090430
185.62309851 439.78618008
212.43045263 443.26499702
197.90127597 458.81735514
185.62309851 470.89089631
182.14428157 476.62071245
161.47601618 465.97962532
146.12829436 472.73262292
151.85811050 469.45844227
124.02757493 469.25380598
130.78057253 464.54717129
115.22821442 456.77099223
129.34811850 449.60872204
149.40247501 460.45444547
151.03956534 449.60872204
154.10910970 438.14908975
161.88528876 437.12590830
167.41046862 429.75900182
164.75019684 419.73182356
181.12110011 425.05236713
190.32973321 427.09873004
196.67345823 430.98681957
208.13309052 421.16427760
226.55035671 433.03318248
220.61590427 424.43845826
214.06754296 409.09073643
206.90527277 412.56955338
198.51518484 411.54637193
217.95563249 398.65428559
198.10591226 401.31455738
206.29136390 398.44964930
189.30655175 405.61191949
181.12110011 407.24900981
176.41446542 395.58474123
168.63828636 397.83574043
154.51838229 406.43046465
162.08992505 404.58873803
160.65747102 397.83574043
148.78856614 407.04437352
130.98520883 398.65428559
133.64548061 408.88610014
127.50639188 408.68146385
146.33293065 422.39209535
142.03556854 425.05236713
130.98520883 427.09873004
130.98520883 433.85172764
120.54875799 439.58154379
174.98201138 418.09473324
170.27537669 410.31855418
185.21382593 415.84373404
86.37449739 395.78937752
84.73740707 520.00360614
162.49919763 446.12990510
162.29456134 455.13390190
161.27137989 451.24581237
226.34572042 495.24261493
38.79655974 339.00280678
34.29456134 374.20024882
29.79256294 371.74461333
69.08273081 359.05716329
80.13309052 360.69425362
73.17545663 356.19225522
64.17145982 341.04916969
69.49200339 322.22263092
85.04436150 340.23062452
95.68544863 338.18426161
102.64308253 333.68226321
95.68544863 327.54317448
89.95563249 332.86371805
142.34252297 297.66627600
124.74380195 291.11791469
137.02197941 316.90208735
147.66306654 310.35372604
165.67106014 308.71663571
178.76778277 302.98681957
144.38888588 317.72063252
163.21542465 332.45444547
179.58632793 332.04517288
176.31214727 355.78298264
149.70942945 349.23462133
142.75179556 349.64389391
137.02197941 352.09952940
113.69344224 341.86771485
118.60471322 343.50480518
120.65107613 360.28498104
103.46162769 364.37770686
101.82453736 355.78298264
85.86290667 350.46243907
82.58872601 352.91807456
76.04036470 352.91807456
96.09472122 373.79097624
92.82054056 387.29697145
84.63508892 385.25060854
77.67745503 370.51679559
93.22981314 363.14988911
100.18744703 348.00680358
41.76378596 351.58793867
136.91966126 380.85092828
139.78456934 393.94765090
115.63748700 383.71583635
134.46402577 368.57275082
141.42165966 364.27538871
148.58392985 389.44565250
165.15946942 374.09793068
178.46082833 369.80056857
167.20583233 365.50320646
184.39528077 365.70784275
172.52637589 365.09393388
162.08992505 355.88530078
162.29456134 366.32175162
97.22022082 387.60392588
57.52078037 397.83574043
64.27377797 352.81575642
6.77098021 393.33374203
189.71582433 390.05956137
178.46082833 380.44165570
162.70383393 385.14829039
173.75419364 388.83174363
198.10591226 369.18665969
222.25299460 349.13230318
223.48081234 362.43366209
216.72781474 364.88929758
213.86290667 371.43765890
200.97082034 376.34892988
222.45763089 380.85092828
224.70863009 399.06355818
226.34572042 378.19065650
236.88448940 367.85652380
227.88049260 360.48961733
229.92685551 351.07634794
258.98520883 367.85652380
269.21702337 370.72143188
245.88848620 383.81815450
248.34412170 373.99561253
253.25539268 369.08434155
44.52637589 368.67506897
237.29376198 394.45924163
229.92685551 391.59433356
240.15867006 402.23542069
236.88448940 416.55996105
273.71902178 362.94525282
280.67665567 360.48961733
281.08592825 355.98761893
288.04356214 366.21943348
290.08992505 360.08034475
299.09392185 362.94525282
301.14028476 352.30416569
306.87010091 355.57834635
306.46082833 362.12670766
312.59991706 363.35452540
303.59592026 375.22343028
301.14028476 371.53997704
309.32573640 373.99561253
293.36410571 382.59033675
295.00119604 372.35852220
281.08592825 374.81415770
271.67265887 379.31615610
275.35611210 384.63669966
269.21702337 389.95724323
252.02757493 398.96124003
261.85011690 390.36651581
254.89248301 410.01159974
256.52957333 425.97323044
272.49120403 415.74141589
268.80775079 405.50960134
280.26738309 396.50560454
285.17865407 399.77978519
292.13628796 402.64469327
301.95882993 398.96124003
299.50319444 389.54797065
285.99719923 430.47522884
281.49520083 410.42087232
304.82373800 421.06195945
252.84612010 436.20504499
245.88848620 454.62231117
238.11230715 453.39449343
243.02357813 441.52558855
232.79176358 429.24741109
274.53756694 447.25540470
274.94683952 437.43286273
294.18265087 442.34413372
292.95483313 459.94285474
272.49120403 465.26339830
263.07793464 475.90448543
270.85411370 476.31375802
244.66066846 472.22103220
250.39048460 466.90048863
250.79975719 490.63829838
265.53357014 487.36411773
270.03556854 497.18665969
243.02357813 498.00520486
243.02357813 506.19065650
235.65667166 510.69265490
227.88049260 506.19065650
214.78376998 500.87011293
298.27537669 498.82375002
304.41446542 490.22902580
287.63428956 479.99721125
278.63029276 477.95084834
308.09791866 476.72303060
303.59592026 464.85412572
315.05555255 450.93885794
312.19064448 442.34413372
304.41446542 438.25140790
310.55355415 433.34013691
324.46882193 436.61431757
329.38009292 425.97323044
338.79336230 426.38250302
343.70463329 435.38649982
344.52317845 449.71104019
330.60791066 444.39049663
324.46882193 475.08594027
332.24500099 473.85812252
315.05555255 473.03957736
317.10191546 489.00120806
315.46482513 500.05156777
304.00519284 509.05556457
339.61190747 511.92047264
326.51518484 505.78138392
323.24100419 516.42247105
335.92845423 500.87011293
347.79735911 499.23302260
351.89008492 488.18266289
363.34971722 500.46084035
347.79735911 480.40648384
347.79735911 465.26339830
328.56154775 458.30576441
367.03317046 461.98921765
376.03716726 474.26739511
370.30735111 473.44884994
364.16826238 486.95484515
375.21862209 487.36411773
377.26498500 495.14029679
357.21062849 487.77339031
388.72461730 501.27938551
388.72461730 514.37610814
359.66626398 516.42247105
395.27297861 493.09393388
398.54715927 487.36411773
390.36170763 484.90848224
389.54316246 475.08594027
388.31534472 461.17067248
380.53916566 464.03558056
381.35771082 443.98122404
370.71662369 437.43286273
356.80135591 431.70304659
369.07953337 427.20104818
387.90607213 424.74541269
407.55115607 428.01959335
409.59751898 442.75340630
407.14188349 452.98522085
410.82533672 475.08594027
403.45843025 475.08594027
419.82933353 465.26339830
441.93005295 456.66867408
444.79496102 448.07394986
438.65587229 436.61431757
428.42405775 464.03558056
431.69823840 470.99321445
436.20023680 480.81575642
445.20423361 482.45284675
455.02677557 478.76939351
432.92605615 494.73102420
417.78297062 496.77738711
414.50878996 490.63829838
426.37769484 485.72702740
431.69823840 421.88050462
413.28097221 419.01559655
395.27297861 418.60632396
382.58552857 417.37850622
388.31534472 414.51359814
376.44643984 411.64869007
370.71662369 418.60632396
364.98680755 416.55996105
362.12189947 421.47123204
346.16026878 414.51359814
340.83972521 420.65268687
325.28736710 403.05396585
332.24500099 397.32414970
349.84372201 396.09633196
307.27937349 397.73342228
308.50719124 388.72942548
321.19464128 382.59033675
336.33772681 371.94924962
343.29536070 366.21943348
349.02517685 359.26179958
333.47281874 355.98761893
333.47281874 344.11871405
328.97082034 362.53598024
327.74300259 371.94924962
318.32973321 351.89489311
326.10591226 353.53198344
287.63428956 417.78777880
247.93484911 412.05796265
398.54715927 394.86851421
393.22661570 404.69105618
389.95243504 405.91887392
386.67825439 395.27778679
377.67425759 391.18506097
402.63988508 412.05796265
370.30735111 391.18506097
358.84771882 398.96124003
358.43844624 392.41287872
351.89008492 380.13470126
354.34572042 370.72143188
363.75898980 368.26579639
361.30335431 362.94525282
371.53516886 359.67107216
369.07953337 353.53198344
358.84771882 352.30416569
349.43444943 353.53198344
337.15627197 355.16907376
404.27697541 353.94125602
401.00279476 360.48961733
383.40407373 360.08034475
382.58552857 354.35052860
385.45043664 366.21943348
396.91006894 367.44725122
387.08752697 371.94924962
374.80934951 367.85652380
378.08353017 376.45124802
376.85571242 382.59033675
392.40807054 378.08833835
400.59352217 381.77179159
407.96042865 373.58633995
402.63988508 371.13070446
414.50878996 365.40088831
407.96042865 363.76379798
417.37369803 358.85252700
422.69424160 351.48562053
430.87969324 351.48562053
429.24260291 342.89089631
433.33532873 335.11471725
430.47042066 324.47363012
427.60551258 319.15308655
425.14987709 298.68945746
441.93005295 310.55836233
423.51278676 274.54237512
444.79496102 275.77019287
454.61750299 324.47363012
445.61350619 331.43126401
441.52078037 319.15308655
438.24659971 323.24581237
446.02277877 346.57434954
444.79496102 358.03398184
451.75259492 359.26179958
437.01878197 364.99161573
439.06514488 380.95324643
421.46642385 382.99960934
428.01478516 391.18506097
446.84132393 393.23142388
450.93404975 399.37051261
440.70223520 400.18905778
423.10351418 396.91487712
431.28896582 398.96124003
410.00679156 403.87251101
406.32333832 393.23142388
416.14588029 410.42087232
427.60551258 412.87650782
425.14987709 404.69105618
446.02277877 411.23941749
450.11550459 418.19705138
407.96042865 461.98921765
326.10591226 416.96923364
375.21862209 400.59833036
399.77497701 425.97323044
409.59751898 507.41847424
421.05715127 506.59992908
402.23061250 498.00520486
423.51278676 428.83813851
417.78297062 283.23941749
449.50159572 291.42486913
447.45523281 284.87650782
487.56394584 291.22023284
487.97321842 279.14669167
473.23940547 280.57914571
457.68704735 276.69105618
447.86450539 266.25460534
442.13468924 266.86851421
512.12030075 306.36331837
518.46402577 301.45204738
500.25139588 296.13150382
494.11230715 300.63350222
488.38249100 302.88450142
486.95003696 296.74541269
501.06994104 310.25140790
501.06994104 305.34013691
516.21302657 313.93486113
521.32893385 314.54877001
518.05475319 307.38649982
528.49120403 313.93486113
532.78856614 311.47922564
537.49520083 318.23222324
556.32173960 318.02758695
528.69584032 319.66467728
525.62629596 321.50640390
522.55675159 324.37131197
516.82693544 329.48721925
512.12030075 323.75740310
517.85011690 323.75740310
525.21702337 332.35212732
513.55275479 340.33294267
514.57593624 335.21703539
511.30175559 346.47203140
505.57193944 347.90448543
501.68384991 354.86211933
500.66066846 346.67666769
501.88848620 338.49121605
504.34412170 324.57594826
496.36330635 320.89249503
488.17785471 313.52558855
490.63349020 307.79577240
472.21622401 304.31695546
459.32413768 305.95404579
456.66386590 305.54477320
454.61750299 317.20904179
454.20823041 311.47922564
473.64867805 315.36731517
478.15067645 311.68386193
479.58313049 315.36731517
469.76058852 316.39049663
467.71422561 307.38649982
478.35531274 325.39449343
476.92285871 318.84613212
487.15467325 324.98522085
482.44803856 319.05076841
484.08512889 335.21703539
475.49040467 334.80776281
465.46322641 332.14749103
470.78376998 323.75740310
456.66386590 333.78458136
472.83013289 338.08194347
484.90367405 344.01639591
493.70303456 343.19785074
492.06594424 335.01239910
495.74939747 329.48721925
480.19703936 364.07075242
491.86130795 365.09393388
464.44004496 356.29457336
468.94204336 344.63030478
463.62149979 342.17466929
457.27777477 350.97402980
473.23940547 375.93965730
482.44803856 376.14429359
587.01718325 360.38729918
588.24500099 366.93566049
591.31454536 372.66547664
652.50079636 282.11391789
657.41206734 272.70064850
654.13788668 275.56555658
554.27537669 296.43845826
20.37929356 535.55836834
28.15547261 521.64310056
60.07873401 530.23782478
67.44564048 518.77819248
63.76218724 565.43526682
77.67745503 562.16108617
80.54236310 551.92927162
102.64308253 546.60872806
106.73580835 558.88690551
116.55835031 540.87891191
134.97561650 528.19146187
143.97961330 537.19545867
121.06034871 560.52399584
136.20343425 561.34254100
150.93724719 572.80217330
157.07633592 558.47763293
156.25779076 532.28418769
166.48960531 548.65509096
189.81814248 544.15309256
182.04196342 540.87891191
198.41286670 538.01400383
204.96122801 529.82855220
206.18904576 541.69745707
217.23940547 533.51200543
205.37050059 560.11472326
177.94923760 564.20744908
182.86050859 553.15708937
187.77177957 563.79817650
225.83412969 562.57035875
229.92685551 534.73982318
243.02357813 541.28818449
256.93884592 524.09873605
265.94284272 509.77419568
263.89647981 535.96764092
261.85011690 547.01800064
260.62229915 565.84453941
250.79975719 565.02599424
245.47921362 556.84054260
242.20503297 569.52799264
277.40247501 537.60473125
283.95083632 549.06436355
287.63428956 556.02199744
272.90047661 568.30017490
297.45683153 553.15708937
298.27537669 531.87491511
288.45283472 528.60073445
313.82773480 535.96764092
317.51118804 528.60073445
332.65427357 538.83254900
327.33373001 565.84453941
312.59991706 552.33854420
306.05155575 560.93326842
323.24100419 555.20345228
349.02517685 558.06836035
361.30335431 555.61272486
347.79735911 547.83654580
349.43444943 529.01000703
346.56954136 540.06036674
364.57753496 530.23782478
360.07553656 544.56236515
378.90207533 564.61672166
378.49280275 547.83654580
387.08752697 537.19545867
392.81734312 529.01000703
401.82133992 528.60073445
211.10031674 571.57435555
197.59432154 573.21144588
106.73580835 573.21144588
127.60871002 573.21144588
630.80934951 570.75581039
667.23460931 571.98362814
687.69823840 573.21144588
706.52477717 570.75581039
750.72621602 571.98362814
766.27857413 567.48162973
912.08193145 567.84094529
928.65747102 570.50121707
949.53037269 571.72903482
981.04436150 568.04558158
969.38009292 558.42767590
985.54635990 544.51240812
968.56154775 526.09514193
953.82773480 539.80577343
941.34492106 552.69785976
942.77737509 535.09913873
921.69983712 547.58195248
915.15147581 535.71304761
915.56074839 555.15349525
917.40247501 506.24542171
925.17865407 502.56196847
944.41446542 504.81296767
948.91646382 491.71624505
989.43444943 491.30697247
949.12110011 474.73143290
912.69584032 492.33015392
928.96442545 456.56876003
910.13788668 468.02839232
1001.96842225 544.87052163
998.08033273 529.21584537
979.35611210 557.07256150
1019.51690415 536.22251433
1013.37904201 560.77396288
908.01240864 435.97076608
397.54687418 572.02671013
427.21320784 571.00373311
