58.74725275 405.66433566
47.49450549 389.80819181
23.96603397 399.01498501
7.08691309 332.00999001
16.80519481 314.10789211
27.03496503 319.73426573
38.79920080 326.38361638
35.73026973 315.64235764
49.02897103 319.73426573
63.86213786 323.31468531
75.11488511 315.64235764
68.46553447 301.32067932
75.11488511 285.46453546
56.70129870 286.99900100
48.51748252 284.95304695
33.17282717 288.53346653
102.22377622 313.08491508
88.41358641 293.64835165
84.83316683 312.06193806
102.73526474 358.60739261
96.08591409 369.34865135
106.82717283 370.88311688
121.14885115 386.22777223
113.47652348 393.90009990
96.59740260 387.25074925
76.13786214 384.18181818
81.76423576 374.97502498
78.18381618 411.80219780
134.95904096 410.26773227
135.47052947 386.73926074
160.02197802 407.19880120
155.93006993 383.67032967
158.99900100 371.39460539
156.44155844 359.11888112
129.84415584 368.83716284
131.89010989 355.53846154
123.70629371 362.18781219
162.06793207 342.23976024
178.43556444 350.93506494
174.85514486 362.18781219
176.38961039 385.71628372
192.24575425 402.08391608
201.45254745 381.11288711
194.80319680 374.97502498
207.59040959 364.23376623
190.71128871 354.51548452
192.75724276 338.14785215
208.61338661 340.19380619
183.03896104 284.95304695
169.22877123 287.51048951
145.70029970 284.95304695
133.42457542 298.25174825
124.72927073 296.71728272
115.52247752 284.95304695
106.82717283 298.76323676
97.62037962 285.46453546
100.17782218 278.30369630
128.82117882 280.86113886
189.68831169 272.16583417
199.40659341 284.95304695
207.07892108 283.93006993
204.00999001 271.14285714
211.17082917 271.65434565
219.86613387 260.40159840
226.00399600 279.32667333
235.72227772 271.65434565
232.14185814 260.40159840
244.41758242 265.51648352
251.57842158 258.35564436
244.92907093 241.98801199
258.22777223 244.54545455
252.08991009 273.18881119
242.88311688 287.51048951
272.54945055 279.83816184
264.36563437 269.09690310
282.77922078 258.35564436
282.77922078 243.52247752
273.57242757 246.07992008
294.54345654 238.40759241
295.05494505 265.51648352
282.77922078 280.34965035
297.10089910 277.79220779
307.84215784 289.55644356
318.58341658 285.97602398
315.51448551 265.00499500
326.76723277 260.40159840
329.83616384 247.10289710
327.79020979 239.94205794
321.65234765 231.75824176
337.50849151 225.62037962
344.15784216 225.10889111
362.05994006 244.54545455
359.50249750 235.33866134
365.12887113 229.71228771
369.22077922 210.27572428
379.96203796 214.36763237
385.07692308 231.75824176
397.86413586 211.29870130
391.72627373 207.20679321
407.07092907 211.81018981
429.06493506 205.67232767
449.52447552 217.43656344
453.61638362 223.06293706
404.51348651 262.95904096
386.09990010 278.30369630
366.66333666 285.46453546
347.73826174 291.09090909
340.57742258 311.03896104
354.38761239 304.38961039
352.85314685 314.10789211
356.43356643 318.71128871
351.31868132 328.42957043
359.50249750 328.42957043
368.70929071 337.12487512
338.01998002 328.94105894
329.83616384 318.19980020
318.58341658 322.80319680
305.28471528 320.75724276
283.29070929 332.00999001
273.06093906 323.82617383
257.71628372 322.80319680
244.41758242 338.65934066
250.04395604 335.07892108
234.69930070 346.33166833
234.69930070 361.16483516
209.63636364 354.51548452
221.40059940 389.29670330
231.63036963 379.06693307
252.60139860 385.20479520
264.36563437 389.80819181
261.29670330 365.76823177
263.85414585 349.40059940
264.36563437 336.10189810
273.57242757 340.19380619
288.91708292 356.04995005
283.29070929 369.86013986
283.29070929 381.11288711
286.35964036 389.29670330
309.37662338 384.18181818
322.67532468 380.60139860
324.72127872 363.72227772
301.19280719 352.46953047
298.12387612 340.19380619
311.42257742 336.10189810
319.60639361 339.17082917
334.95104895 356.56143856
356.94505495 375.48651349
340.57742258 393.90009990
348.24975025 414.35964036
371.26673327 399.01498501
389.16883117 379.06693307
384.56543457 358.60739261
366.66333666 350.42357642
378.42757243 333.54445554
375.87012987 322.80319680
372.28971029 303.36663337
384.56543457 299.27472527
384.56543457 311.55044955
384.56543457 322.80319680
399.39860140 332.00999001
395.81818182 348.37762238
411.16283716 356.56143856
401.44455544 305.92407592
393.77222777 286.99900100
409.62837163 297.22877123
413.72027972 314.61938062
404.51348651 316.66533467
422.41558442 334.05594406
421.90409590 344.28571429
432.13386613 324.33766234
421.39260739 305.41258741
416.27772228 286.99900100
417.30069930 272.67732268
423.95004995 268.07392607
431.11088911 274.72327672
434.17982018 283.41858142
437.76023976 293.64835165
448.50149850 307.45854146
450.03596404 320.24575425
464.86913087 307.45854146
468.96103896 291.60239760
454.63936064 297.22877123
452.59340659 277.79220779
443.89810190 269.09690310
438.27172827 256.82117882
454.63936064 255.79820180
462.82317682 287.51048951
480.72527473 308.48151848
475.09890110 320.24575425
465.38061938 327.91808192
464.86913087 343.26273726
475.09890110 333.03296703
487.37462537 327.91808192
499.65034965 312.06193806
499.65034965 291.09090909
504.76523477 280.86113886
490.44355644 275.23476523
478.16783217 274.72327672
479.19080919 263.98201798
494.53546454 254.77522478
503.74225774 261.42457542
501.69630370 213.34465534
475.09890110 211.29870130
464.86913087 212.83316683
510.39160839 201.06893107
283.29070929 430.21578422
271.01498501 444.53746254
258.22777223 457.32467532
223.95804196 461.41658342
213.72827173 448.62937063
205.03296703 469.08891109
171.78621379 484.43356643
168.20579421 476.24975025
146.21178821 480.34165834
108.87312687 491.59440559
91.73826174 508.98501499
66.16383616 506.93906094
30.35964036 500.80119880
34.45154845 523.30669331
77.41658342 601.05294705
105.03696304 658.33966034
151.07092907 601.05294705
119.35864136 604.12187812
144.93306693 576.50149850
204.26573427 641.97202797
271.78221778 639.92607393
329.06893107 615.37462537
361.80419580 605.14485514
390.44755245 589.80019980
331.11488511 580.59340659
296.33366633 584.68531469
283.03496503 508.98501499
268.71328671 486.47952048
235.97802198 495.68631369
216.54145854 493.64035964
292.24175824 489.54845155
289.17282717 469.08891109
292.24175824 450.67532468
308.60939061 451.69830170
303.49450549 473.18081918
329.06893107 462.95104895
316.79320679 508.98501499
313.72427572 524.32967033
356.68931069 517.16883117
349.52847153 495.68631369
367.94205794 502.84715285
374.07992008 486.47952048
352.59740260 467.04295704
351.57442557 450.67532468
358.73526474 431.23876124
369.98801199 424.07792208
386.35564436 445.56043956
384.30969031 429.19280719
387.37862138 466.01998002
410.90709291 451.69830170
429.32067932 461.92807193
423.18281718 449.65234765
411.93006993 430.21578422
414.99900100 400.54945055
382.26373626 408.73326673
394.53946054 392.36563437
416.02197802 374.97502498
423.18281718 390.31968032
449.78021978 390.31968032
439.55044955 400.54945055
442.61938062 362.69930070
452.84915085 371.90609391
464.10189810 388.27372627
484.56143856 385.20479520
470.23976024 362.69930070
491.72227772 355.53846154
517.29670330 352.46953047
517.29670330 326.89510490
513.20479520 308.48151848
522.41158841 307.45854146
525.48051948 292.11388611
521.38861139 277.79220779
514.22777223 265.51648352
525.48051948 265.51648352
512.18181818 250.17182817
537.75624376 250.17182817
537.75624376 261.42457542
550.03196803 250.17182817
530.59540460 496.70929071
616.52547453 530.46753247
694.27172827 518.19180819
785.31668332 502.84715285
954.10789211 502.84715285
453.87212787 511.03096903
420.11388611 525.35264735
432.38961039 505.91608392
468.19380619 486.47952048
461.03296703 466.01998002
410.90709291 489.54845155
492.74525475 447.60639361
466.14785215 441.46853147
455.40659341 428.16983017
462.56743257 406.68731269
442.10789211 432.77322677
502.97502498 405.15284715
511.67032967 371.39460539
514.73926074 387.25074925
524.45754246 384.18181818
535.19880120 408.73326673
524.96903097 434.81918082
542.35964036 422.03196803
565.37662338 444.02597403
547.98601399 441.98001998
538.26773227 443.51448551
580.20979021 461.41658342
578.67532468 437.37662338
567.93406593 411.80219780
588.39360639 399.52647353
554.12387612 388.27372627
574.58341658 381.11288711
569.98001998 369.34865135
541.33666334 362.69930070
530.59540460 356.56143856
537.24475524 343.26273726
539.29070929 329.96403596
531.61838162 328.94105894
542.87112887 314.61938062
537.24475524 302.85514486
554.12387612 287.51048951
544.91708292 276.76923077
539.29070929 272.67732268
574.07192807 322.80319680
563.33066933 304.38961039
568.95704296 290.57942058
566.91108891 338.65934066
553.10089910 356.04995005
586.34765235 370.88311688
595.04295704 350.93506494
584.30169830 337.63636364
606.80719281 322.80319680
598.62337662 322.80319680
588.39360639 314.61938062
580.20979021 305.41258741
595.55444555 299.78621379
599.64635365 290.57942058
578.67532468 267.56243756
564.35364635 274.21178821
565.88811189 267.05094905
566.91108891 259.37862138
572.02597403 249.14885115
588.39360639 247.10289710
589.41658342 257.33266733
600.66933067 245.05694306
614.99100899 262.44755245
619.59440559 288.02197802
614.47952048 301.83216783
622.66333666 305.41258741
625.73226773 317.68831169
633.91608392 321.78021978
619.08291708 347.35464535
612.94505495 333.54445554
614.99100899 375.99800200
604.76123876 386.22777223
615.50249750 390.83116883
617.54845155 408.73326673
602.71528472 422.54345654
600.15784216 448.62937063
641.07692308 437.37662338
654.37562438 422.54345654
634.42757243 397.48051948
628.80119880 382.13586414
640.56543457 369.34865135
647.21478521 344.79720280
657.44455544 373.44055944
663.58241758 409.24475524
685.06493506 396.45754246
669.72027972 437.37662338
674.32367632 453.74425574
617.03696304 470.11188811
599.64635365 463.46253746
589.41658342 475.22677323
604.24975025 484.94505495
714.21978022 466.01998002
741.32867133 449.65234765
716.77722278 446.58341658
737.23676324 433.28471528
749.00099900 437.37662338
763.83416583 434.30769231
774.57542458 449.14085914
792.47752248 422.03196803
856.41358641 464.99700300
850.78721279 421.00899101
733.65634366 382.64735265
724.96103896 401.57242757
698.87512488 392.36563437
700.92107892 378.04395604
690.17982018 366.27972028
682.50749251 354.51548452
671.25474525 331.49850150
661.53646354 329.96403596
664.60539461 314.10789211
655.39860140 305.41258741
642.61138861 303.87812188
635.45054945 295.69430569
637.49650350 278.81518482
626.24375624 277.79220779
622.15184815 240.45354645
601.18081918 202.09190809
619.08291708 196.97702298
633.40459540 197.48851149
641.58841159 240.45354645
664.09390609 238.91908092
647.72627373 260.40159840
663.07092907 272.16583417
649.77222777 291.09090909
659.49050949 289.04495504
668.18581419 294.67132867
680.97302697 289.04495504
680.46153846 310.01598402
689.66833167 297.74025974
694.78321678 317.68831169
700.40959041 305.92407592
711.15084915 313.59640360
714.21978022 299.78621379
719.33466533 316.15384615
713.70829171 332.52147852
700.92107892 349.91208791
730.07592408 362.69930070
741.84015984 362.18781219
733.14485514 349.91208791
750.02397602 344.28571429
751.04695305 312.06193806
739.28271728 301.83216783
729.56443556 291.60239760
721.89210789 278.81518482
723.42657343 266.53946054
727.51848152 253.75224775
728.02997003 239.94205794
719.33466533 243.52247752
714.73126873 253.75224775
694.78321678 265.00499500
695.80619381 248.63736264
707.05894106 242.49950050
688.64535465 238.91908092
701.94405594 190.83916084
710.63936064 193.39660340
690.69130869 192.37362637
676.36963037 189.81618382
567.93406593 192.88511489
531.10689311 200.55744256
522.92307692 203.11488511
730.58741259 184.70129870
767.41458541 191.86213786
764.85714286 219.48251748
754.11588412 231.75824176
745.42057942 240.96503497
739.79420579 269.09690310
750.02397602 277.28071928
764.34565435 299.27472527
780.71328671 311.03896104
774.57542458 298.25174825
779.17882118 285.97602398
787.36263736 267.05094905
778.15584416 258.35564436
764.85714286 251.19480519
761.27672328 257.84415584
780.71328671 246.07992008
778.15584416 232.78121878
786.33966034 231.75824176
783.78221778 191.86213786
804.24175824 289.04495504
801.17282717 278.81518482
795.54645355 252.21778222
805.77622378 238.40759241
814.98301698 229.20079920
804.24175824 227.15484515
801.17282717 185.21278721
823.67832168 181.12087912
815.49450549 310.52747253
812.42557443 326.89510490
818.56343656 341.72827173
799.63836164 351.44655345
782.24775225 338.14785215
777.64435564 354.00399600
775.59840160 374.97502498
772.52947053 390.31968032
792.98901099 402.59540460
806.79920080 373.44055944
824.70129870 361.67632368
835.44255744 381.11288711
858.45954046 390.83116883
840.55744256 358.60739261
838.00000000 313.59640360
820.09790210 298.25174825
817.02897103 282.90709291
821.63236763 273.18881119
816.00599401 258.35564436
831.86213786 252.72927073
831.86213786 241.98801199
839.53446553 230.22377622
850.27572428 184.70129870
875.85014985 182.65534466
895.79820180 182.65534466
917.79220779 177.54045954
936.20579421 183.16683317
933.13686314 221.52847153
903.47052947 222.03996004
890.17182817 229.71228771
872.78121878 226.13186813
866.64335664 250.68331668
846.18381618 260.91308691
842.09190809 276.76923077
831.86213786 285.46453546
844.13786214 286.99900100
857.43656344 284.44155844
870.73526474 275.74625375
873.80419580 262.95904096
888.12587413 250.17182817
889.14885115 268.07392607
902.44755245 267.05094905
918.30369630 268.07392607
925.97602398 252.21778222
933.64835165 243.52247752
945.41258741 253.24075924
931.09090909 277.79220779
917.28071928 288.53346653
917.79220779 301.83216783
949.50449550 288.02197802
952.06193806 276.76923077
953.59640360 260.40159840
963.82617383 271.65434565
981.21678322 268.58541459
979.68231768 254.26373626
974.56743257 240.45354645
962.80319680 225.62037962
942.34365634 230.73526474
967.40659341 212.83316683
958.19980020 178.56343656
972.00999001 180.60939061
994.51548452 170.89110889
1020.60139860 165.77622378
1001.16483516 211.29870130
991.95804196 222.55144855
997.58441558 243.52247752
990.42357642 270.63136863
1010.88311688 261.93606394
959.22277722 319.73426573
954.10789211 303.36663337
923.93006993 354.51548452
903.47052947 365.76823177
897.33266733 336.10189810
992.21378621 384.18181818
956.92107892 379.06693307
936.46153846 382.13586414
940.04195804 365.25674326
994.77122877 302.34365634
860.24975025 311.55044955
791.19880120 298.25174825
981.47252747 351.95804196
