26.68181818 474.93181818
71.32467532 484.67207792
136.25974026 446.52272727
170.35064935 414.86688312
217.42857143 463.56818182
166.29220779 490.35389610
117.59090909 395.38636364
94.86363636 371.03571429
68.07792208 394.57467532
15.31818182 398.63311688
16.94155844 347.49675325
47.78571429 317.46428571
74.57142857 293.11363636
96.48701299 330.45129870
109.47402597 353.17857143
133.82467532 321.52272727
167.91558442 357.23701299
184.96103896 369.41233766
226.35714286 391.32792208
221.48701299 431.91233766
269.37662338 394.57467532
278.30519481 469.25000000
260.44805195 494.41233766
319.70129870 429.47727273
309.96103896 385.64610390
54.92591867 231.75213598
48.54923818 224.50590816
40.14361391 219.86832235
22.46281802 230.01304130
11.44855173 221.60741703
23.62221447 277.54829582
83.04128262 249.43293187
90.57735955 230.01304130
76.66460213 210.88299985
89.99766133 213.49164187
116.95362883 206.24541404
65.36048673 208.56420695
129.12729157 212.91194364
143.04004899 210.30330163
154.34416439 219.57847324
152.31522060 208.27435784
170.57571471 207.40481050
199.27077689 207.40481050
213.47338342 225.08560638
232.89327399 218.41907679
232.89327399 204.21647025
228.83538641 248.27353542
213.76323254 241.02730759
223.90795149 265.37463308
203.61851358 265.37463308
177.53209342 260.44719816
167.96707270 266.24418042
148.25733302 266.82387864
143.61974721 253.20097033
132.60548092 268.27312421
117.53332705 266.24418042
121.30136552 276.67874848
163.85714286 297.17207792
180.90259740 327.20454545
204.44155844 331.26298701
193.88961039 306.10064935
199.57142857 284.18506494
210.93506494 296.36038961
223.11038961 300.41883117
245.83766234 289.05519481
259.63636364 308.53571429
236.90909091 358.04870130
271.81168831 334.50974026
288.04545455 312.59415584
298.59740260 334.50974026
306.71428571 357.23701299
370.83766234 361.29545455
409.79870130 371.84740260
415.48051948 407.56168831
390.31818182 435.15909091
429.27922078 457.07467532
356.22727273 492.78896104
262.88311688 277.69155844
247.46103896 264.70454545
266.94155844 261.45779221
274.24675325 254.96428571
292.91558442 241.97727273
296.97402597 270.38636364
292.91558442 259.02272727
280.74025974 285.80844156
271.81168831 300.41883117
3.14285714 310.15909091
92.42857143 198.95779221
78.98200705 98.43536579
68.01324608 97.39072189
49.73197780 106.27019506
40.85250464 99.48000969
27.79445587 111.49341456
16.82569490 112.01573652
3.24532417 122.98449748
83.68290461 124.55146334
75.32575340 117.23895602
63.83467048 131.86397065
72.19182169 139.17647796
33.01767537 142.83273162
14.73640709 153.80149259
31.45070952 157.98006819
17.87033880 169.47115111
104.05346070 143.35505357
95.69630948 133.95325845
100.39720704 126.11842919
102.48649484 117.76127798
112.93293386 122.98449748
113.97757776 93.73446823
130.69188019 94.25679019
136.95974360 124.55146334
132.25884604 133.95325845
104.57578265 167.90418526
88.90612412 164.24793161
76.37039730 174.17204867
68.01324608 194.02028281
26.74981196 196.10957061
19.95962660 205.51136573
169.34370456 187.23009744
161.50887529 195.06492671
154.19636798 182.52919989
144.79457287 179.39526818
140.09367531 168.42650721
125.99098263 167.90418526
119.72311922 183.05152184
160.46423139 145.96666332
164.64280700 135.52022431
163.07584115 120.89520968
149.49547042 112.01573652
140.61599726 115.67199017
151.58475823 96.86839994
166.20977285 91.64518043
157.33029969 91.12285848
138.52670946 86.42196092
130.69188019 77.54248776
130.16955824 64.48443898
134.87045580 60.30586338
141.13831921 39.93530729
136.43742165 79.10945361
154.71868993 49.33710241
169.34370456 43.59156095
164.64280700 39.93530729
168.29906066 33.14512193
162.55351920 30.01119023
166.73209480 67.61837069
171.95531431 81.19874141
168.82138261 75.97552190
158.37494359 84.85499507
176.13388992 95.30143409
166.73209480 113.58270237
171.43299236 120.89520968
184.49104113 193.49796086
660.61038961 458.69805195
632.20129870 431.91233766
634.63636364 400.25649351
602.98051948 431.10064935
580.25324675 461.13311688
585.93506494 406.75000000
546.16233766 409.18506494
531.55194805 435.97077922
512.07142857 402.69155844
522.62337662 371.03571429
461.74675325 417.30194805
495.83766234 368.60064935
501.51948052 351.55519481
499.89610390 337.75649351
496.64935065 329.63961039
482.85064935 342.62662338
466.61688312 324.76948052
457.68831169 312.59415584
478.79220779 297.17207792
458.50000000 289.86688312
651.68181818 328.82792208
654.11688312 278.50324675
607.03896104 306.91233766
610.28571429 270.38636364
570.51298701 267.95129870
542.91558442 297.17207792
533.17532468 298.79545455
524.24675325 283.37337662
529.11688312 260.64610390
512.07142857 259.02272727
481.22727273 272.00974026
406.55194805 332.07467532
416.29220779 323.14610390
402.49350649 293.11363636
408.17532468 280.12662338
410.61038961 268.76298701
359.47402597 319.08766234
325.38311688 298.79545455
324.57142857 279.31493506
331.06493506 268.76298701
319.70129870 255.77597403
328.62987013 251.71753247
336.74675325 241.97727273
341.61688312 226.55519481
361.90909091 249.28246753
344.86363636 262.26948052
360.28571429 289.86688312
363.53246753 277.69155844
361.09740260 266.32792208
370.83766234 249.28246753
375.70779221 239.54220779
371.64935065 216.81493506
263.69480519 226.55519481
281.55194805 216.81493506
280.74025974 196.52272727
266.12987013 196.52272727
249.89610390 182.72402597
239.34415584 161.62012987
205.25324675 154.31493506
205.25324675 172.98376623
192.26623377 178.66558442
178.46753247 174.60714286
101.35714286 99.12012987
46.97402597 134.83441558
161.42207792 59.34740260
180.90259740 36.62012987
186.58441558 22.00974026
197.13636364 27.69155844
192.26623377 33.37337662
187.39610390 47.98376623
183.33766234 42.30194805
183.33766234 54.47727273
191.45454545 54.47727273
191.45454545 60.15909091
189.01948052 67.46428571
206.06493506 65.02922078
210.93506494 61.78246753
218.24025974 65.02922078
213.37012987 68.27597403
191.45454545 78.01623377
183.33766234 74.76948052
200.38311688 86.13311688
205.25324675 76.39285714
222.29870130 74.76948052
221.48701299 82.07467532
218.24025974 91.81493506
219.05194805 97.49675325
210.12337662 99.12012987
202.81818182 95.87337662
193.07792208 97.49675325
191.45454545 88.56818182
189.83116883 101.55519481
184.96103896 112.10714286
189.01948052 116.16558442
200.38311688 107.23701299
213.37012987 113.73051948
234.47402597 102.36688312
243.40259740 87.75649351
243.40259740 95.87337662
243.40259740 74.76948052
236.09740260 67.46428571
238.53246753 53.66558442
232.85064935 31.75000000
258.82467532 22.00974026
262.07142857 13.89285714
242.59090909 25.25649351
241.77922078 14.70454545
227.16883117 23.63311688
219.05194805 22.00974026
219.05194805 37.43181818
251.51948052 30.93831169
259.63636364 30.93831169
271.00000000 27.69155844
275.05844156 22.00974026
284.79870130 14.70454545
285.61038961 19.57467532
283.98701299 25.25649351
276.68181818 30.93831169
268.56493506 44.73701299
277.49350649 39.05519481
257.20129870 42.30194805
256.38961039 50.41883117
238.53246753 47.98376623
242.59090909 36.62012987
240.15584416 44.73701299
223.11038961 50.41883117
215.80519481 45.54870130
205.25324675 43.11363636
204.44155844 33.37337662
203.62987013 27.69155844
205.25324675 22.82142857
208.50000000 16.32792208
197.13636364 44.73701299
190.64285714 25.25649351
296.97402597 17.13961039
304.27922078 23.63311688
314.01948052 22.00974026
312.39610390 28.50324675
338.37012987 16.32792208
344.86363636 30.93831169
345.67532468 25.25649351
351.35714286 25.25649351
351.35714286 33.37337662
337.55844156 26.06818182
349.73376623 17.95129870
332.68831169 28.50324675
322.13636364 34.99675325
295.35064935 33.37337662
316.45454545 50.41883117
308.33766234 51.23051948
308.33766234 36.62012987
308.33766234 42.30194805
296.97402597 44.73701299
287.23376623 44.73701299
291.29220779 50.41883117
294.53896104 53.66558442
288.85714286 53.66558442
282.36363636 50.41883117
272.62337662 52.04220779
265.31818182 52.04220779
262.07142857 61.78246753
272.62337662 61.78246753
256.38961039 65.02922078
247.46103896 60.15909091
261.25974026 71.52272727
247.46103896 73.14610390
468.24025974 259.02272727
482.85064935 241.97727273
492.59090909 243.60064935
490.15584416 232.23701299
512.07142857 243.60064935
500.70779221 237.91883117
522.62337662 241.97727273
538.04545455 245.22402597
546.97402597 249.28246753
581.87662338 228.99025974
581.87662338 216.00324675
597.29870130 221.68506494
614.34415584 226.55519481
626.51948052 204.63961039
658.17532468 218.43831169
649.24675325 204.63961039
663.04545455 201.39285714
663.85714286 176.23051948
654.11688312 167.30194805
656.55194805 130.77597403
643.56493506 127.52922078
637.07142857 128.34090909
620.02597403 135.64610390
611.09740260 182.72402597
583.50000000 195.71103896
573.75974026 201.39285714
562.39610390 198.95779221
313.20779221 187.59415584
327.00649351 184.34740260
339.99350649 167.30194805
327.81818182 164.86688312
327.81818182 154.31493506
315.64285714 153.50324675
295.35064935 179.47727273
437.39610390 388.89285714
263.69480519 162.43181818
260.44805195 152.69155844
248.27272727 161.62012987
262.88311688 120.22402597
254.76623377 129.15259740
231.22727273 127.52922078
215.80519481 119.41233766
223.11038961 131.58766234
195.51298701 134.02272727
194.70129870 128.34090909
200.38311688 121.84740260
187.39610390 142.13961039
224.73376623 185.97077922
232.03896104 196.52272727
252.33116883 100.74350649
268.56493506 99.12012987
258.82467532 99.12012987
258.82467532 91.81493506
269.37662338 70.71103896
273.43506494 73.14610390
285.61038961 82.88636364
279.92857143 93.43831169
274.24675325 91.81493506
281.55194805 87.75649351
287.23376623 91.81493506
292.91558442 85.32142857
301.84415584 82.07467532
289.66883117 105.61363636
298.59740260 99.12012987
294.53896104 116.16558442
281.55194805 113.73051948
270.18831169 112.91883117
279.11688312 103.17857143
261.25974026 110.48376623
237.72077922 116.97727273
232.85064935 120.22402597
266.12987013 142.95129870
266.12987013 133.21103896
283.98701299 125.09415584
309.96103896 125.90584416
304.27922078 116.97727273
303.46753247 108.86038961
314.83116883 93.43831169
311.58441558 86.13311688
304.27922078 72.33441558
300.22077922 59.34740260
291.29220779 63.40584416
284.79870130 59.34740260
308.33766234 61.78246753
300.22077922 70.71103896
295.35064935 76.39285714
314.01948052 60.15909091
331.06493506 39.86688312
327.81818182 46.36038961
319.70129870 71.52272727
310.77272727 68.27597403
326.19480519 59.34740260
321.32467532 53.66558442
333.50000000 73.95779221
330.25324675 82.07467532
319.70129870 99.12012987
319.70129870 108.86038961
321.32467532 117.78896104
312.39610390 114.54220779
296.16233766 142.95129870
312.39610390 136.45779221
319.70129870 135.64610390
272.62337662 157.56168831
290.48051948 159.18506494
294.53896104 152.69155844
292.10389610 167.30194805
325.38311688 212.75649351
313.20779221 203.01623377
310.77272727 219.25000000
344.05194805 216.81493506
333.50000000 197.33441558
357.85064935 185.15909091
380.57792208 199.76948052
381.38961039 193.27597403
374.08441558 190.84090909
363.53246753 174.60714286
375.70779221 171.36038961
383.82467532 169.73701299
382.20129870 158.37337662
372.46103896 158.37337662
349.73376623 137.26948052
332.68831169 130.77597403
341.61688312 133.21103896
348.11038961 122.65909091
335.12337662 121.84740260
330.25324675 113.73051948
330.25324675 108.86038961
327.00649351 99.12012987
336.74675325 103.17857143
337.55844156 87.75649351
339.18181818 73.14610390
340.80519481 61.78246753
344.86363636 53.66558442
338.37012987 51.23051948
345.67532468 44.73701299
338.37012987 39.86688312
353.79220779 44.73701299
365.15584416 22.00974026
373.27272727 22.00974026
378.14285714 13.89285714
390.31818182 16.32792208
381.38961039 22.00974026
380.57792208 25.25649351
374.08441558 27.69155844
365.96753247 33.37337662
362.72077922 27.69155844
386.25974026 33.37337662
386.25974026 39.05519481
402.49350649 30.93831169
404.92857143 17.95129870
408.98701299 25.25649351
425.22077922 19.57467532
447.13636364 16.32792208
464.18181818 16.32792208
457.68831169 22.00974026
457.68831169 27.69155844
467.42857143 22.82142857
466.61688312 27.69155844
443.88961039 22.00974026
443.88961039 27.69155844
427.65584416 25.25649351
434.96103896 27.69155844
418.72727273 33.37337662
425.22077922 39.05519481
432.52597403 45.54870130
434.96103896 39.05519481
443.07792208 42.30194805
443.88961039 31.75000000
451.19480519 39.05519481
456.87662338 42.30194805
471.48701299 44.73701299
480.41558442 45.54870130
476.35714286 33.37337662
479.60389610 20.38636364
505.57792208 16.32792208
516.94155844 19.57467532
508.01298701 33.37337662
516.94155844 36.62012987
512.88311688 29.31493506
524.24675325 22.00974026
363.53246753 122.65909091
356.22727273 133.21103896
366.77922078 129.96428571
373.27272727 133.21103896
378.14285714 123.47077922
377.33116883 103.17857143
377.33116883 93.43831169
384.63636364 90.19155844
369.21428571 85.32142857
364.34415584 82.07467532
374.08441558 74.76948052
365.15584416 70.71103896
359.47402597 59.34740260
361.09740260 50.41883117
366.77922078 44.73701299
370.02597403 59.34740260
387.88311688 53.66558442
379.76623377 44.73701299
391.12987013 42.30194805
370.02597403 39.05519481
412.23376623 40.67857143
408.98701299 30.93831169
404.11688312 44.73701299
415.48051948 50.41883117
418.72727273 44.73701299
408.17532468 53.66558442
400.05844156 53.66558442
392.75324675 61.78246753
388.69480519 65.84090909
408.98701299 59.34740260
401.68181818 65.02922078
395.18831169 71.52272727
397.62337662 80.45129870
389.50649351 83.69805195
392.75324675 91.00324675
402.49350649 93.43831169
404.11688312 99.12012987
396.00000000 95.87337662
391.94155844 101.55519481
379.76623377 116.16558442
345.67532468 73.95779221
349.73376623 110.48376623
357.03896104 105.61363636
364.34415584 108.86038961
361.09740260 113.73051948
415.48051948 237.91883117
438.20779221 238.73051948
391.12987013 238.73051948
401.68181818 216.00324675
412.23376623 223.30844156
419.53896104 213.56818182
400.87012987 195.71103896
401.68181818 165.67857143
395.18831169 150.25649351
391.12987013 133.21103896
386.25974026 122.65909091
396.81168831 117.78896104
404.11688312 105.61363636
410.61038961 128.34090909
402.49350649 124.28246753
407.36363636 137.26948052
411.42207792 144.57467532
422.78571429 137.26948052
422.78571429 127.52922078
424.40909091 121.84740260
430.90259740 116.16558442
424.40909091 116.16558442
432.52597403 104.80194805
427.65584416 94.25000000
419.53896104 73.14610390
409.79870130 74.76948052
423.59740260 65.84090909
437.39610390 56.10064935
442.26623377 59.34740260
445.51298701 54.47727273
437.39610390 71.52272727
426.84415584 61.78246753
503.14285714 36.62012987
502.33116883 46.36038961
522.62337662 56.10064935
515.31818182 59.34740260
511.25974026 70.71103896
508.82467532 56.10064935
514.50649351 47.98376623
511.25974026 39.86688312
536.42207792 42.30194805
532.36363636 34.99675325
524.24675325 36.62012987
533.98701299 56.91233766
551.84415584 59.34740260
547.78571429 34.18506494
563.20779221 46.36038961
582.68831169 78.82792208
578.62987013 51.23051948
528.30519481 44.73701299
521.00000000 73.95779221
524.24675325 83.69805195
540.48051948 93.43831169
551.84415584 86.13311688
555.90259740 97.49675325
580.25324675 90.19155844
589.18181818 82.07467532
595.67532468 93.43831169
602.98051948 112.10714286
605.41558442 91.00324675
611.90909091 113.73051948
594.05194805 130.77597403
553.46753247 114.54220779
565.64285714 102.36688312
569.70129870 119.41233766
548.59740260 108.86038961
430.95517781 228.14327117
432.84859488 212.36479557
430.95517781 201.95100167
425.90606562 195.63961143
413.91442416 170.07848096
426.22163513 171.02518950
415.49227172 154.61557487
404.13176929 148.61975415
424.64378757 154.30000536
435.68872049 137.89039074
439.79112415 106.64900905
442.31568024 96.86635418
451.15162658 93.07952003
450.20491804 102.23103588
447.68036195 113.27596880
442.00011073 127.79216635
442.63124976 142.93950293
444.52466683 157.77126999
444.20909732 165.34493828
454.93846072 170.70961999
456.83187780 162.18924316
469.77022779 127.47659684
471.34807535 117.37837246
459.98757292 87.71483833
487.12655095 95.28850662
493.12237168 92.13281150
506.37629118 114.53824685
484.28642534 122.42748465
492.49123265 132.52570903
501.32717899 129.68558343
500.38047045 150.82874073
483.02414729 155.24671390
477.65946559 165.34493828
466.29896316 164.39822975
492.17566314 164.08266023
480.81516071 171.02518950
501.95831801 174.81202364
515.84337654 159.03354804
523.41704483 151.14431024
535.40868628 156.19342243
546.76918872 139.15266879
556.55184359 159.66468707
565.38778992 174.81202364
581.79740455 162.82038219
528.78172653 177.02101023
454.62289121 206.05340533
469.45465828 197.53302851
475.13490949 211.10251752
501.01160948 205.73783582
501.01160948 196.90188948
510.16312532 221.51631142
530.35957409 210.15580899
547.40032774 194.06176387
542.66678506 179.86113583
551.50273140 181.75455291
461.56542048 234.45466141
462.51212901 222.46301995
377.62393028 267.27389066
480.81516071 112.96039929
477.97503510 107.91128710
528.15058751 100.02204930
524.36375336 138.52152976
518.36793264 133.15684806
557.49855212 194.06176387
446.32467532 79.63961039
451.19480519 65.84090909
457.68831169 53.66558442
453.62987013 50.41883117
465.80519481 61.78246753
472.29870130 69.08766234
467.42857143 73.95779221
469.86363636 78.01623377
464.18181818 80.45129870
485.28571429 73.95779221
489.34415584 74.76948052
484.47402597 82.88636364
492.59090909 82.88636364
430.90259740 65.84090909
495.02597403 52.04220779
593.24025974 156.75000000
626.51948052 193.27597403
624.08441558 181.91233766
546.97402597 208.69805195
538.04545455 196.52272727
350.54545455 56.10064935
440.64285714 63.40584416
445.51298701 65.02922078
605.41558442 202.20454545
594.05194805 207.07467532
590.80519481 174.60714286
138.69480519 196.52272727
469.05194805 176.23051948
