34.26133333 750.58725926
128.12800000 750.58725926
206.82429630 754.37985185
262.76503704 735.41688889
330.08355556 735.41688889
367.06133333 720.24651852
458.08355556 695.59466667
474.20207407 757.22429630
623.06133333 746.79466667
540.57244444 689.90577778
625.90577778 683.26874074
643.92059259 655.77244444
696.06874074 733.52059259
752.95762963 706.02429630
829.75762963 709.81688889
923.62429630 641.55022222
916.98725926 739.20948148
868.63170370 623.53540741
943.53540741 599.83170370
900.86874074 598.88355556
836.39466667 648.18725926
796.57244444 675.68355556
815.53540741 596.98725926
813.63911111 558.11318519
839.23911111 578.02429630
871.47614815 578.97244444
885.69837037 554.32059259
920.77985185 576.12800000
908.45392593 561.90577778
928.36503704 530.61688889
934.05392593 488.89837037
899.92059259 499.32800000
839.23911111 489.84651852
754.85392593 533.46133333
739.68355556 584.66133333
724.51318519 620.69096296
685.63911111 638.70577778
679.95022222 608.36503704
711.23911111 594.14281481
638.23170370 609.31318519
604.09837037 633.01688889
566.17244444 595.09096296
598.40948148 586.55762963
639.17985185 579.92059259
614.52800000 576.12800000
637.28355556 559.06133333
668.57244444 561.90577778
700.80948148 549.57985185
669.52059259 537.25392593
719.77244444 547.68355556
860.09837037 524.92800000
599.35762963 541.04651852
560.48355556 554.32059259
538.67614815 597.93540741
501.69837037 553.37244444
526.35022222 541.04651852
480.83911111 609.31318519
413.52059259 601.72800000
382.23170370 663.35762963
431.53540741 551.47614815
493.16503704 530.61688889
310.17244444 515.44651852
403.09096296 457.60948148
489.37244444 639.65392593
565.22429630 657.66874074
260.86874074 662.40948148
276.03911111 609.31318519
243.80207407 609.31318519
187.86133333 606.46874074
147.09096296 674.73540741
108.21688889 720.24651852
78.82429630 741.10577778
34.26133333 695.59466667
13.40207407 656.72059259
8.66133333 610.26133333
38.05392593 613.10577778
116.75022222 658.61688889
99.68355556 637.75762963
146.14281481 620.69096296
164.15762963 601.72800000
201.13540741 557.16503704
231.47614815 589.40207407
148.98725926 563.80207407
104.42429630 595.09096296
106.32059259 563.80207407
79.77244444 574.23170370
7.71318519 578.97244444
39.95022222 565.69837037
19.09096296 535.35762963
6.76503704 512.60207407
31.41688889 476.57244444
58.91318519 522.08355556
97.78725926 540.09837037
122.43911111 534.40948148
144.24651852 524.92800000
185.01688889 536.30577778
225.78725926 530.61688889
250.43911111 545.78725926
247.59466667 525.87614815
237.16503704 497.43170370
183.12059259 505.01688889
201.13540741 516.39466667
261.81688889 485.10577778
232.42429630 476.57244444
235.26874074 455.71318519
249.49096296 442.43911111
191.65392593 485.10577778
148.98725926 496.48355556
106.32059259 474.67614815
90.20207407 514.49837037
52.27614815 474.67614815
85.46133333 491.74281481
77.87614815 484.15762963
73.13540741 467.09096296
90.20207407 463.29837037
93.04651852 442.43911111
137.60948148 439.59466667
152.77985185 458.55762963
12.45392593 455.71318519
26.67614815 446.23170370
39.95022222 428.21688889
56.06874074 439.59466667
62.70577778 423.47614815
71.23911111 411.15022222
90.20207407 413.04651852
25.72800000 394.08355556
57.01688889 395.97985185
89.25392593 393.13540741
79.77244444 403.56503704
123.38725926 410.20207407
131.92059259 428.21688889
157.52059259 409.25392593
146.14281481 403.56503704
182.17244444 400.72059259
200.18725926 423.47614815
236.21688889 420.63170370
260.86874074 407.35762963
307.32800000 420.63170370
291.20948148 415.89096296
296.89837037 402.61688889
294.05392593 392.18725926
275.09096296 403.56503704
214.40948148 451.92059259
150.88355556 437.69837037
321.55022222 448.12800000
308.27614815 467.09096296
279.83170370 452.86874074
276.98725926 470.88355556
289.31318519 462.35022222
348.09837037 505.96503704
351.89096296 478.46874074
350.94281481 447.17985185
368.95762963 428.21688889
349.04651852 421.57985185
445.75762963 443.38725926
480.83911111 447.17985185
464.72059259 373.22429630
495.06133333 365.63911111
506.43911111 468.03911111
543.41688889 441.49096296
561.43170370 451.92059259
562.37985185 475.62429630
535.83170370 498.37985185
513.07614815 501.22429630
473.25392593 504.06874074
484.63170370 495.53540741
620.21688889 502.17244444
590.82429630 465.19466667
615.47614815 464.24651852
634.43911111 464.24651852
645.81688889 447.17985185
669.52059259 445.28355556
669.52059259 472.77985185
689.43170370 450.02429630
695.12059259 426.32059259
699.86133333 460.45392593
715.97985185 480.36503704
739.68355556 462.35022222
783.29837037 475.62429630
808.89837037 463.29837037
780.45392593 435.80207407
748.21688889 431.06133333
744.42429630 412.09837037
707.44651852 395.03170370
780.45392593 413.99466667
820.27614815 410.20207407
828.80948148 441.49096296
852.51318519 448.12800000
875.26874074 460.45392593
922.67614815 464.24651852
937.84651852 463.29837037
901.81688889 440.54281481
898.02429630 423.47614815
928.36503704 403.56503704
938.79466667 399.77244444
909.40207407 408.30577778
878.11318519 385.55022222
875.26874074 414.94281481
863.89096296 412.09837037
858.20207407 414.94281481
851.56503704 425.37244444
852.51318519 403.56503704
844.92800000 392.18725926
787.09096296 389.34281481
831.65392593 377.96503704
827.86133333 401.66874074
742.52800000 374.17244444
772.86874074 389.34281481
812.69096296 335.29837037
832.60207407 331.50577778
841.13540741 302.11318519
849.66874074 303.06133333
860.09837037 300.21688889
869.57985185 300.21688889
879.06133333 304.95762963
888.54281481 330.55762963
906.55762963 336.24651852
918.88355556 355.20948148
945.43170370 334.35022222
896.12800000 357.10577778
866.73540741 338.14281481
869.57985185 359.00207407
866.73540741 364.69096296
916.98725926 367.53540741
773.81688889 340.03911111
775.71318519 316.33540741
796.57244444 306.85392593
806.05392593 306.85392593
820.27614815 303.06133333
730.20207407 359.00207407
720.72059259 352.36503704
686.58725926 379.86133333
669.52059259 333.40207407
657.19466667 306.85392593
661.93540741 266.08355556
727.35762963 255.65392593
744.42429630 283.15022222
752.95762963 294.52800000
737.78725926 298.32059259
726.40948148 307.80207407
716.92800000 311.59466667
721.66874074 302.11318519
750.11318519 338.14281481
763.38725926 347.62429630
766.23170370 373.22429630
493.16503704 447.17985185
608.83911111 432.95762963
697.96503704 266.08355556
793.72800000 293.57985185
817.43170370 296.42429630
826.91318519 291.68355556
804.15762963 293.57985185
836.39466667 295.47614815
912.24651852 322.02429630
921.72800000 322.02429630
884.75022222 315.38725926
868.63170370 312.54281481
778.55762963 301.16503704
721.66874074 268.92800000
687.53540741 282.20207407
680.89837037 284.09837037
697.96503704 288.83911111
672.36503704 293.57985185
715.97985185 285.99466667
708.39466667 279.35762963
17.19466667 339.09096296
237.16503704 373.22429630
224.83911111 374.17244444
210.61688889 383.65392593
222.94281481 384.60207407
277.93540741 377.01688889
302.58725926 303.06133333
315.86133333 383.65392593
208.72059259 377.01688889
173.63911111 377.96503704
176.48355556 362.79466667
152.77985185 374.17244444
136.66133333 382.70577778
160.36503704 395.03170370
186.91318519 378.91318519
198.29096296 387.44651852
31.41688889 338.14281481
47.53540741 339.09096296
76.92800000 320.12800000
89.25392593 316.33540741
102.52800000 311.59466667
112.95762963 343.83170370
122.43911111 341.93540741
127.17985185 338.14281481
134.76503704 340.03911111
136.66133333 325.81688889
150.88355556 326.76503704
163.20948148 331.50577778
151.83170370 339.09096296
3.92059259 247.12059259
6.76503704 255.65392593
22.88355556 247.12059259
58.91318519 247.12059259
40.89837037 245.22429630
53.22429630 250.91318519
46.58725926 252.80948148
148.98725926 236.69096296
93.99466667 245.22429630
313.96503704 233.84651852
224.83911111 340.98725926
198.29096296 342.88355556
190.70577778 338.14281481
176.48355556 336.24651852
179.32800000 347.62429630
155.62429630 358.05392593
98.73540741 384.60207407
108.21688889 377.01688889
89.25392593 369.43170370
82.61688889 371.32800000
67.44651852 376.06874074
78.82429630 379.86133333
130.97244444 373.22429630
273.19466667 295.47614815
301.63911111 280.30577778
303.53540741 287.89096296
296.89837037 289.78725926
289.31318519 285.04651852
274.14281481 282.20207407
322.49837037 275.56503704
338.61688889 277.46133333
332.92800000 286.94281481
340.51318519 288.83911111
318.70577778 298.32059259
352.83911111 247.12059259
221.04651852 241.43170370
210.61688889 244.27614815
209.66874074 251.86133333
157.52059259 249.96503704
178.37985185 237.63911111
110.11318519 254.70577778
99.68355556 261.34281481
120.54281481 248.06874074
94.94281481 279.35762963
104.42429630 271.77244444
75.97985185 268.92800000
77.87614815 304.00948148
30.46874074 299.26874074
23.83170370 306.85392593
11.50577778 301.16503704
6.76503704 311.59466667
19.09096296 323.92059259
120.54281481 302.11318519
129.07614815 299.26874074
120.54281481 286.94281481
126.23170370 273.66874074
117.69837037 277.46133333
257.07614815 304.00948148
337.66874074 249.96503704
323.44651852 249.96503704
186.91318519 313.49096296
167.00207407 312.54281481
178.37985185 316.33540741
155.62429630 297.37244444
232.42429630 296.42429630
240.00948148 283.15022222
254.23170370 271.77244444
247.59466667 262.29096296
254.23170370 249.96503704
247.59466667 252.80948148
239.06133333 253.75762963
288.36503704 246.17244444
268.45392593 267.03170370
310.17244444 267.97985185
333.87614815 270.82429630
339.56503704 261.34281481
306.37985185 259.44651852
298.79466667 261.34281481
212.51318519 290.73540741
175.53540741 294.52800000
157.52059259 285.04651852
135.71318519 271.77244444
148.03911111 271.77244444
151.83170370 272.72059259
222.94281481 313.49096296
193.55022222 320.12800000
196.39466667 336.24651852
204.92800000 337.19466667
216.30577778 343.83170370
73.13540741 277.46133333
270.35022222 249.01688889
263.71318519 248.06874074
185.96503704 270.82429630
181.22429630 282.20207407
202.08355556 276.51318519
190.70577778 283.15022222
201.13540741 284.09837037
194.49837037 301.16503704
134.76503704 290.73540741
138.55762963 305.90577778
147.09096296 299.26874074
76.92800000 252.80948148
66.49837037 258.49837037
517.24288511 630.66546254
552.02410390 616.34378422
960.19193606 666.46965834
802.00286114 636.75319880
831.85742258 674.07140060
763.75170430 688.06572627
365.37990010 694.59641159
149.86728472 535.99405395
210.50936264 675.00435564
63.10246553 622.75887313
118.14681319 426.83831369
899.96314086 477.21788611
898.09723077 382.05647153
930.75065734 382.98942657
163.86161039 645.14979421
412.02765235 629.28955844
328.29493706 479.72520280
407.12963836 556.22751648
455.17682318 553.89512887
19.02033966 467.13030969
23.21863736 431.21154046
206.54430370 469.46269730
262.52160639 461.99905694
295.17503297 476.45986014
396.86713287 427.47972028
85.26014785 383.68914286
102.98629371 367.82890709
120.47920080 385.32181419
188.35168032 369.92805594
215.40737662 372.96015984
224.50368831 397.21699101
13.88908691 382.75618781
69.63315085 340.77321079
92.95702697 322.81382617
95.98913087 340.30673327
105.78515884 340.77321079
118.14681319 341.47292707
127.24312488 351.73543257
155.46501499 329.34451149
156.63120879 318.38228971
162.92865534 310.45217183
147.30165834 310.68541059
98.78799600 303.22177023
98.32151848 295.05841359
96.45560839 290.62687712
88.05901299 289.92716084
100.18742857 285.26238561
74.99764236 294.59193606
82.22804396 292.49278721
23.91835365 285.49562438
7.59164036 289.22744456
160.82950649 338.90730070
169.69257942 293.19250350
164.32808791 278.96493906
223.80397203 295.05841359
226.13635964 288.06125075
219.37243556 300.65614386
214.00794406 296.92432368
214.00794406 315.81666334
206.07782617 325.14621379
200.71333467 327.71184016
196.51503696 333.07633167
204.91163237 331.67689910
211.20907892 341.47292707
215.87385415 334.70900300
213.30822777 330.27746653
216.80680919 324.67973626
232.43380619 327.94507892
229.40170230 337.27462937
234.99943257 376.22550250
228.00226973 321.64763237
193.24969431 310.21893307
189.28463536 307.18682917
183.68690509 304.38796404
175.75678721 300.88938262
134.94000400 280.59761039
129.57551249 286.19534066
138.20534665 296.92432368
145.43574825 335.17548052
136.33943656 363.86384815
116.98061938 371.56072727
65.43485315 361.29822178
73.13173227 378.32465135
28.81636763 380.89027772
31.73185215 254.00839161
34.76395604 248.41066134
65.08499500 253.07543656
71.38244156 253.77515285
83.51085714 249.81009391
87.70915485 244.21236364
101.00376424 249.11037762
97.50518282 246.31151249
113.36541858 249.11037762
130.62508691 254.94134665
131.79128072 244.91207992
140.88759241 247.24446753
147.88475524 257.04049550
147.41827772 249.34361638
149.75066533 243.74588611
153.24924675 260.30583816
156.28135065 255.17458541
168.64300500 247.71094505
167.94328871 261.47203197
179.37198801 262.40498701
178.20579421 269.63538861
165.37766234 271.26805994
174.00749650 283.62971429
179.37198801 276.16607393
187.76858342 276.63255145
192.66659740 275.69959640
194.99898501 264.27089710
188.00182218 262.87146454
185.20295704 264.50413586
180.53818182 252.37572028
177.03960040 245.37855744
185.43619580 247.47770629
191.73364236 248.17742258
198.03108891 248.64390010
199.89699900 239.31434965
197.79785015 253.54191409
192.20011988 255.64106294
189.86773227 255.87430170
203.86205794 251.90924276
212.49189211 256.34077922
219.02257742 254.00839161
217.38990609 261.23879321
225.32002398 257.97345055
228.11888911 246.31151249
226.95269530 273.13397003
230.45127672 267.76947852
217.85638362 268.70243357
214.12456344 279.66465534
204.56177423 267.30300100
174.94045155 253.30867532
168.17652747 252.37572028
143.45321878 262.87146454
150.45038162 277.56550649
182.87056943 290.16039960
201.29643157 313.25103696
218.78933866 308.81950050
191.96688112 330.97718282
183.10380819 321.64763237
183.33704695 336.80815185
146.48532268 285.26238561
89.80830370 255.40782418
101.23700300 256.80725674
106.13501698 259.83936064
66.25118881 267.76947852
64.61851748 275.23311888
60.65345854 266.13680719
13.77246753 253.30867532
8.40797602 263.80441958
15.63837762 278.73170030
26.13412188 272.20101499
38.02929870 274.06692507
43.16055145 276.63255145
1.64405195 293.89221978
4.44291708 307.65330669
199.08066334 290.39363836
237.33182018 279.43141658
259.25626374 264.03765834
261.35541259 259.60612188
265.78694905 255.87430170
277.44888711 266.83652348
283.04661738 263.33794206
285.84548252 255.64106294
281.41394605 256.57401798
278.61508092 247.94418382
282.81337862 248.64390010
296.80770430 248.41066134
241.29687912 302.28881518
247.59432567 306.48711289
251.79262338 293.42574226
248.99375824 285.72886314
248.52728072 280.13113287
265.78694905 298.32375624
264.15427772 287.12829570
262.05512887 283.16323676
266.95314286 282.46352048
267.41962038 275.23311888
247.12784815 244.91207992
252.49233966 245.84503497
257.62359241 245.84503497
259.95598002 247.24446753
274.18354446 251.20952647
275.58297702 259.37288312
290.97673526 262.63822577
286.07872128 269.63538861
284.44604995 278.96493906
290.74349650 277.79874525
295.17503297 269.86862737
305.20429970 265.67032967
301.23924076 247.01122877
306.83697103 247.47770629
313.60089510 247.47770629
317.79919281 245.84503497
316.16652148 252.14248152
330.39408591 249.11037762
332.72647353 247.01122877
334.12590609 251.20952647
327.59522078 248.64390010
327.36198202 270.33510490
322.23072927 270.56834366
321.29777423 258.67316683
324.09663936 255.40782418
317.79919281 258.20668931
309.16935864 250.27657143
318.96538661 279.66465534
334.35914486 277.79874525
333.65942857 298.09051748
328.29493706 305.78739660
320.59805794 310.91864935
334.12590609 325.37945255
291.44321279 299.72318881
283.04661738 289.92716084
296.34122677 256.57401798
242.22983417 268.00271728
255.75768232 278.03198402
234.76619381 257.74021179
215.87385415 245.37855744
208.41021379 263.10470330
209.34316883 271.73453746
119.54624575 268.46919481
123.51130470 263.10470330
131.44142258 267.53623976
119.77948452 310.68541059
236.16562637 338.90730070
238.49801399 345.20474725
244.09574426 338.67406194
248.52728072 350.80247752
243.39602797 324.21325874
241.53011788 313.25103696
234.76619381 308.81950050
331.79351848 346.60417982
384.03900100 305.08768032
391.96911888 305.78739660
349.05318681 321.18115485
339.95687512 308.58626174
347.88699301 269.16891109
340.65659141 268.70243357
343.45545654 258.67316683
347.18727672 275.46635764
306.48711289 256.34077922
342.75574026 249.92671329
346.13770230 248.76051948
360.71512488 247.59432567
369.22833966 247.36108691
365.03004196 252.02586214
372.37706294 251.55938462
383.33928472 244.09574426
349.86952248 253.07543656
309.75245554 295.17503297
351.50219381 288.52772827
352.66838761 281.53056543
361.18160240 277.21564835
357.91625974 283.39647552
361.06498302 265.67032967
365.61313886 264.38751648
347.42051548 260.30583816
291.09335465 252.84219780
280.71422977 295.40827173
310.56879121 374.82606993
271.38467932 382.28971029
260.65569630 384.15562038
204.21191608 399.54937862
682.11813786 319.31524476
684.21728671 298.55699500
701.71019381 311.38512687
704.27582018 329.57775025
736.22953047 317.68257343
754.65539261 287.36153447
754.18891508 278.03198402
765.15113686 275.23311888
763.75170430 281.06408791
761.41931668 286.89505694
765.38437562 295.05841359
761.18607792 342.40588212
620.77634366 282.46352048
629.40617782 272.43425375
635.93686314 271.03482118
649.69795005 261.00555445
673.95478122 271.26805994
666.49114086 274.30016384
683.05109291 270.33510490
688.18234565 270.33510490
703.57610390 270.33510490
715.23804196 273.13397003
715.23804196 264.50413586
720.83577223 276.16607393
732.03123277 281.99704296
737.39572428 284.32943057
739.96135065 271.50129870
743.45993207 275.93283516
748.82442358 279.43141658
752.78948252 273.83368631
701.24371628 283.86295305
706.84144655 285.26238561
849.11709091 337.74110689
883.16995005 316.28314086
862.64493906 383.45590410
871.04153447 377.85817383
871.50801199 368.99510090
846.78470330 408.17921279
755.35510889 412.37751049
763.75170430 405.38034765
761.41931668 394.65136464
761.41931668 388.58715684
713.83860939 386.25476923
932.38332867 460.42469530
915.59013786 595.70317682
584.39109690 598.50204196
678.61955644 443.63150450
694.94626973 593.83726673
700.07752248 571.44634565
933.31628372 596.34458342
655.29568032 619.66845954
977.58254545 739.10102697
1014.40971828 743.19293506
994.97315485 531.43669131
1014.40971828 515.06905894
1015.43269530 428.11601199
995.99613187 408.67944855
990.88124675 384.12800000
964.28384416 380.03609191
955.07705095 402.54158641
956.10002797 384.12800000
945.87025774 382.08204595
945.87025774 390.26586214
984.74338462 369.80632168
757.64248551 305.35876923
752.52760040 306.38174625
993.95017782 496.65547253
72.24788012 451.64448352
96.03209590 266.74317682
86.69743057 265.97594406
82.34977822 254.97894106
53.32280519 295.89802198
122.37375425 255.49042957
42.83729071 297.30461538
39.89623177 318.59532468
13.55457343 321.66425574
50.06206593 260.50941059
23.20891908 257.05686314
37.27485315 281.09682318
