26.79870130 473.38961039
94.98051948 505.53246753
163.16233766 534.75324675
156.34415584 471.44155844
132.96753247 476.31168831
121.27922078 450.01298701
96.92857143 428.58441558
68.68181818 413.00000000
37.51298701 423.71428571
229.39610390 466.57142857
206.99350649 453.90909091
184.59090909 450.01298701
192.38311688 428.58441558
185.56493506 401.31168831
214.78571429 419.81818182
259.59090909 497.74025974
302.44805195 529.88311688
324.85064935 554.23376623
327.77272727 490.92207792
340.43506494 469.49350649
355.04545455 445.14285714
338.48701299 455.85714286
323.87662338 446.11688312
300.50000000 433.45454545
300.50000000 457.80519481
284.91558442 464.62337662
287.83766234 406.18181818
404.72077922 450.98701299
424.20129870 440.27272727
482.64285714 494.81818182
464.13636364 478.25974026
514.78571429 537.67532468
481.66883117 511.37662338
548.87662338 488.00000000
540.11038961 460.72727273
552.77272727 455.85714286
558.61688312 440.27272727
546.92857143 433.45454545
531.34415584 435.40259740
514.78571429 442.22077922
490.43506494 462.67532468
626.79870130 488.97402597
671.60389610 483.12987013
695.95454545 518.19480519
734.91558442 539.62337662
734.91558442 501.63636364
784.59090909 446.11688312
836.21428571 467.54545455
851.79870130 469.49350649
886.86363636 478.25974026
870.30519481 451.96103896
836.21428571 590.27272727
736.86363636 592.22077922
119.81818182 404.96428571
63.81168831 397.17207792
59.42857143 386.45779221
89.62337662 385.48376623
74.52597403 378.17857143
47.25324675 386.45779221
17.54545455 386.94480519
16.57142857 402.52922078
139.29870130 417.62662338
155.85714286 411.29545455
210.88961039 400.09415584
194.81818182 397.17207792
224.03896104 401.55519481
356.99350649 407.88636364
273.71428571 398.14610390
263.00000000 397.65909091
253.74675325 376.71753247
252.28571429 375.74350649
415.92207792 404.47727273
162.67532468 393.27597403
144.16883117 395.71103896
136.86363636 395.71103896
115.92207792 378.66558442
186.53896104 385.48376623
425.66233766 422.00974026
415.92207792 435.64610390
23.87662338 454.63961039
193.35714286 375.25649351
176.31168831 371.84740260
169.98051948 366.97727273
163.16233766 366.97727273
146.60389610 375.25649351
55.28896104 373.18668831
39.46103896 371.72564935
87.43181818 364.90746753
2.93506494 361.98538961
51.14935065 361.01136364
213.32467532 372.94318182
328.25974026 419.69642857
333.61688312 395.58928571
322.41558442 398.02435065
358.45454545 391.44967532
381.10064935 398.99837662
416.40909091 378.05681818
399.12012987 387.31006494
336.78246753 384.14448052
367.46428571 379.51785714
309.75324675 384.63149351
290.75974026 386.82305195
453.90909091 408.49512987
453.66558442 439.42045455
503.09740260 411.90422078
487.02597403 396.07629870
467.54545455 402.16396104
456.58766234 398.51136364
445.62987013 403.38149351
445.87337662 389.74512987
517.95129870 389.25811688
549.36363636 396.80681818
523.30844156 413.60876623
600.74350649 411.41720779
582.96753247 411.90422078
570.79220779 432.35876623
540.11038961 406.30357143
569.57467532 399.97240260
380.85714286 380.85714286
388.64935065 375.50000000
707.64285714 406.18181818
675.98701299 417.38311688
639.94805195 436.86363636
689.62337662 449.52597403
724.68831169 438.81168831
615.59740260 429.55844156
639.46103896 419.33116883
633.61688312 397.90259740
649.68831169 399.36363636
673.55194805 395.95454545
668.68181818 385.72727273
615.59740260 398.87662338
591.73376623 390.11038961
706.66883117 387.67532468
711.53896104 379.88311688
703.74675325 379.88311688
656.99350649 375.01298701
619.00649351 378.90909091
624.85064935 378.90909091
608.29220779 387.67532468
589.78571429 377.93506494
566.40909091 383.29220779
541.57142857 387.67532468
724.20129870 399.36363636
575.17532468 475.33766234
885.88961039 424.44480519
862.02597403 432.23701299
860.07792208 421.03571429
848.38961039 432.72402597
832.80519481 425.41883117
821.60389610 423.47077922
821.11688312 443.92532468
807.48051948 441.49025974
787.51298701 425.41883117
800.17532468 417.62662338
813.81168831 406.42532468
824.03896104 398.63311688
833.77922078 403.99025974
839.62337662 409.34740260
849.85064935 400.58116883
872.74025974 404.96428571
776.31168831 405.45129870
761.21428571 417.62662338
752.44805195 399.60714286
737.83766234 420.06168831
842.05844156 395.71103896
842.05844156 384.02272727
847.41558442 384.02272727
783.12987013 390.84090909
760.24025974 392.30194805
734.42857143 384.02272727
810.40259740 385.48376623
809.91558442 393.27597403
794.81818182 386.45779221
896.60389610 402.52922078
679.39610390 384.02272727
661.37662338 404.96428571
686.70129870 412.75649351
771.92857143 401.55519481
532.80519481 382.07467532
466.57142857 374.76948052
875.66233766 384.99675325
883.45454545 392.30194805
775.33766234 380.61363636
29.23376623 359.18506494
21.92857143 360.64610390
204.55844156 350.41883117
194.81818182 351.87987013
186.05194805 357.23701299
209.42857143 357.23701299
221.11688312 367.46428571
298.55194805 377.69155844
282.96753247 370.87337662
271.76623377 367.46428571
322.90259740 365.51623377
337.51298701 367.46428571
331.18181818 363.08116883
363.32467532 375.25649351
364.78571429 366.49025974
351.63636364 371.84740260
350.17532468 363.08116883
361.37662338 361.62012987
378.42207792 361.62012987
384.26623377 361.62012987
372.09090909 370.87337662
417.87012987 362.10714286
439.78571429 369.89935065
447.57792208 379.15259740
397.41558442 375.74350649
504.07142857 370.38636364
513.32467532 375.74350649
109.59090909 432.48051948
27.69780220 389.96053946
22.30319680 380.51998002
10.16533467 350.84965035
3.87162837 347.70279720
10.16533467 344.10639361
16.00949051 345.00549451
13.76173826 347.70279720
22.30319680 344.10639361
26.79870130 345.90459540
27.69780220 350.40009990
32.64285714 345.90459540
31.29420579 341.40909091
29.04645355 335.56493506
21.40409590 335.11538462
17.80769231 334.21628372
24.10139860 336.91358641
35.34015984 337.81268731
37.13836164 342.30819181
38.48701299 336.01448551
43.43206793 337.36313686
42.98251748 340.95954046
42.53296703 346.80369630
37.58791209 349.50099900
47.02847153 345.00549451
47.47802198 340.50999001
47.02847153 336.91358641
52.87262737 336.01448551
54.22127872 340.50999001
51.97352647 345.00549451
52.87262737 350.40009990
56.91858142 342.30819181
60.06543457 337.81268731
60.96453546 341.40909091
60.96453546 343.65684316
66.35914086 338.71178821
67.25824176 342.75774226
69.95554446 336.46403596
60.96453546 344.55594406
65.46003996 368.38211788
76.69880120 361.63886114
62.31318681 358.94155844
191.78371628 343.65684316
198.97652348 345.00549451
194.03146853 340.95954046
188.63686314 336.01448551
185.93956044 338.71178821
184.14135864 340.06043956
185.93956044 333.76673327
180.99450549 334.66583417
176.94855145 335.11538462
171.10439560 334.66583417
194.48101898 335.56493506
198.97652348 338.71178821
200.77472527 335.11538462
205.71978022 337.36313686
209.76573427 335.11538462
215.16033966 334.21628372
212.01348651 338.26223776
207.96753247 342.30819181
216.50899101 347.25324675
212.01348651 349.95054945
216.95854146 340.50999001
222.35314685 343.65684316
221.00449550 349.95054945
225.94955045 344.55594406
229.99550450 343.65684316
229.99550450 337.81268731
225.94955045 336.91358641
234.04145854 341.40909091
238.08741259 337.81268731
238.98651349 345.00549451
234.49100899 349.95054945
229.54595405 361.63886114
224.60089910 359.84065934
246.17932068 360.73976024
241.68381618 374.67582418
231.34415584 380.51998002
207.96753247 378.72177822
205.27022977 387.26323676
225.94955045 390.41008991
278.09740260 379.62087912
262.81268731 365.68481518
258.31718282 362.08841159
259.21628372 353.54695305
251.12437562 353.09740260
259.66583417 347.25324675
252.92257742 345.90459540
246.62887113 349.50099900
246.62887113 343.65684316
243.93156843 341.85864136
247.07842158 337.81268731
243.48201798 348.60189810
250.67482517 340.50999001
254.72077922 338.26223776
256.51898102 342.75774226
260.56493506 337.81268731
263.71178821 343.65684316
265.95954046 338.26223776
269.10639361 343.20729271
267.75774226 348.15234765
266.85864136 353.54695305
274.05144855 353.99650350
279.89560440 350.40009990
283.49200799 345.90459540
280.34515485 339.16133866
277.64785215 342.75774226
273.60189810 338.71178821
286.18931069 339.16133866
287.98751249 344.10639361
292.93256743 341.40909091
295.18031968 339.61088911
294.73076923 346.35414585
292.93256743 351.29920080
283.49200799 354.44605395
292.93256743 357.14335664
291.13436563 362.08841159
286.18931069 366.58391608
296.97852148 364.78571429
297.42807193 358.49200799
301.47402597 360.29020979
305.51998002 363.43706294
310.01548452 358.49200799
311.81368631 353.54695305
309.11638362 349.50099900
302.82267732 349.95054945
301.02447552 344.55594406
305.96953047 344.10639361
303.27222777 340.95954046
305.51998002 336.01448551
309.11638362 340.06043956
313.61188811 341.40909091
318.10739261 340.50999001
315.41008991 337.36313686
315.85964036 345.45504496
314.06143856 348.15234765
318.10739261 352.64785215
316.30919081 363.43706294
314.51098901 366.13436563
323.50199800 354.44605395
327.09840160 350.40009990
320.80469530 346.80369630
324.40109890 346.80369630
325.30019980 341.85864136
327.54795205 337.81268731
329.34615385 343.20729271
332.49300699 339.61088911
332.04345654 345.45504496
335.19030969 344.55594406
340.58491508 342.30819181
340.58491508 347.25324675
332.04345654 350.84965035
338.33716284 355.79470529
345.08041958 354.89560440
348.22727273 350.84965035
351.37412587 349.05144855
348.67682318 343.65684316
344.63086913 340.95954046
347.77772228 339.61088911
351.37412587 341.85864136
353.62187812 342.75774226
355.42007992 344.55594406
360.81468531 339.61088911
359.91558442 344.55594406
358.56693307 341.40909091
363.96153846 341.85864136
303.94655345 392.20829171
353.39710290 353.99650350
360.58991009 356.24425574
363.28721279 352.19830170
359.69080919 349.05144855
369.58091908 352.64785215
370.48001998 359.39110889
378.57192807 355.79470529
380.81968032 350.84965035
375.42507493 347.25324675
369.58091908 345.00549451
369.58091908 340.50999001
372.27822178 341.40909091
375.42507493 345.00549451
377.67282717 340.50999001
380.81968032 344.10639361
384.41608392 340.50999001
384.86563437 346.35414585
388.46203796 345.00549451
392.95754246 343.65684316
398.80169830 339.61088911
392.05844156 338.26223776
386.66383616 339.16133866
397.45304695 349.95054945
393.40709291 354.89560440
393.40709291 362.53796204
392.50799201 370.18031968
405.99450549 360.29020979
401.04945055 352.19830170
406.89360639 352.19830170
405.54495504 347.70279720
407.34315684 343.20729271
410.93956044 339.16133866
412.28821179 346.35414585
416.78371628 347.70279720
417.68281718 354.44605395
412.73776224 355.34515485
424.87562438 351.74875125
429.37112887 356.24425574
433.41708292 349.50099900
430.27022977 344.10639361
423.97652348 341.85864136
419.48101898 343.65684316
419.03146853 340.06043956
436.56393606 345.00549451
437.91258741 339.16133866
446.90359640 340.50999001
441.50899101 346.35414585
439.26123876 349.05144855
438.36213786 354.89560440
432.96753247 357.59290709
446.90359640 362.98751249
442.40809191 356.69380619
446.90359640 354.44605395
448.70179820 348.60189810
452.74775225 352.19830170
455.44505495 360.73976024
454.54595405 368.83166833
449.15134865 358.04245754
459.49100899 354.44605395
462.63786214 353.99650350
459.94055944 345.90459540
454.54595405 349.95054945
451.39910090 345.00549451
456.79370629 342.30819181
466.68381618 340.95954046
463.98651349 342.75774226
468.48201798 347.70279720
464.43606394 349.95054945
468.48201798 344.55594406
474.77572428 340.95954046
479.27122877 341.85864136
477.92257742 346.35414585
472.97752248 350.40009990
470.72977023 357.59290709
472.97752248 365.68481518
479.72077922 361.63886114
481.51898102 354.44605395
483.76673327 348.60189810
485.11538462 343.65684316
489.16133866 344.10639361
488.71178821 349.05144855
492.75774226 344.55594406
499.05144855 346.35414585
494.10639361 348.15234765
493.20729271 354.44605395
488.71178821 351.74875125
484.21628372 361.18931069
482.86763237 372.42807193
497.70279720 363.43706294
467.58291708 387.71278721
484.21628372 382.76773227
504.89560440 394.45604396
496.80369630 395.80469530
505.34515485 383.66683317
522.87762238 377.37312687
514.78571429 368.83166833
509.84065934 359.39110889
502.64785215 358.04245754
495.00549451 359.39110889
499.05144855 354.89560440
501.29920080 348.15234765
496.80369630 351.29920080
500.84965035 342.75774226
506.69380619 346.35414585
509.39110889 345.90459540
506.24425574 351.29920080
502.64785215 354.44605395
509.84065934 354.44605395
512.08841159 351.74875125
513.88661339 346.80369630
520.62987013 343.65684316
520.62987013 351.29920080
517.93256743 346.80369630
529.62087912 346.80369630
529.62087912 351.74875125
526.92357642 358.49200799
532.31818182 363.88661339
519.73076923 362.53796204
513.88661339 358.94155844
540.41008991 375.12537463
547.60289710 377.82267732
546.25424575 368.38211788
544.00649351 372.42807193
537.71278721 368.83166833
537.71278721 362.53796204
534.56593407 356.69380619
539.96053946 349.95054945
535.91458541 344.10639361
534.56593407 348.15234765
535.01548452 350.40009990
526.47402597 342.30819181
531.86863137 343.20729271
540.85964036 343.65684316
545.35514486 345.00549451
545.80469530 348.60189810
544.90559441 350.84965035
543.55694306 354.89560440
546.70379620 358.94155844
550.30019980 352.19830170
551.64885115 347.70279720
551.19930070 344.10639361
556.59390609 344.55594406
557.49300699 349.05144855
552.99750250 355.79470529
555.69480519 357.14335664
558.39210789 359.84065934
556.14435564 365.23526474
553.44705295 362.08841159
557.04345654 373.32717283
562.88761239 368.38211788
556.59390609 386.81368631
579.97052947 375.12537463
569.63086913 371.97852148
572.32817183 364.33616384
567.83266733 359.84065934
564.68581419 353.99650350
564.23626374 349.50099900
565.13536464 342.30819181
570.52997003 343.20729271
570.08041958 347.25324675
570.08041958 355.34515485
575.47502498 358.49200799
575.92457542 353.54695305
575.92457542 347.70279720
581.76873127 345.45504496
581.31918082 352.19830170
581.31918082 356.24425574
580.42007992 363.43706294
588.06243756 358.94155844
586.26423576 353.09740260
585.81468531 345.45504496
591.20929071 345.00549451
593.90659341 341.85864136
598.85164835 343.20729271
596.60389610 346.80369630
590.75974026 349.05144855
592.10839161 351.29920080
595.25524476 349.95054945
598.40209790 356.69380619
594.80569431 360.73976024
596.15434565 370.18031968
598.85164835 378.72177822
603.79670330 371.07942058
599.75074925 365.68481518
584.01648352 371.52897103
576.82367632 370.62987013
606.49400599 344.10639361
604.69580420 346.80369630
602.44805195 353.09740260
605.14535465 356.69380619
610.98951049 349.95054945
613.23726274 345.45504496
614.13636364 352.64785215
610.09040959 357.59290709
611.88861139 361.18931069
614.58591409 356.69380619
620.43006993 354.44605395
619.08141858 346.35414585
624.92557443 346.35414585
623.12737263 351.29920080
623.12737263 356.69380619
628.07242757 353.99650350
628.97152847 347.70279720
631.21928072 357.14335664
624.47602398 362.98751249
614.13636364 362.53796204
613.68681319 369.28121878
621.77872128 371.07942058
630.32017982 374.67582418
634.81568432 379.17132867
638.86163836 367.93256743
632.56793207 366.13436563
639.76073926 361.18931069
641.55894106 356.24425574
634.81568432 351.29920080
639.31118881 347.70279720
637.06343656 353.54695305
642.45804196 352.64785215
645.60489510 346.35414585
652.79770230 347.25324675
650.54995005 351.74875125
646.05444555 358.04245754
646.95354645 366.13436563
654.14635365 360.73976024
655.49500500 355.34515485
659.54095904 351.74875125
657.29320679 347.70279720
664.93556444 350.40009990
670.77972028 350.40009990
665.38511489 356.24425574
660.88961039 359.84065934
659.09140859 365.68481518
654.59590410 368.38211788
646.95354645 368.38211788
646.95354645 374.67582418
646.05444555 383.21728272
653.24725275 385.01548452
663.13736264 376.92357642
666.73376623 367.93256743
666.73376623 360.73976024
671.67882118 357.59290709
671.67882118 362.08841159
672.57792208 370.62987013
676.17432567 367.48301698
678.42207792 360.29020979
680.66983017 355.79470529
680.66983017 351.74875125
676.62387612 353.54695305
686.96353646 351.74875125
686.51398601 357.14335664
692.35814186 350.84965035
696.40409590 352.64785215
691.45904096 357.59290709
691.90859141 353.54695305
695.05544456 359.84065934
689.66083916 364.78571429
680.66983017 364.78571429
683.81668332 373.32717283
691.45904096 376.92357642
687.41308691 386.36413586
686.51398601 401.19930070
695.95454545 403.44705295
690.11038961 393.10739261
699.55094905 372.42807193
695.95454545 367.93256743
700.45004995 364.33616384
704.94555445 359.39110889
701.79870130 351.29920080
701.79870130 358.94155844
704.94555445 353.09740260
710.34015984 350.84965035
716.18431568 350.84965035
713.93656344 354.89560440
710.78971029 360.73976024
705.84465534 367.03346653
707.64285714 371.52897103
716.18431568 370.18031968
713.48701299 365.68481518
709.89060939 363.88661339
718.88161838 361.63886114
720.67982018 355.79470529
724.72577423 351.74875125
730.56993007 351.74875125
729.22127872 358.94155844
726.07442557 362.53796204
717.98251748 371.52897103
723.82667333 371.07942058
727.87262737 367.03346653
729.67082917 364.33616384
735.96453546 360.29020979
739.11138861 355.34515485
739.11138861 352.19830170
735.06543457 353.54695305
746.30419580 355.34515485
744.05644356 358.04245754
739.56093906 361.63886114
736.41408591 367.48301698
733.26723277 371.97852148
730.56993007 394.00649351
744.95554446 380.96953047
743.15734266 375.12537463
747.20329670 368.83166833
752.14835165 364.33616384
754.84565435 359.39110889
754.84565435 354.89560440
762.93756244 358.04245754
766.98351648 359.84065934
764.73576424 364.78571429
762.48801199 371.52897103
757.09340659 372.42807193
757.99250749 367.03346653
751.24925075 370.18031968
746.75374625 364.78571429
740.46003996 369.73076923
756.19430569 381.86863137
768.33216783 389.51098901
864.98551449 366.58391608
872.17832168 363.43706294
878.47202797 367.48301698
874.42607393 369.28121878
871.72877123 375.12537463
886.11438561 372.87762238
869.03146853 390.85964036
862.73776224 396.70379620
850.59990010 395.35514486
860.04045954 388.16233766
856.89360639 390.85964036
827.67282717 384.11638362
820.92957043 379.62087912
