222.54460980 472.86475499
6.63269208 709.19046582
64.82506957 694.96566243
83.57594676 695.61224440
166.98502117 703.37122807
242.63511192 707.89730188
24.73698730 704.01781004
16.97800363 709.19046582
206.42652148 707.89730188
280.78344828 705.95755596
307.29330913 703.37122807
351.26088324 698.84515426
379.06390805 703.37122807
409.45326074 704.66439201
453.42083485 705.95755596
489.62942529 695.61224440
492.21575318 652.93783424
455.36058076 678.15453116
467.64563823 632.24721113
432.73021174 650.35150635
410.09984271 628.36771930
415.91908046 671.04212946
371.30492438 678.15453116
366.13226860 638.06644888
343.50189958 656.17074410
310.52621900 634.18695705
282.07661222 632.24721113
277.55053842 611.55658802
274.96421053 662.63656382
193.49488203 671.04212946
161.81236540 676.21478524
132.71617665 639.35961283
181.85640653 614.78949788
214.83208711 634.83353902
97.15416818 637.41986691
8.57243799 656.17074410
28.61647913 633.54037508
50.60026618 638.71303085
53.18659407 621.25531760
90.04176649 609.61684211
15.03825771 596.03862069
33.14255293 594.74545675
29.26306110 575.34799758
62.23874168 581.16723533
102.97340593 591.51254688
134.00934059 592.80571083
146.29439806 608.32367816
210.95259528 599.27153055
269.79155475 592.15912886
306.00014519 597.97836661
333.15658802 601.85785844
393.28871143 594.74545675
420.44515426 582.46039927
439.84261343 627.72113733
460.53323654 606.38393224
492.21575318 612.84975197
489.62942529 586.98647308
461.82640048 579.87407139
435.96312160 564.35610405
470.23196612 564.35610405
498.03499093 554.01079250
498.03499093 529.44067756
449.54134301 526.85434967
419.15199032 550.77788264
406.86693285 535.90649728
377.77074410 563.06294011
387.46947368 520.38852995
350.61430127 522.97485783
351.26088324 563.06294011
322.81127647 573.40825166
311.17280097 538.49282517
276.90395644 518.44878403
266.55864489 559.83003025
240.69536600 583.75356322
222.59107078 567.58901391
247.16118572 556.59712039
233.58296431 540.43257108
234.87612825 508.10347247
161.81236540 549.48471869
146.29439806 546.89839080
187.67564428 568.88217786
93.92125832 539.13940714
1.46003630 493.23208711
2.75320024 458.31666062
55.12633999 469.30855414
57.06608590 438.91920145
73.87721718 432.45338173
103.61998790 431.16021779
119.13795523 442.79869328
128.19010284 418.87516031
163.10552934 413.05592257
164.39869328 452.49742287
194.14146400 464.78248034
185.08931639 431.16021779
232.93638234 422.75465215
212.89234120 449.91109498
309.23305505 462.84273442
311.81938294 440.21236540
346.08822747 442.15211131
331.86342408 427.28072595
371.95150635 440.85894737
328.63051422 472.54146400
399.10794918 462.84273442
413.97933454 495.17183303
460.53323654 503.57739867
499.97473684 502.28423472
503.85422868 433.09996370
482.51702359 426.63414398
448.89476104 440.21236540
418.50540835 447.32476709
430.79046582 431.16021779
484.45676951 386.54606171
459.88665457 413.70250454
437.90286751 411.76275862
404.28060496 423.40123412
383.58998185 435.68629159
382.29681791 408.52984876
402.98744102 378.78707804
367.42543255 398.18453721
360.31303085 417.58199637
319.57836661 413.70250454
329.92367816 398.18453721
345.44164549 390.42555354
332.51000605 378.78707804
315.05229280 369.73493043
291.12875983 393.01188143
267.85180883 405.94352087
245.22143981 387.83922565
216.77183303 392.36529946
203.84019359 384.60631579
226.47056261 374.26100423
185.73589837 408.52984876
173.45084090 391.07213551
198.66753781 372.32125832
175.39058681 372.96784029
170.21793103 361.97594676
154.05338173 367.79518451
124.95719298 378.78707804
100.38707804 388.48580762
100.38707804 365.20885662
123.01744707 404.00377495
51.89343013 418.87516031
71.93747126 418.22857834
75.17038113 405.94352087
67.41139746 386.54606171
47.36735632 383.95973382
44.78102843 369.73493043
11.80534785 363.26911071
25.38356927 389.13238959
9.21901996 391.07213551
14.39167574 433.74654567
513.50649728 701.26983666
562.64672716 694.80401694
594.65253479 697.06705384
633.77074410 695.12730792
603.38139141 656.65568058
630.21454325 675.08326679
540.33964912 638.87467635
577.84140351 636.93493043
609.52392015 629.49923775
621.48568663 600.07975802
583.33735027 599.10988506
559.41381730 619.80050817
521.26548094 577.44938899
556.18090744 596.84684815
546.15888687 566.78078645
561.03027223 576.47951603
611.14037508 563.87116757
622.13226860 544.79699940
560.06039927 544.79699940
700.04539625 682.35731397
709.09754386 636.44999395
665.45326074 586.98647308
688.73021174 588.27963702
770.84612220 696.58211736
792.82990926 670.07225650
808.67116757 671.68871143
767.28992136 608.00038717
781.83801573 615.75937084
805.76154870 594.09887477
792.50661827 562.09306715
748.21575318 555.30395644
744.33626134 582.46039927
771.81599516 573.40825166
710.39070780 575.67128857
685.17401089 569.85205082
651.55174834 559.18344828
691.96312160 544.31206292
692.28641258 543.98877193
856.79506352 640.65277677
909.49149425 672.33529341
950.22615850 702.40135511
959.92488808 676.21478524
848.38949788 606.70722323
844.83329704 582.78369026
877.80897762 566.61914096
898.82289171 557.56699335
928.88895342 551.42446461
944.73021174 574.70141561
970.59349062 562.41635814
978.35247429 589.57280097
910.46136721 598.62494858
929.53553539 626.42797338
972.20994555 642.91581367
887.18441621 647.44188748
857.11835451 548.83813672
1010.01176044 689.63136116
1001.92948578 636.93493043
1019.06390805 629.82252874
1019.38719903 607.51545070
996.11024803 553.20256503
522.55864489 525.88447671
541.30952208 523.62143981
545.83559589 511.01309135
555.85761645 500.34448881
537.43003025 448.94122202
580.42773140 463.16602541
589.80316999 434.39312765
609.20062916 479.00728373
622.45555959 503.25410768
597.88544465 516.83232910
614.04999395 527.50093164
584.63051422 531.38042347
647.34896552 511.65967332
654.13807623 479.00728373
656.40111313 453.14400484
675.15199032 469.30855414
669.97933454 493.87866909
686.14388385 516.50903811
727.52513007 533.96675136
754.03499093 531.70371446
776.98865094 533.96675136
796.70940109 534.61333333
822.57267998 527.17764065
853.60861464 510.36650938
827.09875378 484.82652148
785.71750756 465.10577132
819.01647913 451.52754991
852.63874168 454.11387780
863.95392619 458.31666062
864.60050817 479.97715668
717.17981851 439.56578342
736.90056866 502.60752571
764.05701149 467.36880823
906.23535390 526.53105868
922.07661222 542.69560799
956.34545675 523.94473079
998.37328494 526.20776770
1015.83099819 524.91460375
983.50189958 511.33638234
972.83329704 503.90068966
934.36166969 517.47891107
897.50649728 486.44297641
920.78344828 476.74424682
926.92597701 492.90879613
987.05810042 433.42325469
1012.59808832 451.52754991
998.04999395 416.93541440
1010.65834241 410.79288566
942.12065336 430.83692680
961.19482154 397.86124622
937.27128857 399.80099214
919.49028433 397.86124622
901.70928010 395.27491833
896.85991531 410.14630369
879.07891107 404.32706594
854.18550514 409.82301270
847.07310345 430.51363581
806.33843920 423.72452511
826.05918935 428.57388990
915.28750151 411.11617665
988.35126437 403.35719298
988.02797338 373.61442226
1003.22264973 362.62252874
1021.32694495 421.13819722
1021.00365396 373.93771325
1022.29681791 350.98405324
1008.07201452 355.51012704
997.40341198 344.51823351
987.38139141 353.89367211
1001.28290381 327.70710224
948.26318209 381.37340593
957.63862069 378.46378705
952.78925590 366.50202057
925.30952208 360.35949183
919.49028433 370.38151240
904.94218996 373.93771325
934.36166969 372.64454930
877.46245614 368.11847550
898.15307925 359.06632789
869.05689050 358.09645493
863.23765275 358.09645493
861.94448881 391.07213551
844.81006655 391.07213551
823.47286146 413.05592257
791.14376286 393.65846340
808.27818512 376.52404114
813.12754991 367.14860254
827.35235330 370.05822142
837.05108288 356.80329099
822.82627949 345.16481549
846.74981246 347.42785239
865.17739867 343.87165154
2.12984876 340.96203267
10.53541440 336.43595886
18.94098004 319.30153660
11.50528736 316.39191773
8.57243799 294.40813067
25.38356927 305.40002420
16.33142166 300.87395039
36.37546279 300.87395039
52.54001210 300.87395039
74.54702964 366.50202057
38.33843920 311.86584392
28.96300060 319.62482759
66.14146400 316.06862674
52.23995160 313.48229885
75.51690260 318.33166364
69.69766485 298.93420448
76.16348457 304.43015124
39.95489413 288.91218391
55.47286146 338.05241379
43.18780399 347.75114338
130.15307925 351.30734422
147.28750151 350.98405324
173.15078040 352.27721718
160.86572293 345.48810647
102.35005445 319.62482759
98.79385360 311.21926195
101.70347247 305.07673321
97.82398064 297.64104053
108.81587417 298.93420448
114.95840290 305.72331518
119.16118572 317.03849970
129.82978826 322.85773745
123.36396854 302.16711434
130.79966122 306.36989716
138.88193587 307.98635209
142.43813672 309.27951603
150.52041137 321.56457350
32.51920145 286.97243799
30.57945554 276.62712644
36.39869328 267.89826981
47.39058681 262.72561404
36.72198427 254.64333938
17.97110708 257.22966727
46.72077435 273.07092559
56.11944344 293.43825771
47.71387780 279.53674531
55.79615245 269.19143376
112.69536600 286.64914701
118.51460375 276.62712644
119.80776770 271.13117967
116.89814882 264.66535995
123.04067756 264.66535995
128.21333333 262.40232305
126.25035693 293.76154870
132.06959468 280.18332728
145.00123412 296.34787659
147.58756201 287.29572898
234.87612825 357.12658197
236.81587417 347.42785239
223.23765275 342.90177858
210.30601331 357.12658197
199.96070175 342.90177858
213.86221416 329.32355717
191.23184513 328.03039322
209.33614035 315.42204477
196.08120992 312.18913491
199.96070175 303.13698730
203.51690260 307.66306110
212.56905021 304.43015124
220.97461585 301.19724138
221.29790684 316.71520871
238.43232910 323.18102843
248.13105868 310.57267998
237.13916515 301.19724138
250.07080460 294.40813067
261.38598911 310.24938899
267.85180883 322.21115547
277.22724743 318.00837266
276.25737447 328.35368421
273.67104658 346.13468845
272.37788264 356.15670901
263.32573503 338.37570478
252.65713249 342.25519661
263.64902601 368.11847550
275.61079250 378.78707804
303.09052632 358.41974592
285.30952208 358.09645493
284.33964912 350.01418028
281.10673926 338.37570478
313.43583787 343.87165154
180.23995160 309.60280702
180.88653358 298.28762250
171.51109498 290.20534785
169.24805808 298.93420448
164.72198427 292.79167574
176.36045977 283.73952813
177.00704174 275.65725348
195.11133696 277.92029038
455.31411978 361.65265578
478.59107078 337.08254083
718.47298246 375.87745917
730.11145796 376.52404114
752.74182698 362.94581972
737.22385965 357.77316394
723.64563823 337.72912281
701.66185118 317.68508167
670.62591652 320.27140956
644.11605566 318.33166364
661.57376891 330.61672111
589.80316999 324.15090139
547.12875983 335.14279492
492.81587417 336.43595886
499.92827586 313.80558984
522.55864489 303.46027828
535.49028433 312.51242589
542.60268603 300.22736842
549.06850575 313.15900786
557.47407139 292.46838475
776.66535995 385.57618875
791.53674531 371.99796733
793.47649123 344.19494253
812.87395039 341.60861464
761.14739262 338.37570478
761.14739262 326.09064731
749.50891712 322.21115547
737.87044162 317.03849970
727.52513007 321.56457350
760.50081065 306.04660617
748.21575318 302.16711434
785.07092559 337.72912281
785.07092559 313.15900786
799.29572898 306.04660617
818.04660617 309.92609800
824.51242589 298.93420448
820.63293406 282.76965517
786.36408953 276.95041742
735.93069570 269.19143376
765.67346642 269.19143376
769.55295826 292.46838475
773.75574108 285.35598306
796.38611010 283.41623714
809.31774955 279.86003630
832.91799153 265.31194192
835.18102843 280.82990926
849.08254083 279.53674531
842.61672111 270.48459770
833.88786449 296.99445856
796.38611010 327.38381125
809.31774955 327.38381125
821.60280702 331.90988506
820.63293406 323.50431942
873.32936479 325.12077435
856.84152450 318.97824561
830.33166364 307.01647913
784.10105263 301.52053237
762.44055656 275.33396249
731.40462190 295.05471264
721.05931034 307.66306110
684.15767695 338.37570478
694.50298851 340.31545070
373.84479129 378.46378705
376.43111918 366.17872958
406.17388990 357.77316394
407.46705384 344.19494253
426.86451301 366.82531155
355.74049607 363.59240169
338.92936479 361.65265578
349.92125832 346.78127042
338.92936479 319.62482759
351.86100423 319.62482759
357.03366001 319.62482759
363.49947973 328.67697520
377.72428312 333.84963097
377.07770115 323.50431942
382.89693890 313.15900786
393.24225045 306.04660617
406.82047187 310.57267998
450.78804598 306.04660617
470.18550514 310.57267998
469.53892317 281.47649123
460.48677556 288.58889292
467.59917725 300.87395039
443.67564428 296.34787659
425.57134906 289.23547489
425.57134906 322.21115547
415.87261948 303.46027828
430.74400484 300.87395039
274.91774955 309.92609800
271.03825771 300.55065941
273.94787659 292.46838475
286.23293406 293.76154870
297.22482759 300.55065941
309.18659407 298.93420448
323.41139746 312.51242589
329.55392619 303.13698730
340.86911071 299.58078645
347.33493043 294.08483969
354.44733212 292.79167574
366.08580762 290.20534785
367.37897157 284.06281912
370.61188143 290.20534785
363.49947973 301.52053237
355.74049607 307.33977011
344.10202057 318.00837266
947.29330913 326.09064731
970.57026013 326.41393829
986.41151845 307.33977011
995.78695705 317.03849970
1002.25277677 311.21926195
1004.51581367 301.52053237
1020.68036298 300.22736842
1014.21454325 291.49851180
1016.80087114 285.67927405
1021.65023593 292.46838475
1022.29681791 278.24358137
1017.77074410 272.42434362
999.34315789 299.58078645
998.39651543 289.88205687
989.99094979 280.82990926
1004.86233515 258.84612220
1013.26790079 257.55295826
978.35247429 296.34787659
978.35247429 290.52863884
973.82640048 285.35598306
952.48919540 285.35598306
955.72210526 276.30383545
945.37679371 296.99445856
938.91097399 287.29572898
936.32464610 280.18332728
919.51351482 283.41623714
927.91908046 278.24358137
960.89476104 313.80558984
951.84261343 310.57267998
951.19603146 303.46027828
955.72210526 291.82180278
964.12767090 298.28762250
970.59349062 302.16711434
1014.53783424 316.39191773
1015.83099819 309.27951603
987.05810042 269.19143376
963.45785844 284.38611010
977.03607985 300.87395039
967.01405929 311.54255293
135.94908651 267.57497883
143.06148820 263.04890502
145.97110708 264.01877798
198.66753781 267.57497883
198.99082880 260.78586812
207.71968542 258.52283122
220.97461585 257.22966727
190.26197217 255.61321234
188.64551724 261.10915910
182.82627949 266.60510587
162.13565638 260.13928615
162.45894737 265.31194192
156.31641863 269.83801573
249.42422263 275.65725348
246.51460375 269.83801573
263.97231700 273.07092559
403.63402299 287.29572898
386.82289171 288.58889292
392.64212946 276.30383545
417.85882638 276.30383545
423.67806413 275.01067151
489.62942529 304.75344223
496.09524501 294.40813067
498.03499093 283.41623714
502.56106473 283.41623714
496.09524501 279.53674531
498.68157290 279.53674531
492.86233515 276.30383545
495.44866304 271.77776165
498.68157290 264.66535995
503.20764670 251.73372051
499.97473684 245.26790079
491.56917120 254.32004840
503.85422868 229.10335148
505.14739262 223.93069570
507.73372051 214.87854809
507.73372051 207.76614640
501.26790079 210.99905626
503.20764670 220.05120387
494.15549909 227.16360557
470.23196612 223.28411373
461.17981851 221.34436782
457.30032668 230.39651543
456.65374471 223.28411373
445.01526921 223.28411373
430.79046582 224.57727768
426.26439201 214.87854809
426.91097399 223.93069570
415.91908046 225.87044162
417.85882638 230.39651543
412.03958863 229.10335148
410.09984271 220.05120387
414.62591652 220.05120387
405.57376891 221.99094979
401.69427707 227.81018754
437.90286751 257.55295826
441.78235935 249.14739262
427.55755596 257.55295826
421.09173624 256.25979431
415.27249849 256.25979431
410.74642468 251.08713854
406.86693285 255.61321234
419.15199032 260.13928615
424.32464610 262.72561404
410.09984271 267.25168784
409.45326074 278.24358137
441.13577737 291.17522081
438.54944949 286.64914701
446.30843315 276.30383545
445.01526921 272.42434362
439.19603146 273.71750756
436.60970357 277.59699940
393.28871143 264.66535995
399.75453116 260.78586812
400.40111313 253.67346642
388.11605566 223.93069570
382.29681791 223.28411373
364.19252269 258.84612220
362.89935874 244.62131881
355.14037508 244.62131881
349.32113733 248.50081065
334.44975197 247.20764670
347.38139141 233.62942529
354.49379310 233.62942529
360.95961283 236.21575318
365.48568663 236.21575318
307.93989111 224.57727768
293.71508772 221.99094979
302.76723533 218.75803993
292.42192377 230.39651543
295.65483364 243.97473684
302.76723533 238.15549909
303.41381730 243.97473684
309.23305505 246.56106473
315.05229280 246.56106473
302.12065336 254.32004840
309.23305505 254.32004840
318.93178463 255.61321234
322.81127647 251.08713854
329.92367816 253.67346642
338.97582577 257.55295826
326.69076830 258.84612220
327.98393224 267.25168784
323.45785844 271.77776165
335.09633394 273.71750756
342.20873563 266.60510587
346.08822747 269.83801573
351.26088324 262.72561404
351.26088324 257.55295826
655.75453116 300.87395039
677.73831821 290.52863884
688.08362976 290.52863884
660.92718693 290.52863884
649.28871143 278.89016334
638.94339988 278.89016334
641.52972777 285.35598306
638.94339988 296.99445856
616.95961283 281.47649123
606.61430127 277.59699940
597.56215366 286.64914701
587.21684211 286.64914701
576.87153055 295.70129462
570.40571083 286.64914701
580.75102238 278.89016334
548.42192377 272.42434362
544.54243194 278.89016334
516.09282517 290.52863884
523.85180883 286.64914701
534.19712039 286.64914701
530.31762855 295.70129462
276.85749546 243.97473684
390.65592257 241.38840895
422.98502117 242.68157290
407.46705384 240.09524501
236.76941319 259.49270417
328.58405324 286.64914701
314.35924985 286.64914701
246.51460375 245.26790079
642.82289171 413.37921355
735.22232434 430.13434565
751.58995671 421.95052947
764.88865801 422.97350649
251.35419247 253.15932068
252.37716950 262.36611389
258.51503164 259.29718282
262.60693973 247.02145854
268.74480186 233.72275724
279.99754912 266.45802198
275.90564103 259.29718282
290.22731935 277.71076923
325.00853813 231.67680320
19.13840826 287.94053946
4.81672994 265.43504496
703.51003663 299.19328671
564.38516151 276.68779221
923.45009657 338.06641359
906.05948718 345.22725275
969.48406260 376.93954046
714.76278388 418.88159840
519.37417249 234.74573427
523.46608059 238.83764236
