63.09780908 457.71439750
7.01017214 444.69405321
32.04929577 397.62050078
71.11032864 399.62363067
86.13380282 437.68309859
130.20266041 434.67840376
144.22456964 474.74100156
47.07276995 572.89436620
79.12284820 594.92879499
293.45774648 558.87245696
270.42175274 601.93974961
401.62676056 544.85054773
348.54381847 513.80203443
263.41079812 465.72691706
281.43896714 466.72848200
292.45618153 429.67057903
221.34507042 420.65649452
162.25273865 422.65962441
519.81142410 564.88184664
585.91471049 525.82081377
507.79264476 435.67996870
355.55477308 453.70813772
427.66744914 455.71126761
395.61737089 425.66431925
431.67370892 415.64866980
384.60015649 397.62050078
343.53599374 411.64241002
307.47965571 372.58137715
295.46087637 379.59233177
273.42644757 380.59389671
250.39045383 381.59546166
232.36228482 371.57981221
221.34507042 371.57981221
205.32003130 383.59859155
177.27621283 401.62676056
161.25117371 392.61267606
179.27934272 362.56572770
201.31377152 357.55790297
216.33724570 355.55477308
214.33411581 336.52503912
144.22456964 359.56103286
112.17449139 378.59076682
100.15571205 381.59546166
78.12128326 380.59389671
71.11032864 358.55946792
43.06651017 358.55946792
3.00391236 386.60328638
21.03208138 351.54851330
25.03834116 327.51095462
7.01017214 303.47339593
39.06025039 304.47496088
33.05086072 295.46087637
21.03208138 281.43896714
13.01956182 264.41236307
28.04303599 257.40140845
4.00547731 278.43427230
13.01956182 232.36228482
33.05086072 195.30438185
20.03051643 176.27464789
22.03364632 161.25117371
36.05555556 161.25117371
27.04147105 158.24647887
5.00704225 165.25743349
7.01017214 142.22143975
26.03990610 131.20422535
45.06964006 116.18075117
27.04147105 79.12284820
12.01799687 77.11971831
6.00860720 95.14788732
37.05712050 60.09311424
47.07276995 57.08841941
55.08528951 57.08841941
80.12441315 105.16353678
73.11345853 88.13693271
40.06181534 46.07120501
41.06338028 32.04929577
21.03208138 43.06651017
9.01330203 60.09311424
13.01956182 42.06494523
19.02895149 30.04616588
27.04147105 28.04303599
66.10250391 39.06025039
75.11658842 32.04929577
87.13536776 37.05712050
89.13849765 50.07746479
99.15414710 46.07120501
104.16197183 36.05555556
59.09154930 140.21830986
77.11971831 134.20892019
108.16823161 127.19796557
78.12128326 155.24178404
62.84741784 274.42801252
78.37167449 292.45618153
86.88497653 305.97730829
107.41705790 295.46087637
83.37949922 316.49374022
79.87402191 345.03834116
63.84898279 333.01956182
104.91314554 362.56572770
133.45774648 347.54225352
135.96165884 313.98982786
159.49843505 333.01956182
158.99765258 354.05242567
140.96948357 303.47339593
161.50156495 291.95539906
173.52034429 304.97574335
143.97417840 275.93035994
128.44992175 266.41549296
105.41392801 277.93348983
86.88497653 270.92253521
83.88028169 255.89906103
48.32472613 257.90219092
59.84272300 257.40140845
56.33724570 234.86619718
46.82237872 237.37010955
34.30281690 217.33881064
55.33568075 219.34194053
80.87558685 208.82550861
75.86776213 194.30281690
62.84741784 179.78012520
78.37167449 178.27777778
89.88967136 177.27621283
96.39984351 90.64084507
103.91158059 101.15727700
122.94131455 88.63771518
119.43583725 76.61893584
120.93818466 106.16510172
109.42018779 111.67370892
140.96948357 111.67370892
143.47339593 126.69718310
129.45148670 137.21361502
127.44835681 153.73943662
104.91314554 158.74726135
145.47652582 163.25430360
133.45774648 170.26525822
133.95852895 186.29029734
118.43427230 201.81455399
110.42175274 224.34976526
106.41549296 245.38262911
149.48278560 199.31064163
155.99295775 189.79577465
180.03051643 175.27308294
178.52816901 157.74569640
193.05086072 146.72848200
183.03521127 190.79733959
173.52034429 198.30907668
161.50156495 206.82237872
166.50938967 224.34976526
159.49843505 220.84428795
173.52034429 229.35758998
192.04929577 224.34976526
178.52816901 245.38262911
165.50782473 260.40610329
198.05868545 268.41862285
208.07433490 309.98356808
194.05242567 298.96635368
237.62050078 335.02269171
255.64866980 308.48122066
289.20109546 347.04147105
314.24021909 339.52973396
297.71439750 317.49530516
302.72222222 304.47496088
282.19014085 318.99765258
273.17605634 295.96165884
263.66118936 285.94600939
239.62363067 290.45305164
252.64397496 284.94444444
229.60798122 271.92410016
227.10406886 250.39045383
208.57511737 244.38106416
215.58607199 228.85680751
218.59076682 215.33568075
253.14475743 238.37167449
246.13380282 227.85524257
297.71439750 238.37167449
276.68153365 255.89906103
265.16353678 261.40766823
248.13693271 264.41236307
250.64084507 248.88810642
315.74256651 275.42957746
288.19953052 268.41862285
285.19483568 285.44522692
301.21987480 225.35133020
302.72222222 215.83646322
291.70500782 204.81924883
286.69718310 190.79733959
268.16823161 190.79733959
252.64397496 198.30907668
249.13849765 179.78012520
217.08841941 192.29968701
212.08059468 163.25430360
230.60954617 134.70970266
215.08528951 106.16510172
192.55007825 91.14162754
170.01486698 97.65179969
161.50156495 81.62676056
187.04147105 117.18231612
257.65179969 132.70657277
269.67057903 147.22926448
282.19014085 159.74882629
252.64397496 170.26525822
296.71283255 171.26682316
291.70500782 179.78012520
280.68779343 246.88497653
308.73161189 154.74100156
299.71752739 144.72535211
307.73004695 129.20109546
302.22143975 109.67057903
289.20109546 122.19014085
317.24491393 103.16040689
303.22300469 92.14319249
284.69405321 82.62832551
266.66588419 94.14632238
271.67370892 109.67057903
257.65179969 106.16510172
250.64084507 76.61893584
241.62676056 76.61893584
275.17918623 74.61580595
295.21048513 76.61893584
305.72691706 73.61424100
317.74569640 84.13067293
121.43896714 245.38262911
48.82550861 294.45931142
193.55164319 56.33724570
187.04147105 31.79890454
174.02112676 27.29186228
172.01799687 16.77543036
198.05868545 16.77543036
190.04616588 17.77699531
214.08372457 29.29499218
217.58920188 49.32629108
231.61111111 37.30751174
220.59389671 21.78325509
232.61267606 59.34194053
236.61893584 54.83489828
251.64241002 60.84428795
273.67683881 64.34976526
283.19170579 52.83176839
293.70813772 52.83176839
293.70813772 41.31377152
298.21517997 37.30751174
309.73317684 42.31533646
315.74256651 39.81142410
315.74256651 65.35133020
307.73004695 29.29499218
312.73787167 18.27777778
300.71909233 15.27308294
284.69405321 10.76604069
265.66431925 25.28873239
271.17292645 35.30438185
276.68153365 39.81142410
280.68779343 30.29655712
288.19953052 29.29499218
295.21048513 21.28247261
239.62363067 12.76917058
255.64866980 10.76604069
126.44679186 30.79733959
114.42801252 44.81924883
112.92566510 56.33724570
104.91314554 68.85680751
126.94757433 70.85993740
144.47496088 63.34820031
135.46087637 45.82081377
145.97730829 77.37010955
168.01173709 69.85837246
169.51408451 58.34037559
161.50156495 52.83176839
159.49843505 28.79420970
152.48748044 23.78638498
142.97261346 23.28560250
133.95852895 24.78794992
134.45931142 17.77699531
113.42644757 35.30438185
57.83959311 17.77699531
151.98669797 12.76917058
414.14632238 396.11815336
408.63771518 372.58137715
369.57668232 378.59076682
374.08372457 366.57198748
354.55320814 346.03990610
320.50000000 321.50156495
337.52660407 309.98356808
321.00078247 293.95852895
299.96791862 281.93974961
296.96322379 259.90532081
323.00391236 281.93974961
337.02582160 255.39827856
326.50938967 244.38106416
343.03521127 228.35602504
327.01017214 230.85993740
359.56103286 248.38732394
371.57981221 242.37793427
362.06494523 233.36384977
382.09624413 249.38888889
400.62519562 231.86150235
396.11815336 263.41079812
402.12754304 254.39671362
419.15414710 250.89123631
425.66431925 240.87558685
435.17918623 245.88341158
454.20892019 237.37010955
470.23395931 230.35915493
456.21205008 223.84898279
494.77230047 221.84585290
495.77386541 238.87245696
480.24960876 271.42331768
495.77386541 269.42018779
503.78638498 257.90219092
467.73004695 274.92879499
453.20735524 256.39984351
464.72535211 260.40610329
445.19483568 273.92723005
426.16510172 267.41705790
414.14632238 270.42175274
398.62206573 284.44366197
365.57042254 289.45148670
363.06651017 266.91627543
367.07276995 254.39671362
338.02738654 287.94913928
372.08059468 310.48435055
383.09780908 294.96009390
409.63928013 309.48278560
419.65492958 305.47652582
459.71752739 293.95852895
483.25430360 288.44992175
498.27777778 296.46244131
471.23552426 306.47809077
493.77073552 331.01643192
461.21987480 319.49843505
438.68466354 330.01486698
423.16040689 327.01017214
438.68466354 360.06181534
434.67840376 344.53755869
475.74256651 351.54851330
466.22769953 379.59233177
485.75821596 384.60015649
508.79420970 358.05868545
327.51095462 356.55633803
601.68935837 397.11971831
561.12597809 373.58294210
530.57824726 378.59076682
521.56416275 390.10876369
518.05868545 332.51877934
529.07589984 318.99765258
524.06807512 287.44835681
532.08059468 276.93192488
531.57981221 262.40923318
540.59389671 255.89906103
551.61111111 276.93192488
562.12754304 290.45305164
544.60015649 298.96635368
556.61893584 311.48591549
574.14632238 312.48748044
580.15571205 279.93661972
597.18231612 287.44835681
596.18075117 274.42801252
622.72222222 258.90375587
606.19640063 246.38419405
620.21830986 233.36384977
637.74569640 243.37949922
561.12597809 255.89906103
541.09467919 254.39671362
528.07433490 246.88497653
514.55320814 235.86776213
611.20422535 364.56885759
624.72535211 359.06025039
569.63928013 349.04460094
586.66588419 336.02425665
567.13536776 323.00391236
593.17605634 311.48591549
612.70657277 310.48435055
607.69874804 299.96791862
618.21517997 290.95383412
632.23708920 288.44992175
321.00078247 197.80829421
337.02582160 206.32159624
303.97417840 183.78638498
321.50156495 177.27621283
343.53599374 158.24647887
344.03677621 147.22926448
335.02269171 131.70500782
359.56103286 126.69718310
389.60798122 142.22143975
396.61893584 140.21830986
386.60328638 129.70187793
403.62989045 120.68779343
372.08059468 106.66588419
343.53599374 117.18231612
360.06181534 161.75195618
366.57198748 177.77699531
355.55477308 183.78638498
329.51408451 186.29029734
375.58607199 208.32472613
346.03990610 215.33568075
417.15101721 216.33724570
408.13693271 198.30907668
398.12128326 199.31064163
401.12597809 175.27308294
430.67214397 182.78482003
445.69561815 198.30907668
456.21205008 208.32472613
466.22769953 194.30281690
457.21361502 171.76760563
475.74256651 215.33568075
510.29655712 168.76291080
504.28716745 156.24334898
503.78638498 140.21830986
502.28403756 134.70970266
474.24021909 150.73474178
469.73317684 140.21830986
445.69561815 147.73004695
439.68622848 134.20892019
432.17449139 129.70187793
427.66744914 124.19327074
439.18544601 161.75195618
430.67214397 162.25273865
376.58763693 156.74413146
346.03990610 100.65649452
326.00860720 117.68309859
310.48435055 117.68309859
330.51564945 70.10876369
346.03990610 63.59859155
323.50469484 56.08685446
327.51095462 40.06181534
335.02269171 40.06181534
343.53599374 47.07276995
355.55477308 45.57042254
354.05242567 57.58920188
360.06181534 56.58763693
375.58607199 77.11971831
368.07433490 75.11658842
365.06964006 89.63928013
401.62676056 86.13380282
397.11971831 61.09467919
386.10250391 49.07589984
392.61267606 47.07276995
386.10250391 37.55790297
423.66118936 46.07120501
435.67996870 70.10876369
452.70657277 63.09780908
444.69405321 49.57668232
424.66275430 95.14788732
445.69561815 105.16353678
454.70970266 100.65649452
464.22456964 115.67996870
473.73943662 110.67214397
488.26212833 121.18857590
494.77230047 112.17449139
522.31533646 105.66431925
515.30438185 96.65023474
505.28873239 85.13223787
513.80203443 76.11815336
493.26995305 74.11502347
509.29499218 67.10406886
493.77073552 61.09467919
519.31064163 49.07589984
497.27621283 51.57981221
490.76604069 50.57824726
521.31377152 42.06494523
475.24178404 52.58137715
467.22926448 43.56729264
469.23239437 65.60172144
466.72848200 77.11971831
520.31220657 199.31064163
489.76447574 201.81455399
366.07120501 63.09780908
405.13223787 105.66431925
481.25117371 92.14319249
582.65962441 256.90062598
595.67996870 224.34976526
597.18231612 209.32629108
619.71752739 199.31064163
630.73474178 202.31533646
626.22769953 173.26995305
618.21517997 173.77073552
636.74413146 163.25430360
606.19640063 174.77230047
598.18388106 176.77543036
587.66744914 180.78169014
575.14788732 193.30125196
564.63145540 187.29186228
517.55790297 199.81142410
509.04460094 169.76447574
537.58920188 171.26682316
539.59233177 157.24491393
539.09154930 138.71596244
559.62363067 151.73630673
571.14162754 161.25117371
563.62989045 135.21048513
582.15884194 129.20109546
592.17449139 142.22143975
602.19014085 157.24491393
593.67683881 161.25117371
629.73317684 143.22300469
632.73787167 128.19953052
619.21674491 113.17605634
636.74413146 108.16823161
636.74413146 90.64084507
613.70813772 108.16823161
601.18857590 112.17449139
577.65179969 108.66901408
562.12754304 113.67683881
555.11658842 116.68153365
536.58763693 117.18231612
536.58763693 98.15258216
529.07589984 85.63302034
529.57668232 64.60015649
549.10719875 85.13223787
544.60015649 80.12441315
566.63458529 64.60015649
558.62206573 97.65179969
576.14945227 83.62989045
599.18544601 69.60798122
622.22143975 65.10093897
602.69092332 96.14945227
500.53129890 192.29968701
552.86306729 230.35915493
572.89436620 244.38106416
631.73630673 42.81611894
613.70813772 45.82081377
603.69248826 41.31377152
610.20266041 30.29655712
592.17449139 36.30594679
582.65962441 40.81298905
586.66588419 49.32629108
563.12910798 40.81298905
550.10876369 38.80985915
538.59076682 52.83176839
537.58920188 35.30438185
531.07902973 29.29499218
549.10719875 23.28560250
532.08059468 14.77230047
495.02269171 26.79107981
492.01799687 35.80516432
479.49843505 22.28403756
474.49061033 31.79890454
465.97730829 21.78325509
442.44053208 33.80203443
432.42488263 24.78794992
418.40297340 13.26995305
405.38262911 16.77543036
405.38262911 27.29186228
387.35446009 23.28560250
372.33098592 15.27308294
364.81924883 31.79890454
357.30751174 30.29655712
341.28247261 25.78951487
341.78325509 16.27464789
324.75665102 18.77856025
335.27308294 87.38575900
514.55320814 32.29968701
495.02269171 15.27308294
478.99765258 15.27308294
461.47026604 10.76604069
561.12597809 12.76917058
571.14162754 28.29342723
566.63458529 20.28090767
593.67683881 21.78325509
631.23552426 13.26995305
585.16353678 10.76604069
614.20892019 14.27151800
599.68622848 12.76917058
623.22300469 13.26995305
256.90062598 354.05242567
288.95070423 393.11345853
297.96478873 410.14006260
396.11815336 354.05242567
151.73630673 296.46244131
461.47026604 397.62050078
464.97574335 428.66901408
377.83959311 335.52347418
532.58137715 345.03834116
173.01956182 387.10406886
293.70813772 329.51408451
436.93192488 303.97417840
442.94131455 256.39984351
341.28247261 189.79577465
613.70813772 252.89436620
529.07589984 240.87558685
392.36228482 306.97887324
21.31471748 9.54073587
40.23718791 4.07424442
51.59067017 5.33574244
49.06767411 13.32522996
72.19513798 7.85873850
91.11760841 6.59724047
115.92706965 6.17674113
127.70105125 4.07424442
138.63403417 7.43823916
143.68002628 13.32522996
157.55650460 5.75624179
144.94152431 3.23324573
178.58147175 10.38173456
194.13994744 3.23324573
197.92444152 7.43823916
209.27792378 16.68922470
212.22141919 4.07424442
230.72339028 11.22273325
237.45137976 2.81274639
251.32785808 3.23324573
393.66688568 5.33574244
411.32785808 10.80223390
439.50131406 9.12023653
455.90078844 3.23324573
468.51576873 9.12023653
479.44875164 7.01773982
502.99671485 7.43823916
515.19119580 5.75624179
519.81668857 12.06373193
524.02168200 9.12023653
534.11366623 5.75624179
540.42115637 7.43823916
570.27660972 8.27923784
615.69053876 4.49474376
