790.69194805 354.10690909
813.40488312 367.95625974
836.94877922 350.22909091
826.14628571 357.43075325
812.57392208 355.49184416
804.26431169 355.49184416
769.91792208 359.36966234
754.40664935 357.43075325
778.22753247 367.12529870
782.65932468 361.86254545
785.98316883 372.94202597
796.50867532 380.14368831
806.20322078 385.12945455
815.06680519 387.06836364
819.49859740 376.81984416
818.66763636 396.76290909
797.61662338 396.48592208
785.15220779 388.45329870
768.53298701 388.45329870
768.53298701 371.00311688
758.56145455 371.55709091
838.33371429 399.25579221
845.81236364 387.62233766
840.82659740 375.98888312
835.28685714 379.58971429
833.07096104 372.94202597
851.90607792 359.92363636
862.98555844 360.75459740
857.44581818 375.43490909
849.96716883 375.43490909
857.16883117 392.05412987
864.09350649 383.19054545
875.72696104 379.31272727
895.39303896 360.75459740
896.77797403 368.51023377
904.81059740 393.99303896
916.72103896 394.27002597
910.62732468 415.59802597
931.67833766 386.23740260
950.79044156 392.33111688
962.97787013 396.76290909
995.38535065 397.03989610
986.79875325 361.86254545
976.27324675 366.57132468
958.26909091 368.23324675
962.97787013 361.86254545
939.43397403 366.84831169
925.30763636 365.18638961
931.40135065 360.20062338
928.35449351 371.55709091
914.22815584 366.84831169
922.53776623 377.37381818
938.60301299 378.20477922
931.95532468 376.26587013
937.21807792 392.33111688
991.78451948 354.10690909
971.01049351 354.38389610
1023.39303896 338.04166234
1008.15875325 348.84415584
1018.68425974 335.82576623
1023.39303896 333.33288312
1015.08342857 332.22493506
1009.82067532 334.16384416
1009.82067532 330.56301299
1002.89600000 331.39397403
1003.17298701 341.08851948
999.29516883 329.73205195
1002.61901299 335.27179221
993.75542857 339.70358442
994.30940260 331.67096104
989.32363636 334.44083117
984.06088312 331.39397403
980.73703896 339.14961039
981.29101299 333.05589610
974.64332468 335.82576623
966.88768831 337.21070130
970.76550649 331.39397403
958.85506494 332.50192208
960.79397403 337.21070130
945.55968831 340.53454545
953.03833766 334.44083117
938.08103896 336.65672727
932.54129870 340.25755844
931.71033766 332.50192208
925.06264935 334.16384416
920.90784416 333.05589610
917.03002597 333.33288312
914.81412987 346.90524675
903.18067532 343.85838961
922.29277922 336.65672727
898.74888312 337.21070130
898.19490909 333.33288312
890.16228571 338.59563636
883.23761039 338.04166234
879.35979221 339.14961039
879.35979221 334.71781818
873.82005195 339.70358442
867.44935065 341.64249351
866.06441558 347.73620779
860.80166234 338.04166234
856.92384416 334.16384416
850.55314286 339.14961039
841.68955844 343.58140260
835.59584416 342.47345455
841.68955844 338.31864935
838.08872727 337.76467532
844.18244156 338.04166234
886.83844156 334.71781818
883.23761039 335.27179221
828.94815584 341.64249351
834.76488312 338.04166234
830.33309091 336.10275325
825.34732468 338.59563636
820.91553247 335.27179221
817.59168831 337.76467532
814.82181818 346.07428571
809.83605195 339.98057143
811.77496104 335.82576623
805.68124675 334.44083117
802.08041558 337.76467532
792.10888312 339.70358442
783.52228571 339.70358442
770.78088312 344.96633766
799.31054545 351.33703896
860.76966234 343.16592208
867.41735065 334.30233766
892.90015584 348.70566234
879.60477922 350.92155844
978.76612987 347.04374026
777.11958442 338.18015584
769.36394805 338.18015584
757.73049351 342.05797403
752.74472727 343.16592208
743.88114286 330.42451948
740.00332468 347.04374026
731.13974026 345.93579221
723.38410390 340.95002597
716.18244156 340.95002597
727.26192208 350.92155844
723.93807792 348.15168831
741.11127273 358.67719481
745.54306494 344.27387013
750.52883117 339.28810390
735.57153247 339.28810390
728.36987013 336.51823377
706.21090909 343.16592208
716.73641558 348.15168831
703.44103896 350.92155844
703.44103896 361.44706494
715.07449351 362.55501299
727.26192208 369.20270130
738.34140260 366.43283117
741.66524675 388.59179221
725.60000000 390.25371429
712.30462338 392.46961039
721.72218182 376.95833766
694.02348052 392.46961039
735.57153247 407.42690909
760.50036364 387.48384416
748.31293506 373.08051948
763.27023377 368.09475325
984.85984416 392.46961039
1010.89662338 383.60602597
1014.77444156 374.18846753
1019.76020779 396.34742857
1016.43636364 419.61433766
988.18368831 424.60010390
978.76612987 436.23355844
987.07574026 438.44945455
944.97371429 436.23355844
962.70088312 458.39251948
979.32010390 469.47200000
989.29163636 496.06275325
1018.09828571 502.71044156
1018.09828571 502.71044156
960.48498701 509.35812987
946.63563636 488.30711688
961.03896104 475.01174026
948.85153247 466.70212987
929.46244156 450.08290909
916.16706494 454.51470130
920.59885714 442.88124675
895.67002597 493.29288312
915.05911688 506.03428571
890.13028571 472.24187013
891.79220779 458.94649351
840.82659740 501.60249351
843.04249351 482.76737662
853.01402597 438.44945455
1000.37111688 422.93818182
820.88353247 429.03189610
792.07688312 457.83854545
791.52290909 438.44945455
814.23584416 450.63688312
818.11366234 506.03428571
784.87522078 504.92633766
773.24176623 499.38659740
769.91792208 462.82431169
774.34971429 443.98919481
764.93215584 430.69381818
752.19075325 442.32727273
736.67948052 455.06867532
728.92384416 422.93818182
701.77911688 446.20509091
701.22514286 461.71636364
710.08872727 479.99750649
643.05787013 468.36405195
655.79927273 467.25610390
678.51220779 429.03189610
642.50389610 441.21932468
629.76249351 460.60841558
614.80519481 441.21932468
620.34493506 426.81600000
637.51812987 402.99511688
680.66410390 367.81776623
675.12436364 360.61610390
679.00218182 346.21277922
665.70680519 341.22701299
662.38296104 348.42867532
650.74950649 344.55085714
660.16706494 336.79522078
671.80051948 344.55085714
629.69849351 345.65880519
630.80644156 341.78098701
624.15875325 339.56509091
627.48259740 355.07636364
618.61901299 365.60187013
613.07927273 361.72405195
608.64748052 357.84623377
617.51106494 375.57340260
624.71272727 376.68135065
638.00810390 373.35750649
631.91438961 368.92571429
642.43989610 360.61610390
647.42566234 361.17007792
658.50514286 368.37174026
669.03064935 363.93994805
656.84322078 357.29225974
670.13859740 387.76083117
590.36633766 353.41444156
604.76966234 347.32072727
599.78389610 351.19854545
588.70441558 345.65880519
574.85506494 348.42867532
569.31532468 343.44290909
564.32955844 339.56509091
557.12789610 341.22701299
575.96301299 337.34919481
595.35210390 342.33496104
599.22992208 344.55085714
616.95709091 335.68727273
608.64748052 336.79522078
621.38888312 335.68727273
641.33194805 345.10483117
652.41142857 336.79522078
641.88592208 329.59355844
634.68425974 329.59355844
670.13859740 334.02535065
677.89423377 322.39189610
665.70680519 366.70981818
612.52529870 345.10483117
624.15875325 360.06212987
567.65340260 365.60187013
543.83251948 361.72405195
533.30701299 356.73828571
580.39480519 396.07044156
592.58223377 403.82607792
620.83490909 399.94825974
644.65579221 386.09890909
660.72103896 401.61018182
647.42566234 401.61018182
630.80644156 418.78337662
621.38888312 413.24363636
583.16467532 423.76914286
573.19314286 398.84031169
563.22161039 398.84031169
537.73880519 404.38005195
537.73880519 392.74659740
511.14805195 392.74659740
489.54306494 382.22109091
479.01755844 367.81776623
460.73641558 366.70981818
459.07449351 388.86877922
441.90129870 369.47968831
443.00924675 383.32903896
432.48374026 370.58763636
415.31054545 362.83200000
401.46119481 369.47968831
398.69132468 369.47968831
395.92145455 374.46545455
393.15158442 376.12737662
385.94992208 367.81776623
380.41018182 372.24955844
353.26545455 358.95418182
366.56083117 365.04789610
427.49797403 363.93994805
421.40425974 418.22940260
413.64862338 405.48800000
388.71979221 397.73236364
374.31646753 384.43698701
349.94161039 383.88301299
365.45288312 414.90555844
353.26545455 429.86285714
373.20851948 431.52477922
402.01516883 430.97080519
415.86451948 438.72644156
442.45527273 414.35158442
465.16820779 433.74067532
488.43511688 422.66119481
496.19075325 402.71812987
542.72457143 468.08706494
549.92623377 475.84270130
561.55968831 479.16654545
575.40903896 483.04436364
598.12197403 515.72883117
520.56561039 511.29703896
520.56561039 482.49038961
497.29870130 476.95064935
482.34140260 490.24602597
492.86690909 511.29703896
438.57745455 495.23179221
434.69963636 467.53309091
457.96654545 468.64103896
412.54067532 496.89371429
400.35324675 483.59833766
382.62607792 489.13807792
366.00685714 496.89371429
392.59761039 518.49870130
372.65454545 483.04436364
581.50275325 344.55085714
577.62493506 341.22701299
577.07096104 363.93994805
599.22992208 336.79522078
587.04249351 335.68727273
620.83490909 329.59355844
613.07927273 327.93163636
599.78389610 329.59355844
696.17537662 370.58763636
713.34857143 378.34327273
710.02472727 381.11314286
702.82306494 372.80353247
701.16114286 383.32903896
779.27148052 376.12737662
795.89070130 368.92571429
840.76259740 355.07636364
849.07220779 344.55085714
508.37818182 362.83200000
516.13381818 370.58763636
528.32124675 388.31480519
529.42919481 399.94825974
495.63677922 367.81776623
315.53122078 384.43698701
320.51698701 370.58763636
298.35802597 375.57340260
276.19906494 372.80353247
264.56561039 372.80353247
232.43511688 367.26379221
221.90961039 367.81776623
217.47781818 361.17007792
206.39833766 367.26379221
201.41257143 367.26379221
186.45527273 379.45122078
189.77911688 369.47968831
171.49797403 382.22109091
160.41849351 390.53070130
146.01516883 390.53070130
151.55490909 380.55916883
139.92145455 367.81776623
121.08633766 371.14161039
107.23698701 376.68135065
87.29392208 377.23532468
71.78264935 382.77506494
54.60945455 382.77506494
14.72332468 375.01942857
21.92498701 381.11314286
178.14566234 394.96249351
199.75064935 398.28633766
219.13974026 394.40851948
234.65101299 394.40851948
229.66524675 381.11314286
215.26192208 378.34327273
209.16820779 361.72405195
247.39241558 380.55916883
259.57984416 382.22109091
244.62254545 375.57340260
259.57984416 403.27210390
250.16228571 396.07044156
275.64509091 408.25787013
276.19906494 398.28633766
287.27854545 399.94825974
285.61662338 425.43106494
301.12789610 424.32311688
298.91200000 438.17246753
310.54545455 413.79761039
320.51698701 434.84862338
324.39480519 421.55324675
340.46005195 438.17246753
328.82659740 394.40851948
232.98909091 449.80592208
218.58576623 453.68374026
202.52051948 454.23771429
203.62846753 421.55324675
162.08041558 398.28633766
134.38171429 391.08467532
111.66877922 386.65288312
92.27968831 397.73236364
82.30815584 386.65288312
96.71148052 388.31480519
60.70316883 402.16415584
51.28561039 396.07044156
37.43625974 413.79761039
36.88228571 398.28633766
6.96768831 388.31480519
16.38524675 388.31480519
6.41371429 404.93402597
3.08987013 416.56748052
2.53589610 438.17246753
4.19781818 465.87116883
29.12664935 453.68374026
49.62368831 440.94233766
72.89059740 440.94233766
64.02701299 421.55324675
107.23698701 447.03605195
138.81350649 457.56155844
152.10888312 439.83438961
185.90129870 471.96488312
169.28207792 491.35397403
113.88467532 474.73475325
105.57506494 457.56155844
85.63200000 481.93641558
81.75418182 459.22348052
51.28561039 464.20924675
39.65215584 476.95064935
61.25714286 489.13807792
12.50742857 510.18909091
39.09818182 563.92457143
59.04124675 583.31366234
61.81111688 550.62919481
88.40187013 581.09776623
88.40187013 554.50701299
115.54659740 575.55802597
3.64384416 586.08353247
142.13735065 577.77392208
141.58337662 586.63750649
143.24529870 545.08945455
178.69963636 522.37651948
209.72218182 519.60664935
204.73641558 559.49277922
249.60831169 514.06690909
225.23345455 543.98150649
280.07688312 496.33974026
266.78150649 486.92218182
264.01163636 589.40737662
265.67355844 567.80238961
282.84675325 581.65174026
325.50275325 538.99574026
342.67594805 562.26264935
369.82067532 563.37059740
348.21568831 528.47023377
328.27262338 505.75729870
332.70441558 485.81423377
278.41496104 462.54732468
430.75781818 492.46192208
123.30223377 411.58171429
106.68301299 411.02774026
311.65340260 361.17007792
341.56800000 369.47968831
15.89527273 625.69267532
50.24166234 655.60727273
50.24166234 617.93703896
148.84903896 648.95958442
135.55366234 613.50524675
205.35438961 632.34036364
227.51335065 611.28935065
301.74587013 632.34036364
375.97838961 673.33444156
413.64862338 667.79470130
508.93215584 650.06753247
498.96062338 620.15293506
587.59646753 668.90264935
616.40311688 635.66420779
630.80644156 620.15293506
605.32363636 593.56218182
609.75542857 556.99989610
666.26077922 647.85163636
728.30587013 629.01651948
418.08041558 458.11553247
493.42088312 530.13215584
249.67231169 434.84862338
696.17537662 342.88893506
696.17537662 358.95418182
691.74358442 352.86046753
687.31179221 358.95418182
726.64394805 358.95418182
734.95355844 370.58763636
646.31771429 351.19854545
547.71033766 346.76675325
644.65579221 337.90316883
648.53361039 339.01111688
723.32010390 337.34919481
716.67241558 337.34919481
393.15158442 366.70981818
404.78503896 360.61610390
387.61184416 372.24955844
369.33070130 374.46545455
327.78264935 377.23532468
788.13506494 660.03906494
763.76020779 655.60727273
787.02711688 615.72114286
768.19200000 562.53963636
721.65818182 582.48270130
740.49329870 545.92041558
724.98202597 543.70451948
676.23231169 579.15885714
808.07812987 545.92041558
667.36872727 541.48862338
660.72103896 554.78400000
712.79459740 545.92041558
767.08405195 522.65350649
800.32249351 518.22171429
983.13392208 531.51709091
1001.96903896 543.70451948
1001.96903896 558.10784416
999.75314286 578.05090909
982.02597403 561.43168831
972.05444156 579.15885714
952.11137662 593.56218182
946.57163636 624.58472727
865.69142857 610.18140260
837.99272727 640.09600000
857.93579221 570.29527273
882.31064935 541.48862338
895.60602597 528.19324675
85.69600000 530.40914286
864.58348052 407.42690909
195.38285714 438.44945455
