32.36831909 662.74485850
46.68486990 618.95305603
110.68827350 566.73975309
130.05772460 614.74230579
300.17203419 666.95560874
260.59098196 602.95220513
220.16777968 552.42320228
273.22323267 521.26365052
198.27187844 498.52559924
150.26932574 486.73549858
133.42632479 464.83959734
237.01078063 457.26024691
379.33413865 509.47354986
308.59353466 435.36434568
584.81875024 533.89590123
623.55765242 492.63054891
670.71805508 494.31484900
717.03630769 519.57935043
771.77606078 592.84640456
790.30336182 515.36860019
853.46461538 568.42405318
885.46631719 641.69110731
918.31016904 452.20734663
829.88441406 464.83959734
788.61906173 450.52304653
733.03715859 478.31399810
683.35030579 452.20734663
642.92710351 467.36604748
535.97404748 517.05290028
499.76159544 499.36774929
445.86399240 473.26109782
542.71124786 427.78499525
898.09856790 399.99404368
896.41426781 360.41299145
914.94156885 330.93773979
901.46716809 287.14593732
882.93986705 331.77988984
921.67876923 227.35328395
914.09941880 202.08878253
890.51921747 196.19373219
880.41341690 213.87888319
871.14976638 222.30038367
863.57041595 180.19288129
847.56956505 187.77223172
838.30591453 206.29953276
879.57126686 175.13998101
824.83151377 188.61438177
822.30506363 178.50858120
798.72486230 183.56148148
804.61991263 202.08878253
796.19841216 206.29953276
846.72741500 231.56403419
850.09601519 213.87888319
856.83321557 279.56658689
829.88441406 279.56658689
783.56616144 268.61863628
785.25046154 291.35668756
797.88271225 316.62118898
823.98936372 295.56743780
840.83236467 317.46333903
809.67281292 344.41214055
806.30421273 378.94029250
851.78031529 380.62459259
776.82896106 335.99064008
760.82811016 355.36009117
752.40660969 380.62459259
739.77435897 401.67834378
769.24961064 305.67323837
715.35200760 350.30719088
687.56105603 390.73039316
674.08665527 417.67919468
598.29315100 394.09899335
652.19075404 378.94029250
663.13870465 350.30719088
659.77010446 329.25343970
717.03630769 313.25258879
729.66855840 298.09388794
743.14295916 283.77733713
774.30251092 202.93093257
775.14466097 191.14083191
758.30166002 138.08537892
745.66940931 166.71848053
741.45865907 174.29783096
734.72145869 191.98298196
739.77435897 213.03673314
746.51155935 206.29953276
708.61480722 263.56573599
759.14381007 260.19713580
706.08835708 282.93518708
671.56020513 309.88398860
613.45185185 354.51794112
570.50219943 379.78244255
427.33669136 466.52389744
525.02609687 383.99319278
567.97574929 340.20139031
578.08154986 340.20139031
606.71465147 319.14763913
637.03205318 283.77733713
637.03205318 308.19968851
652.19075404 279.56658689
649.66430389 262.72358594
678.29740551 268.61863628
685.87675594 253.45993542
647.98000380 243.35413485
663.98085470 229.03758405
682.50815575 199.56233238
708.61480722 205.45738272
697.66685660 187.77223172
717.87845774 162.50773029
727.14210826 138.08537892
746.51155935 156.61267996
679.98170560 149.87547958
649.66430389 170.08708072
633.66345299 168.40278063
618.50475214 165.87633048
626.08410256 131.34817854
610.92540171 131.34817854
604.18820133 165.03418044
652.19075404 197.03588224
644.61140361 182.71933143
627.76840266 183.56148148
647.98000380 213.87888319
629.45270275 224.82683381
604.18820133 218.93178348
608.39895157 208.82598291
596.60885090 233.24833428
615.97830199 241.66983476
605.87250142 261.88143590
589.87165052 274.51368661
583.97660019 294.72528775
550.29059829 316.62118898
515.76244634 367.99234188
488.81364482 345.25429060
479.54999430 360.41299145
407.12509022 399.99404368
358.28038746 410.94199430
254.69593162 418.52134473
279.96043305 405.88909402
317.01503514 389.88824311
375.96553846 379.78244255
331.33158594 356.20224122
364.17543780 326.72698955
411.33584046 346.09644065
454.28549288 330.93773979
509.86739601 304.83108832
445.86399240 299.77818803
541.86909782 283.77733713
501.44589554 281.25088699
514.92029630 265.25003609
548.60629820 271.14508642
565.44929915 255.98638557
553.65919848 241.66983476
537.65834758 227.35328395
573.87079962 227.35328395
569.66004938 207.14168281
567.97574929 195.35158215
570.50219943 172.61353086
582.29230009 168.40278063
581.45015005 159.98128015
590.71380057 190.29868186
586.50305033 229.03758405
514.07814625 226.51113390
492.18224501 244.19628490
487.97149478 258.51283571
481.23429440 277.04013675
456.81194302 275.35583666
409.65154036 295.56743780
349.85888699 321.67408927
301.85633428 340.20139031
289.22408357 367.15019183
266.48603229 385.67749288
266.48603229 360.41299145
230.27358025 361.25514150
190.69252802 376.41384236
177.21812726 399.99404368
131.74202469 399.99404368
83.73947198 403.36264387
24.78896866 413.46844444
60.15927066 404.20479392
121.63622412 379.78244255
106.47752327 359.57084141
39.94766952 351.99149098
3.73521747 390.73039316
18.89391833 357.88654131
87.95022222 362.93944160
116.58332384 331.77988984
126.68912441 320.83193922
165.42802659 349.46504084
130.89987464 353.67579107
162.90157645 319.98978917
183.95532764 330.09558974
206.69337892 342.72784046
187.32392783 302.30463818
160.37512631 301.46248813
167.95447673 298.09388794
215.11487939 294.72528775
189.85037797 287.98808737
222.69422982 283.77733713
234.48433048 278.72443685
257.22238177 286.30378727
285.85548338 273.67153656
256.38023172 264.40788604
313.64643495 311.56828870
277.43398291 276.19798670
327.12083571 298.93603799
361.64898765 275.35583666
388.59778917 280.40873694
397.86143970 287.98808737
402.91433998 272.82938651
392.80853941 266.93433618
375.96553846 264.40788604
385.22918898 246.72273504
419.75734093 240.82768471
425.65239126 257.67068566
454.28549288 250.93348528
448.39044255 262.72358594
445.86399240 253.45993542
442.49539221 237.45908452
436.60034188 221.45823362
417.23089079 229.03758405
441.65324217 210.51028300
450.91689269 208.82598291
478.70784425 216.40533333
493.02439506 220.61608357
514.92029630 212.19458310
522.49964672 199.56233238
541.86909782 221.45823362
546.07984805 213.03673314
546.07984805 200.40448243
550.29059829 159.98128015
557.02779867 157.45483001
556.18564862 181.87718139
541.02694777 156.61267996
527.55254701 158.29698006
519.13104653 158.29698006
508.18309592 154.92837987
506.49879582 170.08708072
489.65579487 150.71762963
487.97149478 129.66387844
471.97064387 157.45483001
471.97064387 150.71762963
461.02269326 194.50943210
455.12764292 185.24578158
446.70614245 147.34902944
501.44589554 177.66643115
436.60034188 171.77138082
437.44249193 153.24407977
423.12594112 163.34988034
418.07304084 161.66558025
420.59949098 155.77052991
419.75734093 148.19117949
427.33669136 182.71933143
413.02014055 171.77138082
407.96724027 213.03673314
390.28208927 201.24663248
370.07048813 183.56148148
377.64983856 178.50858120
367.54403799 171.77138082
393.65068946 160.82343020
404.59864008 153.24407977
406.28294017 149.03332953
399.54573979 117.87377778
387.75563913 114.50517759
370.07048813 120.40022792
349.01673694 121.24237797
342.27953656 137.24322887
349.85888699 145.66472934
347.33243685 149.87547958
361.64898765 154.08622982
370.07048813 145.66472934
351.54318708 158.29698006
388.59778917 152.40192972
362.49113770 166.71848053
339.75308642 165.03418044
331.33158594 149.03332953
322.06793542 122.08452802
322.06793542 149.87547958
310.27783476 164.19203039
315.33073504 166.71848053
323.75223552 164.19203039
331.33158594 173.45568091
335.54233618 175.13998101
349.85888699 203.77308262
346.49028680 187.77223172
290.06623362 152.40192972
306.06708452 170.08708072
305.22493447 155.77052991
310.27783476 147.34902944
301.01418424 140.61182906
324.59438557 197.87803229
313.64643495 202.08878253
326.27868566 210.51028300
342.27953656 217.24748338
337.22663628 229.87973409
362.49113770 221.45823362
339.75308642 258.51283571
370.07048813 243.35413485
329.64728585 256.82853561
305.22493447 245.88058500
311.96213485 224.82683381
292.59268376 223.14253371
289.22408357 206.29953276
285.01333333 193.66728205
274.06538272 197.03588224
272.38108262 156.61267996
266.48603229 143.98042925
274.90753276 136.40107882
285.01333333 135.55892877
285.85548338 139.76967901
270.69678253 240.82768471
268.17033238 225.66898386
280.80258310 243.35413485
245.43228110 232.40618424
228.58928015 241.66983476
215.95702944 252.61778538
211.74627920 274.51368661
184.79747768 272.82938651
199.95617854 281.25088699
151.11147578 284.61948718
146.90072555 277.88228680
125.00482431 293.04098765
130.05772460 308.19968851
87.10807217 325.88483951
55.94852042 335.99064008
28.99971890 303.14678822
54.26422032 261.03928585
94.68742260 285.46163723
101.42462298 301.46248813
117.42547388 254.30208547
143.53212536 268.61863628
164.58587654 268.61863628
200.79832858 237.45908452
220.16777968 239.14338462
190.69252802 233.24833428
181.42887749 242.51198481
144.37427540 218.93178348
136.79492498 216.40533333
162.90157645 226.51113390
106.47752327 209.66813295
96.37172270 222.30038367
94.68742260 210.51028300
90.47667236 202.08878253
66.05432099 225.66898386
43.31626971 244.19628490
39.10551947 237.45908452
32.36831909 228.19543400
17.20961823 229.03758405
11.31456790 214.72103324
23.94681861 213.87888319
29.84186895 254.30208547
23.94681861 264.40788604
7.10381766 250.93348528
17.20961823 255.14423552
37.42121937 204.61523267
59.31712061 206.29953276
83.73947198 188.61438177
119.95192403 202.93093257
134.26847483 197.87803229
141.84782526 195.35158215
153.63792593 186.08793162
173.00737702 212.19458310
178.06027730 186.08793162
199.95617854 208.82598291
178.06027730 223.14253371
205.00907882 200.40448243
221.85207977 208.82598291
242.06368091 215.56318329
249.64303134 223.14253371
239.53723077 207.14168281
236.16863058 194.50943210
225.22067996 189.45653181
257.22238177 188.61438177
253.85378158 144.82257930
262.27528205 136.40107882
246.27443115 138.92752896
251.32733143 137.24322887
237.01078063 137.24322887
227.74713010 144.82257930
226.90498006 152.40192972
216.79917949 159.13913010
215.95702944 165.87633048
210.06197911 166.71848053
207.53552896 175.98213105
238.69508072 181.03503134
155.32222602 206.29953276
193.21897816 175.13998101
189.00822792 166.71848053
199.11402849 153.24407977
203.32477873 158.29698006
215.11487939 148.19117949
219.32562963 150.71762963
216.79917949 134.71677873
222.69422982 135.55892877
194.06112821 143.98042925
181.42887749 156.61267996
187.32392783 159.13913010
156.16437607 166.71848053
161.21727635 154.92837987
146.05857550 171.77138082
137.63707502 173.45568091
121.63622412 149.03332953
123.32052422 190.29868186
113.21472365 171.77138082
93.00312251 174.29783096
99.74032289 162.50773029
93.00312251 157.45483001
85.42377208 162.50773029
74.47582146 159.98128015
56.79067047 187.77223172
66.89647104 181.87718139
142.68997531 156.61267996
151.95362583 155.77052991
162.90157645 144.82257930
168.79662678 149.87547958
152.79577588 149.03332953
178.90242735 145.66472934
176.37597721 137.24322887
187.32392783 129.66387844
151.11147578 116.18947768
142.68997531 137.24322887
146.90072555 143.98042925
130.05772460 142.29612915
119.10977398 137.24322887
130.05772460 137.24322887
110.68827350 147.34902944
109.00397341 158.29698006
100.58247293 149.87547958
73.63367142 171.77138082
42.47411966 178.50858120
47.52701994 160.82343020
17.20961823 185.24578158
18.05176828 202.93093257
36.57906933 191.14083191
6.26166762 203.77308262
8.78811776 158.29698006
33.21046914 153.24407977
41.63196961 154.92837987
33.21046914 143.98042925
39.94766952 145.66472934
17.20961823 145.66472934
5.41951757 143.98042925
17.20961823 138.92752896
5.41951757 129.66387844
21.42036847 127.97957835
24.78896866 136.40107882
55.10637037 133.03247863
42.47411966 139.76967901
72.79152137 128.82172840
93.00312251 115.34732764
103.10892308 117.87377778
127.53127445 118.71592783
270.71039696 112.18926496
281.23727255 111.76818993
286.71124786 113.87356505
295.55382336 115.13679012
320.39724976 111.34711491
327.55552517 111.34711491
358.71507692 113.45249003
251.76202089 105.03098955
246.28804558 109.24173979
237.44547009 110.08388984
215.97064387 112.18926496
197.44334283 110.08388984
190.70614245 111.34711491
182.70571700 110.50496486
171.33669136 111.34711491
163.33626591 110.50496486
152.38831529 110.08388984
141.86143970 107.97851472
145.65111491 114.71571510
129.22918898 110.92603989
119.54446344 110.08388984
115.33371320 106.71528965
106.07006268 110.50496486
103.12253751 106.71528965
93.85888699 102.92561443
84.59523647 105.87313960
75.75266097 106.71528965
68.59438557 108.39958974
122.91306363 119.76861538
50.90923457 107.97851472
50.90923457 102.92561443
41.64558405 102.92561443
36.17160874 107.13636467
18.06538272 103.34668946
24.80258310 102.08346439
11.32818234 105.87313960
83.75308642 132.82194112
89.64813675 138.29591643
149.01971510 139.55914150
173.86314150 179.14019373
227.33966952 177.45589364
273.23684710 193.45674454
1.22238177 174.50836847
18.06538272 179.14019373
300.18564862 71.76606268
211.75989364 58.71273694
203.33839316 59.55488699
230.28719468 59.97596201
148.17756505 59.13381197
144.80896486 59.97596201
141.01928965 59.55488699
135.96638936 58.71273694
130.91348908 57.44951187
247.55127066 57.87058689
155.75691548 59.55488699
16.38108262 60.39703704
28.59225831 57.87058689
33.22408357 58.29166192
10.90710731 60.39703704
26.90795821 60.39703704
21.01290788 60.81811206
2.48560684 61.66026211
950.22801199 524.57750250
963.52671329 467.29078921
1013.65258741 559.35872128
1019.79044955 465.24483516
999.33090909 410.00407592
948.18205794 380.33774226
965.57266733 364.99308691
952.27396603 329.18889111
942.04419580 271.90217782
996.26197802 329.18889111
999.33090909 313.84423576
1022.85938062 327.14293706
1010.58365634 383.40667333
959.43480519 225.86821179
970.68755245 222.79928072
957.38885115 199.27080919
944.09014985 194.15592408
982.96327672 184.94913087
995.23900100 185.97210789
1012.62961039 210.52355644
1005.46877123 225.86821179
936.92931069 416.14193806
538.99124875 33.54853147
549.22101898 36.61746254
584.00223776 39.68639361
585.02521479 39.68639361
595.25498501 39.68639361
523.64659341 35.59448551
519.55468531 35.59448551
499.09514486 37.64043956
493.98025974 35.59448551
489.88835165 38.66341658
482.72751249 37.64043956
463.29094905 43.77830170
461.24499500 42.75532468
769.16107892 59.12295704
779.39084915 59.12295704
774.27596404 58.09998002
785.52871129 62.19188811
794.73550450 63.21486513
800.87336663 62.19188811
817.24099900 63.21486513
828.49374625 65.26081918
811.10313686 70.37570430
823.37886114 73.44463536
805.98825175 68.32975025
797.80443556 72.42165834
789.62061938 70.37570430
798.82741259 72.42165834
979.89434565 51.96211788
989.10113886 55.03104895
1017.74449550 76.51356643
986.03220779 70.37570430
974.77946054 64.23784216
977.84839161 68.32975025
664.81742258 42.75532468
661.74849151 44.80127872
754.83940060 44.80127872
825.42481518 37.64043956
857.13710290 45.82425574
863.27496503 50.93914086
810.08015984 45.82425574
789.62061938 42.75532468
791.66657343 48.89318681
865.32091908 51.96211788
850.99924076 62.19188811
875.55068931 37.64043956
259.71852148 154.25982018
