11.69318182 960.71509740
18.08928571 907.94724026
24.48538961 879.16477273
37.27759740 869.57061688
38.87662338 923.93750000
67.65909091 936.72970779
42.07467532 855.17938312
48.47077922 813.60470779
114.83035714 872.36891234
114.83035714 844.38595779
120.42694805 827.59618506
112.43181818 810.80641234
131.62012987 818.00202922
129.22159091 803.61079545
86.04788961 777.22686688
54.06737013 809.20738636
63.66152597 805.20982143
58.86444805 790.81858766
59.66396104 777.22686688
58.06493506 766.83319805
23.68587662 766.03368506
6.09659091 762.83563312
58.06493506 842.78693182
65.26055195 844.38595779
5.29707792 969.90949675
3.69805195 890.75771104
118.02840909 904.34943182
138.01623377 917.14163961
123.62500000 978.70413961
46.87175325 718.06290584
62.86201299 715.66436688
74.05519481 726.85754870
14.09172078 702.07264610
18.88879870 663.69602273
3.69805195 678.08725649
16.49025974 633.31452922
10.09415584 601.33400974
6.89610390 581.34618506
11.69318182 550.96469156
25.28490260 525.38027597
8.49512987 522.98173701
30.08198052 542.96956169
46.07224026 540.57102273
71.65665584 532.57589286
77.25324675 558.95982143
65.26055195 573.35105519
74.85470779 587.74228896
49.27029221 596.53693182
37.27759740 603.73254870
69.25811688 622.12134740
38.07711039 661.29748377
49.27029221 633.31452922
59.66396104 649.30478896
50.86931818 659.69845779
71.65665584 635.71306818
72.45616883 647.70576299
89.24594156 671.69115260
59.66396104 691.67897727
83.64935065 697.27556818
108.43425325 702.87215909
117.22889610 677.28774351
119.62743506 666.09456169
102.83766234 646.90625000
109.23376623 634.91355519
95.64204545 618.12378247
122.82548701 630.91599026
140.41477273 633.31452922
124.42451299 599.73498377
151.60795455 596.53693182
159.60308442 610.12865260
146.01136364 688.48092532
144.41233766 658.89894481
159.60308442 661.29748377
169.19724026 682.88433442
130.02110390 711.66680195
119.62743506 738.05073052
86.04788961 747.64488636
90.04545455 761.23660714
99.63961039 766.03368506
122.82548701 753.24147727
137.21672078 749.24391234
152.40746753 778.02637987
152.40746753 794.81615260
159.60308442 789.21956169
173.19480519 786.82102273
174.79383117 767.63271104
174.79383117 751.64245130
181.18993506 714.06534091
74.05519481 503.79342532
90.04545455 503.79342532
114.83035714 498.19683442
113.23133117 521.38271104
137.21672078 530.97686688
154.00649351 519.78368506
168.39772727 520.58319805
175.59334416 510.18952922
181.18993506 534.17491883
162.00162338 547.76663961
160.40259740 566.15543831
143.61282468 570.15300325
118.02840909 571.75202922
96.44155844 573.35105519
159.60308442 590.14082792
193.18262987 570.15300325
198.77922078 586.94277597
203.57629870 609.32913961
185.18750000 622.12134740
199.57873377 646.10673701
200.37824675 633.31452922
193.98214286 671.69115260
193.18262987 689.28043831
203.57629870 703.67167208
216.36850649 700.47362013
215.56899351 719.66193182
217.96753247 775.62784091
225.96266234 799.61323052
209.17288961 803.61079545
197.97970779 819.60105519
190.78409091 831.59375000
184.38798701 842.78693182
178.79139610 861.17573052
182.78896104 920.33969156
266.73782468 806.80884740
285.12662338 823.59862013
265.93831169 825.99715909
256.34415584 839.58887987
233.15827922 839.58887987
197.97970779 952.32021104
207.57386364 928.33482143
221.16558442 932.33238636
237.15584416 926.73579545
255.54464286 896.35430195
262.74025974 873.96793831
267.53733766 853.98011364
267.53733766 837.19034091
273.93344156 931.53287338
312.31006494 893.15625000
329.89935065 915.54261364
324.30275974 899.55235390
345.88961039 932.33238636
319.50568182 932.33238636
341.89204545 950.72118506
396.25892857 933.13189935
415.44724026 947.52313312
429.03896104 955.51826299
445.02922078 977.10511364
473.01217532 955.51826299
485.80438312 973.90706169
464.21753247 927.53530844
439.43262987 915.54261364
458.62094156 897.95332792
394.65990260 879.56452922
330.69886364 872.36891234
313.90909091 865.17329545
285.92613636 806.80884740
301.91639610 807.60836039
315.50811688 807.60836039
343.49107143 836.39082792
358.68181818 825.19764610
342.69155844 866.77232143
369.87500000 812.40543831
377.07061688 809.20738636
392.26136364 794.01663961
413.84821429 778.82589286
418.64529221 770.03125000
432.23701299 764.43465909
463.41801948 753.24147727
489.00243506 742.04829545
475.41071429 784.42248377
439.43262987 816.40300325
421.84334416 833.19277597
419.44480519 852.38108766
414.64772727 866.77232143
461.81899351 881.96306818
473.81168831 881.96306818
483.40584416 881.16355519
475.41071429 868.37134740
465.01704545 855.57913961
474.61120130 847.58400974
485.80438312 847.58400974
195.58116883 543.76907468
203.57629870 539.77150974
217.96753247 530.97686688
195.58116883 514.18709416
205.17532468 515.78612013
201.97727273 502.99391234
244.35146104 519.78368506
268.33685065 546.16761364
258.74269481 543.76907468
245.15097403 550.96469156
236.35633117 545.36810065
248.34902597 573.35105519
221.96509740 578.94764610
206.77435065 581.34618506
266.73782468 574.95008117
223.56412338 620.52232143
224.36363636 635.71306818
250.74756494 629.31696429
249.94805195 654.90137987
224.36363636 672.49066558
244.35146104 689.28043831
265.93831169 650.10430195
281.12905844 652.50284091
293.92126623 539.77150974
293.12175325 528.57832792
315.50811688 529.37784091
329.89935065 520.58319805
342.69155844 542.96956169
327.50081169 543.76907468
317.10714286 545.36810065
301.11688312 556.56128247
288.32467532 564.55641234
289.92370130 575.74959416
305.11444805 580.54667208
313.90909091 592.53936688
284.32711039 612.52719156
299.51785714 626.91842532
320.30519481 630.11647727
340.29301948 602.13352273
341.09253247 577.34862013
361.08035714 565.35592532
375.47159091 573.35105519
388.26379870 556.56128247
379.46915584 562.15787338
369.87500000 542.96956169
384.26623377 539.77150974
369.87500000 517.38514610
261.14123377 530.97686688
399.45698052 526.17978896
233.15827922 698.07508117
265.13879870 719.66193182
277.93100649 746.04586039
249.14853896 782.82345779
303.51542208 740.44926948
315.50811688 736.45170455
299.51785714 719.66193182
301.11688312 705.27069805
312.31006494 698.07508117
297.91883117 671.69115260
332.29788961 657.29991883
343.49107143 661.29748377
348.28814935 647.70576299
374.67207792 654.90137987
385.06574675 646.10673701
361.08035714 683.68384740
354.68425325 696.47605519
357.88230519 709.26826299
338.69399351 728.45657468
358.68181818 730.85511364
361.87987013 749.24391234
377.07061688 749.24391234
350.68668831 756.43952922
347.48863636 777.22686688
400.25649351 742.04829545
432.23701299 736.45170455
443.43019481 736.45170455
452.22483766 719.66193182
462.61850649 717.26339286
481.80681818 714.06534091
488.20292208 705.27069805
461.01948052 682.88433442
445.02922078 682.88433442
430.63798701 697.27556818
406.65259740 708.46875000
406.65259740 698.07508117
381.86769481 721.26095779
381.86769481 691.67897727
405.05357143 666.89407468
422.64285714 666.09456169
434.63555195 655.70089286
453.02435065 661.29748377
473.01217532 675.68871753
483.40584416 669.29261364
436.23457792 626.91842532
449.82629870 621.32183442
473.01217532 613.32670455
484.20535714 606.93060065
438.63311688 599.73498377
428.23944805 590.94034091
412.24918831 599.73498377
402.65503247 603.73254870
388.26379870 610.12865260
406.65259740 554.96225649
433.03652597 548.56615260
446.62824675 559.75933442
459.42045455 558.95982143
473.81168831 558.95982143
490.60146104 554.96225649
458.62094156 590.14082792
440.23214286 577.34862013
426.64042208 577.34862013
474.61120130 586.94277597
475.41071429 575.74959416
461.01948052 518.18465909
481.00730519 530.97686688
426.64042208 502.99391234
409.85064935 521.38271104
394.65990260 517.38514610
442.63068182 501.39488636
485.80438312 511.78855519
467.41558442 511.78855519
393.86038961 772.42978896
441.83116883 705.27069805
454.62337662 784.42248377
542.56980519 977.10511364
560.95860390 977.10511364
529.77759740 949.12215909
542.56980519 941.12702922
542.56980519 901.95089286
539.37175325 885.16112013
543.36931818 872.36891234
544.96834416 855.57913961
565.75568182 847.58400974
542.56980519 810.80641234
494.59902597 834.79180195
507.39123377 790.01907468
493.00000000 794.01663961
512.18831169 770.03125000
521.78246753 758.83806818
551.36444805 758.83806818
500.99512987 641.30965909
520.98295455 634.91355519
536.17370130 626.91842532
535.37418831 651.70332792
544.16883117 686.88189935
529.77759740 686.88189935
568.15422078 706.07021104
556.16152597 730.85511364
579.34740260 750.04342532
572.15178571 758.83806818
580.14691558 779.62540584
551.36444805 794.81615260
561.75811688 784.42248377
596.13717532 810.80641234
592.93912338 821.99959416
582.54545455 836.39082792
622.52110390 816.40300325
619.32305195 859.57670455
606.53084416 873.96793831
604.13230519 896.35430195
589.74107143 907.54748377
597.73620130 932.33238636
585.74350649 921.13920455
607.33035714 960.31534091
623.32061688 978.70413961
656.90016234 937.12946429
667.29383117 921.13920455
656.90016234 898.75284091
664.89529221 909.94602273
700.07386364 904.34943182
704.87094156 942.72605519
508.19074675 577.34862013
496.99756494 602.13352273
515.38636364 608.52962662
504.19318182 623.72037338
645.70698052 619.72280844
506.59172078 554.16274351
502.59415584 525.38027597
498.59659091 506.19196429
490.60146104 508.59050325
534.57467532 539.77150974
518.58441558 530.97686688
523.38149351 523.78125000
529.77759740 517.38514610
544.96834416 515.78612013
533.77516234 502.99391234
521.78246753 503.79342532
524.18100649 562.15787338
529.77759740 556.56128247
534.57467532 573.35105519
546.56737013 586.14326299
544.16883117 595.73741883
534.57467532 602.13352273
556.96103896 618.12378247
567.35470779 616.52475649
563.35714286 646.90625000
546.56737013 654.10186688
565.75568182 636.51258117
584.14448052 643.70819805
528.97808442 705.27069805
508.19074675 694.07751623
489.00243506 756.43952922
601.73376623 770.03125000
620.12256494 761.23660714
596.93668831 738.05073052
611.32792208 732.45413961
609.72889610 706.07021104
578.54788961 702.87215909
592.13961039 707.66923701
590.54058442 666.89407468
609.72889610 663.69602273
613.72646104 653.30235390
622.52110390 647.70576299
594.53814935 637.31209416
599.33522727 626.11891234
590.54058442 610.12865260
608.92938312 602.93303571
577.74837662 586.94277597
572.15178571 558.95982143
556.16152597 521.38271104
564.15665584 512.58806818
640.11038961 651.70332792
619.32305195 622.12134740
616.12500000 598.93547078
619.32305195 568.55397727
596.93668831 574.95008117
589.74107143 585.34375000
588.14204545 565.35592532
584.14448052 553.36323052
595.33766234 554.16274351
609.72889610 546.16761364
616.12500000 545.36810065
621.72159091 542.17004870
601.73376623 521.38271104
584.94399351 531.77637987
580.94642857 539.77150974
636.91233766 598.93547078
663.29626623 621.32183442
648.10551948 646.10673701
660.09821429 643.70819805
656.10064935 663.69602273
651.30357143 682.88433442
635.31331169 688.48092532
628.91720779 725.25852273
652.90259740 788.42004870
656.10064935 777.22686688
668.09334416 774.02881494
675.28896104 771.63027597
681.68506494 777.22686688
654.50162338 845.18547078
665.69480519 838.78936688
678.48701299 827.59618506
686.48214286 816.40300325
700.07386364 814.80397727
708.86850649 814.80397727
728.05681818 924.33725649
730.45535714 956.31777597
743.24756494 923.53774351
725.65827922 909.94602273
719.26217532 857.17816558
696.07629870 851.58157468
712.06655844 796.41517857
727.25730519 762.83563312
696.07629870 755.64001623
676.88798701 744.44683442
682.48457792 738.05073052
692.07873377 732.45413961
685.68262987 694.07751623
695.27678571 696.47605519
692.87824675 681.28530844
679.28652597 664.49553571
674.48944805 632.51501623
681.68506494 621.32183442
689.68019481 601.33400974
660.89772727 578.94764610
642.50892857 573.35105519
632.91477273 567.75446429
678.48701299 582.14569805
690.47970779 574.15056818
693.67775974 566.15543831
706.46996753 570.95251623
714.46509740 584.54423701
711.26704545 602.13352273
703.27191558 601.33400974
635.31331169 534.17491883
646.50649351 542.17004870
655.30113636 569.35349026
664.09577922 554.96225649
672.89042208 549.36566558
714.46509740 743.64732143
736.05194805 749.24391234
753.64123377 746.04586039
749.64366883 717.26339286
728.85633117 694.87702922
728.85633117 827.59618506
753.64123377 848.38352273
759.23782468 839.58887987
764.83441558 811.60592532
750.44318182 794.01663961
756.03977273 783.62297078
752.84172078 768.43222403
773.62905844 762.83563312
779.22564935 779.62540584
795.21590909 760.43709416
816.80275974 795.61566558
787.22077922 814.80397727
797.61444805 818.00202922
788.81980519 856.37865260
791.21834416 879.56452922
826.39691558 849.98254870
826.39691558 833.19277597
843.18668831 827.59618506
874.36769481 816.40300325
894.35551948 831.59375000
890.35795455 814.80397727
903.94967532 805.20982143
913.54383117 820.40056818
924.73701299 798.01420455
896.75405844 792.41761364
881.56331169 798.01420455
848.78327922 774.02881494
830.39448052 778.82589286
812.80519481 718.06290584
780.82467532 721.26095779
777.62662338 699.67410714
788.02029221 691.67897727
800.01298701 714.06534091
808.00811688 685.28287338
816.00324675 674.08969156
842.38717532 705.27069805
849.58279221 703.67167208
863.17451299 705.27069805
899.15259740 714.06534091
902.35064935 703.67167208
926.33603896 734.05316558
921.53896104 762.83563312
878.36525974 758.83806818
887.15990260 751.64245130
895.15503247 750.84293831
905.54870130 744.44683442
943.92532468 771.63027597
957.51704545 771.63027597
944.72483766 712.46631494
919.93993506 702.87215909
943.12581169 686.88189935
953.51948052 681.28530844
947.92288961 669.29261364
961.51461039 674.88920455
899.15259740 679.68628247
884.76136364 652.50284091
853.58035714 686.88189935
688.08116883 658.09943182
696.07629870 652.50284091
705.67045455 634.91355519
712.86607143 642.90868506
731.25487013 654.90137987
736.85146104 674.88920455
762.43587662 666.09456169
773.62905844 664.49553571
791.21834416 653.30235390
836.79058442 664.49553571
848.78327922 659.69845779
830.39448052 649.30478896
806.40909091 626.91842532
779.22564935 638.11160714
759.23782468 634.91355519
754.44074675 648.50527597
748.04464286 636.51258117
735.25243506 590.14082792
745.64610390 586.94277597
755.24025974 582.14569805
768.83198052 579.74715909
808.80762987 592.53936688
819.20129870 593.33887987
825.59740260 610.12865260
834.39204545 610.92816558
839.98863636 591.73985390
863.17451299 601.33400974
884.76136364 618.12378247
896.75405844 613.32670455
908.74675325 634.91355519
915.14285714 636.51258117
922.33847403 629.31696429
932.73214286 618.92329545
936.72970779 615.72524351
930.33360390 606.93060065
943.92532468 601.33400974
931.93262987 592.53936688
940.72727273 571.75202922
951.12094156 567.75446429
963.11363636 581.34618506
814.40422078 705.27069805
814.40422078 623.72037338
800.01298701 615.72524351
764.03490260 614.92573052
780.82467532 612.52719156
787.22077922 640.51014610
763.23538961 554.96225649
728.85633117 556.56128247
720.06168831 550.96469156
676.08847403 522.98173701
696.87581169 522.98173701
707.26948052 519.78368506
712.86607143 506.19196429
760.03733766 532.57589286
752.84172078 514.18709416
765.63392857 506.99147727
752.84172078 502.99391234
739.25000000 498.19683442
728.85633117 503.79342532
677.68750000 506.19196429
688.88068182 512.58806818
758.43831169 511.78855519
772.82954545 504.59293831
790.41883117 498.99634740
798.41396104 501.39488636
824.79788961 510.18952922
823.19886364 522.98173701
812.80519481 518.18465909
808.80762987 523.78125000
790.41883117 526.97930195
795.21590909 519.78368506
776.02759740 529.37784091
788.81980519 542.96956169
773.62905844 547.76663961
769.63149351 553.36323052
808.80762987 562.15787338
806.40909091 547.76663961
797.61444805 543.76907468
812.80519481 538.17248377
821.59983766 534.97443182
846.38474026 522.98173701
844.78571429 534.17491883
855.17938312 542.17004870
847.98376623 546.16761364
840.78814935 556.56128247
857.57792208 570.95251623
846.38474026 726.85754870
867.97159091 727.65706169
872.76866883 718.06290584
925.53652597 706.07021104
873.56818182 554.96225649
875.16720779 542.17004870
883.16233766 536.57345779
897.55357143 537.37297078
905.54870130 530.97686688
914.34334416 538.17248377
906.34821429 559.75933442
890.35795455 562.95738636
863.97402597 580.54667208
886.36038961 590.94034091
896.75405844 587.74228896
901.55113636 580.54667208
911.94480519 579.74715909
923.93750000 578.94764610
941.52678571 547.76663961
921.53896104 553.36323052
951.12094156 548.56615260
957.51704545 537.37297078
959.91558442 519.78368506
946.32386364 526.17978896
931.13311688 521.38271104
923.93750000 537.37297078
930.33360390 536.57345779
936.72970779 514.18709416
899.15259740 506.99147727
898.35308442 517.38514610
874.36769481 526.17978896
862.37500000 522.98173701
879.96428571 522.98173701
867.97159091 508.59050325
874.36769481 501.39488636
891.15746753 497.39732143
908.74675325 495.79829545
945.52435065 494.99878247
18.08928571 486.20413961
33.28003247 487.00365260
50.86931818 492.60024351
78.85227273 487.80316558
81.25081169 475.81047078
80.45129870 467.01582792
87.64691558 470.21387987
106.83522727 474.21144481
122.02597403 475.01095779
130.02110390 487.80316558
141.21428571 492.60024351
166.79870130 492.60024351
160.40259740 486.20413961
183.58847403 481.40706169
199.57873377 489.40219156
208.37337662 482.20657468
229.16071429 479.80803571
249.14853896 491.00121753
265.13879870 485.40462662
294.72077922 478.20900974
308.31250000 498.99634740
315.50811688 483.80560065
283.52759740 470.21387987
5.29707792 464.61728896
6.09659091 442.23092532
4.49756494 399.85673701
12.49269481 226.36241883
32.48051948 220.76582792
34.87905844 237.55560065
52.46834416 234.35754870
55.66639610 229.56047078
64.46103896 226.36241883
70.05762987 223.96387987
74.05519481 236.75608766
81.25081169 227.96144481
86.84740260 239.15462662
98.04058442 240.75365260
103.63717532 234.35754870
50.86931818 279.13027597
54.06737013 270.33563312
62.06250000 279.92978896
77.25324675 253.54586039
88.44642857 254.34537338
94.04301948 257.54342532
101.23863636 251.14732143
111.63230519 250.34780844
121.22646104 247.94926948
134.01866883 263.14001623
148.40990260 264.73904221
156.40503247 261.54099026
169.19724026 261.54099026
116.42938312 267.13758117
42.07467532 330.29910714
63.66152597 312.70982143
82.84983766 309.51176948
100.43912338 313.50933442
122.02597403 316.70738636
131.62012987 306.31371753
155.60551948 307.11323052
172.39529221 305.51420455
187.58603896 303.91517857
199.57873377 303.91517857
227.56168831 298.31858766
235.55681818 298.31858766
3.69805195 352.68547078
22.08685065 349.48741883
29.28246753 346.28936688
41.27516234 346.28936688
16.49025974 371.07426948
29.28246753 378.26988636
35.67857143 376.67086039
45.27272727 372.67329545
54.86688312 369.47524351
64.46103896 367.07670455
93.24350649 341.49228896
138.81574675 337.49472403
162.80113636 352.68547078
169.19724026 333.49715909
183.58847403 331.89813312
126.02353896 356.68303571
189.98457792 337.49472403
221.16558442 330.29910714
227.56168831 326.30154221
236.35633117 312.70982143
29.28246753 404.65381494
24.48538961 383.06696429
50.86931818 393.46063312
58.06493506 387.86404221
72.45616883 383.86647727
81.25081169 379.86891234
102.03814935 413.44845779
64.46103896 416.64650974
65.26055195 400.65625000
48.47077922 416.64650974
77.25324675 397.45819805
93.24350649 391.06209416
116.42938312 399.85673701
117.22889610 411.04991883
126.02353896 416.64650974
129.22159091 405.45332792
130.02110390 399.85673701
130.82061688 391.86160714
138.01623377 382.26745130
141.21428571 365.47767857
151.60795455 387.86404221
164.40016234 387.86404221
162.80113636 408.65137987
171.59577922 408.65137987
142.81331169 423.04261364
142.81331169 439.03287338
125.22402597 450.22605519
117.22889610 437.43384740
104.43668831 451.82508117
148.40990260 455.82264610
154.80600649 446.22849026
89.24594156 367.07670455
94.84253247 361.48011364
118.02840909 357.48254870
102.03814935 372.67329545
92.44399351 379.86891234
4.49756494 260.74147727
2.09902597 184.78774351
13.29220779 177.59212662
10.09415584 148.01014610
26.88392857 149.60917208
34.87905844 144.01258117
31.68100649 131.22037338
18.88879870 135.21793831
3.69805195 132.81939935
7.69561688 116.82913961
1.29951299 123.22524351
11.69318182 101.63839286
23.68587662 100.03936688
16.49025974 88.04667208
26.88392857 86.44764610
39.67613636 92.04423701
36.47808442 116.02962662
18.88879870 121.62621753
43.67370130 132.01988636
12.49269481 199.97849026
30.88149351 190.38433442
46.07224026 204.77556818
58.06493506 143.21306818
66.06006494 142.41355519
76.45373377 155.20576299
74.85470779 175.99310065
65.26055195 131.22037338
51.66883117 117.62865260
40.47564935 110.43303571
49.27029221 109.63352273
53.26785714 108.83400974
67.65909091 103.23741883
64.46103896 116.82913961
77.25324675 124.02475649
74.05519481 136.81696429
86.84740260 150.40868506
87.64691558 138.41599026
95.64204545 132.01988636
100.43912338 125.62378247
98.84009740 116.82913961
90.04545455 101.63839286
101.23863636 164.79991883
105.23620130 151.20819805
100.43912338 144.01258117
128.42207792 175.99310065
138.81574675 163.20089286
131.62012987 142.41355519
118.82792208 125.62378247
110.83279221 118.42816558
106.83522727 104.03693182
84.44886364 90.44521104
90.84496753 81.65056818
70.85714286 84.04910714
161.20211039 176.79261364
154.00649351 153.60673701
175.59334416 143.21306818
141.21428571 128.02232143
283.52759740 312.70982143
280.32954545 332.69764610
255.54464286 332.69764610
240.35389610 347.88839286
226.76217532 343.09131494
211.57142857 343.89082792
199.57873377 354.28449675
189.18506494 365.47767857
209.17288961 383.06696429
192.38311688 399.85673701
127.62256494 295.92004870
156.40503247 463.81777597
140.41477273 467.81534091
175.59334416 447.02800325
188.38555195 438.23336039
169.99675325 470.21387987
185.98701299 467.81534091
194.78165584 456.62215909
201.17775974 454.22362013
198.77922078 419.04504870
191.58360390 428.63920455
183.58847403 426.24066558
176.39285714 427.04017857
78.85227273 424.64163961
30.08198052 426.24066558
52.46834416 435.83482143
31.68100649 453.42410714
43.67370130 465.41680195
30.08198052 471.81290584
49.27029221 449.42654221
68.45860390 448.62702922
82.05032468 414.24797078
218.76704545 406.25284091
234.75730519 400.65625000
217.96753247 386.26501623
242.75243506 411.84943182
234.75730519 420.64407468
227.56168831 423.04261364
213.96996753 430.23823052
233.15827922 454.22362013
238.75487013 432.63676948
245.95048701 431.83725649
261.94074675 456.62215909
249.94805195 459.02069805
268.33685065 447.82751623
285.12662338 443.03043831
244.35146104 375.87134740
253.94561688 367.07670455
258.74269481 351.88595779
269.13636364 359.08157468
290.72321429 338.29423701
292.32224026 349.48741883
301.11688312 342.29180195
306.71347403 335.09618506
299.51785714 318.30641234
265.93831169 397.45819805
277.93100649 389.46306818
289.12418831 386.26501623
285.92613636 430.23823052
300.31737013 419.04504870
305.91396104 400.65625000
301.11688312 388.66355519
305.91396104 383.86647727
318.70616883 381.46793831
329.09983766 389.46306818
306.71347403 436.63433442
291.52272727 441.43141234
324.30275974 452.62459416
317.10714286 460.61972403
312.31006494 451.02556818
339.49350649 403.05478896
353.88474026 397.45819805
370.67451299 395.05965909
369.07548701 407.05235390
363.47889610 451.02556818
353.08522727 453.42410714
340.29301948 475.01095779
345.88961039 490.20170455
374.67207792 498.19683442
395.45941558 490.20170455
407.45211039 486.20413961
423.44237013 482.20657468
437.03409091 487.00365260
408.25162338 445.42897727
392.26136364 452.62459416
383.46672078 462.21875000
365.07792208 463.81777597
369.87500000 471.81290584
397.05844156 467.81534091
118.82792208 98.44034091
122.82548701 106.43547078
126.02353896 97.64082792
126.82305195 92.04423701
139.61525974 86.44764610
139.61525974 105.63595779
148.40990260 105.63595779
162.80113636 116.02962662
158.00405844 124.02475649
147.61038961 136.81696429
175.59334416 125.62378247
170.79626623 115.23011364
162.80113636 106.43547078
166.79870130 95.24228896
165.19967532 84.04910714
174.79383117 82.45008117
184.38798701 81.65056818
10.09415584 16.89001623
14.09172078 2.49878247
25.28490260 4.89732143
25.28490260 16.09050325
40.47564935 23.28612013
44.47321429 8.09537338
56.46590909 4.89732143
54.86688312 17.68952922
65.26055195 16.89001623
77.25324675 24.88514610
81.25081169 16.89001623
119.62743506 19.28855519
167.59821429 20.08806818
187.58603896 17.68952922
191.58360390 4.89732143
203.57629870 5.69683442
201.17775974 23.28612013
206.77435065 16.89001623
216.36850649 4.89732143
223.56412338 5.69683442
227.56168831 25.68465909
177.99188312 106.43547078
195.58116883 97.64082792
205.97483766 94.44277597
217.96753247 92.04423701
231.55925325 92.04423701
228.36120130 82.45008117
244.35146104 89.64569805
244.35146104 78.45251623
255.54464286 23.28612013
265.13879870 22.48660714
177.19237013 117.62865260
189.18506494 112.83157468
202.77678571 107.23498377
283.52759740 22.48660714
279.53003247 13.69196429
275.53246753 5.69683442
309.91152597 8.09537338
294.72077922 6.49634740
290.72321429 16.89001623
314.70860390 19.28855519
322.70373377 16.09050325
328.30032468 6.49634740
330.69886364 21.68709416
340.29301948 21.68709416
345.88961039 6.49634740
360.28084416 8.09537338
350.68668831 17.68952922
358.68181818 19.28855519
380.26866883 19.28855519
397.85795455 8.89488636
413.04870130 8.09537338
420.24431818 8.89488636
433.03652597 16.09050325
413.84821429 24.88514610
437.03409091 6.49634740
445.02922078 5.69683442
444.22970779 19.28855519
466.61607143 6.49634740
480.20779221 13.69196429
477.00974026 2.49878247
181.18993506 171.99553571
181.98944805 159.20332792
191.58360390 161.60186688
186.78652597 149.60917208
194.78165584 143.21306818
206.77435065 136.81696429
197.18019481 133.61891234
199.57873377 120.02719156
207.57386364 122.42573052
217.16801948 125.62378247
224.36363636 114.43060065
227.56168831 108.83400974
238.75487013 107.23498377
239.55438312 132.81939935
230.75974026 128.02232143
223.56412338 139.21550325
213.17045455 139.21550325
230.75974026 144.01258117
227.56168831 148.80965909
205.17532468 148.01014610
218.76704545 161.60186688
208.37337662 156.00527597
193.98214286 174.39407468
192.38311688 184.78774351
184.38798701 187.98579545
209.97240260 182.38920455
208.37337662 173.59456169
219.56655844 179.99066558
223.56412338 174.39407468
221.16558442 195.98092532
213.17045455 195.98092532
208.37337662 204.77556818
242.75243506 212.77069805
242.75243506 190.38433442
241.95292208 160.00284091
253.94561688 157.60430195
245.15097403 171.19602273
254.74512987 183.18871753
251.54707792 195.98092532
259.54220779 193.58238636
257.94318182 205.57508117
274.73295455 212.77069805
273.93344156 203.97605519
302.71590909 295.92004870
310.71103896 273.53368506
322.70373377 295.92004870
327.50081169 313.50933442
337.89448052 312.70982143
321.90422078 311.11079545
345.09009740 285.52637987
366.67694805 283.12784091
382.66720779 279.92978896
394.65990260 280.72930195
399.45698052 312.70982143
263.53977273 84.84862013
272.33441558 84.04910714
279.53003247 84.04910714
284.32711039 78.45251623
288.32467532 92.84375000
273.93344156 97.64082792
268.33685065 90.44521104
263.53977273 97.64082792
273.93344156 108.83400974
257.14366883 108.83400974
281.12905844 120.82670455
294.72077922 93.64326299
305.11444805 94.44277597
311.51055195 94.44277597
309.11201299 83.24959416
325.10227273 84.84862013
328.30032468 80.85105519
351.48620130 83.24959416
364.27840909 84.84862013
393.06087662 80.85105519
397.85795455 80.85105519
415.44724026 84.84862013
437.03409091 81.65056818
449.82629870 19.28855519
444.22970779 83.24959416
476.21022727 90.44521104
482.60633117 92.04423701
481.00730519 82.45008117
263.53977273 176.79261364
272.33441558 179.19115260
269.93587662 167.99797078
596.93668831 184.78774351
238.75487013 124.02475649
265.13879870 132.01988636
252.34659091 136.81696429
261.14123377 144.81209416
273.93344156 140.01501623
299.51785714 104.83644481
314.70860390 103.23741883
322.70373377 93.64326299
334.69642857 96.04180195
328.30032468 103.23741883
293.12175325 115.23011364
306.71347403 134.61830357
310.31128247 124.62439123
289.52394481 127.42268669
333.49715909 125.82366071
337.49472403 135.01806006
344.29058442 133.81879058
350.68668831 144.21245942
331.49837662 145.01197240
319.10592532 143.01318994
304.71469156 149.00953734
296.31980519 149.80905032
282.72808442 145.01197240
279.92978896 170.19663149
290.72321429 135.81757305
320.70495130 123.02536526
328.30032468 110.63291396
342.69155844 103.83705357
349.08766234 97.04119318
352.28571429 106.23559253
356.28327922 93.44338474
365.87743506 93.84314123
375.87134740 106.23559253
366.67694805 105.03632305
357.88230519 112.23193994
357.88230519 121.42633929
355.48376623 125.02414773
345.09009740 121.82609578
359.48133117 133.81879058
361.87987013 147.01075487
376.67086039 146.21124188
376.27110390 131.02049513
369.47524351 119.02780032
382.66720779 120.62682630
378.26988636 112.23193994
382.66720779 105.03632305
393.86038961 99.03997565
387.86404221 89.44581981
382.26745130 95.44216721
415.44724026 93.84314123
403.45454545 89.84557630
322.30397727 138.61586851
404.65381494 122.22585227
411.84943182 121.82609578
412.24918831 112.23193994
398.25771104 107.83461851
392.26136364 111.03267045
390.66233766 130.22098214
383.86647727 130.22098214
386.26501623 144.21245942
395.05965909 141.41416396
400.25649351 151.00831981
407.45211039 145.01197240
410.25040584 136.61708604
425.04139610 145.81148539
421.04383117 154.20637175
421.04383117 204.57568994
424.64163961 220.96570617
385.06574675 244.95109578
376.27110390 245.75060877
366.67694805 243.75182630
355.48376623 242.55255682
327.90056818 248.94866071
317.10714286 250.54768669
297.91883117 244.15158279
291.92248377 213.77008929
293.12175325 204.57568994
298.71834416 206.57447240
289.92370130 194.58177760
283.92735390 179.39103084
291.52272727 164.99979708
286.32589286 162.60125812
308.31250000 170.19663149
305.91396104 182.58908279
293.52150974 178.99127435
318.30641234 178.59151786
317.10714286 187.78591721
325.90178571 170.19663149
334.29667208 168.19784903
343.89082792 176.59273539
348.68790584 188.98518669
356.28327922 186.18689123
336.29545455 187.38616071
337.09496753 176.59273539
327.90056818 194.18202110
316.70738636 203.77617695
307.91274351 215.76887175
323.90300325 213.77008929
328.30032468 222.56473214
336.29545455 202.17715097
341.89204545 194.18202110
350.68668831 200.97788149
359.08157468 213.77008929
342.69155844 222.96448864
367.87621753 220.56594968
366.27719156 202.57690747
373.47280844 196.58056006
374.27232143 189.78469968
362.27962662 192.58299513
140.41477273 250.54768669
259.14245130 158.20393669
78.85227273 104.03693182
71.65665584 97.64082792
184.38798701 126.42329545
380.26866883 210.37215909
390.66233766 199.17897727
402.65503247 195.98092532
401.05600649 207.17410714
386.66477273 221.56534091
433.83603896 221.56534091
446.62824675 221.56534091
457.82142857 221.56534091
433.83603896 203.97605519
485.00487013 218.36728896
490.60146104 221.56534091
522.58198052 241.55316558
537.77272727 245.55073052
508.19074675 268.73660714
501.79464286 273.53368506
487.40340909 273.53368506
468.21509740 275.13271104
450.62581169 279.13027597
435.43506494 279.92978896
440.23214286 280.72930195
421.04383117 285.52637987
417.84577922 303.91517857
437.03409091 311.11079545
314.70860390 330.29910714
342.69155844 335.09618506
345.88961039 325.50202922
350.68668831 311.11079545
360.28084416 316.70738636
368.27597403 322.30397727
360.28084416 346.28936688
351.48620130 346.28936688
333.09740260 343.89082792
321.90422078 359.88108766
314.70860390 347.08887987
331.49837662 363.07913961
294.72077922 363.07913961
271.53490260 372.67329545
269.13636364 364.67816558
346.28936688 364.87804383
343.09131494 355.28388799
353.88474026 357.28267045
341.89204545 376.87073864
330.29910714 381.66781656
360.68060065 390.06270292
369.87500000 386.46489448
371.47402597 377.67025162
378.26988636 372.07366071
380.66842532 362.07974838
399.85673701 357.28267045
406.25284091 356.48315747
400.65625000 336.89508929
388.66355519 335.29606331
380.66842532 330.09922890
406.65259740 320.90482955
437.43384740 302.91578734
451.42532468 306.51359578
456.62215909 301.31676136
464.21753247 298.51846591
454.62337662 311.31067370
446.62824675 315.30823864
469.01461039 320.50507305
478.20900974 297.31919643
484.20535714 296.51968344
493.39975649 296.11992695
480.20779221 325.30215097
206.77435065 444.42958604
377.87012987 416.44663149
389.06331169 406.85247565
394.26014610 388.06392045
407.45211039 391.66172890
417.04626623 388.86343344
418.24553571 406.45271916
403.45454545 408.05174513
401.85551948 416.84638799
376.27110390 433.63616071
387.46428571 423.64224838
411.44967532 427.63981331
427.43993506 416.44663149
427.43993506 402.05539773
436.63433442 403.25466721
441.83116883 414.04809253
450.62581169 400.45637175
460.21996753 411.24979708
469.81412338 416.84638799
459.82021104 436.43445617
447.02800325 442.83056006
435.03530844 439.23275162
422.24310065 445.62885552
438.23336039 460.41984578
449.42654221 454.42349838
472.21266234 449.62642045
473.01217532 468.81473214
429.03896104 355.68364448
421.04383117 360.08096591
418.64529221 369.27536526
438.63311688 364.87804383
447.82751623 342.89143669
441.83116883 384.46611201
459.82021104 378.86952110
470.61363636 376.87073864
468.21509740 362.07974838
464.61728896 342.49168019
483.40584416 351.28632305
492.20048701 347.68851461
489.00243506 390.06270292
476.21022727 397.25831981
467.41558442 404.05418019
475.41071429 410.85004058
488.60267857 430.03835227
481.00730519 437.63372565
491.40097403 451.62520292
487.00365260 471.21327110
494.59902597 398.45758929
271.53490260 266.53794643
298.71834416 266.53794643
266.33806818 346.48924513
506.59172078 366.67694805
518.58441558 369.07548701
528.97808442 365.87743506
510.58928571 370.67451299
511.38879870 346.68912338
500.19561688 332.29788961
504.19318182 321.10470779
514.58685065 325.10227273
522.58198052 323.50324675
530.57711039 315.50811688
521.78246753 309.91152597
505.79220779 307.51298701
503.39366883 295.52029221
513.78733766 293.92126623
522.58198052 285.92613636
539.37175325 301.91639610
553.76298701 298.71834416
557.76055195 393.86038961
536.97321429 384.26623377
527.37905844 391.46185065
504.19318182 389.86282468
498.59659091 383.46672078
508.19074675 400.25649351
499.39610390 408.25162338
513.78733766 409.85064935
517.78490260 402.65503247
505.39245130 459.62033279
518.58441558 441.23153409
497.39732143 435.23518669
509.78977273 423.64224838
523.78125000 422.44297890
538.57224026 414.84760552
530.57711039 405.25344968
540.17126623 400.05661526
548.96590909 403.25466721
552.16396104 446.82812500
554.56250000 439.23275162
543.76907468 434.83543019
526.57954545 466.01643669
525.78003247 482.40645292
538.17248377 482.00669643
551.36444805 468.81473214
561.75811688 456.82203734
575.34983766 472.81229708
572.55154221 452.02495942
583.74472403 446.82812500
593.33887987 446.82812500
583.34496753 433.63616071
596.13717532 430.43810877
603.73254870 424.84151786
593.33887987 405.25344968
591.34009740 396.85856331
579.34740260 394.06026786
569.35349026 416.84638799
563.75689935 424.04200487
560.55884740 430.43810877
574.15056818 424.84151786
592.13961039 465.61668019
600.13474026 463.21814123
608.92938312 462.41862825
620.92207792 462.41862825
614.52597403 446.82812500
621.72159091 441.23153409
634.51379870 439.23275162
646.10673701 433.63616071
637.31209416 423.64224838
630.91599026 406.85247565
623.72037338 402.45515422
608.52962662 404.45393669
612.52719156 395.65929383
596.53693182 386.86465097
608.12987013 382.06757305
602.93303571 356.88291396
584.54423701 364.47828734
570.95251623 356.08340097
558.56006494 352.08583604
545.76785714 352.08583604
535.37418831 346.48924513
554.16274351 336.49533279
560.15909091 334.49655032
574.55032468 343.69094968
612.52719156 350.88656656
618.12378247 349.28754058
636.11282468 352.08583604
644.90746753 361.67999188
636.91233766 366.07731331
626.11891234 368.07609578
628.11769481 390.46245942
640.11038961 389.26318994
654.10186688 373.27293019
657.29991883 386.46489448
642.90868506 361.67999188
648.90503247 349.28754058
672.89042208 355.28388799
685.68262987 350.48681006
645.30722403 336.49533279
612.12743506 336.49533279
638.91112013 490.40158279
646.90625000 491.20109578
662.89650974 484.80499188
645.30722403 520.38331981
682.08482143 483.20596591
666.49431818 472.81229708
662.09699675 454.42349838
672.09090909 448.42715097
672.09090909 432.43689123
664.49553571 434.83543019
664.49553571 418.04565747
650.10430195 451.22544643
642.10917208 454.42349838
636.51258117 457.62155032
634.11404221 470.81351461
679.68628247 447.62763799
683.28409091 398.85734578
672.49066558 377.67025162
686.08238636 373.67268669
618.52353896 423.64224838
504.59293831 189.78469968
491.80073052 173.79443994
480.60754870 172.99492695
469.41436688 168.99736201
454.62337662 168.19784903
453.42410714 156.20515422
465.81655844 160.60247565
453.02435065 139.41538149
447.02800325 139.01562500
436.23457792 153.40685877
435.03530844 163.00101461
439.83238636 145.01197240
420.24431818 117.42877435
422.24310065 128.22219968
423.44237013 111.43242695
429.83847403 106.23559253
440.23214286 105.83583604
449.02678571 105.43607955
461.01948052 105.83583604
474.21144481 103.03754058
486.20413961 102.63778409
490.20170455 108.23437500
477.80925325 116.62926136
472.61241883 119.42755682
467.41558442 119.42755682
461.41923701 125.82366071
448.62702922 121.42633929
438.63311688 121.42633929
436.63433442 129.82122565
468.21509740 131.02049513
475.41071429 129.42146916
491.00121753 130.62073864
498.59659091 133.41903409
492.60024351 154.60612825
481.40706169 151.00831981
474.61120130 158.60369318
473.81168831 139.01562500
471.41314935 147.81026786
506.19196429 167.39833604
549.36566558 287.72504058
562.95738636 286.12601461
576.14935065 285.32650162
584.54423701 290.52333604
556.16152597 264.13940747
560.15909091 242.15280032
571.75202922 247.34963474
589.34131494 239.75426136
594.53814935 239.75426136
604.53206169 256.94379058
566.55519481 225.76278409
580.54667208 224.56351461
572.55154221 226.16254058
589.74107143 217.76765422
598.53571429 207.37398539
588.94155844 191.38372565
577.74837662 193.38250812
571.75202922 199.37885552
562.55762987 198.17958604
555.76176948 197.38007305
546.56737013 197.38007305
543.36931818 206.57447240
536.17370130 199.77861201
523.38149351 195.38129058
538.57224026 187.78591721
543.36931818 180.19054383
532.97564935 176.99249188
505.79220779 180.59030032
514.58685065 113.83096591
511.78855519 100.63900162
497.39732143 90.24533279
499.79586039 81.85044643
521.78246753 77.85288149
537.77272727 77.45312500
544.16883117 87.04728084
534.17491883 100.63900162
544.16883117 98.64021916
549.36566558 103.03754058
542.96956169 113.83096591
539.37175325 123.82487825
529.37784091 108.63413149
519.38392857 97.04119318
553.36323052 118.62804383
563.75689935 118.22828734
564.55641234 107.43486201
557.36079545 98.64021916
572.95129870 70.25750812
590.14082792 77.45312500
583.34496753 87.04728084
576.94886364 86.24776786
568.55397727 89.84557630
558.95982143 78.65239448
576.94886364 100.63900162
593.73863636 88.64630682
603.33279221 101.83827110
604.93181818 113.03145292
594.93790584 111.83218344
598.53571429 122.22585227
596.13717532 129.82122565
590.94034091 133.81879058
580.54667208 126.62317370
573.35105519 133.41903409
572.55154221 108.63413149
585.34375000 108.23437500
541.37053571 143.81270292
527.37905844 127.82244318
521.38271104 115.82974838
514.58685065 131.02049513
513.38758117 145.41172890
507.39123377 145.01197240
502.99391234 155.00588474
510.58928571 155.00588474
508.99025974 168.59760552
524.18100649 168.19784903
522.18222403 154.60612825
522.18222403 146.21124188
540.57102273 155.80539773
536.97321429 166.19906656
550.16517857 165.79931006
558.56006494 157.80418019
565.75568182 157.80418019
559.75933442 145.41172890
576.94886364 165.79931006
571.75202922 168.99736201
561.75811688 176.99249188
584.54423701 184.98762175
585.34375000 174.19419643
595.33766234 176.59273539
606.93060065 174.99370942
604.13230519 193.38250812
602.93303571 132.61952110
482.60633117 144.61221591
704.07142857 443.03043831
704.87094156 459.82021104
716.86363636 466.21631494
708.06899351 479.80803571
735.25243506 470.21387987
742.44805195 464.61728896
744.84659091 457.42167208
714.46509740 444.62946429
722.46022727 436.63433442
709.66801948 423.84212662
693.67775974 426.24066558
680.08603896 429.43871753
695.27678571 396.65868506
704.07142857 384.66599026
713.66558442 375.07183442
704.07142857 368.67573052
697.67532468 356.68303571
705.67045455 356.68303571
698.47483766 341.49228896
710.46753247 341.49228896
715.26461039 334.29667208
717.66314935 323.90300325
691.27922078 329.49959416
728.85633117 365.47767857
736.85146104 364.67816558
745.64610390 361.48011364
756.83928571 359.88108766
752.84172078 345.48985390
744.04707792 348.68790584
736.85146104 350.28693182
724.05925325 350.28693182
548.16639610 322.30397727
554.56250000 306.31371753
554.56250000 319.10592532
569.75324675 323.90300325
584.94399351 315.10836039
584.14448052 300.71712662
595.33766234 300.71712662
604.93181818 299.91761364
613.72646104 291.12297078
579.34740260 330.29910714
604.93181818 322.30397727
600.93425325 311.11079545
616.12500000 308.71225649
624.91964286 311.91030844
598.53571429 328.70008117
588.14204545 334.29667208
591.34009740 314.30884740
529.37784091 305.31432630
613.72646104 209.77252435
621.32183442 204.17593344
630.11647727 202.97666396
638.91112013 202.97666396
634.11404221 234.55742695
622.92086039 236.55620942
612.52719156 238.15523539
624.12012987 256.94379058
614.92573052 256.94379058
633.31452922 254.14549513
567.75446429 304.11505682
641.30965909 288.52455357
638.91112013 265.33867695
963.91314935 640.51014610
941.52678571 649.30478896
936.72970779 659.69845779
927.93506494 668.49310065
918.34090909 671.69115260
891.95698052 664.49553571
975.90584416 642.90868506
963.91314935 614.12621753
975.90584416 578.94764610
968.71022727 558.16030844
738.85024351 398.85734578
749.24391234 395.65929383
748.84415584 384.06635552
756.03977273 376.07122565
773.22930195 373.67268669
782.42370130 370.87439123
784.82224026 357.68242695
782.02394481 342.09192370
758.83806818 337.69460227
743.24756494 332.49776786
731.65462662 323.70312500
763.23538961 328.10044643
770.83076299 323.70312500
778.02637987 319.70556006
801.21225649 325.30215097
799.61323052 333.69703734
793.21712662 338.09435877
795.21590909 346.88900162
808.80762987 354.08461851
810.00689935 366.47706981
797.21469156 371.27414773
787.62053571 389.66294643
778.02637987 393.66051136
763.23538961 389.66294643
772.03003247 407.25223214
762.03612013 408.05174513
736.85146104 415.24736201
742.04829545 409.65077110
749.24391234 412.44906656
792.81737013 402.45515422
778.42613636 406.45271916
737.65097403 433.23640422
766.03368506 426.44054383
769.23173701 441.63129058
729.65584416 450.82568994
727.25730519 462.01887175
756.03977273 462.81838474
761.23660714 451.62520292
782.02394481 454.42349838
794.41639610 452.42471591
786.82102273 477.60937500
773.62905844 488.80255682
808.40787338 497.19744318
817.20251623 493.59963474
824.79788961 495.99817370
838.78936688 486.80377435
843.98620130 480.40767045
874.36769481 488.00304383
869.57061688 475.21083604
886.76014610 472.01278409
896.35430195 461.21935877
909.14650974 475.61059253
923.53774351 462.01887175
933.93141234 464.81716721
947.52313312 459.22057630
940.32751623 498.39671266
947.52313312 433.63616071
960.31534091 406.85247565
949.92167208 398.05783279
939.52800325 410.85004058
933.13189935 411.24979708
927.53530844 413.64833604
918.34090909 425.24127435
904.74918831 437.63372565
893.55600649 439.63250812
881.56331169 452.82447240
871.96915584 446.02861201
859.57670455 452.82447240
836.79058442 453.22422890
728.05681818 387.66416396
797.61444805 395.65929383
798.81371753 384.46611201
802.41152597 404.45393669
810.00689935 391.26197240
818.80154221 387.66416396
816.00324675 402.45515422
828.39569805 396.45880682
829.99472403 390.06270292
836.79058442 380.46854708
826.39691558 365.27780032
819.20129870 327.30093344
837.98985390 334.89630682
831.99350649 350.48681006
822.39935065 354.08461851
872.76866883 358.88169643
852.38108766 333.69703734
858.77719156 346.88900162
849.58279221 508.39062500
818.80154221 476.01034903
809.60714286 452.42471591
807.60836039 437.63372565
814.40422078 434.83543019
821.59983766 439.63250812
790.81858766 423.64224838
798.01420455 420.44419643
804.81006494 418.04565747
816.80275974 419.24492695
826.39691558 417.64590097
834.39204545 414.04809253
842.78693182 409.65077110
849.58279221 415.24736201
857.17816558 414.04809253
856.37865260 427.24005682
844.38595779 432.03713474
837.59009740 437.63372565
866.77232143 432.03713474
871.96915584 423.64224838
883.56209416 427.63981331
869.97037338 412.44906656
942.32629870 474.81107955
929.93384740 428.43932630
938.72849026 426.44054383
950.32142857 392.46124188
951.92045455 376.87073864
938.32873377 378.46976461
923.13798701 395.25953734
916.34212662 388.06392045
906.34821429 390.06270292
900.75162338 396.85856331
895.15503247 401.65564123
886.36038961 408.05174513
893.95576299 419.24492695
901.95089286 423.64224838
842.78693182 393.26075487
852.38108766 393.66051136
862.77475649 387.26440747
859.97646104 398.05783279
835.19155844 347.68851461
891.55722403 385.66538149
880.36404221 389.66294643
875.96672078 374.07244318
849.18303571 379.66903409
882.76258117 343.29119318
875.56696429 330.89874188
881.56331169 325.70190747
888.35917208 326.90117695
832.79301948 326.50142045
807.60836039 327.30093344
860.37621753 322.50385552
909.14650974 322.90361201
915.54261364 323.70312500
943.92532468 334.89630682
957.11728896 334.09679383
955.11850649 361.67999188
942.72605519 365.27780032
820.00081169 398.05783279
842.78693182 322.90361201
883.56209416 960.71509740
955.51826299 936.72970779
970.20931412 529.97747565
980.20322646 561.95799513
983.40127841 530.77698864
979.00395698 507.59111201
982.60176542 489.20231331
965.41223620 479.20840097
983.80103490 471.61302760
498.99634740 674.88920455
511.78855519 638.91112013
446.22849026 526.97930195
422.24310065 537.37297078
147.01075487 348.68790584
979.50365260 754.44074675
965.11241883 770.43100649
977.90462662 714.46509740
652.50284091 321.30458604
647.30600649 321.30458604
639.71063312 326.10166396
620.92207792 325.30215097
649.70454545 250.14793019
661.29748377 248.54890422
652.10308442 233.35815747
659.29870130 205.77495942
641.30965909 190.58421266
618.12378247 186.98640422
610.12865260 185.78713474
679.28652597 378.07000812
724.05925325 316.90726461
708.06899351 314.90848214
702.47240260 320.50507305
714.46509740 309.31189123
682.48457792 303.71530032
677.28774351 313.70921266
671.69115260 300.11749188
658.89894481 304.51481331
665.29504870 321.30458604
691.27922078 302.91578734
664.89529221 289.72382305
654.10186688 288.12479708
651.70332792 271.33502435
660.49797078 274.53307630
672.89042208 250.14793019
673.29017857 234.15767045
664.89529221 228.56107955
675.28896104 200.17836851
699.67410714 224.96327110
689.28043831 227.76156656
683.68384740 253.34598214
676.08847403 260.14184253
661.29748377 262.94013799
645.30722403 261.34111201
691.67897727 281.72869318
695.27678571 272.53429383
708.46875000 271.73478084
709.26826299 262.14062500
695.27678571 258.54281656
688.88068182 260.54159903
672.09090909 272.93405032
678.88676948 270.53551136
683.28409091 220.56594968
678.48701299 233.35815747
713.26582792 224.96327110
723.25974026 222.16497565
752.44196429 294.12114448
742.04829545 295.32041396
734.85267857 292.52211851
737.65097403 306.51359578
751.64245130 307.31310877
764.43465909 304.51481331
768.43222403 301.71651786
769.63149351 293.32163149
782.02394481 304.51481331
790.81858766 299.31797890
784.82224026 286.92552760
789.61931818 288.12479708
718.06290584 282.92796266
717.66314935 298.91822240
726.45779221 272.53429383
734.85267857 267.73721591
748.84415584 269.73599838
759.23782468 268.53672890
769.63149351 267.33745942
787.22077922 276.93161526
717.66314935 256.14427760
711.26704545 246.15036526
719.26217532 245.35085227
742.04829545 222.96448864
747.24512987 233.35815747
763.63514610 228.16132305
771.23051948 220.96570617
780.42491883 226.56229708
773.22930195 242.15280032
781.22443182 242.15280032
786.82102273 248.94866071
772.82954545 251.74695617
758.43831169 252.14671266
744.04707792 256.94379058
739.25000000 245.75060877
731.25487013 227.76156656
800.81250000 212.17106331
812.00568182 210.97179383
804.81006494 220.96570617
790.81858766 224.16375812
799.21347403 238.95474838
799.61323052 252.94622565
796.41517857 261.34111201
788.42004870 257.74330357
778.82589286 263.33989448
799.61323052 274.13331981
815.20373377 250.94744318
820.00081169 226.56229708
815.60349026 219.36668019
824.79788961 210.97179383
825.19764610 243.35206981
770.03125000 313.70921266
791.61810065 314.90848214
801.21225649 304.51481331
809.20738636 296.91943994
800.81250000 289.72382305
802.41152597 281.32893669
813.60470779 285.32650162
692.07873377 246.15036526
780.82467532 186.18689123
773.22930195 184.58786526
800.01298701 186.98640422
807.20860390 185.78713474
821.59983766 261.34111201
816.40300325 259.74208604
820.80032468 296.11992695
826.79667208 308.51237825
816.80275974 244.55133929
818.40178571 183.38859578
966.16233766 392.62012987
981.76623377 399.55519481
973.09740260 403.60064935
967.89610390 438.27597403
960.38311688 435.96428571
963.27272727 423.82792208
950.55844156 423.82792208
909.52597403 409.95779221
885.83116883 370.08116883
895.07792208 371.23701299
895.65584416 358.52272727
888.72077922 340.60714286
899.70129870 336.56168831
905.48051948 340.60714286
903.16883117 352.74350649
912.99350649 351.00974026
904.32467532 356.78896104
923.97402597 369.50324675
921.66233766 351.00974026
920.50649351 342.34090909
922.24025974 316.91233766
926.86363636 314.02272727
858.09090909 271.25649351
839.59740260 282.23701299
845.37662338 268.36688312
850.00000000 290.90584416
841.90909091 291.48376623
849.42207792 303.04220779
859.82467532 299.57467532
862.71428571 293.79545455
871.38311688 300.73051948
877.16233766 290.32792208
902.01298701 300.15259740
891.03246753 297.84090909
899.70129870 286.86038961
869.64935065 316.91233766
876.00649351 319.22402597
882.94155844 314.60064935
895.07792208 322.11363636
906.63636364 314.60064935
843.64285714 451.56818182
868.49350649 265.47727273
867.91558442 279.92532468
977.14285714 467.17207792
973.09740260 459.65909091
983.50000000 415.73701299
965.00649351 368.92532468
974.83116883 368.92532468
967.31818182 360.83441558
966.74025974 348.69805195
967.89610390 334.25000000
975.40909091 329.04870130
978.87662338 319.80194805
978.29870130 363.14610390
981.18831169 349.27597403
958.07142857 327.31493506
953.44805195 320.95779221
937.84415584 322.69155844
954.02597403 306.50974026
957.49350649 314.02272727
966.16233766 305.93181818
970.20779221 296.68506494
951.13636364 295.52922078
934.95454545 297.84090909
937.84415584 309.97727273
925.12987013 294.37337662
911.25974026 298.41883117
903.16883117 267.78896104
949.98051948 269.52272727
925.12987013 334.82792208
907.79220779 308.82142857
618.56493506 80.54220779
633.59090909 84.00974026
621.45454545 88.63311688
609.31818182 96.72402597
619.72077922 96.14610390
625.50000000 107.12662338
615.67532468 107.12662338
613.36363636 119.26298701
623.18831169 120.41883117
622.61038961 128.50974026
619.14285714 136.02272727
635.32467532 135.44480519
618.56493506 176.47727273
628.96753247 177.63311688
648.61688312 132.55519481
646.30519481 114.06168831
631.85714286 115.21753247
649.19480519 94.99025974
654.97402597 94.99025974
649.19480519 86.89935065
643.99350649 80.54220779
639.37012987 88.05519481
663.06493506 76.49675325
679.24675325 76.49675325
675.20129870 85.16558442
663.06493506 86.89935065
675.20129870 94.99025974
668.84415584 92.10064935
677.51298701 103.08116883
671.73376623 103.65909091
683.87012987 112.32792208
664.79870130 115.79545455
656.12987013 113.48376623
654.97402597 101.92532468
655.84090909 132.69967532
693.98376623 105.53733766
688.20454545 104.67045455
699.76298701 105.24837662
709.87662338 104.09253247
711.03246753 94.84577922
694.56168831 83.86525974
692.25000000 76.64123377
711.03246753 76.06331169
713.92207792 87.04383117
704.67532468 92.53409091
739.06168831 74.90746753
718.25649351 75.77435065
610.47402597 72.59577922
748.59740260 74.04058442
719.41233766 167.08603896
699.47402597 167.08603896
693.40584416 151.48214286
678.95779221 150.03733766
667.11038961 141.36850649
658.73051948 139.63474026
670.57792208 132.69967532
679.24675325 136.74512987
683.00324675 141.94642857
690.80519481 130.67694805
693.98376623 118.54058442
708.72077922 120.56331169
705.25324675 111.60551948
724.90259740 153.79383117
712.47727273 137.75649351
701.49675325 136.02272727
700.34090909 141.80194805
700.34090909 148.15909091
713.63311688 149.89285714
726.92532468 144.69155844
723.45779221 140.06818182
719.41233766 122.15259740
713.05519481 111.17207792
724.61363636 100.19155844
724.03571429 93.83441558
733.28246753 85.74350649
724.03571429 83.43181818
763.91233766 78.80844156
780.09415584 76.49675325
791.65259740 74.76298701
815.34740260 113.48376623
814.19155844 122.15259740
802.05519481 115.79545455
798.58766234 107.12662338
733.86038961 129.66558442
737.90584416 111.17207792
736.17207792 103.65909091
739.06168831 93.83441558
754.08766234 89.78896104
752.93181818 103.08116883
762.17857143 111.17207792
754.08766234 112.90584416
753.50974026 120.99675325
740.79545455 131.97727273
741.37337662 141.80194805
742.52922078 148.15909091
739.06168831 164.34090909
728.65909091 172.43181818
750.62012987 176.47727273
757.55519481 169.54220779
742.52922078 119.26298701
744.84090909 125.62012987
761.60064935 129.66558442
763.33441558 119.26298701
759.28896104 92.67857143
770.26948052 86.89935065
772.58116883 95.56818182
870.82792208 234.26948052
862.15909091 235.42532468
855.80194805 244.67207792
844.24350649 244.67207792
839.62012987 234.84740260
839.62012987 223.28896104
839.62012987 212.88636364
857.53571429 219.24350649
850.02272727 234.84740260
870.82792208 254.49675325
873.13961039 242.93831169
882.38636364 233.11363636
893.94480519 234.26948052
903.19155844 231.37987013
908.39285714 244.09415584
897.99025974 251.02922078
890.47727273 255.07467532
914.17207792 266.63311688
920.52922078 269.52272727
926.30844156 270.67857143
924.57467532 263.16558442
933.24350649 258.54220779
940.17857143 270.67857143
943.06818182 263.74350649
955.20454545 260.85389610
962.13961039 271.83441558
959.82792208 281.08116883
947.69155844 279.92532468
939.60064935 281.08116883
926.23609984 238.15523539
919.44023945 247.74939123
934.23122971 253.34598214
943.42562906 236.95596591
954.21905438 239.75426136
957.81686282 230.95961851
969.40980114 229.36059253
965.41223620 211.77130682
978.20444399 211.77130682
957.01734984 188.58543019
893.05631088 160.60247565
913.44389205 178.99127435
912.24462256 189.38494318
898.65290179 199.37885552
884.26166802 191.38372565
879.06483360 188.18567370
869.87043425 187.38616071
860.27627841 193.38250812
861.07579140 178.19176136
843.48650568 174.99370942
840.28845373 181.78956981
822.29941153 177.79200487
821.49989854 162.20150162
827.89600244 174.59395292
808.70769075 178.99127435
808.30793425 162.60125812
803.51085633 164.99979708
897.05387581 266.93770292
955.01856737 252.14671266
968.61028815 259.74208604
977.80468750 260.54159903
970.60907062 279.33015422
983.40127841 283.72747565
973.40736607 247.74939123
979.80346997 240.95353084
937.42928166 213.37033279
929.43415179 226.96205357
913.04413555 216.16862825
905.84851867 216.56838474
897.05387581 218.96692370
931.03317776 206.97422890
939.02830763 204.17593344
831.49381088 256.94379058
780.12510146 124.62439123
792.51755276 125.02414773
875.66690341 172.59517045
865.67299107 169.39711851
854.47980925 163.80052760
843.68638393 161.00223214
832.49320211 159.00344968
835.29149756 151.80783279
846.88443588 152.60734578
862.47493912 151.80783279
814.50415990 76.25385552
838.88930601 72.25629058
852.48102679 73.45556006
866.47250406 71.45677760
901.25131899 79.05215097
917.64133523 73.05580357
922.03865666 83.04971591
930.83329951 75.85409903
942.82599432 73.05580357
951.62063718 71.85653409
960.41528003 76.65361201
955.61820211 90.24533279
940.02769886 91.44460227
928.83451705 81.45068994
912.84425731 92.64387175
939.22818588 102.63778409
955.21844562 146.21124188
964.01308847 134.21854708
954.81868912 123.82487825
955.21844562 97.04119318
940.42745536 120.22706981
929.23427354 116.22950487
925.63646510 124.62439123
914.84303977 116.62926136
900.45180601 114.63047890
912.44450081 124.62439123
918.04109172 142.21367695
932.83208198 140.61465097
930.43354302 131.02049513
910.44571834 131.42025162
894.85521510 141.41416396
884.86130276 133.41903409
903.25010146 140.81452922
890.45789367 122.42573052
655.40107549 254.14549513
790.11901380 100.63900162
798.91365666 95.04241071
805.70951705 101.03875812
828.09588068 92.24411526
820.50050731 85.44825487
834.49198458 82.25020292
844.48589692 91.04484578
860.47615666 107.83461851
845.68516640 120.22706981
855.67907873 125.42390422
842.88687094 136.61708604
830.49441964 145.41172890
822.09953328 152.60734578
823.29880276 135.81757305
810.90635146 135.01806006
805.30976055 128.62195617
790.91852679 148.60978084
798.91365666 145.41172890
772.92948458 147.01075487
639.81057224 213.77008929
764.93435471 142.21367695
778.92583198 153.80661526
749.74360795 155.40564123
759.33776380 152.60734578
753.34141640 142.21367695
764.13484172 174.19419643
773.32924107 174.99370942
771.33045860 163.00101461
771.73021510 157.40442370
780.92461445 165.79931006
789.71925731 157.40442370
789.71925731 174.59395292
796.51511769 174.59395292
808.90756899 155.40564123
830.09466315 110.63291396
866.47250406 124.62439123
866.07274756 116.22950487
872.06909497 111.83218344
882.06300731 115.03023539
886.46032873 107.83461851
878.06544237 124.62439123
855.67907873 143.41294643
848.08370536 144.21245942
912.84425731 17.88940747
880.06422484 17.08989448
808.90756899 17.88940747
794.11657873 19.48843344
753.74117289 19.88818994
740.54920860 19.88818994
707.36941964 18.28916396
726.95748782 111.83218344
969.60967938 140.81452922
976.00578328 138.41599026
976.00578328 128.82183442
968.81016640 148.01014610
975.20627029 104.03693182
978.40432224 97.64082792
977.60480925 84.84862013
968.01065341 73.65543831
865.67299107 87.24715909
852.08127029 82.45008117
828.09588068 120.82670455
771.33045860 135.21793831
492.90006088 8.09537338
503.29372971 4.89732143
515.28642451 17.68952922
511.28885958 4.89732143
524.88058036 6.49634740
524.08106737 19.28855519
547.26694399 17.68952922
542.46986607 4.89732143
559.25963880 16.09050325
571.25233360 16.89001623
569.65330763 5.69683442
582.44551542 17.68952922
585.64356737 8.89488636
609.62895698 19.28855519
606.43090503 8.09537338
617.62408685 8.09537338
624.81970373 8.09537338
623.22067776 16.89001623
644.80752841 19.28855519
652.80265828 23.28612013
640.80996347 8.09537338
683.98366477 10.49391234
718.36272321 5.69683442
725.55834010 4.89732143
738.35054789 11.29342532
775.92765828 8.09537338
798.31402192 10.49391234
804.71012581 5.69683442
810.30671672 8.89488636
771.13058036 107.23498377
778.32619724 104.83644481
785.52181412 117.62865260
510.06460532 708.46875000
52.74317675 531.77637987
384.54106636 571.75202922
109.37118253 130.62073864
114.16826045 143.81270292
140.15243253 97.04119318
152.14512733 181.78956981
51.00673448 204.17593344
239.69179941 20.28794643
238.49252993 196.58056006
3.03595526 5.49695617
174.53149097 5.49695617
59.80137733 159.40320617
469.56427557 496.59780844
427.58984375 559.55945617
537.92263596 738.25060877
778.17628856 620.32244318
780.17507102 602.73315747
869.32076907 667.89346591
871.71930804 658.29931006
881.71322037 502.79403409
600.15972504 16.89001623
826.42190037 8.89488636
813.62969257 2.49878247
822.42433543 2.49878247
851.20680296 4.89732143
836.01605621 8.89488636
864.79852374 8.09537338
882.38780946 4.89732143
892.78147829 4.89732143
981.52741985 19.28855519
977.52985491 8.09537338
826.42190037 268.53672890
817.22750101 274.93283279
765.65891335 283.32771916
775.25306920 277.73112825
611.47783076 269.73599838
464.76719765 140.61465097
529.52774959 185.58725649
531.12677557 168.79748377
269.41119623 151.20819805
109.50859882 112.03206169
143.14481707 219.27210366
