38.91327201 402.04862024
48.09461235 385.30617608
24.87122208 388.54664915
12.98948752 371.26412615
48.09461235 366.94349540
22.17082786 336.69908016
50.79500657 333.99868594
68.07752957 344.80026281
88.60052562 385.30617608
73.47831800 380.44546649
99.94218134 396.64783180
118.84494087 343.18002628
108.58344284 326.43758213
123.16557162 317.79632063
109.66360053 300.51379763
79.95926413 307.53482260
41.07358739 303.75427070
20.55059133 316.17608410
16.22996058 301.59395532
20.01051248 269.18922470
8.12877792 264.86859396
31.35216820 245.96583443
14.06964520 234.08409987
47.55453351 274.04993430
59.43626807 262.70827858
66.99737188 249.20630749
84.81997372 256.76741130
79.95926413 285.39159001
108.04336399 275.67017083
112.36399474 258.38764783
101.56241787 236.78449409
75.63863338 212.48094612
66.45729304 212.48094612
45.39421813 228.68331143
30.27201051 222.20236531
21.63074901 211.40078844
7.58869908 208.70039422
14.06964520 204.37976347
22.71090670 195.19842313
43.77398160 200.05913272
44.31406045 191.41787122
38.91327201 183.31668857
18.39027595 177.37582129
20.01051248 161.71353482
10.82917214 158.47306176
16.22996058 151.45203679
4.34822602 151.99211564
5.42838371 136.32982917
22.71090670 141.73061761
23.79106439 122.28777924
36.21287779 130.92904074
31.35216820 147.13140604
34.05256242 165.49408673
43.23390276 163.33377135
36.75295664 154.69250986
54.03547963 153.07227332
45.39421813 174.67542707
57.81603154 180.61629435
71.85808147 183.85676741
85.36005256 178.45597898
82.11957950 199.51905388
88.60052562 195.19842313
99.94218134 204.37976347
100.48226018 186.01708279
96.70170828 165.49408673
111.28383706 149.29172142
103.18265440 141.73061761
92.92115637 147.67148489
78.33902760 146.59132720
68.07752957 158.47306176
49.71484888 142.81077530
41.07358739 140.11038108
65.37713535 124.44809461
77.25886991 133.08935611
49.17477004 123.36793693
42.69382392 115.80683311
30.27201051 117.42706965
37.83311432 107.16557162
37.83311432 98.52431012
28.11169514 94.20367937
17.31011827 94.20367937
12.44940867 115.80683311
14.60972405 79.08147175
22.17082786 82.32194481
29.73193167 77.46123522
18.93035480 68.27989488
5.42838371 69.90013141
11.90932983 57.47831800
22.17082786 57.47831800
35.67279895 70.98028909
41.61366623 80.16162943
35.13272011 92.04336399
46.47437582 94.20367937
52.41524310 93.66360053
61.05650460 83.40210250
51.87516426 81.78186597
49.71484888 72.06044678
53.49540079 66.65965834
47.01445466 61.79894875
35.13272011 58.55847569
25.41130092 47.21681997
16.77003942 47.75689882
46.47437582 54.77792378
41.07358739 48.29697766
41.61366623 40.73587385
35.67279895 36.41524310
31.35216820 31.55453351
25.95137976 29.39421813
15.14980289 31.55453351
3.80814717 36.95532194
4.88830486 31.55453351
15.14980289 21.29303548
4.88830486 18.59264126
15.68988173 12.11169514
9.20893561 9.41130092
29.73193167 13.19185283
23.79106439 22.37319317
42.15374507 26.15374507
36.75295664 18.59264126
41.07358739 14.81208936
44.85413929 18.59264126
50.79500657 27.23390276
47.01445466 38.03547963
60.51642576 46.67674113
54.57555848 53.69776610
62.67674113 58.01839685
62.67674113 73.14060447
67.53745072 83.40210250
59.97634691 100.68462549
60.51642576 113.10643890
69.15768725 105.54533509
78.87910644 117.96714849
80.49934297 110.94612352
89.14060447 107.70565046
81.03942181 99.06438896
75.09855453 89.88304862
81.57950066 91.50328515
88.60052562 88.80289093
84.81997372 81.24178712
75.63863338 73.68068331
86.44021025 70.98028909
75.63863338 57.47831800
84.27989488 56.93823916
82.11957950 53.15768725
70.77792378 47.75689882
77.25886991 45.05650460
70.23784494 34.79500657
64.83705650 37.49540079
62.13666229 31.55453351
69.15768725 28.31406045
62.67674113 18.59264126
58.35611038 10.49145861
52.41524310 13.73193167
48.09461235 5.63074901
54.03547963 3.47043364
40.53350854 7.79106439
35.67279895 4.01051248
69.69776610 14.27201051
76.71879106 9.41130092
88.60052562 7.25098555
82.11957950 18.59264126
76.71879106 25.07358739
83.19973719 33.17477004
90.22076216 33.71484888
92.92115637 21.29303548
91.30091984 15.35216820
98.32194481 9.41130092
103.18265440 14.27201051
101.02233903 27.23390276
97.24178712 38.03547963
103.72273325 47.21681997
102.10249671 57.47831800
111.82391590 53.15768725
112.36399474 61.25886991
107.50328515 63.41918528
101.56241787 66.11957950
95.08147175 68.81997372
96.70170828 78.54139290
103.18265440 82.32194481
110.20367937 84.48226018
103.18265440 96.36399474
97.78186597 100.14454665
89.68068331 98.52431012
95.08147175 125.52825230
113.44415243 120.12746386
115.60446781 134.16951380
119.92509855 139.57030223
131.80683311 127.14848883
128.02628121 115.80683311
119.92509855 113.64651774
122.62549277 103.92509855
117.22470434 99.60446781
124.24572930 94.74375821
118.84494087 88.26281209
124.24572930 80.70170828
129.10643890 72.06044678
123.16557162 62.87910644
130.18659658 55.31800263
124.24572930 50.45729304
123.70565046 41.27595269
129.64651774 42.35611038
122.08541393 28.85413929
123.16557162 19.67279895
128.56636005 20.75295664
128.56636005 26.69382392
114.52431012 190.87779238
123.16557162 190.87779238
126.94612352 173.05519054
113.98423127 168.73455979
135.58738502 168.19448095
130.18659658 207.62023653
116.68462549 205.45992116
125.32588699 225.98291721
128.56636005 262.70827858
140.44809461 243.26544021
151.78975033 269.72930355
143.68856767 285.39159001
152.86990802 309.15505913
142.06833114 370.18396846
166.37187911 357.76215506
173.39290407 339.93955322
194.45597898 333.99868594
168.53219448 269.18922470
180.41392904 262.16819974
177.71353482 234.62417871
151.24967148 233.00394218
160.43101183 216.80157687
149.08935611 200.59921156
137.20762155 185.47700394
146.92904074 175.75558476
164.21156373 186.01708279
176.09329829 171.97503285
169.07227332 176.29566360
154.49014455 163.87385020
155.57030223 151.99211564
143.14848883 153.07227332
145.84888305 139.03022339
161.51116951 143.35085414
157.73061761 134.16951380
148.00919842 124.44809461
160.43101183 122.28777924
155.57030223 109.86596583
139.36793693 109.32588699
134.50722733 100.68462549
141.52825230 84.48226018
156.11038108 81.78186597
159.89093298 93.12352168
162.05124836 102.84494087
175.55321945 89.88304862
173.93298292 101.22470434
181.49408673 135.78975033
185.27463863 115.80683311
191.75558476 127.14848883
192.29566360 108.78580815
191.21550591 94.74375821
183.11432326 81.24178712
170.69250986 80.16162943
169.07227332 72.06044678
157.73061761 70.44021025
149.08935611 66.11957950
157.19053876 56.93823916
145.30880420 53.69776610
144.76872536 42.35611038
135.58738502 43.43626807
139.90801577 33.71484888
131.80683311 33.71484888
136.66754271 26.69382392
140.44809461 21.29303548
140.98817346 16.43232589
135.58738502 16.43232589
128.02628121 13.73193167
125.32588699 8.33114323
112.36399474 16.43232589
111.28383706 7.25098555
119.38501971 4.55059133
131.26675427 5.63074901
136.66754271 5.63074901
144.76872536 6.17082786
148.00919842 20.75295664
155.57030223 18.05256242
150.70959264 12.11169514
157.19053876 8.33114323
165.29172142 7.79106439
164.75164258 21.29303548
164.21156373 15.89224704
166.37187911 29.39421813
162.05124836 34.79500657
159.89093298 40.19579501
152.32982917 42.35611038
151.24967148 34.79500657
153.40998686 27.23390276
146.92904074 28.31406045
164.21156373 48.83705650
174.47306176 44.51642576
183.11432326 41.27595269
176.63337714 37.49540079
176.63337714 33.71484888
185.81471748 31.55453351
177.17345598 25.61366623
178.25361367 20.21287779
181.49408673 13.19185283
175.01314060 7.79106439
179.87385020 3.47043364
187.97503285 5.63074901
190.67542707 7.79106439
196.61629435 15.35216820
190.67542707 22.91327201
194.45597898 33.17477004
189.59526938 60.71879106
179.33377135 57.47831800
170.69250986 63.41918528
186.35479632 72.60052562
178.79369251 71.52036794
192.29566360 82.32194481
200.93692510 88.80289093
209.57818660 87.72273325
205.25755585 76.38107753
201.47700394 66.11957950
197.69645204 58.01839685
200.93692510 49.37713535
207.95795007 43.97634691
210.11826544 38.03547963
205.25755585 29.93429698
210.11826544 21.83311432
204.17739816 18.59264126
211.73850197 14.27201051
219.83968463 8.33114323
203.09724047 5.63074901
222.54007884 28.85413929
219.83968463 20.75295664
229.02102497 12.11169514
230.10118265 21.29303548
232.26149803 31.55453351
237.12220762 25.07358739
225.78055191 43.97634691
233.34165572 48.83705650
228.48094612 56.93823916
216.05913272 54.77792378
212.81865966 60.17871222
225.78055191 66.11957950
226.86070959 74.76084100
217.13929041 80.70170828
227.40078844 87.72273325
226.32063075 103.38501971
216.59921156 109.86596583
205.25755585 105.54533509
200.93692510 97.44415243
208.49802891 119.58738502
205.79763469 130.38896189
214.43889619 123.90801577
223.08015769 122.28777924
214.97897503 143.89093298
225.24047306 136.32982917
210.65834428 155.23258870
196.07621551 161.17345598
192.83574244 152.53219448
185.81471748 161.71353482
179.33377135 150.37187911
172.85282523 158.47306176
189.05519054 139.03022339
207.41787122 176.29566360
194.99605782 195.73850197
201.47700394 192.49802891
194.99605782 207.08015769
187.43495401 221.66228647
197.15637319 230.84362681
198.77660972 256.22733246
192.29566360 280.53088042
214.97897503 262.16819974
206.33771353 299.43363995
234.42181340 286.47174770
241.98291721 310.23521682
246.84362681 327.51773982
232.26149803 373.42444152
194.45597898 372.88436268
190.13534823 359.92247043
256.56504599 359.38239159
254.94480946 389.62680683
226.86070959 391.24704336
296.53088042 394.48751643
289.50985545 375.58475690
299.23127464 343.72010512
282.48883049 322.65703022
264.12614980 327.51773982
276.54796321 271.34954008
262.50591327 244.88567674
250.62417871 232.46386334
226.32063075 241.10512484
239.82260184 202.21944809
220.37976347 220.58212878
225.24047306 193.57818660
245.76346912 187.09724047
237.12220762 153.07227332
224.70039422 163.33377135
237.12220762 140.65045992
226.86070959 150.37187911
246.30354796 126.60840999
240.90275953 131.46911958
239.28252300 124.44809461
233.88173456 110.94612352
238.74244415 102.84494087
243.06307490 93.66360053
256.56504599 97.44415243
254.40473062 109.86596583
272.22733246 116.88699080
263.58607096 143.89093298
272.22733246 146.59132720
265.20630749 133.62943495
268.44678055 167.65440210
264.12614980 178.45597898
261.42575558 193.57818660
272.22733246 180.61629435
249.00394218 213.56110381
280.32851511 211.94086728
272.22733246 226.52299606
307.33245729 285.93166886
302.47174770 252.44678055
310.57293035 216.26149803
292.21024967 188.71747700
310.57293035 169.27463863
318.13403417 181.15637319
307.33245729 159.01314060
279.78843627 155.23258870
287.34954008 148.21156373
304.63206307 141.19053876
317.05387648 147.67148489
328.93561104 139.03022339
309.49277267 127.68856767
318.13403417 113.64651774
289.50985545 116.34691196
283.56898817 108.24572930
308.95269382 105.00525624
293.83048620 95.82391590
311.11300920 87.72273325
287.88961892 83.40210250
275.46780552 82.86202365
268.44678055 88.26281209
259.26544021 86.64257556
257.64520368 76.38107753
266.82654402 65.03942181
251.16425756 61.25886991
243.06307490 57.47831800
252.24441524 49.91721419
245.76346912 46.13666229
251.70433640 39.11563732
254.94480946 30.47437582
246.30354796 29.39421813
254.40473062 20.75295664
243.06307490 4.55059133
251.16425756 7.79106439
254.94480946 12.65177398
261.96583443 18.05256242
265.74638633 28.31406045
261.42575558 40.73587385
270.06701708 46.13666229
281.40867280 45.59658344
277.62812089 38.03547963
285.72930355 32.09461235
273.84756899 21.83311432
283.56898817 9.41130092
271.68725361 6.17082786
290.04993430 6.71090670
298.69119580 39.65571616
286.80946124 57.47831800
271.68725361 53.15768725
277.62812089 68.27989488
290.04993430 70.98028909
300.31143233 68.27989488
300.31143233 60.17871222
308.41261498 41.81603154
303.01182654 31.01445466
310.57293035 14.27201051
297.07095926 12.11169514
318.13403417 25.61366623
310.03285151 24.53350854
321.91458607 9.95137976
326.23521682 21.83311432
333.25624179 34.79500657
321.91458607 47.75689882
326.23521682 42.89618922
339.73718791 43.97634691
334.33639947 55.31800263
322.99474376 57.47831800
313.27332457 63.41918528
311.65308804 68.27989488
319.75427070 68.27989488
321.91458607 76.92115637
336.49671485 78.00131406
334.87647832 102.84494087
326.77529566 94.74375821
339.19710907 121.74770039
352.69908016 120.66754271
352.69908016 106.62549277
352.15900131 95.28383706
361.34034166 88.80289093
357.55978975 81.24178712
349.99868594 61.25886991
360.26018397 50.99737188
373.76215506 46.13666229
373.76215506 38.57555848
371.60183968 29.39421813
365.12089356 30.47437582
353.23915900 34.25492773
359.72010512 20.75295664
341.89750329 20.75295664
347.83837057 14.81208936
344.59789750 7.25098555
353.77923784 12.11169514
303.55190539 4.01051248
68.61760841 5.09067017
64.83705650 7.79106439
360.80026281 3.47043364
364.58081472 8.33114323
351.61892247 3.47043364
372.14191853 10.49145861
390.50459921 4.55059133
380.24310118 5.63074901
388.88436268 14.81208936
402.92641261 8.33114323
408.32720105 9.41130092
406.16688568 14.27201051
416.96846255 12.11169514
416.42838371 5.09067017
423.44940867 7.79106439
432.09067017 8.33114323
440.73193167 14.27201051
361.91425756 125.93331143
365.69480946 118.64224704
364.34461235 105.14027595
374.06603154 80.83672799
384.59756899 78.67641261
385.67772668 53.56274639
391.34855453 135.65473062
367.04500657 143.48587385
364.61465177 154.28745072
353.27299606 148.61662286
342.20137976 164.81898817
350.30256242 176.16064389
370.01544021 195.87352168
388.10808147 198.84395532
407.82095926 200.19415243
407.01084100 181.29139290
392.42871222 164.00886991
395.12910644 149.42674113
381.35709593 116.48193167
391.34855453 97.57917214
398.09954008 62.47404731
411.06143233 59.50361367
402.42017083 40.87089356
387.02792378 32.22963206
405.93068331 26.82884363
436.44513798 48.16195795
432.39454665 36.55026281
424.29336399 30.87943495
416.73226018 26.82884363
419.43265440 18.45762155
426.45367937 23.31833114
434.82490145 27.09888305
441.03580815 23.31833114
422.94316689 48.70203679
424.29336399 58.42345598
435.09494087 70.30519054
419.16261498 81.64684625
401.06997372 72.19546649
420.51281209 96.22897503
415.65210250 105.95039422
430.77431012 100.27956636
436.71517740 110.81110381
441.30584757 85.69743758
439.95565046 78.67641261
423.75328515 70.57522996
413.22174770 121.34264126
414.57194481 135.11465177
414.03186597 147.80650460
397.28942181 129.71386334
430.50427070 132.68429698
441.03580815 129.98390276
435.09494087 149.96681997
439.68561104 168.32950066
436.71517740 197.49375821
434.25098555 18.05256242
398.06570302 230.30354796
378.08278581 240.56504599
365.12089356 232.46386334
358.63994744 219.50197109
343.51773982 207.62023653
331.63600526 213.02102497
335.41655716 241.64520368
331.09592641 252.98685940
324.61498029 274.59001314
343.51773982 284.85151117
324.07490145 307.53482260
349.99868594 318.87647832
340.27726675 340.47963206
352.15900131 361.54270696
389.96452037 364.78318003
413.18791064 386.38633377
421.28909330 305.91458607
389.42444152 327.51773982
366.20105125 312.39553219
390.50459921 276.21024967
360.80026281 256.22733246
415.34822602 260.54796321
432.09067017 282.15111695
435.33114323 250.82654402
431.55059133 221.12220762
