14.69818041 286.69428452
20.43926094 269.47104293
10.52284911 261.12038034
18.35159529 258.51079828
4.78176858 252.76971775
15.74201323 245.46288799
6.86943423 225.10814793
32.96525482 238.15605822
22.00501017 237.11222540
29.83375635 232.41497769
30.35567276 221.45473305
40.79400100 224.06431510
46.53508153 231.37114487
47.57891435 241.80947311
54.88574412 241.80947311
43.40358306 249.11630287
42.88166665 261.12038034
30.35567276 260.07654752
28.78992353 256.42313264
25.65842506 246.50672081
32.96525482 267.38337729
37.14058612 273.64637423
31.39950559 279.38745476
50.71041282 283.56278605
52.27616206 272.60254140
48.62274718 269.47104293
48.10083076 262.68612958
59.06107541 252.76971775
50.18849641 252.76971775
70.54323647 246.50672081
61.14874106 236.59030899
63.23640671 219.88898381
49.66658000 221.97664946
41.31591741 213.10407046
58.01724259 207.36298993
72.63090212 189.09591551
73.67473494 180.22333651
71.58706930 168.74117545
87.76647806 184.39866781
87.24456165 173.43842316
96.63905706 175.52608880
65.32407235 208.40682275
72.10898571 205.27532428
72.10898571 199.01232734
64.80215594 199.53424375
80.98156471 205.79724069
86.72264524 195.35891245
97.16097348 205.79724069
72.63090212 305.48327535
71.58706930 295.56686352
71.58706930 280.95320399
64.28023953 294.52303070
88.81031089 289.30386658
80.98156471 287.21620094
87.24456165 276.77787270
82.02539753 261.12038034
69.49940365 262.68612958
84.11306318 252.76971775
81.50348112 238.15605822
92.98564218 236.06839258
92.46372577 228.76156281
90.37606012 219.36706740
73.15281853 221.97664946
99.77055553 192.22741398
108.64313454 182.83291857
122.21296124 179.70142010
121.16912842 185.44250063
118.03762995 173.43842316
112.81846583 202.66574222
118.55954636 202.14382581
125.86637613 198.49041092
126.91020895 202.66574222
126.91020895 210.49448840
126.91020895 215.71365252
113.86229865 216.23556893
102.90205401 216.75748534
111.25271660 231.37114487
103.94588683 239.19989105
100.81438836 246.50672081
99.77055553 260.07654752
99.77055553 267.38337729
100.29247195 279.38745476
108.12121812 275.73403988
104.46780324 294.00111429
98.72672271 304.96135894
92.46372577 303.91752611
114.90613148 309.65860664
120.64721201 300.26411123
120.12529560 286.69428452
132.12937307 312.26818870
130.04170742 301.82986047
136.82662077 286.69428452
131.08554024 279.38745476
132.65128948 264.77379523
131.60745666 252.76971775
107.59930171 261.12038034
120.64721201 255.37929981
126.91020895 240.24372387
122.21296124 234.50264334
134.21703872 232.41497769
148.30878183 212.58215404
142.04578489 202.66574222
138.39237001 192.74933039
145.69919978 194.31507963
141.52386848 189.09591551
134.73895513 181.78908575
133.69512230 169.78500827
144.65536695 167.17542622
147.78686542 179.17950369
155.61561160 175.52608880
166.57585625 179.70142010
161.35669213 192.22741398
160.83477572 185.44250063
162.40052495 203.18765863
154.57177878 226.67389716
162.92244137 224.06431510
169.70735472 224.06431510
175.97035166 217.80131816
163.96627419 232.93689411
153.00602954 236.59030899
147.78686542 239.72180746
155.61561160 246.50672081
148.83069825 253.81355058
144.65536695 264.77379523
156.65944442 269.99295934
155.61561160 278.34362193
157.18136084 297.65452917
161.87860854 306.00519176
168.14160548 286.69428452
181.71143219 287.73811735
174.92651884 267.38337729
175.97035166 257.98888187
183.79909784 252.76971775
179.62376654 238.15605822
185.88676349 227.19581358
194.23742608 215.71365252
187.97442913 221.45473305
178.05801731 199.53424375
178.05801731 191.18358116
178.05801731 186.48633345
184.84293066 177.09183804
178.05801731 171.87267392
195.28125890 171.87267392
202.06617225 179.17950369
200.50042302 172.91650675
202.58808866 169.26309186
213.54833331 169.78500827
211.46066767 183.35483498
202.06617225 190.66166475
187.97442913 191.70549757
191.10592760 204.75340787
207.80725278 198.49041092
202.58808866 211.01640481
210.93875125 212.58215404
215.63599896 205.27532428
219.28941384 196.40274528
214.07024972 221.97664946
211.46066767 230.84922846
211.46066767 243.89713875
202.58808866 257.46696546
199.45659019 272.08062499
200.50042302 278.34362193
192.14976043 301.30794405
186.93059631 315.92160359
201.54425584 314.35585435
203.63192149 306.00519176
180.66759937 304.96135894
238.60032108 301.30794405
247.47290008 305.48327535
235.46882261 289.30386658
217.20174820 279.90937117
242.25373596 271.03679217
232.85924055 258.51079828
220.33324667 254.33546699
221.37707949 242.85330593
228.16199284 246.50672081
219.28941384 238.15605822
224.50857796 224.06431510
237.03457184 229.28347922
232.33732414 218.32323457
223.46474514 216.23556893
226.59624361 205.27532428
235.99073902 190.13974834
229.20582567 190.13974834
219.81133025 183.35483498
227.64007643 181.26716933
257.91122832 186.48633345
244.34140161 188.57399910
243.29756879 177.09183804
233.38115696 175.52608880
227.64007643 172.91650675
220.85516308 168.21925904
228.68390926 167.17542622
253.21398061 178.13567086
241.20990314 169.26309186
259.47697755 171.87267392
262.08655961 168.74117545
269.91530579 169.78500827
280.87555044 176.04800522
274.09063708 167.17542622
281.91938326 166.65350980
266.78380732 190.13974834
275.65638632 187.53016628
292.87962791 188.05208269
266.26189091 208.40682275
263.13039244 206.84107351
253.73589702 205.27532428
240.68798673 206.84107351
250.08248214 219.36706740
256.34547908 230.32731205
256.34547908 239.19989105
244.86331802 248.07247005
229.72774208 238.15605822
267.30572373 245.46288799
258.95506114 249.11630287
261.04272679 264.77379523
268.34955655 263.72996240
251.12631496 291.39153223
253.21398061 276.77787270
263.65230885 272.08062499
276.17830273 285.65045170
276.17830273 297.65452917
278.78788479 316.44352000
282.96321609 290.86961582
286.61663097 275.73403988
281.39746685 260.07654752
276.70021914 245.46288799
266.78380732 225.10814793
280.35363403 214.66981969
288.18238020 201.09999298
272.52488785 201.62190940
288.18238020 223.54239869
288.18238020 228.76156281
289.74812944 241.80947311
301.23029050 237.11222540
306.44945462 240.24372387
310.62478591 251.72588493
293.40154432 268.42721011
312.19053515 263.72996240
303.31795615 290.86961582
321.06311415 316.44352000
343.50551986 320.61885129
331.50144239 295.04494711
330.45760956 278.34362193
318.97544850 271.03679217
324.71652903 257.98888187
343.50551986 273.64637423
358.11917939 280.43128758
363.86025992 292.95728147
376.90817021 299.22027841
392.04374616 319.57501847
397.26291027 298.69836200
390.99991333 285.65045170
402.48207439 279.38745476
382.64925074 275.73403988
371.16708968 259.03271470
344.02743627 252.76971775
343.50551986 243.89713875
354.98768092 232.41497769
368.03559121 221.97664946
360.20684504 211.01640481
345.07126909 214.14790328
330.45760956 228.76156281
334.11102444 214.14790328
323.67269621 236.59030899
316.88778285 227.19581358
310.62478591 215.71365252
318.45353209 210.49448840
307.49328744 205.79724069
293.92346073 194.31507963
308.01520385 180.74525292
300.70837409 179.17950369
317.40969927 196.40274528
330.45760956 202.14382581
344.02743627 197.44657810
411.87656981 311.22435588
427.53406216 294.00111429
422.31489804 281.99703682
409.78890416 260.07654752
409.26698775 252.76971775
406.65740569 244.41905517
397.26291027 236.06839258
386.30266563 244.41905517
418.13956675 265.81762805
443.19155452 300.26411123
441.62580528 313.31202153
456.23946481 316.96543641
479.72570334 316.44352000
482.33528540 305.48327535
476.07228846 298.69836200
478.15995411 290.34769941
497.47086135 299.22027841
502.16810905 311.22435588
499.03661058 273.64637423
479.20378693 260.07654752
470.33120793 262.16421317
456.23946481 272.60254140
448.41071863 269.99295934
455.71754840 262.16421317
438.49430681 260.07654752
425.44639651 251.20396852
420.22723240 242.85330593
410.31082057 219.88898381
392.04374616 225.63006434
387.34649845 211.01640481
398.82865951 197.44657810
382.12733433 195.35891245
374.29858815 192.74933039
362.81642709 199.53424375
358.11917939 188.57399910
348.20276756 175.52608880
369.07942404 173.96033957
385.25883280 177.61375445
394.65332822 183.35483498
410.83273698 184.39866781
416.57381751 201.62190940
422.31489804 191.70549757
435.36280834 191.70549757
437.45047399 183.87675139
432.75322628 172.91650675
444.75730375 192.22741398
453.10796634 192.22741398
468.76545869 190.13974834
454.67371558 202.14382581
448.41071863 212.58215404
446.32305299 229.28347922
427.53406216 215.71365252
472.41887358 225.10814793
454.67371558 227.71772999
474.50653923 210.49448840
483.90103464 204.75340787
479.72570334 214.14790328
476.59420487 217.80131816
478.68187052 242.85330593
490.68594799 246.50672081
490.16403158 234.50264334
482.33528540 227.71772999
506.34344035 246.50672081
503.73385829 234.50264334
507.38727317 227.19581358
500.08044340 216.75748534
496.94894493 202.14382581
494.33936287 190.66166475
478.15995411 194.31507963
465.11204381 179.17950369
503.21194188 192.74933039
506.34344035 191.70549757
499.55852699 179.17950369
506.86535676 174.48225598
491.20786440 175.52608880
482.33528540 168.21925904
477.11612128 171.87267392
454.67371558 169.78500827
317.40969927 172.91650675
326.80419468 180.22333651
516.52081038 312.26818870
508.17014779 315.92160359
518.08655961 277.29978911
531.65638632 256.42313264
526.95913861 234.50264334
515.47697755 225.10814793
525.39338938 214.66981969
530.61255350 208.92873916
540.52896532 205.27532428
512.34547908 205.27532428
514.95506114 197.44657810
521.73997450 193.79316322
532.17830273 193.79316322
540.52896532 194.83699604
551.48920997 188.05208269
557.23029050 188.57399910
550.96729356 178.13567086
518.08655961 173.96033957
534.78788479 172.91650675
543.66046379 233.98072693
542.61663097 221.45473305
531.65638632 221.45473305
556.18645768 205.27532428
549.40154432 290.86961582
547.83579509 264.77379523
541.05088173 256.42313264
558.27412332 259.03271470
571.32203362 246.50672081
561.40562179 228.76156281
569.23436797 223.54239869
568.71245156 210.49448840
555.66454126 212.06023763
554.62070844 300.26411123
537.91938326 321.66268412
529.04680426 304.96135894
529.56872067 271.03679217
451.28125890 285.65045170
566.62478591 321.14076770
575.49736491 307.57094100
589.06719162 306.00519176
608.37809886 297.65452917
601.59318550 280.43128758
584.89186033 284.60661888
570.27820079 286.69428452
582.80419468 269.47104293
570.27820079 265.81762805
582.80419468 254.85738340
588.02335880 241.80947311
595.85210497 239.19989105
598.46168703 231.37114487
605.24660039 238.15605822
605.76851680 228.76156281
613.07534656 230.84922846
607.33426603 246.50672081
601.07126909 264.77379523
592.72060650 268.42721011
621.42600915 274.69020705
622.46984198 283.56278605
638.64925074 299.22027841
620.90409274 320.09693488
672.05190110 315.92160359
680.40256369 301.82986047
702.84496940 302.87369329
699.19155452 317.48735282
723.19970946 292.95728147
729.46270640 292.95728147
752.42702852 300.26411123
762.34344035 310.70243947
762.34344035 305.48327535
773.30368499 310.70243947
740.42295105 320.09693488
780.61051476 301.30794405
785.30776247 297.65452917
785.82967888 289.30386658
776.95709988 281.99703682
761.29960752 283.56278605
757.64619264 278.34362193
747.20786440 261.64229676
745.64211517 274.69020705
735.20378693 268.42721011
718.50246175 273.64637423
704.93263505 275.73403988
704.93263505 280.95320399
678.31489804 290.34769941
663.70123851 280.43128758
654.30674310 274.69020705
644.91224769 279.38745476
651.69716104 265.29571164
642.30266563 257.46696546
633.95200304 265.81762805
633.95200304 260.07654752
632.38625380 247.55055364
631.86433739 239.72180746
620.90409274 239.19989105
622.46984198 264.77379523
619.86025992 261.12038034
618.29451068 253.81355058
566.10286950 196.40274528
566.62478591 183.87675139
579.67269621 183.87675139
588.02335880 190.13974834
571.84395003 177.61375445
560.36178897 176.56992163
586.45760956 176.04800522
597.41785421 174.48225598
603.15893474 172.39459033
613.59726298 172.91650675
623.51367480 171.87267392
607.85618245 170.82884110
632.38625380 182.83291857
624.03559121 190.13974834
605.24660039 190.13974834
603.68085115 198.49041092
624.03559121 201.09999298
583.84802750 206.84107351
580.71652903 219.36706740
577.06311415 230.32731205
596.37402139 216.75748534
607.33426603 219.88898381
608.37809886 214.14790328
595.85210497 209.45065557
602.63701833 207.36298993
646.99991333 223.02048228
647.52182974 231.37114487
642.30266563 234.50264334
656.91632516 242.85330593
656.39440875 232.93689411
655.87249233 228.76156281
624.03559121 221.45473305
621.42600915 212.58215404
632.38625380 208.40682275
648.56566257 206.84107351
639.69308357 201.09999298
651.69716104 192.74933039
649.60949539 184.39866781
641.78074921 182.83291857
659.00399081 201.09999298
664.74507134 189.09591551
660.56974004 190.13974834
660.04782363 218.32323457
664.74507134 227.19581358
670.48615187 227.19581358
671.52998469 248.07247005
661.09165645 256.42313264
671.52998469 262.16421317
681.44639651 261.12038034
690.84089193 262.16421317
692.92855757 246.50672081
703.88880222 242.85330593
714.84904687 256.42313264
720.59012740 262.16421317
715.89287969 252.76971775
733.11612128 243.37522234
745.64211517 253.81355058
755.55852699 251.72588493
763.38727317 241.80947311
777.47901629 242.85330593
762.86535676 221.45473305
779.56668194 220.41090022
789.48309376 225.10814793
787.91734453 227.71772999
785.82967888 208.92873916
782.69818041 199.53424375
770.69410294 201.09999298
773.82560141 191.70549757
783.74201323 171.87267392
771.73793576 175.52608880
753.99277776 175.52608880
730.50653923 188.05208269
736.24761976 166.65350980
725.80929152 179.17950369
710.67371558 183.35483498
680.92448010 236.06839258
678.31489804 220.41090022
687.18747704 217.80131816
680.40256369 209.45065557
679.88064728 193.79316322
687.18747704 182.83291857
698.66963810 179.17950369
690.31897551 176.04800522
687.70939346 170.30692469
696.58197246 171.87267392
712.76138122 172.39459033
703.36688581 171.87267392
722.15587664 201.62190940
731.02845564 218.32323457
714.32713046 227.19581358
711.71754840 214.14790328
718.50246175 213.10407046
747.20786440 203.70957504
745.12019876 189.09591551
754.51469417 184.92058422
701.80113657 193.79316322
704.93263505 205.27532428
690.31897551 192.22741398
671.00806828 170.82884110
667.35465339 182.83291857
667.35465339 176.56992163
660.56974004 169.78500827
648.04374616 169.26309186
703.88880222 221.45473305
743.55444952 220.41090022
765.47493882 266.33954446
771.21601935 263.72996240
773.30368499 254.33546699
779.56668194 252.76971775
353.68288989 313.83393794
694.23334860 290.86961582
789.22213556 311.22435588
802.79196226 319.57501847
816.36178897 316.44352000
798.61663097 298.69836200
816.36178897 280.95320399
807.48920997 280.43128758
791.83171761 280.43128758
799.66046379 265.29571164
793.39746685 250.16013570
803.31387867 253.81355058
806.96729356 245.46288799
819.49328744 250.16013570
832.54119774 246.50672081
841.93569315 239.19989105
819.49328744 265.29571164
838.80419468 294.00111429
822.10286950 295.04494711
845.06719162 304.96135894
864.37809886 301.82986047
872.20684504 310.70243947
854.46168703 283.04086964
838.80419468 272.08062499
847.67677368 269.47104293
857.59318550 249.11630287
846.63294086 260.07654752
872.72876145 248.07247005
883.16708968 241.80947311
878.99175839 263.72996240
872.20684504 275.73403988
881.07942404 289.30386658
897.78074921 305.48327535
904.04374616 284.08470246
908.74099386 267.38337729
920.22315492 271.03679217
942.66556063 296.61069635
929.09573392 301.82986047
936.92448010 312.26818870
909.26291027 304.96135894
969.28329763 313.83393794
952.06005604 320.61885129
976.59012740 292.95728147
969.80521405 286.69428452
1002.68594799 300.26411123
999.03253311 283.04086964
989.11612128 275.73403988
984.41887358 265.81762805
977.63396022 261.64229676
997.46678387 262.16421317
944.75322628 273.12445782
957.27922016 271.03679217
916.56974004 249.11630287
902.99991333 251.20396852
932.22723240 244.41905517
940.05597857 252.76971775
954.66963810 256.42313264
948.40664116 248.07247005
955.71347093 240.76564028
969.28329763 239.19989105
974.50246175 251.20396852
976.59012740 257.46696546
995.90103464 239.72180746
1013.64619264 256.42313264
1018.86535676 248.07247005
1018.86535676 279.38745476
1010.51469417 268.42721011
817.92753821 233.98072693
802.79196226 231.37114487
815.31795615 216.23556893
822.10286950 217.80131816
794.96321609 187.53016628
800.70429662 173.43842316
808.53304279 178.13567086
811.66454126 188.05208269
805.40154432 205.27532428
815.83987256 201.09999298
830.45353209 202.14382581
830.45353209 208.40682275
844.02335880 208.40682275
854.46168703 212.06023763
849.76443933 216.75748534
870.11917939 208.40682275
864.90001527 201.09999298
875.33834351 218.32323457
877.42600915 225.10814793
869.59726298 232.93689411
859.68085115 231.37114487
850.28635574 234.50264334
913.96015798 216.75748534
911.87249233 232.41497769
901.43416410 238.15605822
889.43008663 228.76156281
889.95200304 214.66981969
881.60134045 205.27532428
893.60541792 194.31507963
887.86433739 187.53016628
880.55750762 194.31507963
873.25067786 188.57399910
865.94384809 184.92058422
857.59318550 192.22741398
852.37402139 187.53016628
848.72060650 177.09183804
830.97544850 187.53016628
824.71245156 172.91650675
829.40969927 165.60967698
835.15077980 166.13159339
836.71652903 172.39459033
918.13548928 201.09999298
899.86841486 201.09999298
930.13956675 219.88898381
936.40256369 228.76156281
952.58197246 215.71365252
937.96831293 207.36298993
934.83681445 194.31507963
920.74507134 190.13974834
907.17524463 183.35483498
914.48207439 181.78908575
896.73691639 179.17950369
908.74099386 177.61375445
925.96423545 165.60967698
951.01622322 186.48633345
961.97646787 177.61375445
949.97239040 171.87267392
970.32713046 192.22741398
970.84904687 212.06023763
954.66963810 199.53424375
991.72570334 200.05616016
980.76545869 166.36666708
975.54629458 172.10774761
956.23538734 156.45025525
943.18747704 161.14750296
940.05597857 165.32283426
938.49022934 175.76116249
905.60949539 168.45433273
894.12733433 167.41049990
881.07942404 176.80499532
870.64109580 174.71732967
878.46984198 167.41049990
865.42193168 166.36666708
859.68085115 177.32691173
851.33018856 161.66941937
837.76036186 159.05983731
843.50144239 156.45025525
829.40969927 161.14750296
820.53712026 158.01600449
822.62478591 151.23109114
822.62478591 162.71325220
811.14262485 163.75708502
811.14262485 173.15158043
903.52182974 151.23109114
903.52182974 158.01600449
910.30674310 156.45025525
918.65740569 157.49408808
921.26698775 148.09959267
936.92448010 152.79684037
939.53406216 143.92426137
948.40664116 149.14342549
948.92855757 144.44617778
953.10388887 139.22701366
966.15179916 141.83659572
957.80113657 147.57767625
965.10796634 134.52976596
979.72162587 140.27084649
973.98054534 135.57359878
988.59420487 154.88450602
1015.21194188 157.49408808
1006.86127929 155.40642243
995.37911823 161.66941937
1006.33936287 187.24332355
988.07228846 188.28715638
1005.29553005 142.88042855
989.63803770 120.95993925
982.85312434 113.13119307
973.45862893 93.82028584
976.06821099 85.46962325
967.19563199 117.82844078
949.97239040 122.00377207
945.79705910 128.78868543
933.79298163 132.96401672
932.74914881 125.13527055
921.78890416 122.00377207
916.04782363 120.95993925
894.12733433 142.88042855
891.51775227 138.18318084
887.34242098 135.57359878
890.47391945 152.79684037
887.34242098 150.18725831
883.16708968 138.18318084
876.38217633 133.48593313
871.68492862 141.83659572
889.43008663 161.66941937
1012.60235982 120.95993925
1017.16912842 112.34831846
1010.64517327 101.12711560
999.94588683 106.08532151
994.98768092 101.38807381
986.11510192 87.03537248
930.00908765 103.21478125
934.18441894 109.47777819
866.33528540 127.48389440
856.15791537 133.74689134
793.52794595 124.09143772
784.65536695 125.13527055
807.35873087 141.57563752
814.40460243 146.27288522
815.97035166 139.74893008
827.19155452 140.27084649
819.10185013 132.44210031
829.27922016 130.61539287
812.83885319 114.43598410
804.74914881 116.78460796
803.96627419 124.09143772
803.70531598 129.57156005
810.75118754 131.13730928
812.31693678 125.13527055
773.17320589 118.87227360
777.87045360 113.39215128
865.81336899 105.82436331
861.37707949 97.47370072
860.33324667 102.95382304
869.20582567 111.30448563
869.20582567 115.21885872
875.99073902 117.82844078
867.64007643 120.95993925
906.52284911 120.43802284
916.43926094 113.91406769
909.39338938 110.52161101
914.87351170 105.82436331
952.71245156 101.64903201
961.06311415 99.56136637
934.44537715 92.25453660
930.00908765 97.99561713
924.52896532 93.03741122
916.17830273 97.47370072
920.09267582 106.60723793
895.82356267 97.73465892
898.43314473 100.60519919
879.90511211 105.82436331
876.25169723 101.38807381
885.12427623 100.60519919
777.08757898 102.43190663
959.36688581 167.41049990
539.22417429 165.32283426
524.08859835 155.40642243
517.82560141 160.10367014
518.86943423 166.36666708
530.35159529 179.93649379
526.69818041 170.54199837
536.09267582 154.36258961
553.31591741 159.05983731
542.87758917 161.66941937
543.39950559 177.84882814
555.40358306 167.41049990
561.14466359 152.27492396
580.45557083 160.10367014
574.71449030 156.45025525
587.24048418 158.01600449
574.71449030 148.09959267
585.15281853 139.74893008
586.71856777 150.70917472
600.81031089 149.14342549
591.93773189 145.49001061
595.59114677 166.88858349
595.59114677 158.01600449
600.81031089 161.66941937
610.20480630 156.45025525
615.42397042 163.23516861
620.12121812 159.05983731
631.60337918 173.67349684
637.34445971 166.88858349
637.34445971 156.45025525
647.78278795 161.66941937
654.56770130 154.36258961
666.57177878 162.71325220
667.09369519 152.79684037
626.38421507 152.79684037
610.20480630 150.70917472
606.02947500 144.44617778
602.37606012 136.09551519
620.12121812 139.74893008
611.24863912 132.44210031
605.50755859 126.70101978
599.24456165 127.22293619
591.93773189 126.17910337
588.28431700 133.48593313
585.15281853 127.22293619
571.06107541 138.18318084
563.75424565 137.66126443
553.83783382 147.05575984
553.31591741 140.79276290
549.14058612 148.09959267
539.74609070 140.79276290
549.14058612 132.44210031
543.92142200 134.52976596
515.21601935 135.05168237
513.12835370 125.13527055
519.39135064 128.78868543
522.52284911 136.09551519
527.22009682 124.09143772
532.96117735 130.87635108
536.61459223 125.13527055
549.66250253 120.43802284
529.82967888 117.82844078
526.69818041 113.13119307
531.39542811 112.08736025
533.48309376 107.39011254
515.73793576 144.44617778
572.62682465 120.43802284
576.28023953 110.52161101
585.67473494 117.82844078
587.76240059 110.52161101
599.76647806 111.04352743
591.93773189 117.82844078
607.07330783 112.08736025
602.37606012 105.30244690
600.81031089 101.12711560
611.77055553 102.69286484
619.59930171 108.43394537
611.24863912 108.43394537
618.55546889 126.70101978
613.33630477 122.52568849
625.86229865 119.39419002
631.60337918 116.26269154
621.68696736 112.60927666
624.81846583 130.35443466
632.12529560 140.79276290
653.52386848 143.40234496
650.91428642 135.05168237
642.56362383 114.17502590
532.96117735 95.38603507
531.91734453 90.68878736
530.35159529 86.51345607
528.78584605 81.29429195
717.71958714 158.01600449
706.75934249 162.71325220
695.79909784 154.36258961
703.10592760 150.70917472
701.54017837 142.35851214
695.79909784 143.40234496
681.18543831 137.13934802
676.48819060 162.71325220
677.53202342 149.66534190
658.74303260 144.96809419
660.83069825 140.79276290
673.35669213 133.48593313
669.70327725 144.44617778
666.57177878 132.44210031
661.35261466 126.17910337
655.61153413 121.48185566
651.43620283 119.39419002
731.81133025 139.74893008
738.59624361 130.87635108
738.59624361 120.43802284
731.28941384 120.43802284
731.28941384 125.13527055
729.72366461 126.70101978
728.15791537 130.87635108
722.93875125 132.44210031
722.41683484 151.75300755
722.41683484 145.49001061
715.11000508 144.96809419
718.76341996 137.66126443
713.54425584 133.48593313
746.42498979 151.75300755
753.73181955 156.45025525
742.24965849 143.40234496
744.85924055 141.31467931
761.56056573 144.96809419
759.99481649 140.79276290
761.03864932 134.00784955
777.73997450 159.05983731
768.34547908 159.05983731
762.08248214 159.05983731
767.30164626 149.66534190
777.73997450 134.00784955
769.38931191 136.09551519
764.17014779 126.70101978
789.22213556 148.09959267
779.82764014 148.09959267
789.74405197 115.74077513
788.70021914 108.95586178
786.09063708 97.47370072
795.48513250 106.34627972
800.18238020 112.08736025
795.48513250 112.60927666
802.27004585 101.64903201
792.87555044 95.90795148
793.91938326 99.56136637
797.57279814 88.60112172
802.79196226 81.29429195
754.77565237 103.21478125
741.72774208 104.78053048
761.03864932 101.64903201
764.69206420 101.12711560
769.91122832 95.90795148
771.47697755 86.51345607
765.21398061 87.03537248
755.81948520 92.77645301
750.60032108 95.90795148
744.85924055 97.47370072
735.98666155 92.25453660
722.93875125 107.39011254
716.15383790 101.12711560
717.19767072 110.52161101
717.19767072 116.78460796
700.49634555 134.00784955
702.06209478 124.09143772
688.49226807 133.48593313
686.92651884 127.22293619
681.70735472 125.13527055
679.09777266 120.43802284
672.83477572 125.13527055
675.44435778 115.74077513
675.44435778 112.08736025
667.61561160 119.39419002
577.84598877 94.34220225
573.67065747 88.60112172
584.10898571 87.03537248
585.67473494 79.20662630
955.19155452 60.41763548
844.02335880 126.17910337
834.10694697 101.64903201
841.93569315 99.56136637
835.15077980 88.60112172
840.89186033 90.16687095
839.32611109 84.42579042
840.36994391 79.20662630
677.01010701 92.25453660
552.27208459 109.99969460
563.23232924 124.61335413
553.05495920 98.51753354
557.49124871 102.17094842
554.09879203 97.99561713
547.83579509 87.03537248
559.05699794 88.60112172
563.49328744 92.25453660
565.31999488 100.34424098
555.92549947 81.55525016
552.79400100 76.07512783
546.27004585 72.16075475
544.44333841 81.55525016
536.35363403 76.59704425
536.35363403 71.63883833
534.52692658 69.02925627
532.17830273 64.85392498
528.00297144 61.98338471
523.82764014 61.46146830
505.56056573 91.73262019
509.21398061 70.85596372
504.51673290 63.28817574
511.82356267 59.37380266
513.91122832 63.28817574
519.39135064 76.85800245
523.56668194 81.29429195
525.65434758 82.59908298
566.36382771 79.72854272
561.14466359 76.07512783
564.27616206 72.68267116
574.45353209 78.16279348
612.55343015 84.16483222
597.67881242 90.42782916
602.63701833 82.33812478
591.67677368 79.46758451
598.98360345 75.81416963
603.41989295 72.94362936
603.41989295 70.85596372
597.67881242 67.20254883
600.81031089 67.72446524
604.20276756 65.63679960
577.06311415 63.54913395
580.71652903 64.85392498
581.49940365 60.15667727
576.54119774 71.37788013
546.00908765 60.41763548
536.87555044 60.67859368
555.14262485 67.72446524
580.97748724 104.78053048
577.84598877 100.34424098
583.32611109 98.51753354
582.28227827 96.16890969
622.99175839 93.55932763
616.72876145 90.68878736
605.76851680 103.47573945
627.42804789 97.21274251
632.12529560 106.60723793
626.90613148 104.51957228
634.21296124 96.95178431
634.99583586 89.90591275
629.51571354 85.46962325
625.86229865 81.81620836
622.46984198 86.25249786
619.07738530 79.46758451
623.25271660 75.03129501
619.86025992 73.46554577
610.98768092 75.29225322
611.24863912 70.85596372
615.94588683 70.59500551
620.64313454 65.89775780
627.16708968 64.33200857
621.16505095 61.98338471
613.07534656 61.98338471
605.24660039 59.37380266
598.46168703 60.15667727
593.76443933 60.41763548
589.06719162 60.67859368
568.45149335 58.59092804
566.10286950 67.20254883
559.57891435 60.41763548
612.81438836 96.95178431
609.42193168 91.47166198
647.78278795 95.64699328
646.99991333 91.47166198
643.86841486 88.86207992
638.91020895 83.38195760
640.99787460 80.77237554
631.60337918 75.81416963
633.16912842 66.15871601
636.30062689 70.59500551
643.08554024 74.50937860
640.21499998 66.68063242
643.60745666 64.07105036
649.08757898 67.72446524
659.78686542 64.85392498
657.69919978 73.20458757
653.26291027 72.16075475
653.26291027 79.72854272
661.09165645 87.81824710
654.04578489 90.94974557
649.60949539 87.03537248
659.00399081 96.16890969
668.13752801 101.64903201
668.65944442 107.65107075
658.48207439 110.78256922
644.65128948 106.08532151
638.91020895 100.34424098
640.47595819 94.34220225
679.61968907 107.65107075
685.09981140 107.65107075
679.61968907 102.43190663
688.23130987 116.78460796
690.05801731 118.61131540
701.01826196 107.12915434
697.62580528 99.30040816
685.09981140 98.51753354
690.31897551 96.69082610
681.70735472 87.29633069
674.92244137 83.38195760
672.31285931 81.29429195
664.48411313 77.64087707
685.36076960 79.72854272
684.57789498 76.33608604
690.57993372 76.33608604
689.01418448 71.63883833
693.45047399 68.50733986
695.53813963 76.59704425
709.89084096 70.59500551
708.58604993 64.07105036
715.11000508 67.72446524
704.93263505 70.59500551
698.14772169 83.38195760
701.54017837 80.77237554
705.45455146 84.94770683
707.02030069 81.55525016
712.76138122 87.29633069
718.24150355 78.94566810
721.11204381 76.85800245
725.28737511 78.68470989
722.15587664 67.20254883
721.89491843 61.46146830
733.63803770 60.67859368
736.76953617 68.50733986
735.46474514 82.33812478
726.33120793 82.59908298
731.55037205 88.86207992
722.15587664 89.90591275
726.59216614 89.12303813
750.86127929 121.74281387
746.68594799 115.21885872
756.34140161 113.13119307
757.12427623 118.61131540
749.81744646 105.82436331
741.46678387 113.91406769
733.63803770 113.13119307
725.54833331 110.26065281
737.55241078 113.39215128
726.07024972 103.99765587
708.32509172 105.82436331
705.97646787 99.82232457
706.75934249 93.55932763
694.49430681 103.99765587
711.97850661 125.39622875
713.28329763 115.21885872
749.03457184 84.16483222
752.16607032 84.16483222
748.77361364 89.90591275
741.72774208 87.03537248
742.51061670 78.68470989
750.33936287 75.29225322
752.94894493 73.98746219
728.67983178 74.50937860
721.63396022 73.20458757
724.76545869 71.11692192
728.41887358 68.50733986
729.72366461 63.02721754
667.87656981 68.50733986
661.87453107 59.89571907
661.35261466 69.02925627
671.00806828 63.54913395
652.74099386 61.20051010
648.04374616 61.20051010
642.56362383 59.37380266
697.62580528 62.24434292
688.49226807 61.20051010
681.70735472 60.15667727
679.09777266 60.15667727
675.70531598 59.89571907
678.31489804 72.16075475
676.48819060 76.07512783
685.62172781 72.94362936
703.10592760 63.02721754
705.71550966 60.15667727
589.85006624 98.51753354
590.11102444 85.46962325
584.36994391 75.29225322
582.54323647 71.37788013
582.02132006 69.55117269
506.86535676 78.68470989
510.25781344 75.29225322
505.56056573 73.98746219
520.69614167 92.51549481
515.47697755 85.20866504
509.73589702 108.95586178
521.73997450 110.26065281
518.86943423 104.51957228
640.47595819 126.70101978
632.12529560 135.31264058
592.72060650 100.34424098
588.54527521 72.16075475
580.71652903 86.25249786
573.67065747 129.04964363
580.97748724 114.43598410
740.42295105 59.37380266
750.33936287 60.41763548
746.16403158 61.20051010
755.81948520 57.54709521
691.10185013 81.29429195
672.05190110 73.46554577
670.48615187 90.42782916
667.09369519 93.55932763
636.03966868 107.65107075
818.84089193 97.18685799
810.22927113 96.66494158
811.79502037 94.05535952
806.05393984 92.48961029
802.92244137 83.87798949
809.44639651 86.74852976
807.61968907 79.70265820
812.31693678 77.09307614
801.35669213 77.09307614
783.08961772 76.04924332
787.00399081 78.13690896
785.69919978 67.95953893
785.43824157 60.65270917
774.21703872 66.39378970
776.30470436 60.39175096
769.51979101 64.56708226
771.08554024 72.91774484
777.60949539 79.44169999
778.13141180 55.17258684
784.39440875 54.38971222
780.74099386 50.73629734
771.08554024 54.91162864
813.62172781 56.73833608
812.31693678 64.04516584
805.27106522 60.39175096
794.83273698 58.82600173
801.35669213 53.34587940
791.70123851 58.56504352
791.70123851 53.34587940
795.09369519 48.90958990
790.13548928 45.77809143
785.17728336 47.08288246
781.00195207 39.77605269
784.65536695 33.25209755
777.34853719 34.03497216
773.17320589 43.42946758
814.66556063 47.08288246
806.83681445 43.42946758
813.62172781 41.34180193
813.62172781 35.60072140
801.61765034 38.47126166
806.57585625 38.73221987
796.65944442 39.25413628
791.17932210 36.90551243
797.18136084 31.68634831
800.83477572 33.25209755
809.44639651 33.51305575
824.06005604 40.29796911
821.18951578 36.90551243
825.10388887 46.56096605
818.84089193 44.73425861
823.01622322 50.73629734
825.88676349 52.30204658
819.88472475 49.43150631
825.62580528 43.95138399
810.75118754 51.78013017
814.14364422 53.34587940
807.35873087 47.60479887
818.84089193 59.60887634
817.79705910 55.43354505
824.06005604 59.86983455
822.49430681 55.95546146
827.97442913 57.78216890
824.84293066 66.39378970
832.93263505 60.65270917
836.58604993 64.56708226
817.27514269 76.57115973
824.32101425 92.22865208
822.49430681 87.53140438
823.79909784 73.43966126
830.84496940 75.26636870
835.28125890 75.26636870
831.88880222 70.56912099
836.06413352 70.56912099
839.71754840 70.83007920
846.24150355 69.26432996
830.32305299 101.88410570
845.98054534 103.71081314
850.93875125 97.70877441
851.98258408 89.88002823
849.37300202 83.09511487
845.45862893 83.35607308
847.54629458 77.09307614
853.80929152 64.30612405
861.89899590 71.61295381
853.80929152 72.65678664
866.85720181 83.87798949
856.67983178 80.74649102
857.46270640 88.57523720
868.68390926 94.05535952
864.24761976 90.66290285
862.42091231 88.05332079
873.38115696 83.35607308
881.20990314 90.66290285
873.38115696 93.01152670
879.90511211 96.66494158
887.99481649 80.74649102
899.99889397 86.74852976
905.21805808 82.57319846
899.21601935 77.09307614
888.51673290 70.56912099
912.52488785 70.83007920
905.21805808 65.08899867
916.70021914 60.91366737
910.69818041 57.78216890
928.44333841 60.65270917
928.18238020 67.95953893
925.05088173 82.57319846
869.98870029 58.56504352
876.51265543 51.25821375
882.25373596 59.60887634
843.37096328 58.04312711
963.41173800 64.30612405
1012.73283892 64.04516584
974.63294086 74.74445229
966.28227827 76.57115973
962.36790518 77.61499255
956.62682465 80.74649102
947.23232924 81.26840743
954.80011721 75.26636870
933.92346073 72.13487023
940.44741588 69.78624637
937.83783382 62.47941661
937.83783382 59.60887634
945.66658000 53.34587940
951.66861874 53.08492120
949.58095309 47.60479887
952.19053515 42.12467655
962.10694697 47.60479887
966.02132006 44.99521681
892.95302241 86.74852976
895.30164626 93.53344311
902.08655961 93.01152670
905.47901629 98.49164902
908.08859835 92.22865208
910.95913861 86.74852976
897.12835370 68.74241355
898.69410294 68.48145534
898.69410294 59.08695993
902.34751782 44.73425861
958.97544850 55.43354505
966.80419468 59.08695993
976.19869009 52.30204658
987.41989295 56.99929428
990.15995411 76.31020152
994.33528540 71.61295381
979.19970946 70.56912099
976.59012740 62.21845840
980.24354228 56.99929428
992.24761976 53.34587940
993.29145258 52.82396299
992.24761976 47.08288246
992.76953617 42.38563475
982.85312434 35.60072140
978.67779305 41.34180193
965.62988275 38.21030346
885.77667174 121.19501294
894.64925074 125.89226064
899.86841486 120.15118011
894.64925074 116.49776523
888.38625380 112.32243394
742.77157490 156.16341253
732.85516308 152.50999765
866.46576451 133.19909041
852.89593780 124.32651141
853.41785421 115.97584882
859.68085115 115.97584882
836.71652903 111.27860111
824.71245156 114.93201600
847.15485727 47.08288246
853.41785421 47.60479887
841.93569315 41.34180193
834.62886338 41.34180193
834.62886338 49.17054811
829.93161568 30.38155728
835.15077980 23.07472752
848.72060650 32.99113934
854.98360345 38.21030346
862.81234962 34.03497216
1015.21194188 56.99929428
1003.72978082 43.42946758
1012.60235982 41.34180193
1006.33936287 35.60072140
1016.25577470 37.68838705
1015.21194188 27.77197522
1011.03661058 27.25005881
1009.99277776 32.46922293
996.42295105 28.81580805
991.72570334 23.07472752
974.50246175 28.29389163
1017.82152393 138.41825453
1007.38319570 135.80867247
990.68187052 135.28675606
992.76953617 140.50592018
997.98870029 151.46616482
987.02845564 126.93609347
969.80521405 105.01560417
964.06413352 106.05943700
978.15587664 107.62518623
984.41887358 105.53752058
986.50653923 96.66494158
979.72162587 82.05128205
948.92855757 90.40194464
960.41071863 88.31427899
943.70939346 96.66494158
937.44639651 84.13894770
931.70531598 79.96361640
920.74507134 137.89633812
911.35057592 138.94017094
907.17524463 126.93609347
883.68900610 39.77605269
880.03559121 34.03497216
877.42600915 30.38155728
871.68492862 34.03497216
872.20684504 24.11856034
873.77259427 22.03089469
866.98768092 22.03089469
872.20684504 17.85556340
862.81234962 23.07472752
859.15893474 24.11856034
861.24660039 29.33772446
864.37809886 27.77197522
866.98768092 28.81580805
839.32611109 32.99113934
844.02335880 30.38155728
848.72060650 27.77197522
845.06719162 27.25005881
848.19869009 21.50897828
850.28635574 25.16239316
851.33018856 18.37747981
856.54935268 22.03089469
855.50551986 16.81173057
851.85210497 12.11448287
853.93977062 6.89531875
848.72060650 4.80765310
848.72060650 8.98298440
858.11510192 10.02681722
860.72468398 7.41723516
861.76851680 11.07065004
865.94384809 10.02681722
864.37809886 3.76382028
851.85210497 29.33772446
864.90001527 39.25413628
859.68085115 37.68838705
887.34242098 45.51713322
872.20684504 43.42946758
869.07534656 47.08288246
867.50959733 49.17054811
863.33426603 53.34587940
859.15893474 54.38971222
849.76443933 51.25821375
862.29043321 45.51713322
855.50551986 45.51713322
864.37809886 64.30612405
867.50959733 69.00337176
859.15893474 65.34995687
873.77259427 70.56912099
878.99175839 74.74445229
880.03559121 70.56912099
892.56158510 59.60887634
888.38625380 54.38971222
881.60134045 49.69246452
880.03559121 43.95138399
893.08350151 45.51713322
897.78074921 47.60479887
892.56158510 39.77605269
888.90817021 37.68838705
888.38625380 32.99113934
885.25475533 30.90347369
888.38625380 30.38155728
887.34242098 25.16239316
884.21092251 24.64047675
878.99175839 25.68430957
892.03966868 24.11856034
893.08350151 16.28981416
888.38625380 17.85556340
964.58604993 8.98298440
954.66963810 10.54873363
955.19155452 15.76789775
951.01622322 12.11448287
945.79705910 8.46106798
948.40664116 6.37340234
952.06005604 6.37340234
942.14364422 6.37340234
936.92448010 3.24190387
929.09573392 3.76382028
927.00806828 4.80765310
926.48615187 2.19807104
923.35465339 2.71998745
919.17932210 1.15423822
909.78482669 2.19807104
889.95200304 3.24190387
885.77667174 3.24190387
882.64517327 3.24190387
878.99175839 3.76382028
875.86025992 1.15423822
894.64925074 9.50490081
898.30266563 9.50490081
897.78074921 5.85148592
894.64925074 2.19807104
891.51775227 4.80765310
888.90817021 8.98298440
882.12325686 12.63639928
879.51367480 7.41723516
882.64517327 5.85148592
873.77259427 8.98298440
877.42600915 14.20214851
873.77259427 14.72406493
911.87249233 48.64863169
921.26698775 47.08288246
915.00399081 37.68838705
908.21907745 40.29796911
906.65332822 29.33772446
905.60949539 26.72814240
912.39440875 27.77197522
907.17524463 23.07472752
908.21907745 13.68023210
902.99991333 14.20214851
904.56566257 8.46106798
907.69716104 8.46106798
929.61765034 20.46514546
925.96423545 19.42131263
933.27106522 16.81173057
929.61765034 17.33364699
925.96423545 51.25821375
917.61357286 52.82396299
925.44231904 42.38563475
928.57381751 41.86371834
931.18339957 38.21030346
936.92448010 35.07880499
942.66556063 40.29796911
944.23130987 30.38155728
948.40664116 30.38155728
952.06005604 32.99113934
949.45047399 25.16239316
941.62172781 26.72814240
940.05597857 20.98706187
946.31897551 23.59664393
940.57789498 12.63639928
978.67779305 20.98706187
972.41479611 23.07472752
965.10796634 29.33772446
965.10796634 25.16239316
966.15179916 21.50897828
963.02030069 22.03089469
964.58604993 14.20214851
961.45455146 14.20214851
956.75730375 20.46514546
969.80521405 16.28981416
970.32713046 11.07065004
962.49838428 3.76382028
956.75730375 3.24190387
968.76138122 2.71998745
978.67779305 8.98298440
977.11204381 14.20214851
980.24354228 16.28981416
985.46270640 8.98298440
989.11612128 8.98298440
994.33528540 4.80765310
1001.12019876 8.46106798
1008.94894493 10.54873363
1016.25577470 6.37340234
818.97137103 19.94322904
811.66454126 23.07472752
814.27412332 14.72406493
809.57687562 8.98298440
801.22621303 6.89531875
800.70429662 20.46514546
793.91938326 21.50897828
792.87555044 8.98298440
797.05088173 8.98298440
1012.60235982 89.35811182
1014.16810905 81.00744923
1020.43110599 91.96769388
984.41887358 65.87187328
989.63803770 63.26229123
995.90103464 61.69654199
998.51061670 56.99929428
1004.25169723 58.56504352
1005.81744646 52.30204658
997.98870029 49.69246452
1010.51469417 49.17054811
1018.86535676 22.03089469
1018.86535676 15.76789775
1020.95302241 13.68023210
1020.43110599 9.50490081
1014.16810905 15.76789775
776.69614167 23.07472752
773.04272679 20.98706187
773.04272679 9.50490081
766.77972985 6.37340234
761.03864932 6.37340234
756.86331802 8.46106798
748.51265543 9.50490081
757.90715085 16.81173057
752.16607032 18.37747981
742.77157490 23.59664393
738.07432720 24.11856034
744.33732414 25.68430957
742.24965849 40.29796911
740.68390926 34.03497216
732.33324667 39.25413628
733.89899590 35.07880499
763.12631496 67.43762252
759.99481649 60.65270917
763.12631496 56.47737787
767.82356267 45.51713322
754.25373596 45.51713322
757.38523443 45.51713322
752.16607032 52.82396299
742.77157490 50.73629734
746.94690620 49.17054811
756.86331802 27.25005881
765.73589702 37.68838705
526.69818041 41.34180193
531.39542811 41.86371834
533.48309376 37.68838705
525.13243117 39.77605269
516.25985217 41.86371834
515.73793576 26.72814240
516.25985217 29.33772446
524.61051476 24.64047675
524.61051476 19.42131263
519.91326705 19.42131263
531.39542811 23.07472752
534.52692658 18.37747981
536.61459223 23.59664393
541.83375635 23.07472752
543.92142200 19.42131263
541.83375635 17.33364699
543.92142200 15.76789775
546.00908765 13.15831569
541.31183994 11.07065004
536.09267582 13.15831569
532.96117735 12.11448287
528.26392964 5.32956951
523.04476552 6.89531875
522.52284911 12.11448287
519.39135064 4.80765310
518.86943423 8.46106798
514.69410294 14.72406493
514.69410294 17.33364699
514.17218652 49.17054811
522.00093270 50.73629734
518.86943423 43.42946758
518.34751782 34.03497216
515.21601935 55.95546146
534.00501017 56.47737787
524.61051476 56.47737787
542.35567276 49.17054811
537.65842506 43.42946758
543.92142200 44.99521681
545.48717123 40.29796911
539.22417429 34.55688858
550.70633535 35.60072140
553.83783382 37.68838705
551.22825176 45.51713322
545.48717123 45.51713322
547.57483688 52.30204658
551.75016818 52.30204658
558.01316512 54.38971222
540.78992353 67.43762252
546.53100406 66.91570611
572.62682465 52.82396299
577.32407235 56.47737787
587.24048418 49.69246452
584.10898571 49.17054811
577.84598877 46.03904964
575.23640671 44.99521681
580.97748724 39.77605269
573.67065747 37.68838705
566.36382771 42.38563475
564.79807847 39.25413628
564.27616206 34.03497216
555.92549947 24.64047675
563.75424565 20.46514546
705.19359325 46.03904964
704.14976043 43.42946758
678.05393984 35.60072140
687.97035166 30.38155728
679.09777266 5.32956951
674.92244137 8.98298440
677.53202342 12.11448287
644.12937307 10.02681722
640.47595819 14.72406493
638.91020895 23.59664393
636.30062689 19.42131263
634.73487766 15.76789775
637.34445971 14.20214851
635.77871048 8.46106798
596.63497959 9.50490081
559.57891435 8.46106798
574.71449030 17.85556340
606.55139142 37.68838705
599.24456165 39.25413628
600.81031089 42.38563475
619.07738530 47.60479887
610.20480630 35.07880499
614.38013759 34.03497216
602.89797653 28.29389163
685.88268601 52.82396299
715.63192149 43.42946758
707.80317531 34.03497216
699.45251272 28.29389163
692.14568296 25.16239316
694.23334860 18.37747981
709.36892455 26.72814240
720.85108561 27.77197522
669.70327725 37.68838705
677.53202342 40.29796911
673.87860854 30.38155728
667.09369519 24.64047675
670.74711007 23.07472752
666.57177878 17.33364699
666.57177878 14.72406493
662.39644748 3.24190387
658.22111619 2.71998745
582.02132006 6.37340234
577.84598877 7.41723516
565.84191129 3.76382028
569.49532618 3.76382028
593.50348112 2.71998745
584.63090212 16.81173057
568.97340977 26.72814240
584.63090212 38.73221987
589.85006624 37.68838705
595.59114677 49.69246452
604.46372577 50.73629734
610.72672271 49.17054811
608.63905706 45.51713322
612.29247195 44.99521681
609.68288989 56.47737787
620.12121812 54.38971222
626.90613148 54.38971222
628.99379713 47.60479887
630.03762995 43.42946758
625.86229865 37.68838705
618.55546889 36.12263781
626.38421507 30.90347369
624.29654942 19.42131263
626.38421507 20.46514546
618.03355248 18.37747981
609.16097348 18.37747981
662.91836389 47.08288246
660.30878183 41.34180193
649.34853719 32.99113934
650.91428642 35.60072140
649.34853719 25.68430957
650.39237001 22.03089469
648.30470436 15.76789775
655.08961772 16.81173057
649.34853719 7.41723516
627.94996430 12.63639928
619.59930171 12.63639928
620.64313454 6.89531875
616.98971965 6.37340234
609.16097348 6.37340234
605.50755859 5.32956951
601.85414371 3.24190387
595.06923036 22.03089469
583.58706930 30.38155728
574.19257388 26.72814240
644.65128948 52.82396299
636.82254330 43.42946758
643.60745666 39.77605269
650.91428642 43.42946758
636.82254330 49.69246452
632.12529560 54.38971222
651.95811925 49.69246452
665.00602954 52.82396299
670.22519366 49.69246452
688.49226807 43.42946758
759.47290008 36.12263781
754.77565237 36.12263781
750.60032108 35.60072140
834.62886338 14.20214851
827.32203362 12.11448287
698.40867990 13.68023210
705.19359325 12.63639928
717.71958714 8.98298440
708.84700813 5.32956951
717.71958714 3.24190387
717.19767072 16.28981416
721.89491843 12.11448287
723.46066767 5.85148592
695.27718143 34.55688858
681.70735472 21.50897828
675.96627419 20.98706187
566.36382771 13.68023210
562.71041282 13.68023210
550.70633535 12.11448287
554.35975023 10.02681722
549.14058612 7.41723516
537.13650864 2.19807104
534.00501017 1.67615463
540.78992353 2.71998745
548.61866970 1.67615463
543.39950559 1.67615463
822.10286950 26.72814240
721.89491843 50.73629734
727.11408255 49.17054811
722.93875125 41.86371834
722.41683484 31.94730652
728.67983178 23.59664393
725.54833331 16.81173057
727.63599896 10.02681722
733.37707949 10.54873363
741.20582567 8.98298440
594.54731394 29.33772446
694.23334860 53.34587940
358.11917939 164.80091784
371.16708968 162.19133578
401.96015798 170.02008196
387.34649845 162.71325220
399.35057592 158.53792090
412.92040263 163.75708502
421.27106522 163.75708502
424.92448010 157.49408808
430.66556063 160.10367014
436.92855757 152.79684037
435.88472475 142.88042855
451.54221710 157.49408808
443.71347093 148.09959267
443.71347093 126.17910337
424.92448010 136.61743161
415.52998469 133.48593313
405.61357286 133.48593313
394.65332822 136.61743161
383.69308357 139.22701366
362.29451068 144.96809419
370.64517327 142.88042855
348.20276756 155.92833884
333.06719162 162.19133578
326.80419468 171.06391479
326.28227827 156.45025525
331.50144239 143.92426137
340.89593780 141.83659572
329.41377674 134.52976596
325.23844544 140.27084649
312.71245156 137.13934802
316.36586644 135.57359878
320.54119774 132.44210031
313.23436797 125.13527055
305.92753821 140.79276290
296.01112638 135.57359878
284.00704891 144.96809419
277.74405197 147.57767625
272.00297144 156.45025525
270.43722220 150.18725831
265.21805808 142.88042855
257.91122832 148.09959267
234.94690620 153.84067320
244.34140161 154.88450602
239.64415390 151.75300755
245.38523443 140.79276290
254.77972985 137.13934802
245.90715085 130.35443466
256.86739549 133.48593313
216.15791537 150.18725831
205.71958714 152.79684037
165.53202342 148.09959267
170.75118754 148.62150908
154.04986236 162.19133578
150.39644748 153.84067320
88.81031089 163.75708502
78.89389906 162.19133578
82.54731394 157.49408808
97.16097348 151.23109114
101.33630477 152.79684037
109.16505095 151.23109114
112.81846583 153.84067320
122.21296124 162.71325220
104.98971965 169.49816555
134.21703872 155.40642243
125.34445971 153.84067320
65.32407235 77.64087707
55.40766053 75.55321142
61.14874106 69.81213089
66.88982159 73.46554577
56.45149335 65.63679960
52.27616206 67.20254883
46.53508153 66.68063242
41.83783382 66.68063242
37.14058612 66.68063242
20.43926094 69.29021448
25.13650864 70.85596372
13.65434758 77.64087707
8.43518347 72.94362936
15.74201323 68.24638166
25.65842506 81.29429195
22.00501017 80.77237554
8.43518347 91.73262019
5.30368499 91.73262019
8.43518347 97.47370072
20.96117735 96.42986789
16.78584605 101.12711560
15.22009682 109.99969460
8.95709988 105.82436331
8.43518347 111.56544384
3.73793576 115.21885872
2.17218652 128.26676902
4.25985217 129.83251825
7.91326705 140.27084649
4.25985217 151.75300755
11.04476552 150.18725831
16.26392964 138.18318084
27.22417429 131.92018390
35.57483688 136.61743161
40.79400100 140.27084649
44.44741588 141.83659572
61.14874106 146.53384343
60.62682465 144.96809419
50.71041282 141.83659572
56.97340977 136.61743161
44.44741588 133.48593313
33.48717123 124.61335413
32.96525482 115.74077513
27.74609070 102.69286484
31.39950559 98.51753354
34.53100406 92.25453660
33.48717123 86.51345607
39.75016818 89.64495454
37.66250253 83.90387401
44.96933229 80.25045913
48.62274718 75.55321142
65.32407235 92.25453660
66.88982159 88.60112172
51.75424565 84.94770683
56.97340977 83.90387401
60.62682465 81.29429195
73.67473494 82.86004119
72.63090212 76.59704425
76.28431700 76.59704425
78.37198265 67.72446524
72.63090212 71.37788013
68.97748724 67.20254883
63.75832312 64.59296677
85.15689600 67.20254883
87.76647806 73.46554577
83.06923036 81.81620836
90.37606012 83.90387401
95.07330783 87.55728889
81.50348112 99.56136637
90.89797653 96.95178431
87.24456165 94.86411866
82.02539753 93.82028584
77.85006624 91.21070378
73.15281853 88.60112172
72.10898571 92.25453660
72.63090212 97.47370072
66.88982159 99.03944995
58.01724259 95.38603507
58.01724259 103.21478125
44.44741588 95.38603507
40.27208459 95.90795148
94.02947500 139.22701366
90.89797653 140.27084649
87.24456165 147.57767625
69.49940365 141.83659572
65.32407235 136.61743161
68.97748724 126.17910337
63.75832312 128.78868543
59.06107541 126.70101978
50.71041282 124.61335413
55.40766053 117.30652437
51.23232924 110.52161101
49.14466359 104.78053048
43.92549947 112.08736025
40.79400100 107.91202896
82.54731394 123.04760490
82.54731394 120.95993925
74.19665136 118.87227360
75.24048418 115.21885872
70.54323647 110.52161101
77.85006624 107.91202896
71.58706930 106.86819613
82.02539753 105.82436331
87.24456165 113.65310949
92.46372577 120.95993925
89.85414371 126.70101978
80.98156471 129.83251825
74.19665136 129.83251825
98.72672271 135.57359878
106.55546889 130.35443466
104.46780324 124.61335413
100.29247195 119.39419002
98.72672271 115.21885872
96.63905706 108.43394537
95.07330783 105.82436331
101.85822118 104.25861407
103.94588683 112.08736025
108.64313454 113.65310949
113.34038224 115.21885872
116.99379713 106.86819613
110.73080018 106.86819613
107.59930171 103.21478125
103.42397042 97.47370072
103.42397042 91.21070378
95.07330783 80.77237554
95.07330783 74.50937860
125.86637613 98.51753354
123.25679407 93.29836942
119.08146277 87.55728889
121.16912842 83.90387401
127.95404177 82.33812478
128.99787460 76.59704425
131.60745666 67.72446524
123.25679407 69.81213089
117.51571354 65.63679960
116.47188071 71.89979654
112.29654942 66.68063242
103.42397042 69.29021448
101.33630477 80.77237554
117.51571354 124.61335413
121.16912842 134.00784955
122.21296124 128.26676902
123.77871048 117.82844078
132.12937307 115.74077513
136.82662077 113.13119307
141.52386848 111.56544384
138.91428642 102.17094842
134.21703872 94.86411866
138.91428642 94.86411866
150.39644748 97.47370072
150.39644748 104.25861407
135.78278795 127.74485260
133.17320589 124.61335413
137.87045360 120.95993925
144.65536695 116.78460796
152.48411313 121.48185566
148.30878183 124.61335413
143.08961772 131.39826749
147.26494901 139.22701366
156.13752801 136.61743161
157.70327725 139.22701366
133.69512230 142.88042855
130.04170742 134.52976596
256.86739549 128.26676902
264.17422526 126.17910337
268.87147297 124.09143772
279.30980120 120.43802284
286.61663097 117.30652437
290.27004585 109.99969460
280.87555044 106.86819613
273.04680426 108.43394537
265.21805808 110.52161101
262.08655961 109.47777819
250.60439855 109.47777819
250.60439855 107.91202896
241.20990314 107.91202896
241.20990314 116.78460796
239.64415390 114.17502590
229.72774208 113.13119307
222.42091231 121.48185566
219.81133025 119.39419002
215.11408255 117.30652437
206.24150355 139.22701366
200.50042302 145.49001061
196.32509172 152.27492396
187.97442913 145.49001061
173.88268601 148.09959267
175.44843525 141.31467931
191.62784402 128.26676902
195.28125890 126.17910337
194.75934249 117.30652437
194.75934249 111.56544384
187.45251272 102.17094842
146.74303260 69.29021448
139.95811925 87.55728889
137.34853719 81.29429195
142.56770130 80.25045913
131.60745666 87.55728889
156.13752801 85.46962325
150.39644748 83.90387401
151.44028031 75.03129501
162.92244137 75.55321142
153.00602954 64.59296677
156.65944442 65.63679960
175.44843525 94.86411866
197.89084096 88.07920531
188.49634555 88.07920531
188.49634555 79.20662630
183.27718143 79.20662630
171.79502037 82.33812478
174.40460243 76.59704425
166.57585625 70.85596372
169.70735472 69.29021448
172.31693678 70.33404730
178.05801731 69.29021448
182.75526502 69.81213089
192.14976043 71.37788013
201.54425584 73.46554577
202.58808866 74.50937860
217.20174820 85.46962325
212.50450049 89.64495454
208.85108561 85.46962325
209.37300202 78.68470989
218.76749743 71.37788013
216.15791537 77.11896066
232.33732414 70.33404730
233.90307337 72.94362936
239.64415390 69.81213089
182.75526502 126.17910337
175.44843525 127.74485260
167.09777266 126.17910337
165.01010701 131.92018390
161.35669213 119.39419002
163.44435778 106.34627972
158.74711007 96.95178431
169.70735472 99.56136637
164.48819060 95.90795148
169.70735472 108.43394537
166.05393984 116.78460796
177.01418448 112.08736025
179.62376654 105.82436331
217.72366461 136.61743161
224.50857796 135.57359878
237.55648826 128.78868543
230.77157490 128.78868543
236.51265543 93.82028584
230.77157490 93.82028584
220.85516308 92.77645301
221.37707949 85.46962325
337.24252292 125.13527055
332.54527521 120.43802284
326.80419468 126.70101978
323.67269621 115.74077513
321.58503056 108.43394537
326.80419468 109.99969460
329.93569315 102.69286484
336.72060650 104.25861407
333.58910803 100.08328278
329.93569315 95.38603507
323.15077980 95.38603507
318.97544850 96.95178431
314.80011721 106.34627972
308.53712026 107.91202896
298.09879203 106.86819613
297.05495920 117.30652437
286.61663097 128.26676902
284.00704891 133.48593313
359.16301221 135.57359878
355.50959733 130.35443466
359.16301221 118.87227360
348.20276756 124.61335413
348.20276756 117.30652437
341.41785421 112.08736025
338.28635574 118.87227360
342.46168703 104.25861407
345.07126909 95.38603507
354.98768092 95.90795148
364.90409274 93.29836942
371.16708968 91.21070378
376.90817021 115.21885872
369.60134045 115.21885872
397.26291027 115.21885872
383.69308357 110.52161101
379.51775227 113.13119307
433.79705910 111.56544384
439.01622322 114.17502590
421.79298163 107.91202896
423.88064728 102.17094842
427.53406216 98.51753354
418.66148316 97.47370072
416.05190110 91.73262019
403.00399081 93.29836942
388.91224769 92.77645301
382.12733433 83.90387401
388.91224769 80.25045913
359.16301221 78.16279348
350.29043321 75.03129501
353.94384809 72.94362936
341.41785421 68.24638166
349.24660039 65.63679960
333.58910803 73.46554577
326.28227827 76.59704425
344.02743627 84.94770683
350.29043321 88.07920531
336.19869009 84.42579042
317.40969927 84.94770683
313.75628438 83.90387401
313.23436797 77.11896066
314.80011721 70.33404730
318.97544850 75.55321142
308.01520385 71.37788013
301.75220691 70.33404730
297.57687562 69.29021448
291.83579509 71.37788013
287.66046379 70.85596372
284.52896532 66.68063242
288.70429662 64.59296677
275.13446991 64.07105036
265.21805808 61.98338471
253.73589702 61.98338471
243.81948520 62.50530113
223.46474514 61.98338471
253.73589702 88.07920531
261.04272679 89.64495454
266.78380732 95.38603507
269.91530579 94.86411866
277.22213556 92.77645301
280.35363403 83.90387401
284.00704891 87.55728889
291.83579509 88.07920531
288.70429662 83.90387401
285.05088173 80.77237554
290.79196226 80.25045913
294.96729356 81.29429195
300.70837409 86.51345607
303.31795615 82.86004119
296.53304279 98.51753354
289.22621303 102.17094842
284.52896532 96.95178431
249.03864932 100.08328278
254.25781344 99.03944995
245.90715085 92.25453660
226.07432720 106.34627972
202.06617225 104.25861407
209.89491843 107.91202896
181.18951578 92.77645301
190.58401119 95.38603507
196.84700813 80.25045913
116.47188071 80.25045913
112.29654942 77.64087707
107.59930171 76.59704425
106.03355248 83.90387401
187.97442913 155.92833884
401.43824157 208.64189644
422.83681445 126.17910337
405.09165645 127.74485260
404.56974004 117.82844078
393.08757898 124.61335413
418.66148316 83.90387401
429.09981140 87.55728889
436.92855757 87.55728889
479.20378693 95.38603507
472.41887358 99.03944995
485.98870029 124.09143772
492.77361364 126.17910337
507.38727317 145.49001061
500.08044340 150.18725831
500.08044340 142.88042855
491.20786440 146.53384343
483.90103464 155.92833884
474.50653923 151.23109114
473.46270640 143.92426137
472.94078999 136.61743161
454.15179916 124.61335413
448.41071863 111.56544384
447.36688581 106.86819613
446.84496940 96.95178431
445.27922016 85.46962325
442.14772169 73.98746219
452.06413352 75.55321142
450.49838428 69.81213089
469.28737511 83.90387401
400.39440875 73.98746219
494.33936287 166.36666708
488.07636593 157.49408808
487.03253311 93.82028584
492.25169723 90.16687095
496.94894493 80.25045913
475.55037205 75.03129501
480.24761976 71.89979654
480.24761976 67.20254883
463.02437816 76.59704425
457.80521405 83.90387401
458.84904687 94.86411866
403.00399081 82.86004119
412.39848622 78.16279348
428.05597857 75.55321142
494.33936287 70.85596372
489.12019876 69.81213089
486.51061670 71.89979654
463.54629458 109.99969460
466.15587664 117.30652437
463.54629458 124.61335413
458.32713046 115.74077513
482.85720181 105.82436331
493.81744646 105.82436331
489.12019876 107.91202896
482.85720181 111.56544384
507.90918958 126.70101978
494.33936287 120.43802284
500.08044340 122.52568849
503.21194188 113.65310949
433.27514269 133.48593313
392.04374616 102.17094842
387.34649845 102.69286484
403.00399081 104.78053048
407.17932210 109.99969460
354.98768092 104.25861407
266.26189091 74.50937860
277.22213556 70.85596372
257.38931191 69.29021448
249.56056573 75.03129501
263.13039244 81.81620836
255.82356267 83.90387401
310.10286950 99.03944995
138.39237001 64.59296677
227.11816002 78.16279348
220.85516308 76.59704425
382.12733433 76.59704425
364.38217633 73.98746219
363.86025992 83.90387401
434.31897551 96.95178431
28.26800711 49.17054811
22.00501017 53.34587940
24.61459223 38.21030346
44.44741588 53.34587940
38.70633535 46.03904964
44.44741588 47.08288246
61.14874106 32.99113934
68.97748724 38.21030346
66.88982159 34.03497216
75.24048418 41.86371834
78.89389906 40.29796911
84.11306318 47.08288246
96.11714065 56.99929428
101.33630477 53.34587940
87.76647806 30.38155728
84.11306318 23.07472752
127.43212536 36.64455422
121.69104483 37.68838705
117.51571354 34.55688858
137.87045360 46.03904964
128.47595819 47.60479887
123.77871048 45.51713322
146.22111619 41.86371834
386.30266563 8.98298440
402.48207439 7.41723516
436.92855757 43.42946758
327.84802750 54.38971222
324.19461262 47.08288246
317.93161568 38.73221987
245.38523443 19.42131263
240.68798673 19.42131263
237.03457184 17.85556340
230.24965849 24.64047675
218.24558102 28.29389163
215.11408255 35.07880499
213.54833331 30.38155728
201.54425584 34.55688858
197.89084096 40.29796911
191.10592760 37.68838705
187.97442913 34.03497216
191.62784402 25.68430957
197.36892455 19.42131263
173.36076960 19.94322904
173.36076960 27.25005881
168.14160548 25.68430957
167.09777266 62.21845840
166.57585625 56.47737787
171.27310395 58.56504352
189.01826196 54.91162864
181.18951578 55.95546146
178.05801731 56.99929428
195.80317531 52.82396299
192.14976043 47.08288246
70.54323647 49.69246452
67.41173800 47.08288246
74.71856777 59.60887634
134.73895513 35.07880499
132.12937307 31.42539010
133.17320589 26.72814240
130.04170742 25.16239316
123.77871048 28.81580805
108.64313454 24.64047675
103.94588683 24.64047675
104.46780324 20.46514546
271.48105503 30.90347369
264.17422526 34.55688858
258.95506114 26.72814240
273.56872067 23.07472752
293.40154432 27.25005881
284.00704891 31.94730652
305.92753821 36.12263781
300.18645768 28.81580805
298.09879203 31.42539010
298.09879203 23.07472752
296.53304279 19.42131263
299.14262485 19.42131263
304.88370538 20.46514546
304.88370538 17.33364699
308.01520385 16.81173057
312.71245156 15.76789775
307.49328744 25.68430957
308.53712026 31.94730652
313.75628438 30.38155728
311.66861874 22.03089469
315.84395003 25.68430957
315.32203362 22.03089469
319.49736491 19.42131263
299.14262485 52.82396299
294.44537715 54.91162864
295.48920997 63.78420764
300.70837409 60.65270917
314.80011721 65.34995687
316.36586644 65.34995687
310.62478591 65.34995687
310.10286950 61.69654199
307.49328744 61.69654199
307.49328744 65.34995687
307.49328744 56.47737787
313.23436797 55.95546146
314.27820079 56.47737787
320.54119774 49.69246452
304.36178897 47.08288246
303.83987256 41.86371834
294.96729356 43.95138399
290.27004585 43.95138399
282.96321609 45.51713322
282.96321609 50.73629734
288.18238020 49.17054811
282.44129967 38.21030346
277.74405197 34.03497216
279.83171761 28.29389163
284.52896532 12.11448287
284.00704891 16.81173057
288.18238020 15.76789775
272.00297144 17.85556340
272.52488785 12.11448287
268.87147297 13.68023210
263.13039244 8.46106798
259.47697755 14.72406493
261.56464320 14.72406493
184.84293066 27.25005881
182.75526502 20.46514546
180.66759937 15.76789775
180.66759937 10.02681722
180.14568296 4.80765310
175.97035166 8.46106798
182.75526502 6.89531875
187.97442913 10.02681722
189.01826196 6.37340234
185.88676349 2.71998745
193.71550966 3.24190387
193.19359325 5.85148592
213.54833331 10.02681722
178.05801731 43.42946758
182.75526502 41.86371834
179.62376654 34.55688858
171.27310395 39.25413628
169.70735472 32.46922293
159.79094289 44.99521681
156.13752801 44.99521681
156.65944442 38.73221987
159.79094289 32.99113934
162.92244137 36.12263781
154.57177878 34.55688858
154.57177878 30.90347369
156.13752801 25.68430957
161.35669213 29.33772446
162.92244137 28.29389163
163.44435778 24.11856034
147.26494901 55.95546146
157.18136084 58.04312711
162.40052495 63.78420764
144.13345054 63.26229123
142.04578489 58.56504352
139.43620283 52.82396299
146.22111619 50.73629734
136.82662077 39.77605269
142.04578489 36.64455422
144.13345054 32.99113934
141.52386848 27.77197522
147.26494901 28.81580805
144.13345054 27.77197522
142.56770130 19.42131263
145.69919978 17.85556340
134.21703872 17.33364699
138.39237001 19.42131263
137.34853719 14.20214851
133.69512230 11.07065004
135.78278795 5.32956951
140.48003566 11.07065004
142.56770130 5.32956951
144.13345054 6.89531875
146.22111619 3.24190387
147.26494901 3.24190387
151.96219672 9.50490081
152.48411313 5.85148592
156.13752801 8.46106798
159.79094289 5.85148592
162.40052495 3.76382028
160.83477572 10.02681722
165.01010701 8.46106798
167.09777266 2.71998745
161.35669213 15.76789775
167.61968907 15.76789775
170.22927113 13.15831569
173.88268601 14.20214851
169.70735472 5.85148592
186.93059631 19.42131263
190.58401119 19.94322904
192.67167684 16.28981416
198.93467378 28.81580805
198.93467378 30.90347369
203.11000508 31.42539010
203.11000508 17.33364699
207.28533637 14.72406493
204.67575431 8.98298440
204.15383790 6.37340234
196.84700813 6.37340234
43.40358306 37.68838705
47.05699794 37.68838705
49.66658000 47.60479887
54.88574412 54.38971222
81.50348112 52.82396299
79.93773189 49.69246452
92.98564218 49.69246452
98.20480630 45.51713322
104.46780324 44.99521681
243.29756879 49.17054811
245.38523443 44.99521681
249.56056573 47.08288246
249.56056573 43.42946758
247.47290008 41.86371834
241.73181955 36.64455422
252.17014779 37.68838705
260.52081038 46.03904964
256.34547908 41.34180193
269.91530579 43.95138399
278.26596838 47.08288246
277.22213556 42.38563475
274.61255350 42.38563475
270.43722220 40.29796911
248.51673290 12.11448287
238.07840467 8.98298440
213.02641690 42.38563475
207.28533637 43.42946758
200.50042302 45.51713322
118.55954636 52.82396299
119.08146277 49.17054811
112.29654942 45.51713322
115.42804789 39.77605269
118.03762995 41.86371834
108.12121812 54.38971222
103.42397042 63.78420764
108.64313454 60.13079275
126.38829254 54.38971222
134.21703872 58.04312711
96.11714065 28.81580805
35.57483688 18.37747981
41.83783382 6.89531875
27.22417429 25.16239316
19.39542811 37.68838705
12.61051476 38.21030346
6.86943423 37.68838705
3.73793576 34.03497216
8.43518347 43.42946758
4.25985217 43.95138399
4.25985217 51.25821375
35.57483688 35.07880499
40.79400100 31.42539010
27.74609070 30.38155728
31.92142200 29.33772446
31.39950559 23.07472752
9.47901629 13.68023210
5.82560141 8.98298440
70.02132006 18.37747981
74.71856777 17.33364699
70.54323647 12.11448287
74.71856777 11.07065004
72.63090212 7.41723516
75.76240059 1.15423822
96.63905706 15.76789775
79.41581547 20.46514546
479.20378693 84.66086411
473.46270640 81.00744923
468.76545869 77.35403434
468.76545869 72.65678664
469.28737511 67.43762252
472.94078999 65.87187328
473.98462281 63.78420764
473.98462281 60.13079275
479.72570334 60.13079275
483.37911823 58.04312711
485.46678387 61.69654199
470.85312434 47.08288246
466.15587664 47.08288246
469.28737511 39.25413628
485.46678387 43.42946758
493.29553005 39.77605269
485.98870029 35.07880499
459.37096328 18.37747981
464.59012740 15.76789775
454.15179916 11.07065004
458.84904687 8.46106798
471.37504075 14.72406493
210.41683484 54.38971222
227.64007643 49.17054811
501.64619264 27.77197522
498.51469417 31.94730652
124.63718737 9.28755455
119.52230226 16.44839371
115.43039417 23.60923287
62.23558897 20.54030180
57.12070386 9.28755455
19.27055401 20.54030180
30.52330126 11.33350860
450.45536919 28.34498834
455.57025431 30.39094239
454.03578877 26.81052281
448.40941515 17.09224109
441.76006450 8.39693640
427.43838618 1.74758575
418.74308148 2.77056277
421.30052404 11.46586747
463.24258198 5.83949384
465.80002454 9.41991342
469.89193263 5.32800533
475.00681774 4.30502831
480.12170286 5.83949384
485.23658797 4.81651682
481.65616839 22.71861472
469.89193263 26.29903430
462.73109347 27.32201132
460.68513942 35.50582751
455.57025431 47.78155178
488.81700755 23.23010323
495.46635820 11.46586747
489.83998458 13.00033300
492.90891565 4.30502831
498.02380076 8.90842491
501.09273183 12.48884449
510.29952504 6.35098235
504.16166290 16.06926407
509.27654801 23.74159174
711.82599856 11.97735598
699.55027429 5.32800533
1002.60721734 230.25059151
997.49233223 212.85998212
1007.21061395 202.63021189
1013.85996460 194.95788422
312.86495960 5.32800533
308.26156300 5.32800533
301.10072384 3.28205128
304.16965491 8.39693640
310.30751704 9.93140193
320.02579876 3.79353979
248.92889567 2.77056277
255.06675780 7.88544789
260.69313143 4.30502831
226.42340116 3.79353979
222.33149307 11.46586747
214.14767688 21.18414918
221.82000456 19.64968365
229.49233223 11.97735598
216.19363093 4.30502831
90.87894562 12.48884449
90.87894562 19.13819514
91.90192264 3.79353979
97.01680775 9.41991342
105.71211245 4.81651682
103.15466989 13.00033300
111.33848608 13.51182151
116.45337119 10.44289044
121.56825631 4.30502831
115.43039417 5.83949384
