26.67983539 648.66502058
51.96378601 604.83950617
36.79341564 590.51193416
28.36543210 556.80000000
24.99423868 510.44609053
158.15637860 674.79176955
137.92921811 620.85267490
175.01234568 636.86584362
137.08641975 577.86995885
142.14320988 557.64279835
118.54485597 529.83045267
103.37448560 512.13168724
95.78930041 491.06172840
110.11687243 481.79094650
49.43539095 487.69053498
30.89382716 476.73415638
3.92427984 443.02222222
67.97695473 432.06584362
60.39176955 417.73827160
180.70123457 538.04773663
185.33662551 559.96049383
181.54403292 501.80740741
164.26666667 481.58024691
138.13991770 455.03209877
115.80576132 433.11934156
165.53086420 442.39012346
187.86502058 448.28971193
224.10534979 446.18271605
224.10534979 482.84444444
245.17530864 531.72674897
233.79753086 557.85349794
211.46337449 621.06337449
242.22551440 645.92592593
245.59670782 597.04362140
313.86337449 600.83621399
309.64938272 583.98024691
353.47489712 653.51111111
363.16707819 608.42139918
342.09711934 557.43209877
292.37201646 552.79670782
314.70617284 519.08477366
272.98765432 503.91440329
288.15802469 496.75061728
220.31275720 525.82716049
229.16213992 509.81399177
223.68395062 420.05596708
190.81481481 416.68477366
125.49794239 408.67818930
84.62222222 401.51440329
251.07489712 423.00576132
288.57942387 436.49053498
293.63621399 466.83127572
256.55308642 453.34650206
271.30205761 423.42716049
323.55555556 422.16296296
312.59917695 463.03868313
330.29794239 464.72427984
341.67572016 487.05843621
350.10370370 506.02139918
373.70205761 514.02798354
400.67160494 532.56954733
402.77860082 507.28559671
420.05596708 573.44526749
404.46419753 590.72263374
412.89218107 643.81893004
452.50370370 639.60493827
447.02551440 531.30534979
458.40329218 520.34897119
437.33333333 475.68065844
452.92510288 456.29629630
392.66502058 463.46008230
412.47078189 452.50370370
417.10617284 438.17613169
405.30699588 419.21316872
362.74567901 424.26995885
358.95308642 404.88559671
375.38765432 456.29629630
151.20329218 395.19341564
204.72098765 391.40082305
192.07901235 378.75884774
139.82551440 378.33744856
165.53086420 355.16049383
125.49794239 360.63868313
121.70534979 382.97283951
93.05020576 372.01646091
92.20740741 380.86584362
55.12427984 363.58847737
14.66995885 374.54485597
15.09135802 361.06008230
3.71358025 343.78271605
35.31851852 335.77613169
40.37530864 351.36790123
14.24855967 407.83539095
31.94732510 401.51440329
37.00411523 309.64938272
22.25514403 301.22139918
25.20493827 280.15144033
57.65267490 291.52921811
72.40164609 310.91358025
92.62880658 316.81316872
83.77942387 332.82633745
60.60246914 341.25432099
133.92592593 338.30452675
154.99588477 327.34814815
139.82551440 317.65596708
127.18353909 309.22798354
141.93251029 297.00740741
98.10699588 283.94403292
77.03703704 283.94403292
57.23127572 277.62304527
37.42551440 274.25185185
160.05267490 302.48559671
185.75802469 301.22139918
203.87818930 338.72592593
203.87818930 361.90288066
232.95473251 353.05349794
235.90452675 337.88312757
254.44609053 348.41810700
246.01810700 370.75226337
265.40246914 385.92263374
279.30864198 353.47489712
285.20823045 414.99917695
286.47242798 338.30452675
256.97448560 321.44855967
311.75637860 356.00329218
315.54897119 387.18683128
340.83292181 393.08641975
332.40493827 370.75226337
331.14074074 348.41810700
300.80000000 323.97695473
362.74567901 383.81563786
386.76543210 386.76543210
390.13662551 406.99259259
448.71111111 403.62139918
442.39012346 387.18683128
390.97942387 375.38765432
414.99917695 361.48148148
388.02962963 350.52510288
429.32674897 331.98353909
405.30699588 318.07736626
434.80493827 318.92016461
418.37037037 306.69958848
369.48806584 307.12098765
355.58189300 300.37860082
342.09711934 309.22798354
347.57530864 338.30452675
416.26337449 293.63621399
411.62798354 276.78024691
337.04032922 285.62962963
304.59259259 283.10123457
313.44197531 271.72345679
278.46584362 286.05102881
238.85432099 299.53580247
247.70370370 288.15802469
236.32592593 287.31522634
221.99835391 274.67325103
177.75144033 353.05349794
457.56049383 376.65185185
455.03209877 350.94650206
5.82057613 263.29547325
6.24197531 248.96790123
8.34897119 240.96131687
13.82716049 235.06172840
31.10452675 223.68395062
54.28148148 243.48971193
37.84691358 242.22551440
101.89958848 249.38930041
93.05020576 267.08806584
81.67242798 267.08806584
102.74238683 262.03127572
108.22057613 273.83045267
148.67489712 258.66008230
163.00246914 278.46584362
138.56131687 253.60329218
132.66172840 245.17530864
114.96296296 233.37613169
134.76872428 224.10534979
96.42139918 223.68395062
77.45843621 225.36954733
63.55226337 220.31275720
90.94320988 209.77777778
76.61563786 205.56378601
61.86666667 202.19259259
35.73991770 207.67078189
19.72674897 194.60740741
35.31851852 189.12921811
20.14814815 179.01563786
23.94074074 159.63127572
9.61316872 156.26008230
2.44938272 143.61810700
22.25514403 140.66831276
26.89053498 120.44115226
10.87736626 106.53497942
43.32510288 112.85596708
70.29465021 109.48477366
59.33827160 94.31440329
100.63539095 102.74238683
60.18106996 134.76872428
58.49547325 142.77530864
104.42798354 136.03292181
103.58518519 128.02633745
100.63539095 150.78189300
96.00000000 161.73827160
110.74897119 155.83868313
122.96954733 142.77530864
136.03292181 159.63127572
104.84938272 174.80164609
86.30781893 182.80823045
69.45185185 180.27983539
52.59588477 175.22304527
121.28395062 179.01563786
120.86255144 202.19259259
106.11358025 204.29958848
132.24032922 193.76460905
144.03950617 192.92181070
160.47407407 196.29300412
160.89547325 171.43045267
171.43045267 171.43045267
151.62469136 157.52427984
138.56131687 149.51769547
162.15967078 140.24691358
168.48065844 150.36049383
164.26666667 119.17695473
155.83868313 109.48477366
178.59423868 115.80576132
150.78189300 97.68559671
147.41069959 92.20740741
195.87160494 174.38024691
184.91522634 154.57448560
211.88477366 136.45432099
206.40658436 128.02633745
197.55720165 105.27078189
190.81481481 90.52181070
217.36296296 152.04609053
176.06584362 180.27983539
181.54403292 201.34979424
170.16625514 211.46337449
195.45020576 192.50041152
219.04855967 200.50699588
208.51358025 226.21234568
186.60082305 249.38930041
213.99176955 244.33251029
196.71440329 235.90452675
205.14238683 259.50288066
233.79753086 274.25185185
258.23868313 252.76049383
241.80411523 254.44609053
281.83703704 264.98106996
276.35884774 274.67325103
412.04938272 259.08148148
390.97942387 248.54650206
373.28065844 251.49629630
371.17366255 233.37613169
305.01399177 241.38271605
306.27818930 229.58353909
349.68230453 215.67736626
357.26748971 207.24938272
380.44444444 189.12921811
312.59917695 211.88477366
292.37201646 212.30617284
284.78683128 201.77119342
258.23868313 214.83456790
237.16872428 219.89135802
252.76049383 232.11193416
237.16872428 200.50699588
262.45267490 184.49382716
279.73004115 185.75802469
290.26502058 197.97860082
302.48559671 174.80164609
281.41563786 172.69465021
243.48971193 152.88888889
227.05514403 112.85596708
248.54650206 87.99341564
237.59012346 102.74238683
242.22551440 117.06995885
272.56625514 110.74897119
258.66008230 122.96954733
254.44609053 108.22057613
281.83703704 94.73580247
291.10781893 112.01316872
289.84362140 128.86913580
278.04444444 150.36049383
290.68641975 162.15967078
308.38518519 147.83209877
302.48559671 158.36707819
293.63621399 143.19670782
320.18436214 90.94320988
312.17777778 107.79917695
344.62551440 101.05679012
335.77613169 89.25761317
347.57530864 88.41481481
374.96625514 117.06995885
361.90288066 123.39094650
351.36790123 123.81234568
336.19753086 126.34074074
323.55555556 123.81234568
322.71275720 132.66172840
325.24115226 143.19670782
339.56872428 155.83868313
326.50534979 172.69465021
356.84609053 147.41069959
391.82222222 152.88888889
397.72181070 120.44115226
423.84855967 105.27078189
415.42057613 101.05679012
425.11275720 89.67901235
453.76790123 101.05679012
457.56049383 116.22716049
451.66090535 144.03950617
457.98189300 144.88230453
432.27654321 156.26008230
420.89876543 174.80164609
427.64115226 168.05925926
414.57777778 175.64444444
396.03621399 179.85843621
4.13497942 198.82139918
374.12345679 84.62222222
530.04115226 643.81893004
562.48888889 623.59176955
520.34897119 564.17448560
521.61316872 467.67407407
528.77695473 445.33991770
529.19835391 433.11934156
558.69629630 409.94238683
559.96049383 427.21975309
559.53909465 444.91851852
587.77283951 468.51687243
579.76625514 508.12839506
571.75967078 519.08477366
549.84691358 503.91440329
605.47160494 538.89053498
621.06337449 568.38847737
604.62880658 658.56790123
634.12674897 597.46502058
681.74485597 645.50452675
666.99588477 562.06748971
628.64855967 507.70699588
609.68559671 500.12181070
642.55473251 490.00823045
653.08971193 461.77448560
638.34074074 447.44691358
613.89958848 443.23292181
597.88641975 440.70452675
604.62880658 414.15637860
656.03950617 409.09958848
674.15967078 455.45349794
675.00246914 470.20246914
712.92839506 478.20905350
708.29300412 506.86419753
693.96543210 537.20493827
639.18353909 540.99753086
723.88477366 592.40823045
725.99176955 521.61316872
746.21893004 648.03292181
734.84115226 628.22716049
792.15144033 640.02633745
814.06419753 666.57448560
890.33744856 634.54814815
870.11028807 581.87325103
953.54732510 561.22469136
873.90288066 555.32510288
836.81975309 566.28148148
800.15802469 554.90370370
825.44197531 532.99094650
764.33909465 534.67654321
774.03127572 511.49958848
811.95720165 515.29218107
779.08806584 488.74403292
742.42633745 493.80082305
760.12510288 471.04526749
802.26502058 481.58024691
845.24773663 482.42304527
869.26748971 480.73744856
894.97283951 530.46255144
877.69547325 529.61975309
900.02962963 503.91440329
905.50781893 490.85102881
914.35720165 528.35555556
950.59753086 506.86419753
952.70452675 478.63045267
913.09300412 476.52345679
919.83539095 453.34650206
964.50370370 461.77448560
969.56049383 433.96213992
952.28312757 440.70452675
918.14979424 406.99259259
917.72839506 430.16954733
903.40082305 453.34650206
873.06008230 461.77448560
857.04691358 421.32016461
815.74979424 430.59094650
795.10123457 435.22633745
779.50946502 436.49053498
758.01810700 423.42716049
741.58353909 446.60411523
702.39341564 411.62798354
488.53333333 542.68312757
495.69711934 579.76625514
499.91111111 604.20740741
481.79094650 495.48641975
470.41316872 461.77448560
490.21893004 461.77448560
487.26913580 435.22633745
515.50288066 412.47078189
495.27572016 417.94897119
505.81069959 398.98600823
501.59670782 377.07325103
518.87407407 362.32427984
496.53991770 343.36131687
494.01152263 328.19094650
472.52016461 324.39835391
466.19917695 298.27160494
469.99176955 279.30864198
450.60740741 264.55967078
507.49629630 309.22798354
524.35226337 285.20823045
488.53333333 285.20823045
538.67983539 294.90041152
532.78024691 319.34156379
538.25843621 347.57530864
586.29794239 303.32839506
650.35061728 346.73251029
634.75884774 314.28477366
659.20000000 387.60823045
724.51687243 353.05349794
597.67572016 395.61481481
740.74074074 390.97942387
752.53991770 377.07325103
766.02469136 367.80246914
783.72345679 378.75884774
799.73662551 365.27407407
806.47901235 378.75884774
808.58600823 392.66502058
846.09053498 350.52510288
833.44855967 389.71522634
876.00987654 381.70864198
902.55802469 377.07325103
918.57119342 375.80905350
879.80246914 290.26502058
952.70452675 375.38765432
963.66090535 408.67818930
633.70534979 339.56872428
492.74732510 206.40658436
561.85679012 207.24938272
607.36790123 173.95884774
812.16790123 138.13991770
864.42139918 135.61152263
831.55226337 121.70534979
806.26831276 115.80576132
812.16790123 94.73580247
772.55637860 83.35802469
733.78765432 107.79917695
742.63703704 77.03703704
749.80082305 61.86666667
725.78106996 74.93004115
715.24609053 62.28806584
710.18930041 77.03703704
701.33991770 84.20082305
691.64773663 66.92345679
679.42716049 66.92345679
674.37037037 74.93004115
680.26995885 100.63539095
692.91193416 107.79917695
657.09300412 103.16378601
625.48806584 108.64197531
612.42469136 112.01316872
600.20411523 87.99341564
603.99670782 98.10699588
606.10370370 78.72263374
601.46831276 63.13086420
585.03374486 75.77283951
581.66255144 93.89300412
585.03374486 105.69218107
572.39176955 109.48477366
566.07078189 96.42139918
557.64279835 101.47818930
559.32839506 115.38436214
541.62962963 95.15720165
547.10781893 87.57201646
547.10781893 72.82304527
528.56625514 118.75555556
521.82386831 101.47818930
523.50946502 77.03703704
512.13168724 64.81646091
505.38930041 96.42139918
512.13168724 90.52181070
502.43950617 122.12674897
503.70370370 112.85596708
489.37613169 123.81234568
475.04855967 114.54156379
472.09876543 101.05679012
484.74074074 94.31440329
477.57695473 78.30123457
481.36954733 61.02386831
464.93497942 66.92345679
427.43045267 58.49547325
431.64444444 79.56543210
432.48724280 122.54814815
733.78765432 117.70205761
926.18163729 132.94820406
963.00881012 134.99415811
966.07774119 129.87927299
989.60621272 145.22392834
1010.57724169 160.05709517
1017.22659234 128.34480746
1003.92789104 131.41373852
1019.78403490 113.51164062
1009.55426467 104.81633593
975.79602291 108.39675551
949.19862031 94.07507719
937.94587306 93.56358867
922.08972920 78.21893333
898.04976916 80.26488738
898.04976916 61.33981245
935.89991901 75.15000226
960.96285607 81.79935291
958.91690203 66.45469757
957.89392501 49.57557669
846.38942950 36.78836390
854.06175717 16.84031195
905.72209683 50.08706520
906.74507386 43.43771455
939.48033859 51.11004222
930.78503390 60.31683543
1004.95086806 30.13901325
1015.69212680 25.02412814
734.88493400 50.08706520
759.94787106 29.62752474
751.25256636 29.62752474
773.75806087 25.53561665
791.66015877 21.95519707
813.65416477 18.88626600
542.05376516 14.79435791
641.28253639 22.46668558
620.31150742 28.60454772
619.28853040 43.43771455
641.79402491 43.43771455
648.95486407 36.27687539
664.81100792 22.46668558
682.20161731 19.39775451
696.01180712 38.83431795
681.17864029 39.34580646
907.25656237 121.18396830
918.50930962 104.81633593
998.30151741 89.47168058
1016.45935957 577.77271288
997.02279613 528.66981578
1011.34447446 495.93455105
992.93088804 486.72775784
1011.34447446 446.83165394
1000.09172720 434.55592967
985.77004888 400.79768791
1000.09172720 367.03944615
977.58623270 367.03944615
983.72409484 661.65682877
10.61720173 53.15599627
20.33548345 41.90324901
41.81800093 12.23691535
46.93288604 45.99515711
86.82898994 63.89725501
99.10471422 62.87427799
117.51830063 48.55259966
128.77104788 57.75939287
162.52928964 55.20195031
177.36245647 48.55259966
207.02879014 42.92622604
231.58023869 65.94320905
229.53428465 54.69046180
229.53428465 43.94920306
206.00581312 17.86328897
173.78203689 17.86328897
262.26954938 34.23092134
271.98783110 64.92023203
308.81500393 64.40874352
324.15965927 45.99515711
366.10171721 26.04710516
402.92889004 31.16199027
426.96885008 15.30584642
434.12968924 47.01813413
469.93388504 53.15599627
503.18063829 12.23691535
547.42439454 40.36878348
723.88793100 21.44370855
725.42239653 13.25989237
320.83498395 8.99748811
794.47334558 7.97451109
96.80301591 10.02046513
131.58423470 3.88260299
