15.11975309 419.41543210
46.38641975 451.26111111
68.96790123 450.68209877
102.55061728 422.88950617
112.97283951 459.94629630
132.08024691 441.41790123
154.66172840 426.36358025
173.76913580 444.89197531
191.71851852 425.78456790
216.61604938 424.04753086
206.77283951 457.63024691
235.72345679 407.25617284
272.78024691 412.46728395
249.61975309 458.20925926
315.62716049 455.31419753
324.31234568 429.25864198
337.62962963 412.46728395
349.78888889 431.57469136
352.68395062 456.47222222
366.58024691 414.78333333
405.95308642 431.57469136
452.85308642 442.57592593
455.16913580 458.78827160
500.33209877 437.36481481
565.76049383 422.31049383
634.08395062 391.04382716
554.75925926 395.67592593
568.07654321 375.41049383
485.85679012 394.51790123
507.85925926 416.52037037
442.43086420 370.19938272
463.27530864 388.14876543
379.89753086 386.99074074
350.36790123 366.14629630
326.62839506 384.09567901
284.36049383 389.30679012
301.73086420 372.51543210
309.83703704 347.61790123
366.58024691 348.77592593
245.56666667 384.67469136
207.93086420 378.30555556
196.35061728 403.20308642
150.60864198 398.57098765
155.24074074 371.93641975
133.23827160 376.56851852
112.97283951 393.93888889
79.39012346 402.62407407
89.81234568 376.56851852
31.33209877 382.93765432
10.48765432 378.30555556
27.27901235 358.04012346
53.91358025 341.82777778
68.96790123 355.72407407
92.12839506 340.09074074
103.70864198 361.51419753
124.55308642 319.24629630
155.24074074 344.72283951
200.40370370 341.24876543
228.77530864 345.88086420
610.34444444 318.08827160
584.28888889 353.98703704
521.17654321 338.35370370
488.17283951 333.14259259
441.27283951 327.93148148
477.17160494 307.66604938
452.27407407 308.82407407
502.64814815 294.34876543
535.65185185 293.76975309
561.12839506 295.50679012
616.71358025 292.61172840
625.97777778 260.18703704
609.76543210 248.60679012
561.70740741 252.08086420
553.60123457 227.76234568
542.60000000 270.03024691
511.33333333 249.76481481
493.96296296 267.13518519
471.96049383 268.87222222
454.01111111 246.29074074
448.80000000 291.45370370
410.00617284 285.08456790
417.53333333 261.92407407
388.00370370 287.97962963
378.73950617 266.55617284
379.31851852 321.56234568
403.63703704 319.82530864
312.15308642 305.35000000
334.15555556 287.97962963
341.10370370 265.97716049
301.73086420 241.65864198
306.36296296 270.03024691
290.72962963 307.08703704
254.25185185 300.71790123
203.87777778 288.55864198
210.82592593 265.39814815
231.09135802 250.92283951
268.14814815 245.71172840
147.13456790 282.18950617
165.08395062 261.34506173
192.29753086 260.18703704
195.19259259 238.76358025
182.45432099 226.60432099
165.08395062 223.13024691
132.08024691 257.29197531
124.55308642 236.44753086
106.60370370 235.28950617
95.60246914 260.76604938
88.65432099 293.76975309
70.12592593 303.03395062
41.17530864 279.87345679
4.11851852 278.13641975
4.11851852 294.34876543
120.50000000 301.29691358
24.96296296 238.76358025
51.01851852 243.97469136
84.02222222 224.28827160
49.86049383 187.81049383
4.11851852 204.60185185
20.33086420 180.28333333
1.80246914 172.75617284
62.59876543 169.86111111
67.80987654 171.01913580
107.76172840 173.33518519
148.29259259 164.65000000
119.92098765 151.91172840
93.86543210 159.43888889
125.13209877 206.91790123
191.13950617 186.65246914
221.82716049 204.60185185
154.66172840 195.91666667
244.98765432 217.91913580
262.93703704 195.91666667
321.99629630 189.54753086
341.10370370 178.54629630
307.52098765 168.12407407
350.94691358 230.07839506
396.10987654 213.28703704
430.27160494 230.07839506
445.32592593 176.80925926
410.58518519 171.01913580
478.32962963 190.70555556
495.70000000 172.75617284
524.07160494 203.44382716
498.59506173 231.81543210
455.16913580 228.34135802
591.23703704 202.28580247
578.49876543 220.23518519
623.08271605 193.60061728
616.13456790 168.12407407
588.92098765 171.01913580
547.81111111 154.80679012
575.60370370 149.01666667
596.44814815 140.91049383
620.76666667 125.85617284
630.60987654 103.27469136
591.23703704 96.32654321
569.81358025 117.17098765
554.75925926 102.11666667
544.91604938 88.22037037
532.17777778 113.69691358
488.17283951 96.90555556
481.22469136 159.43888889
462.69629630 126.43518519
441.85185185 123.54012346
427.95555556 138.59444444
450.53703704 155.96481481
398.42592593 153.64876543
431.42962963 110.80185185
411.16419753 88.22037037
380.47654321 101.53765432
382.21358025 129.33024691
368.89629630 124.69814815
371.21234568 157.70185185
342.26172840 155.96481481
321.99629630 151.33271605
328.36543210 127.59320988
312.15308642 92.27345679
288.99259259 92.85246914
284.93950617 150.75370370
261.20000000 147.85864198
247.88271605 174.49320988
221.82716049 174.49320988
218.35308642 122.96111111
196.35061728 136.27839506
171.45308642 120.64506173
162.76790123 137.43641975
146.55555556 123.54012346
160.45185185 99.80061728
111.81481481 88.79938272
108.91975309 112.53888889
94.44444444 90.53641975
73.02098765 95.74753086
73.02098765 95.74753086
28.43703704 88.79938272
65.49382716 135.69938272
70.70493827 116.59197531
95.02345679 136.27839506
8.75061728 114.27592593
178.40123457 78.95617284
301.87812188 292.37162837
237.06943057 296.62137862
226.79920080 339.47302697
465.13936064 290.24675325
476.82617383 288.83016983
298.33666334 138.67232767
209.09190809 176.92007992
59.81943057 54.00374625
64.42332667 74.19005994
107.27497502 57.89935065
79.65159840 24.60964036
104.79595405 10.79795205
52.38236763 26.02622378
70.08966034 8.67307692
51.31993007 8.67307692
42.11213786 16.46428571
37.86238761 8.67307692
27.94630370 10.79795205
17.67607393 33.81743257
38.92482517 34.17157842
30.07117882 50.46228771
135.60664336 22.83891109
178.81243756 19.29745255
176.33341658 43.37937063
165.70904096 57.54520480
156.50124875 72.77347652
142.33541459 56.83691309
202.54020979 59.31593407
195.81143856 41.96278721
193.68656344 26.38036963
209.26898102 11.15209790
223.43481518 9.02722278
231.22602398 27.44280719
231.93431568 56.12862138
267.70304695 54.00374625
289.30594406 55.06618382
322.24150849 58.96178821
336.40734266 49.04570430
313.74200799 28.85939061
342.07367632 23.54720280
349.15659341 10.79795205
318.34590410 11.15209790
300.99275724 9.02722278
284.34790210 11.50624376
310.55469530 74.54420579
284.70204795 75.60664336
348.80244755 69.94030969
218.83091908 97.20954046
50.96578422 165.91383616
362.79120879 27.44280719
380.14435564 21.42232767
368.45754246 41.96278721
381.56093906 56.12862138
395.37262737 46.56668332
396.78921079 29.56768232
404.93456543 13.98526474
428.30819181 6.90234765
440.70329670 28.15109890
464.43106893 21.42232767
468.68081918 10.79795205
466.55594406 55.06618382
416.26723277 43.02522478
358.18731269 57.54520480
196.34265734 30.98426573
503.91833167 53.29545455
514.89685315 69.94030969
528.70854146 74.54420579
571.56018981 75.60664336
448.31743257 196.72452547
542.87437562 21.06818182
593.16308691 19.65159840
619.72402597 23.54720280
631.41083916 38.06718282
654.43031968 24.25549451
684.53271728 6.54820180
675.67907093 33.10914086
685.24100899 52.94130869
708.26048951 31.69255744
650.53471528 57.54520480
645.93081918 88.35589411
601.66258741 75.60664336
595.64210789 41.96278721
688.42832168 148.20654346
698.69855145 176.53821179
648.40984016 206.64060939
676.74150849 213.36938062
621.49475524 265.81068931
655.84690310 230.04195804
655.84690310 248.10339660
697.63611389 237.83316683
684.17857143 268.99800200
647.34740260 407.49675325
701.17757243 363.58266733
676.74150849 337.37587413
687.36588412 320.73101898
643.45179820 310.81493506
562.70654346 275.72677323
327.37662338 234.29170829
158.98026973 466.63911089
629.10889111 5.51348651
601.48551449 4.80519481
700.64635365 440.40459540
