97.26308540 558.41391185
111.03719008 508.13842975
81.42286501 506.76101928
85.55509642 490.92079890
95.19696970 481.96763085
144.09504132 504.00619835
24.26033058 503.31749311
10.48622590 508.82713499
0.84435262 458.55165289
53.87465565 457.17424242
68.33746556 441.33402204
93.81955923 444.08884298
161.31267218 487.47727273
131.69834711 492.29820937
135.83057851 484.72245179
212.96556474 475.08057851
173.02066116 460.61776860
154.42561983 443.40013774
247.40082645 453.04201102
235.69283747 469.57093664
257.73140496 521.22382920
286.65702479 465.43870523
283.21349862 482.65633609
299.74242424 488.85468320
287.34573003 423.42768595
300.43112948 423.42768595
294.23278237 411.03099174
288.03443526 407.58746556
281.14738292 397.94559229
290.10055096 383.48278237
306.62947658 422.05027548
327.29063361 414.47451791
325.22451791 437.89049587
332.11157025 477.83539945
347.95179063 498.49655647
400.29338843 493.67561983
394.78374656 464.75000000
407.18044077 478.52410468
131.00964187 385.54889807
130.32093664 376.59573003
146.16115702 366.95385675
133.76446281 346.98140496
142.02892562 345.60399449
147.53856749 344.22658402
159.93526171 354.55716253
164.06749311 351.80234160
177.84159780 361.44421488
184.72865014 364.19903581
209.52203857 367.64256198
204.01239669 383.48278237
201.94628099 393.12465565
188.17217631 384.86019284
171.64325069 388.30371901
412.69008264 448.90977961
6.35399449 367.64256198
63.51652893 419.29545455
436.10606061 449.59848485
445.74793388 439.26790634
457.45592287 448.22107438
473.98484848 503.31749311
454.70110193 470.25964187
464.34297521 461.99517906
497.40082645 500.56267218
496.71212121 426.87121212
453.32369146 408.96487603
439.54958678 419.98415978
429.90771350 423.42768595
404.42561983 400.70041322
390.65151515 411.03099174
256.35399449 413.78581267
260.48622590 391.05853994
243.95730028 380.03925620
269.43939394 380.72796143
225.36225895 509.51584022
462.27685950 482.65633609
474.67355372 401.38911846
489.13636364 390.36983471
454.70110193 391.05853994
449.88016529 388.30371901
423.02066116 386.23760331
408.55785124 384.86019284
384.45316804 386.92630854
373.43388430 390.36983471
345.88567493 391.74724518
320.40358127 393.12465565
317.64876033 380.03925620
310.07300275 386.23760331
330.04545455 383.48278237
137.89669421 444.77754821
128.25482094 437.89049587
123.43388430 424.80509642
93.81955923 400.70041322
80.73415978 375.21831956
49.74242424 395.87947658
106.21625344 385.54889807
106.21625344 364.19903581
88.30991736 365.57644628
48.36501377 375.21831956
66.96005510 349.04752066
211.58815427 450.28719008
199.88016529 445.46625344
20.12809917 383.48278237
20.81680441 370.39738292
24.26033058 350.42493113
21.50550964 339.40564738
19.43939394 330.45247934
13.92975207 326.32024793
2.22176309 351.80234160
20.81680441 321.49931129
72.46969697 329.76377410
49.05371901 335.27341598
91.06473829 332.51859504
101.39531680 326.32024793
117.23553719 323.56542700
104.15013774 345.60399449
137.20798898 324.94283747
157.86914601 318.05578512
152.35950413 329.76377410
204.70110193 320.81060606
198.50275482 321.49931129
345.88567493 414.47451791
358.28236915 419.98415978
365.85812672 417.22933884
489.13636364 371.77479339
492.57988981 382.10537190
491.20247934 365.57644628
496.71212121 364.19903581
489.13636364 323.56542700
460.89944904 347.67011019
469.16391185 346.98140496
450.56887052 351.80234160
435.41735537 350.42493113
410.62396694 359.37809917
403.04820937 360.75550964
382.38705234 364.19903581
376.18870523 369.01997245
371.36776860 378.66184573
385.14187328 380.03925620
349.32920110 366.26515152
357.59366391 353.17975207
371.36776860 359.37809917
379.63223140 351.80234160
398.22727273 340.09435262
403.73691460 339.40564738
387.20798898 325.63154270
376.87741047 325.63154270
429.90771350 320.81060606
365.85812672 318.74449036
398.22727273 315.30096419
328.66804408 338.02823691
350.01790634 330.45247934
356.90495868 342.84917355
346.57438017 350.42493113
344.50826446 344.91528926
327.97933884 359.37809917
336.93250689 366.26515152
316.27134986 362.82162534
312.82782369 369.01997245
306.62947658 362.13292011
300.43112948 369.01997245
297.67630854 378.66184573
285.96831956 369.01997245
289.41184573 355.93457300
277.01515152 360.75550964
261.17493113 362.13292011
242.57988981 354.55716253
235.69283747 340.78305785
246.02341598 335.27341598
217.09779614 382.10537190
210.89944904 395.19077135
162.00137741 394.50206612
263.24104683 457.17424242
383.76446281 425.49380165
256.35399449 330.45247934
250.84435262 318.74449036
272.19421488 315.98966942
279.76997245 318.74449036
284.59090909 315.98966942
314.20523416 316.67837466
298.36501377 321.49931129
292.16666667 313.92355372
326.60192837 327.69765840
318.33746556 332.51859504
279.76997245 342.16046832
274.94903581 347.67011019
432.66253444 371.77479339
404.42561983 370.39738292
455.38980716 371.08608815
462.96556474 371.08608815
464.34297521 384.86019284
473.29614325 383.48278237
469.85261708 389.68112948
192.99311295 344.91528926
42.16666667 362.82162534
87.62121212 305.17906336
76.60192837 299.66942149
70.40358127 300.35812672
82.11157025 287.27272727
121.36776860 290.02754821
103.46143251 299.66942149
134.45316804 301.73553719
153.73691460 309.31129477
149.60468320 301.73553719
162.00137741 309.31129477
167.51101928 303.11294766
184.03994490 292.78236915
180.59641873 290.71625344
197.81404959 296.91460055
199.19146006 274.18732782
226.05096419 292.09366391
222.60743802 306.55647383
214.34297521 314.13223140
232.93801653 299.66942149
261.86363636 305.17906336
267.37327824 301.73553719
289.41184573 300.35812672
298.36501377 296.91460055
306.62947658 311.37741047
285.27961433 295.53719008
294.92148760 282.45179063
277.01515152 280.38567493
272.88292011 276.25344353
283.90220386 274.18732782
268.75068871 287.96143251
337.62121212 282.45179063
337.62121212 296.91460055
332.80027548 311.37741047
352.08402204 277.63085399
418.19972452 300.35812672
404.42561983 287.27272727
478.80578512 290.71625344
470.54132231 306.55647383
496.71212121 306.55647383
374.12258953 293.47107438
361.72589532 290.71625344
149.60468320 285.20661157
138.58539945 284.51790634
133.76446281 287.27272727
124.81129477 279.69696970
131.69834711 274.18732782
160.62396694 255.59228650
168.88842975 237.68595041
162.69008264 243.88429752
151.67079890 234.93112948
133.07575758 239.06336088
134.45316804 256.96969697
117.92424242 253.52617080
101.39531680 285.89531680
89.68732782 284.51790634
155.11432507 276.25344353
163.37878788 274.87603306
160.62396694 288.65013774
95.19696970 252.14876033
84.17768595 252.14876033
80.73415978 214.95867769
24.26033058 311.37741047
45.61019284 300.35812672
247.40082645 364.40771350
241.89118457 365.78512397
215.03168044 365.09641873
219.16391185 360.27548209
177.15289256 305.17906336
144.78374656 212.20385675
126.87741047 212.20385675
113.10330579 210.13774105
106.21625344 210.82644628
100.70661157 210.82644628
88.99862259 218.40220386
89.68732782 211.51515152
137.20798898 188.09917355
104.83884298 184.65564738
122.74517906 181.90082645
149.60468320 186.03305785
375.50000000 173.63636364
380.32093664 167.43801653
390.65151515 166.74931129
397.53856749 172.25895317
410.62396694 166.74931129
473.29614325 184.65564738
312.13911846 157.79614325
317.64876033 155.04132231
306.62947658 155.73002755
303.87465565 152.97520661
298.36501377 159.86225895
2.91046832 300.35812672
298.88154270 158.14049587
294.74931129 155.04132231
289.92837466 157.79614325
284.76308540 152.97520661
267.54545455 148.84297521
256.87052342 147.46556474
246.88429752 146.08815427
107.07713499 135.75757576
110.52066116 131.28099174
103.97796143 132.31404959
129.80440771 132.31404959
514.61845730 264.54545455
506.35399449 338.92561983
511.86363636 375.42699725
505.66528926 381.62534435
518.75068871 383.69146006
522.88292011 373.36088154
533.21349862 366.47382920
529.08126722 360.96418733
504.28787879 364.40771350
542.85537190 331.34986226
531.83608815 332.72727273
554.56336088 350.63360882
554.56336088 368.53994490
555.94077135 378.18181818
537.34573003 378.87052342
567.64876033 375.42699725
564.89393939 368.53994490
566.27134986 383.69146006
580.73415978 380.24793388
583.48898072 388.51239669
597.95179063 378.87052342
595.88567493 369.22865014
593.13085399 349.94490358
581.42286501 332.72727273
582.80027548 312.75482094
564.89393939 323.77410468
549.74242424 321.01928375
559.38429752 311.37741047
512.55234160 294.15977961
523.57162534 292.09366391
529.76997245 298.29201102
542.85537190 286.58402204
553.87465565 294.15977961
544.92148760 306.55647383
580.04545455 299.66942149
585.55509642 298.29201102
600.70661157 303.11294766
612.41460055 303.11294766
598.64049587 316.19834711
615.85812672 308.62258953
623.43388430 312.06611570
636.51928375 301.73553719
636.51928375 335.48209366
619.99035813 348.56749311
625.50000000 348.56749311
631.69834711 356.14325069
612.41460055 354.76584022
613.79201102 374.04958678
622.05647383 385.06887052
643.40633609 360.96418733
645.47245179 352.01101928
637.89669421 349.94490358
653.73691460 373.36088154
644.09504132 395.39944904
631.69834711 395.39944904
665.44490358 354.76584022
666.13360882 311.37741047
669.57713499 303.11294766
488.44765840 261.10192837
678.53030303 252.14876033
702.63498623 256.96969697
693.68181818 318.95316804
686.10606061 318.95316804
674.39807163 292.09366391
688.86088154 282.45179063
684.72865014 280.38567493
690.92699725 272.12121212
743.26859504 352.01101928
692.30440771 373.36088154
679.21900826 378.87052342
671.64325069 368.53994490
667.51101928 378.18181818
701.25757576 391.26721763
715.72038567 388.51239669
731.56060606 383.00275482
742.57988981 383.00275482
750.15564738 385.06887052
751.53305785 362.34159780
703.32369146 294.84848485
699.19146006 288.65013774
708.83333333 281.76308540
717.09779614 281.76308540
708.14462810 272.80991736
712.96556474 267.98898072
717.78650138 267.98898072
726.05096419 265.92286501
733.62672176 265.23415978
740.51377410 263.16804408
738.44765840 274.18732782
726.05096419 279.00826446
721.91873278 275.56473829
726.73966942 286.58402204
743.26859504 282.45179063
732.93801653 301.04683196
740.51377410 301.04683196
717.78650138 296.91460055
715.03168044 303.80165289
710.21074380 301.73553719
704.70110193 308.62258953
705.38980716 313.44352617
709.52203857 311.37741047
715.72038567 318.26446281
692.30440771 332.72727273
704.01239669 347.19008264
715.72038567 352.01101928
705.38980716 340.30303030
737.75895317 327.90633609
731.56060606 320.33057851
629.63223140 293.47107438
678.53030303 500.56267218
685.41735537 481.27892562
651.67079890 477.14669421
629.63223140 481.96763085
619.99035813 487.47727273
609.65977961 508.82713499
596.57438017 490.92079890
752.91046832 503.31749311
703.32369146 498.49655647
690.23829201 494.36432507
692.30440771 467.50482094
697.12534435 412.40840220
707.45592287 404.14393939
732.93801653 414.47451791
748.08953168 409.65358127
757.04269972 402.76652893
768.06198347 404.83264463
763.24104683 371.77479339
771.50550964 371.77479339
764.61845730 346.98140496
787.34573003 337.33953168
787.34573003 355.93457300
812.13911846 365.57644628
798.36501377 391.74724518
816.27134986 426.87121212
843.13085399 412.40840220
848.64049587 400.01170799
851.39531680 411.03099174
801.80853994 479.90151515
810.07300275 493.67561983
780.45867769 490.92079890
753.59917355 479.21280992
871.36776860 501.94008264
818.33746556 476.45798898
816.27134986 469.57093664
874.81129477 443.40013774
865.16942149 443.40013774
876.87741047 423.42768595
885.14187328 417.22933884
897.53856749 413.78581267
878.25482094 407.58746556
872.74517906 400.01170799
877.56611570 383.48278237
866.54683196 389.68112948
856.90495868 365.57644628
917.51101928 366.26515152
885.14187328 382.10537190
889.96280992 370.39738292
903.04820937 354.55716253
920.95454545 350.42493113
934.72865014 384.86019284
934.72865014 393.12465565
938.17217631 422.05027548
925.77548209 438.57920110
888.58539945 446.15495868
936.79476584 482.65633609
915.44490358 481.27892562
912.69008264 493.67561983
903.04820937 500.56267218
923.02066116 503.31749311
900.29338843 469.57093664
953.32369146 476.45798898
965.03168044 506.76101928
975.36225895 500.56267218
970.54132231 437.89049587
956.76721763 407.58746556
954.01239669 380.72796143
965.03168044 371.77479339
960.21074380 364.19903581
965.72038567 360.75550964
993.26859504 412.40840220
992.57988981 426.87121212
993.26859504 450.28719008
985.69283747 444.77754821
991.20247934 497.11914601
991.20247934 476.45798898
653.04820937 415.85192837
663.37878788 407.58746556
670.26584022 399.32300275
674.39807163 395.19077135
605.52754821 400.01170799
602.08402204 415.85192837
586.93250689 400.01170799
583.48898072 405.52134986
573.15840220 423.42768595
544.92148760 415.85192837
513.24104683 422.05027548
509.79752066 428.24862259
498.77823691 424.80509642
835.55509642 361.44421488
826.60192837 364.19903581
827.29063361 344.91528926
825.22451791 325.63154270
784.59090909 318.05578512
763.92975207 323.56542700
794.23278237 315.30096419
883.07575758 337.33953168
872.05647383 335.27341598
888.58539945 344.22658402
914.75619835 335.27341598
896.84986226 327.69765840
955.38980716 332.51859504
967.09779614 326.32024793
973.29614325 330.45247934
991.20247934 342.16046832
520.12809917 405.52134986
509.79752066 404.83264463
498.77823691 394.50206612
572.46969697 487.47727273
576.60192837 467.50482094
570.40358127 461.99517906
595.19696970 484.03374656
604.15013774 468.88223140
547.67630854 479.21280992
544.23278237 495.74173554
519.43939394 495.74173554
503.59917355 498.49655647
506.35399449 476.45798898
755.66528926 494.36432507
783.21349862 471.63705234
939.54958678 330.45247934
942.99311295 346.98140496
967.78650138 349.73622590
862.41460055 352.69972452
852.77272727 356.83195592
833.48898072 374.73829201
931.97382920 298.98071625
933.35123967 307.24517906
918.19972452 295.53719008
754.97658402 290.71625344
757.04269972 294.15977961
794.20629371 305.00499500
802.19830170 296.01398601
795.20529471 288.02197802
819.18131868 307.00299700
809.19130869 324.98501499
619.38111888 287.02297702
892.85764236 314.49550450
829.92057942 302.50749251
836.91358641 295.01498501
