43.02352528 6.95751404
37.28195225 31.00035112
32.25807584 28.84726124
25.79880618 34.94768258
20.41608146 11.26369382
14.31566011 15.92872191
11.80372191 24.89992978
22.56917135 20.95259831
25.79880618 27.41186798
18.26299157 27.41186798
17.90414326 32.43574438
11.44487360 37.45962079
24.72226124 46.43082865
29.74613764 40.68925562
19.69838483 43.20119382
10.00948034 44.27773876
2.11481742 46.78967697
4.26790730 37.45962079
36.20540730 5.16327247
45.53546348 27.41186798
55.58321629 38.53616573
48.76509831 38.17731742
37.99964888 12.34023876
36.92310393 16.28757022
34.05231742 22.02914326
29.74613764 22.74683989
5.70330056 61.50245787
15.39220506 48.22507022
16.10990169 60.06706461
37.64080056 51.81355337
19.33953652 53.96664326
53.07127809 29.92380618
65.63096910 27.05301966
59.88939607 51.45470506
62.40133427 44.27773876
66.34866573 39.97155899
51.99473315 56.83742978
44.10007022 41.40695225
60.96594101 58.63167135
57.73630618 65.09094101
44.81776685 67.60287921
32.97577247 71.90905899
40.51158708 62.57900281
36.56425562 66.88518258
21.85147472 64.37324438
11.44487360 70.11481742
23.64571629 70.11481742
5.70330056 86.62183989
11.08602528 78.72717697
17.90414326 86.98068820
32.61692416 85.18644663
41.58813202 83.75105337
16.10990169 95.23419944
25.79880618 94.87535112
53.07127809 99.54037921
22.56917135 107.43504213
15.75105337 117.84164326
36.56425562 119.99473315
59.17169944 111.02352528
48.40625000 114.25316011
33.87289326 105.99789326
39.61446629 102.40941011
14.49508427 101.69171348
48.22682584 82.31390449
55.40379213 81.59620787
61.14536517 85.90238764
56.12148876 85.90238764
43.92064607 90.92626404
35.30828652 59.34761236
64.01615169 64.37148876
32.43750000 132.55266854
16.64817416 134.70575843
3.01193820 129.68188202
25.97823034 131.11727528
5.16502809 107.43328652
27.23419944 75.85639045
43.38237360 73.70330056
38.35849719 77.65063202
38.71734551 87.33953652
69.93714888 123.22436798
87.87956461 109.22928371
87.87956461 103.48771067
79.26720506 92.36341292
84.64992978 94.51650281
73.52563202 96.66959270
102.95119382 94.87535112
69.75772472 102.40941011
6.60042135 154.80126404
25.26053371 142.60042135
33.15519663 146.18890449
25.26053371 162.69592697
16.64817416 182.79143258
6.60042135 184.22682584
10.90660112 167.71980337
36.02598315 171.30828652
43.92064607 154.80126404
39.61446629 181.35603933
44.63834270 177.04985955
22.38974719 202.88693820
51.09761236 200.01615169
54.68609551 196.42766854
16.64817416 230.87710674
10.90660112 222.98244382
30.28441011 222.98244382
39.61446629 219.39396067
61.32478933 155.51720506
72.80793539 148.34023876
85.00877809 147.26369382
58.09515449 145.82830056
77.83181180 179.56004213
80.70259831 160.54108146
72.44908708 193.55512640
26.51650281 184.22507022
33.69346910 204.67942416
10.72717697 242.71734551
26.87535112 239.48771067
50.20049157 214.36832865
69.57830056 237.69346910
86.44417135 249.17661517
75.31987360 258.86551966
22.21032303 253.84164326
46.61200843 248.81776685
49.48279494 266.40133427
62.04248596 263.88939607
101.51580056 221.18644663
100.08040730 203.60287921
112.28125000 214.72717697
120.53476124 230.15765449
99.72155899 256.35358146
109.05161517 241.99964888
118.38167135 264.96594101
92.90344101 78.36832865
72.44908708 13.41678371
56.65976124 9.82830056
104.74543539 6.95751404
85.72647472 9.82830056
94.69768258 11.98139045
100.08040730 14.85217697
104.74543539 12.34023876
101.87464888 23.46453652
81.77914326 24.89992978
76.39641854 45.71313202
60.96594101 22.38799157
57.37745787 17.00526685
88.95610955 65.09094101
125.55863764 67.60287921
113.35779494 61.50245787
129.14712079 58.99051966
135.60639045 61.50245787
134.88869382 75.85639045
133.45330056 95.23419944
123.76439607 112.81776685
91.82689607 38.53616573
99.72155899 36.02422753
78.54950843 18.44066011
125.55863764 22.38799157
119.45821629 24.89992978
112.99894663 31.00035112
75.76843399 56.56829354
73.43591994 82.40537219
70.74455758 68.41028792
74.87131320 64.64238062
113.26808287 89.58233848
153.10024579 99.63009129
102.32320927 72.89589185
97.47875702 86.35270365
27.41362360 265.32654494
89.13553371 167.71980337
97.03019663 181.35603933
89.13553371 181.35603933
80.52317416 197.14536517
61.14536517 184.22682584
81.24087079 152.64817416
71.91081461 158.38974719
137.22120787 26.33356742
148.70435393 22.02738764
125.73806180 13.41502809
131.47963483 9.82654494
136.50351124 9.10884831
134.35042135 22.02738764
131.47963483 50.01755618
125.02036517 48.58216292
95.59480337 49.29985955
123.58497191 33.51053371
139.37429775 36.38132022
132.91502809 41.40519663
127.17345506 39.25210674
114.97261236 46.42907303
115.69030899 14.85042135
98.46558989 65.80688202
162.34058989 54.32373596
123.58497191 102.40941011
130.76193820 85.90238764
138.65660112 85.90238764
111.38412921 105.99789326
102.77176966 106.71558989
99.90098315 126.09339888
87.70014045 136.14115169
67.60463483 139.72963483
58.27457865 128.24648876
130.76193820 141.16502809
139.37429775 129.68188202
126.45575843 124.65800562
125.73806180 166.28441011
111.38412921 168.43750000
105.64255618 174.89676966
127.17345506 184.22682584
137.22120787 161.26053371
147.26896067 158.38974719
159.46980337 161.26053371
109.94873596 189.96839888
141.52738764 189.25070225
129.32654494 201.45154494
127.17345506 211.49929775
141.52738764 235.90098315
135.78581461 222.98244382
73.34620787 211.49929775
150.13974719 202.88693820
137.22120787 199.29845506
149.42205056 219.39396067
154.44592697 237.33637640
137.22120787 245.94873596
152.29283708 254.56109551
123.58497191 240.92485955
96.31250000 267.47963483
117.84339888 149.77738764
139.37429775 116.04564607
148.70435393 88.05547753
103.48946629 41.40519663
150.13974719 33.51053371
144.39817416 32.07514045
145.83356742 28.48665730
171.67064607 24.18047753
133.63272472 4.08497191
117.84339888 6.23806180
142.24508427 11.26193820
163.77598315 11.97963483
151.57514045 11.97963483
137.93890449 105.99789326
173.82373596 53.60603933
172.38834270 67.95997191
158.75210674 76.57233146
165.21137640 79.44311798
164.49367978 64.37148876
147.98665730 56.47682584
146.55126404 69.39536517
165.92907303 43.55828652
158.75210674 34.94592697
153.01053371 28.48665730
160.18750000 43.55828652
150.13974719 51.45294944
155.88132022 50.01755618
142.24508427 41.40519663
150.13974719 44.99367978
178.84761236 32.07514045
168.08216292 33.51053371
163.77598315 26.33356742
181.71839888 19.15660112
158.75210674 21.30969101
85.54705056 34.22823034
77.65238764 29.20435393
74.78160112 34.22823034
71.19311798 26.33356742
41.76755618 21.30969101
30.28441011 47.14676966
26.69592697 54.32373596
44.63834270 49.29985955
64.73384831 51.45294944
68.32233146 56.47682584
58.99227528 28.48665730
64.01615169 32.07514045
53.96839888 24.18047753
86.26474719 19.87429775
92.72401685 27.05126404
97.74789326 28.48665730
93.44171348 56.47682584
86.26474719 56.47682584
83.39396067 61.50070225
68.32233146 72.98384831
79.80547753 67.24227528
88.41783708 71.54845506
74.78160112 72.26615169
64.01615169 79.44311798
61.14536517 69.39536517
107.79564607 69.39536517
104.20716292 62.21839888
101.33637640 44.27598315
95.59480337 42.12289326
124.30266854 85.90238764
118.56109551 93.07935393
74.78160112 114.61025281
118.56109551 129.68188202
181.00070225 39.25210674
175.97682584 14.85042135
183.87148876 13.41502809
170.95294944 9.10884831
158.75210674 6.23806180
144.39817416 6.23806180
169.51755618 97.38553371
190.33075843 116.76334270
158.75210674 121.06952247
157.31671348 134.70575843
147.26896067 138.29424157
175.97682584 136.85884831
167.36446629 139.72963483
166.64676966 156.23665730
154.44592697 141.16502809
184.58918539 111.73946629
180.28300562 103.12710674
164.49367978 105.99789326
158.03441011 112.45716292
147.98665730 111.02176966
148.70435393 94.51474719
163.05828652 173.46137640
162.34058989 192.83918539
161.62289326 202.88693820
152.29283708 179.20294944
175.25912921 193.55688202
175.25912921 174.17907303
170.95294944 216.52317416
190.33075843 197.14536517
176.69452247 231.59480337
198.94311798 250.97261236
192.48384831 231.59480337
185.30688202 249.53721910
205.40238764 265.32654494
219.75632022 241.64255618
232.67485955 216.52317416
193.91924157 217.95856742
197.50772472 209.34620787
222.62710674 231.59480337
175.25912921 265.32654494
181.71839888 69.39536517
186.74227528 58.62991573
170.23525281 86.62008427
171.67064607 80.87851124
186.74227528 94.51474719
180.28300562 89.49087079
183.15379213 75.85463483
183.15379213 84.46699438
190.33075843 79.44311798
199.66081461 36.38132022
190.33075843 34.22823034
184.58918539 31.35744382
189.61306180 24.89817416
186.02457865 23.46278090
181.71839888 26.33356742
198.94311798 24.89817416
192.48384831 29.20435393
204.68469101 24.18047753
190.33075843 21.30969101
190.33075843 6.23806180
186.74227528 8.39115169
180.28300562 3.36727528
173.82373596 4.80266854
177.41221910 9.10884831
223.34480337 27.05126404
186.74227528 44.27598315
216.88553371 33.51053371
211.14396067 32.07514045
208.27317416 19.87429775
213.29705056 21.30969101
211.86165730 39.25210674
198.22542135 43.55828652
206.12008427 4.08497191
210.42626404 4.08497191
214.73244382 4.80266854
202.53160112 11.26193820
188.89536517 126.81109551
175.97682584 117.48103933
204.68469101 132.55266854
203.24929775 156.23665730
199.66081461 187.09761236
188.89536517 174.89676966
196.07233146 169.15519663
204.68469101 171.30828652
193.20154494 161.97823034
211.86165730 196.42766854
216.88553371 207.91081461
217.60323034 189.25070225
224.06250000 201.45154494
238.41643258 245.23103933
206.12008427 220.11165730
224.06250000 36.38132022
219.03862360 61.50070225
219.75632022 53.60603933
229.80407303 50.01755618
218.32092697 48.58216292
196.07233146 51.45294944
205.40238764 104.56250000
196.79002809 92.36165730
188.17766854 99.53862360
203.24929775 56.47682584
223.34480337 86.62008427
219.75632022 84.46699438
214.73244382 84.46699438
213.29705056 78.00772472
208.27317416 72.26615169
196.07233146 74.41924157
204.68469101 74.41924157
215.45014045 55.04143258
211.86165730 56.47682584
211.86165730 49.29985955
175.97682584 38.53441011
190.33075843 49.29985955
195.35463483 65.80688202
194.63693820 58.62991573
207.55547753 58.62991573
213.29705056 129.68188202
213.29705056 141.88272472
201.81390449 124.65800562
223.34480337 116.04564607
216.16783708 111.02176966
208.99087079 122.50491573
190.33075843 106.71558989
219.03862360 96.66783708
221.19171348 142.60042135
194.63693820 129.68188202
193.20154494 146.90660112
180.28300562 121.78721910
168.79985955 114.61025281
159.46980337 84.46699438
92.00632022 198.58075843
104.92485955 139.72963483
96.31250000 233.03019663
84.11165730 237.33637640
221.19171348 257.43188202
229.08637640 161.26053371
230.52176966 179.92064607
239.85182584 173.46137640
236.98103933 196.42766854
236.26334270 209.34620787
238.41643258 257.43188202
231.23946629 141.16502809
226.21558989 104.56250000
220.47401685 8.39115169
220.47401685 19.15660112
242.00491573 29.20435393
223.34480337 79.44311798
205.40238764 84.46699438
224.06250000 71.54845506
207.55547753 66.52457865
233.39255618 28.48665730
230.52176966 13.41502809
227.65098315 8.39115169
224.06250000 3.36727528
239.13412921 38.53441011
232.67485955 34.22823034
246.31109551 39.96980337
236.98103933 52.17064607
238.41643258 58.62991573
239.85182584 62.93609551
234.82794944 64.37148876
229.08637640 59.34761236
231.95716292 56.47682584
247.56706461 57.55512640
238.59585674 44.27773876
206.65835674 45.71313202
265.86832865 36.02422753
257.97366573 26.33532303
266.58602528 25.97647472
249.00245787 27.77071629
275.55723315 33.51228933
271.96875000 29.56495787
255.46172753 69.39712079
239.31355337 79.08602528
259.05021067 56.47858146
263.35639045 75.13869382
235.00737360 99.54037921
243.61973315 90.92801966
227.83040730 88.77492978
265.86832865 66.88518258
258.33251404 61.86130618
249.72015449 98.46383427
234.28967697 111.02352528
241.46664326 126.09515449
242.54318820 119.99473315
250.07900281 107.43504213
249.36130618 115.32970506
258.69136236 106.71734551
262.99754213 112.81776685
257.25596910 87.33953652
266.58602528 90.92801966
271.60990169 82.31566011
232.85428371 92.36341292
249.36130618 79.80372191
252.59094101 29.92380618
249.72015449 35.66537921
281.29880618 27.41186798
267.66257022 50.01931180
275.19838483 41.76580056
285.24613764 43.20119382
250.79669944 46.43082865
275.91608146 55.04318820
238.23700843 88.41608146
259.40905899 120.35358146
258.69136236 133.27212079
281.29880618 78.72717697
275.19838483 71.55021067
280.22226124 67.60287921
264.43293539 101.69346910
258.69136236 97.02844101
251.87324438 90.92801966
235.72507022 70.11481742
254.02633427 56.47858146
245.05512640 17.36411517
258.33251404 33.51228933
260.12675562 45.71313202
262.27984551 43.20119382
262.27984551 51.45470506
245.05512640 49.30161517
200.91678371 108.51158708
201.63448034 103.48771067
208.81144663 92.00456461
249.36130618 66.16748596
277.35147472 91.28686798
266.58602528 128.96594101
272.32759831 109.22928371
279.50456461 104.92310393
279.14571629 96.66959270
280.22226124 118.55933989
279.50456461 113.53546348
289.91116573 126.09515449
282.37535112 131.83672753
287.39922753 102.41116573
294.21734551 110.30582865
291.34655899 82.31566011
290.62886236 90.92801966
286.32268258 57.55512640
293.49964888 44.99543539
295.65273876 63.29669944
305.70049157 67.60287921
297.44698034 85.18644663
306.05933989 86.98068820
303.54740169 82.31566011
311.08321629 68.67942416
300.67661517 53.60779494
294.93504213 99.89922753
308.93012640 109.94698034
312.51860955 125.37745787
300.67661517 98.46383427
299.95891854 117.48279494
301.75316011 104.20540730
281.29880618 48.58391854
294.57619382 36.38307584
289.55231742 18.44066011
313.77457865 80.87851124
305.87991573 74.41924157
295.11446629 57.19452247
306.59761236 59.34761236
297.26755618 72.98384831
294.39676966 6.95575843
285.78441011 9.10884831
274.30126404 11.26193820
282.19592697 11.97963483
279.32514045 13.41502809
254.92345506 9.82654494
253.48806180 3.36727528
294.39676966 28.48665730
234.82794944 134.70575843
239.85182584 136.85884831
245.59339888 146.18890449
254.92345506 147.62429775
270.71278090 151.21278090
277.88974719 141.16502809
277.17205056 4.80266854
245.59339888 10.54424157
260.66502809 181.35603933
255.64115169 159.10744382
247.74648876 196.42766854
244.15800562 210.06390449
257.07654494 211.49929775
255.64115169 241.64255618
259.94733146 248.10182584
243.44030899 265.32654494
272.14817416 222.98244382
264.97120787 227.28862360
274.30126404 250.25491573
290.09058989 248.10182584
269.27738764 241.64255618
272.86587079 233.03019663
279.32514045 238.05407303
294.39676966 230.87710674
303.72682584 235.18328652
264.25351124 201.45154494
283.63132022 188.53300562
272.14817416 181.35603933
288.65519663 181.35603933
257.07654494 169.15519663
272.14817416 171.30828652
300.85603933 138.29424157
290.09058989 169.87289326
295.11446629 148.34199438
303.72682584 174.17907303
303.00912921 156.95435393
244.87570225 72.98384831
258.51193820 80.87851124
75.49929775 123.22261236
111.38412921 141.16502809
311.62148876 132.55266854
312.33918539 146.90660112
306.59761236 142.60042135
321.66924157 91.64396067
318.08075843 99.53862360
311.62148876 101.69171348
286.50210674 202.88693820
295.11446629 196.42766854
313.05688202 189.96839888
300.13834270 219.39396067
317.36306180 204.32233146
304.44452247 184.94452247
322.38693820 139.72963483
307.31530899 32.07514045
307.31530899 9.10884831
314.49227528 46.42907303
305.16221910 39.25210674
325.25772472 56.47682584
321.66924157 43.55828652
331.71699438 41.40519663
320.95154494 38.53441011
328.84620787 46.42907303
342.48244382 44.27598315
333.87008427 46.42907303
342.48244382 51.45294944
338.17626404 61.50070225
320.95154494 233.03019663
320.95154494 233.03019663
417.12289326 256.71418539
408.51053371 247.38412921
378.36727528 250.97261236
384.82654494 240.20716292
326.69311798 264.60884831
329.56390449 239.48946629
352.53019663 258.14957865
460.18469101 249.53721910
478.12710674 256.71418539
318.08075843 7.67521067
330.28160112 8.75175562
357.91292135 28.84726124
333.51123596 63.65554775
319.87500000 68.32057584
331.71699438 71.90905899
325.25772472 75.85639045
337.81741573 84.46875000
380.87921348 73.70330056
362.93679775 120.71242978
372.98455056 119.99473315
332.07584270 103.48771067
322.02808989 100.25807584
321.31039326 115.32970506
352.88904494 108.51158708
348.94171348 101.69346910
343.20014045 110.30582865
362.93679775 102.41116573
394.51544944 79.44487360
411.74016854 81.59796348
416.04634831 90.92801966
410.66362360 108.51158708
408.86938202 100.25807584
391.28581461 111.02352528
382.67345506 118.20049157
147.62780899 155.16186798
439.37148876 225.85323034
484.58637640 188.53300562
502.52879213 238.05407303
506.83497191 196.42766854
503.24648876 151.21278090
408.51053371 225.13553371
415.68750000 202.88693820
387.69733146 201.45154494
369.03721910 216.52317416
371.19030899 233.03019663
439.37148876 259.58497191
356.83637640 151.21278090
341.04705056 151.21278090
325.25772472 169.87289326
320.95154494 159.10744382
327.41081461 153.36587079
331.71699438 127.52879213
330.99929775 137.57654494
343.91783708 136.14115169
337.45856742 161.26053371
353.96558989 164.13132022
338.17626404 169.15519663
349.65941011 179.92064607
333.15238764 179.92064607
342.48244382 193.55688202
339.61165730 201.45154494
333.87008427 189.96839888
326.69311798 207.91081461
330.99929775 221.54705056
346.78862360 216.52317416
343.91783708 239.48946629
353.24789326 246.66643258
376.21418539 266.76193820
378.36727528 184.22682584
385.54424157 166.28441011
369.75491573 161.26053371
316.82478933 53.24894663
303.90625000 52.53125000
324.36060393 9.82830056
350.19768258 13.77563202
348.04459270 24.54108146
354.86271067 14.85217697
360.60428371 15.92872191
343.37956461 5.52212079
336.92029494 7.31636236
321.84866573 33.15344101
316.10709270 32.43574438
357.73349719 46.78967697
344.09726124 40.68925562
344.81495787 65.09094101
337.27914326 53.24894663
343.37956461 78.72717697
330.10217697 84.10990169
320.41327247 83.39220506
315.03054775 73.34445225
320.41327247 107.43504213
343.73841292 92.36341292
356.65695225 83.75105337
347.68574438 73.34445225
348.40344101 60.78476124
345.53265449 87.69838483
350.55653090 77.65063202
359.88658708 96.66959270
365.62816011 89.49262640
369.21664326 79.44487360
365.26931180 73.34445225
371.36973315 65.80863764
366.34585674 66.52633427
357.01580056 68.67942416
354.86271067 61.14360955
374.95821629 83.75105337
371.01088483 48.22507022
355.58040730 20.95259831
354.14501404 10.18714888
358.09234551 10.18714888
337.99683989 13.41678371
342.66186798 11.26369382
349.12113764 115.32970506
354.86271067 121.43012640
355.93925562 130.40133427
349.83883427 123.58321629
339.07338483 72.62675562
372.44627809 99.54037921
384.28827247 89.49262640
386.44136236 82.67450843
376.75245787 94.51650281
377.82900281 104.20540730
356.65695225 41.76580056
364.91046348 19.51720506
345.89150281 15.21102528
373.52282303 57.55512640
358.81004213 55.76088483
378.90554775 52.53125000
378.18785112 44.27773876
373.16397472 35.66537921
370.65203652 26.33532303
383.57057584 33.15344101
399.71875000 102.77001404
399.35990169 94.51650281
397.20681180 89.85147472
392.54178371 88.77492978
393.61832865 95.95189607
388.59445225 97.02844101
369.21664326 44.27773876
363.11622191 5.52212079
348.40344101 6.95751404
371.72858146 11.98139045
374.24051966 14.85217697
380.34094101 28.48841292
378.54669944 20.95259831
391.10639045 40.68925562
385.00596910 41.40695225
380.34094101 17.72296348
387.15905899 18.44066011
377.11130618 65.09094101
383.21172753 69.39712079
368.14009831 109.22928371
370.65203652 102.77001404
367.06355337 95.95189607
335.84375000 94.87535112
398.64220506 122.50667135
375.31706461 132.55442416
406.89571629 118.91818820
407.25456461 113.89431180
395.05372191 31.35919944
400.43644663 27.41186798
404.38377809 25.97647472
394.33602528 22.02914326
399.35990169 20.23490169
380.69978933 12.34023876
373.88167135 22.02914326
371.72858146 18.79950843
392.90063202 72.62675562
402.23068820 74.42099719
403.66608146 39.25386236
407.97226124 63.29669944
393.61832865 66.16748596
387.15905899 54.32549157
390.02984551 59.34936798
407.97226124 68.32057584
403.66608146 58.27282303
397.92450843 58.27282303
417.30231742 107.43504213
412.27844101 33.87113764
410.48419944 39.97155899
420.17310393 68.67942416
418.73771067 79.44487360
424.47928371 75.85639045
423.04389045 87.33953652
430.22085674 89.13377809
425.91467697 99.54037921
424.83813202 111.02352528
415.86692416 60.06706461
416.22577247 44.27773876
413.71383427 25.97647472
395.05372191 15.92872191
425.91467697 68.32057584
435.60358146 70.83251404
198.04599719 13.41678371
332.61411517 15.92872191
323.28405899 28.84726124
381.77633427 6.95751404
396.84796348 36.74192416
419.45540730 12.34023876
418.37886236 9.82830056
427.35007022 12.34023876
430.93855337 11.98139045
421.96734551 19.87605337
417.66116573 15.92872191
401.51299157 14.85217697
435.96242978 21.31144663
451.39290730 15.92872191
444.93363764 16.28757022
438.83321629 15.21102528
432.73279494 17.36411517
429.14431180 16.28757022
423.40273876 27.77071629
414.07268258 12.34023876
390.38869382 4.44557584
396.84796348 4.80442416
400.79529494 2.65133427
403.66608146 10.90484551
399.00105337 10.90484551
408.68995787 10.90484551
464.67029494 15.92872191
471.48841292 15.92872191
455.34023876 19.51720506
449.23981742 23.46453652
446.36903090 23.82338483
440.26860955 30.28265449
442.78054775 22.02914326
420.17310393 39.97155899
420.89080056 33.15344101
426.27352528 49.30161517
430.22085674 31.71804775
451.39290730 31.35919944
465.38799157 31.35919944
456.77563202 26.33532303
502.34936798 15.92872191
491.22507022 20.95259831
487.99543539 24.54108146
484.76580056 17.36411517
482.25386236 20.95259831
478.30653090 25.97647472
475.43574438 33.15344101
495.89009831 24.89992978
505.93785112 21.31144663
487.27773876 33.51228933
407.61341292 19.87605337
445.65133427 50.01931180
499.83742978 35.66537921
483.33040730 43.20119382
474.00035112 40.68925562
458.56987360 36.02422753
454.62254213 53.24894663
487.63658708 40.68925562
492.66046348 39.25386236
500.91397472 39.97155899
477.94768258 46.78967697
473.28265449 51.45470506
467.18223315 54.32549157
466.10568820 49.30161517
472.56495787 22.38799157
430.93855337 38.53616573
430.57970506 52.53125000
441.34515449 46.43082865
435.96242978 50.73700843
469.33532303 60.06706461
439.90976124 57.55512640
499.47858146 43.56004213
493.37816011 43.56004213
488.71313202 52.53125000
482.97155899 53.24894663
454.98139045 61.50245787
458.92872191 68.32057584
466.10568820 65.80863764
453.90484551 73.70330056
446.01018258 79.08602528
438.83321629 85.18644663
482.97155899 62.57900281
491.58391854 80.88026685
491.58391854 70.83251404
485.12464888 72.62675562
474.71804775 70.11481742
496.24894663 50.73700843
500.19627809 49.30161517
509.16748596 37.45962079
510.24403090 22.38799157
509.52633427 30.28265449
448.16327247 40.68925562
448.88096910 86.62183989
437.75667135 100.97577247
447.44557584 100.97577247
461.08181180 95.23419944
461.79950843 82.67450843
464.67029494 76.21523876
467.18223315 43.56004213
507.37324438 63.29669944
503.06706461 56.47858146
503.06706461 69.39712079
497.68433989 79.44487360
501.63167135 75.85639045
504.86130618 79.44487360
493.37816011 53.96664326
481.53616573 80.88026685
478.66537921 90.21032303
488.71313202 92.36341292
474.35919944 84.10990169
460.36411517 88.41608146
481.89501404 97.38728933
457.49332865 105.99964888
461.79950843 103.48771067
467.89992978 100.25807584
490.86622191 100.25807584
467.54108146 115.68855337
461.08181180 111.02352528
438.47436798 107.43504213
437.03897472 117.84164326
430.93855337 117.84164326
509.16748596 104.92310393
497.32549157 98.82268258
494.45470506 88.77492978
482.25386236 58.27282303
497.32549157 60.78476124
499.47858146 53.96664326
487.99543539 58.99051966
494.45470506 116.40625000
467.18223315 126.81285112
442.06285112 129.32478933
431.65625000 126.81285112
478.66537921 123.58321629
475.07689607 96.66959270
424.47928371 57.55512640
401.15414326 44.99543539
450.31636236 107.43504213
469.33532303 92.36341292
455.69908708 120.35358146
450.67521067 123.22436798
480.81846910 103.48771067
495.53125000 129.32478933
371.36973315 138.47366573
367.78125000 144.93293539
388.95330056 135.96172753
383.92942416 142.77984551
389.31214888 142.42099719
397.56566011 143.13869382
392.90063202 151.39220506
382.85287921 153.90414326
368.49894663 152.82759831
410.48419944 189.07127809
411.20189607 162.87535112
398.28335674 162.51650281
410.84304775 137.75596910
434.16818820 136.67942416
425.19698034 153.54529494
421.96734551 166.82268258
449.23981742 142.42099719
437.39782303 160.00456461
433.45049157 150.67450843
449.23981742 153.90414326
431.29740169 184.40625000
448.88096910 171.48771067
453.54599719 186.55933989
447.80442416 193.37745787
460.72296348 191.94206461
464.31144663 185.12394663
463.59375000 154.98068820
466.46453652 138.47366573
478.66537921 157.49262640
485.48349719 153.54529494
487.27773876 137.75596910
420.17310393 119.81355337
499.11973315 159.28686798
489.78967697 165.38728933
444.21594101 115.50737360
435.96242978 90.02914326
484.04810393 119.81355337
341.58532303 144.93293539
343.73841292 163.23419944
338.35568820 181.53546348
350.55653090 189.43012640
363.47507022 171.48771067
408.33110955 146.72717697
482.25386236 173.28195225
494.45470506 187.27703652
506.65554775 124.11973315
498.04318820 109.76580056
503.06706461 92.54108146
458.56987360 74.95751404
479.38307584 133.44978933
369.93433989 192.11973315
349.12113764 229.43995787
320.41327247 226.21032303
305.70049157 203.60287921
285.60498596 225.85147472
379.26439607 229.43995787
396.13026685 218.31566011
423.76158708 235.54037921
419.81425562 226.92801966
447.08672753 201.80863764
473.64150281 216.16257022
460.72296348 222.62183989
452.46945225 230.51650281
481.89501404 237.69346910
490.86622191 249.89431180
453.54599719 254.55933989
437.75667135 241.99964888
355.93925562 235.54037921
449.95751404 217.95681180
420.53195225 216.16257022
397.20681180 187.45470506
396.13026685 256.71242978
391.82408708 247.02352528
498.76088483 261.37745787
461.08181180 234.46383427
505.39957865 112.45716292
491.76334270 207.91081461
58.27457865 210.06390449
60.42766854 97.38553371
9.47120787 126.09339888
25.97823034 116.04564607
2.29424157 202.88693820
117.12570225 181.35603933
