78.85498891 536.53303769
60.12328160 616.45498891
50.13303769 531.53791574
35.14767184 716.35742794
148.78669623 632.68913525
133.80133038 678.89401330
175.01108647 725.09889135
120.06474501 742.58181818
203.73303769 536.53303769
243.69401330 545.27450111
283.65498891 642.67937916
140.04523282 515.30376940
112.57206208 487.83059867
147.53791574 485.33303769
91.34279379 487.83059867
16.41596452 451.61596452
226.21108647 492.82572062
282.40620843 494.07450111
284.90376940 556.51352550
321.11840355 561.50864745
362.32815965 593.97694013
450.99157428 647.67450111
468.47450111 716.35742794
421.02084257 605.21596452
443.49889135 549.02084257
373.56718404 551.51840355
338.60133038 535.28425721
356.08425721 497.82084257
328.61108647 481.58669623
299.88913525 480.33791574
404.78669623 519.05011086
417.27450111 487.83059867
475.96718404 507.81108647
502.19157428 556.51352550
528.41596452 547.77206208
534.65986696 592.72815965
553.39157428 655.16718404
645.80133038 642.67937916
748.20133038 700.12328160
728.22084257 596.47450111
783.16718404 583.98669623
830.62084257 588.98181818
845.60620843 726.34767184
893.05986696 677.64523282
883.06962306 625.19645233
925.52815965 610.21108647
962.99157428 595.22572062
1006.69889135 688.88425721
1017.93791574 612.70864745
1016.68913525 566.50376940
994.21108647 506.56230599
955.49889135 542.77694013
906.79645233 544.02572062
879.32328160 530.28913525
801.89889135 551.51840355
821.87937916 489.07937916
870.58181818 497.82084257
908.04523282 510.30864745
935.51840355 495.32328160
909.29401330 467.85011086
955.49889135 479.08913525
995.45986696 476.59157428
1011.69401330 461.60620843
992.96230599 449.11840355
1010.44523282 436.63059867
754.44523282 542.77694013
719.47937916 539.03059867
738.21108647 505.31352550
708.24035477 484.08425721
682.01596452 479.08913525
648.29889135 501.56718404
658.28913525 550.26962306
612.08425721 564.00620843
594.60133038 524.04523282
562.13303769 472.84523282
594.60133038 489.07937916
534.65986696 487.83059867
508.43547672 495.32328160
483.45986696 477.84035477
449.74279379 465.35254989
60.12328160 455.98669623
61.99645233 434.13303769
38.26962306 432.25986696
20.78669623 421.02084257
3.30376940 439.75254989
75.10864745 429.13791574
101.95742794 432.88425721
110.69889135 445.99645233
143.79157428 458.48425721
125.05986696 449.11840355
156.27937916 435.38181818
189.99645233 450.99157428
200.61108647 460.35742794
145.04035477 371.06962306
108.20133038 399.79157428
79.47937916 391.67450111
51.38181818 407.28425721
43.26474501 387.30376940
12.04523282 381.68425721
32.02572062 376.06474501
16.41596452 367.94767184
45.76230599 373.56718404
64.49401330 377.31352550
74.48425721 374.81596452
101.95742794 363.57694013
118.19157428 367.94767184
133.80133038 367.94767184
144.41596452 355.45986696
157.52815965 354.21108647
246.19157428 408.53303769
229.33303769 397.29401330
249.31352550 427.88913525
263.05011086 445.99645233
266.79645233 472.84523282
279.28425721 437.87937916
309.25498891 445.99645233
347.96718404 451.61596452
382.93303769 468.47450111
376.06474501 447.86962306
413.52815965 439.12815965
364.82572062 424.14279379
349.21596452 433.50864745
377.31352550 414.15254989
389.80133038 414.15254989
401.04035477 406.03547672
350.46474501 408.53303769
369.19645233 387.92815965
323.61596452 414.15254989
309.25498891 402.91352550
290.52328160 401.66474501
273.04035477 404.16230599
277.41108647 419.77206208
268.66962306 379.18669623
253.68425721 388.55254989
239.94767184 380.43547672
256.18181818 376.06474501
268.04523282 356.70864745
289.89889135 370.44523282
304.25986696 379.18669623
288.65011086 387.30376940
314.87450111 388.55254989
324.86474501 376.06474501
254.93303769 361.07937916
250.56230599 341.09889135
239.32328160 342.34767184
262.42572062 347.96718404
384.18181818 393.54767184
401.04035477 391.67450111
421.64523282 401.66474501
452.86474501 421.64523282
445.99645233 439.12815965
488.45498891 429.76230599
481.58669623 459.73303769
479.08913525 408.53303769
467.85011086 421.64523282
501.56718404 426.64035477
464.72815965 384.80620843
449.74279379 376.68913525
439.12815965 386.05498891
442.87450111 402.91352550
467.85011086 408.53303769
490.95254989 386.05498891
390.42572062 379.18669623
410.40620843 373.56718404
424.14279379 381.68425721
418.52328160 359.20620843
426.01596452 366.69889135
438.50376940 362.32815965
436.63059867 356.70864745
370.44523282 369.19645233
374.81596452 359.83059867
364.20133038 362.32815965
335.47937916 389.17694013
350.46474501 374.81596452
331.10864745 351.08913525
322.36718404 354.21108647
301.76230599 359.83059867
345.46962306 347.96718404
361.70376940 351.08913525
362.95254989 345.46962306
376.68913525 344.22084257
384.18181818 352.33791574
397.29401330 369.19645233
391.67450111 364.82572062
390.42572062 357.95742794
394.17206208 346.71840355
401.04035477 341.09889135
705.11840355 452.86474501
629.56718404 467.22572062
665.15742794 432.25986696
608.33791574 456.61108647
587.10864745 464.72815965
575.86962306 450.36718404
543.40133038 460.35742794
528.41596452 425.39157428
567.75254989 435.38181818
551.51840355 421.02084257
542.15254989 404.16230599
559.63547672 401.04035477
577.11840355 404.16230599
556.51352550 382.93303769
583.98669623 377.31352550
589.60620843 389.17694013
567.12815965 367.94767184
597.72328160 411.65498891
592.72815965 431.01108647
618.95254989 427.88913525
637.05986696 414.15254989
638.30864745 434.75742794
639.55742794 399.79157428
620.20133038 394.17206208
609.58669623 376.06474501
627.06962306 376.06474501
652.66962306 372.31840355
651.42084257 392.92328160
672.02572062 395.42084257
663.90864745 377.93791574
691.38181818 366.07450111
710.73791574 391.67450111
698.25011086 386.05498891
690.13303769 389.17694013
682.01596452 388.55254989
692.63059867 401.04035477
708.24035477 425.39157428
722.60133038 409.78181818
734.46474501 397.29401330
758.19157428 370.44523282
733.21596452 374.81596452
722.60133038 378.56230599
722.60133038 353.58669623
748.20133038 356.70864745
746.95254989 401.04035477
734.46474501 434.75742794
795.65498891 489.70376940
786.91352550 520.29889135
830.62084257 464.10376940
833.11840355 435.38181818
834.99157428 444.74767184
849.97694013 455.98669623
801.89889135 445.37206208
786.28913525 445.99645233
870.58181818 468.47450111
888.68913525 442.25011086
797.52815965 406.03547672
826.87450111 404.16230599
799.40133038 395.42084257
781.29401330 397.29401330
791.28425721 388.55254989
789.41108647 376.06474501
800.02572062 356.70864745
811.26474501 390.42572062
823.75254989 376.06474501
829.99645233 381.68425721
846.85498891 384.80620843
844.98181818 398.54279379
876.20133038 408.53303769
901.80133038 409.78181818
913.04035477 391.67450111
892.43547672 377.31352550
866.83547672 377.31352550
919.90864745 429.76230599
946.75742794 431.01108647
963.61596452 404.16230599
957.99645233 380.43547672
933.02084257 378.56230599
947.38181818 371.69401330
982.97206208 383.55742794
979.22572062 370.44523282
975.47937916 398.54279379
1006.69889135 406.03547672
1007.94767184 381.68425721
1021.68425721 361.70376940
966.11352550 347.96718404
122.56230599 354.52328160
107.26474501 354.52328160
95.08913525 355.14767184
98.52328160 349.52815965
101.33303769 338.60133038
106.64035477 338.60133038
91.03059867 338.60133038
117.56718404 343.59645233
125.99645233 344.53303769
137.23547672 342.34767184
150.65986696 337.04035477
122.87450111 329.23547672
110.38669623 335.16718404
91.65498891 327.36230599
101.33303769 325.17694013
103.83059867 316.74767184
110.69889135 323.61596452
111.94767184 317.37206208
109.76230599 305.50864745
96.33791574 313.00133038
101.33303769 310.50376940
99.14767184 305.50864745
104.14279379 303.32328160
102.26962306 298.32815965
106.64035477 299.26474501
105.70376940 296.45498891
123.81108647 307.69401330
117.56718404 299.88913525
123.18669623 315.18669623
130.05498891 310.50376940
133.48913525 315.18669623
93.21596452 301.13791574
106.01596452 280.84523282
109.45011086 279.59645233
111.32328160 278.03547672
113.50864745 280.22084257
115.06962306 277.41108647
118.50376940 274.60133038
123.81108647 274.60133038
120.37694013 276.78669623
99.45986696 282.40620843
97.58669623 285.21596452
93.52815965 282.40620843
105.70376940 288.02572062
106.32815965 285.21596452
109.13791574 283.03059867
96.65011086 291.45986696
77.91840355 285.21596452
87.28425721 283.03059867
83.85011086 283.03059867
88.53303769 292.08425721
86.97206208 297.07937916
148.47450111 321.74279379
159.40133038 328.61108647
172.51352550 348.27937916
163.45986696 338.28913525
169.70376940 338.91352550
174.38669623 338.28913525
170.95254989 332.66962306
173.76230599 320.80620843
165.95742794 324.55254989
170.64035477 309.56718404
162.21108647 307.38181818
148.47450111 303.32328160
135.98669623 304.57206208
143.16718404 308.31840355
147.53791574 313.00133038
152.22084257 314.56230599
157.84035477 313.00133038
155.34279379 309.87937916
160.65011086 317.99645233
199.67450111 322.36718404
204.04523282 311.12815965
200.61108647 315.18669623
192.18181818 313.31352550
193.74279379 308.31840355
179.38181818 323.61596452
185.62572062 325.80133038
181.56718404 314.56230599
179.06962306 311.12815965
185.62572062 304.25986696
184.06474501 307.38181818
175.94767184 271.79157428
180.00620843 271.79157428
186.56230599 271.79157428
184.06474501 275.22572062
181.25498891 278.65986696
180.00620843 281.46962306
183.44035477 281.78181818
163.45986696 277.41108647
162.21108647 281.46962306
165.33303769 281.78181818
174.69889135 274.60133038
172.20133038 278.03547672
170.01596452 274.60133038
170.01596452 281.46962306
152.53303769 287.08913525
147.22572062 287.40133038
148.16230599 285.21596452
143.47937916 286.46474501
147.22572062 292.08425721
137.23547672 298.64035477
134.11352550 297.07937916
144.10376940 298.32815965
160.33791574 299.88913525
161.89889135 285.21596452
164.39645233 284.27937916
154.09401330 297.07937916
155.96718404 289.89889135
158.46474501 291.45986696
167.83059867 296.45498891
169.70376940 291.45986696
171.57694013 290.21108647
176.88425721 290.21108647
175.63547672 286.46474501
172.82572062 285.21596452
180.31840355 292.08425721
177.50864745 295.51840355
168.14279379 302.69889135
183.12815965 289.27450111
194.67937916 292.08425721
200.92328160 287.08913525
203.73303769 287.71352550
208.10376940 287.08913525
196.86474501 287.08913525
191.55742794 285.21596452
189.68425721 284.27937916
190.93303769 277.41108647
194.05498891 281.46962306
194.05498891 278.03547672
190.62084257 303.32328160
197.48913525 297.07937916
190.30864745 322.36718404
213.72328160 317.99645233
221.84035477 315.81108647
221.52815965 289.27450111
211.22572062 308.31840355
204.04523282 304.88425721
203.10864745 298.95254989
206.23059867 297.07937916
208.41596452 294.89401330
210.91352550 301.13791574
208.72815965 329.23547672
206.85498891 324.24035477
228.70864745 321.43059867
220.59157428 329.23547672
218.09401330 323.61596452
242.13303769 323.92815965
205.29401330 283.03059867
205.29401330 278.97206208
215.59645233 287.40133038
222.46474501 282.40620843
225.27450111 276.78669623
199.05011086 307.06962306
7.98669623 330.79645233
4.24035477 344.84523282
13.60620843 344.84523282
4.24035477 366.07450111
5.48913525 320.18181818
9.54767184 310.50376940
6.11352550 299.88913525
4.86474501 294.58181818
11.73303769 295.83059867
11.42084257 291.45986696
15.47937916 295.20620843
3.92815965 283.96718404
11.73303769 325.80133038
2.99157428 305.50864745
278.97206208 346.40620843
295.83059867 342.03547672
288.65011086 352.33791574
299.26474501 349.52815965
309.25498891 336.41596452
298.32815965 333.60620843
303.94767184 327.98669623
273.04035477 334.23059867
265.54767184 337.04035477
257.74279379 335.79157428
253.68425721 330.17206208
249.93791574 326.73791574
249.00133038 321.74279379
253.68425721 307.69401330
252.74767184 300.82572062
266.17206208 302.07450111
270.23059867 302.69889135
264.61108647 325.17694013
259.30376940 327.36230599
259.30376940 320.18181818
255.24523282 318.30864745
253.05986696 319.55742794
278.03547672 325.17694013
276.47450111 319.55742794
281.78181818 317.05986696
273.66474501 314.56230599
291.77206208 327.36230599
294.89401330 319.86962306
283.96718404 334.85498891
302.07450111 315.49889135
296.14279379 313.31352550
298.32815965 305.82084257
293.64523282 305.82084257
287.71352550 303.32328160
278.65986696 303.01108647
304.88425721 301.45011086
292.08425721 297.39157428
306.75742794 307.69401330
311.12815965 322.67937916
315.81108647 316.12328160
317.37206208 318.93303769
321.43059867 313.31352550
307.69401330 317.68425721
320.49401330 326.73791574
324.86474501 320.49401330
327.98669623 319.55742794
331.73303769 314.56230599
351.71352550 363.26474501
381.37206208 383.24523282
405.09889135 355.77206208
412.27937916 342.97206208
407.28425721 331.73303769
421.95742794 332.98181818
427.88913525 340.47450111
398.85498891 331.42084257
389.48913525 333.60620843
386.36718404 339.22572062
377.31352550 327.98669623
384.49401330 330.17206208
394.79645233 328.29889135
369.82084257 330.17206208
362.64035477 329.54767184
354.83547672 335.79157428
349.21596452 327.98669623
339.22572062 339.22572062
338.91352550 332.04523282
329.54767184 338.60133038
330.48425721 330.17206208
335.16718404 319.55742794
346.71840355 320.18181818
343.90864745 315.49889135
342.97206208 304.88425721
339.53791574 311.44035477
334.23059867 307.69401330
341.41108647 300.51352550
338.28913525 305.50864745
346.71840355 300.51352550
348.90376940 307.69401330
345.46962306 311.12815965
355.45986696 312.68913525
358.89401330 319.86962306
367.01108647 318.30864745
372.00620843 320.18181818
378.56230599 317.68425721
386.05498891 323.30376940
386.67937916 312.06474501
378.56230599 312.68913525
376.68913525 308.31840355
391.67450111 316.74767184
400.72815965 319.86962306
410.71840355 317.68425721
411.96718404 323.92815965
419.77206208 316.74767184
427.26474501 311.12815965
417.89889135 308.31840355
423.83059867 304.25986696
410.40620843 308.94279379
406.03547672 314.56230599
401.66474501 309.87937916
406.03547672 304.25986696
395.73303769 307.06962306
404.16230599 298.64035477
478.15254989 364.51352550
460.66962306 365.76230599
468.47450111 358.26962306
476.59157428 351.08913525
470.97206208 344.84523282
450.05498891 338.60133038
443.49889135 334.23059867
438.19157428 342.03547672
432.57206208 328.61108647
458.17206208 331.10864745
526.54279379 376.06474501
515.30376940 371.69401330
498.13303769 357.33303769
486.89401330 348.59157428
504.06474501 342.65986696
492.20133038 339.22572062
491.57694013 328.92328160
596.47450111 347.65498891
592.72815965 331.42084257
597.72328160 328.92328160
592.72815965 324.55254989
583.36230599 325.48913525
578.99157428 336.72815965
603.65498891 367.32328160
624.88425721 330.17206208
622.07450111 324.55254989
605.52815965 325.17694013
510.93303769 321.74279379
512.18181818 314.87450111
522.79645233 309.87937916
531.53791574 311.12815965
536.22084257 311.75254989
517.48913525 317.68425721
520.29889135 304.25986696
514.99157428 308.31840355
516.86474501 311.12815965
508.43547672 309.87937916
493.76230599 308.63059867
505.00133038 314.56230599
486.58181818 323.92815965
480.96230599 328.92328160
469.72328160 330.79645233
464.41596452 317.68425721
461.29401330 309.87937916
459.10864745 302.07450111
461.29401330 298.64035477
464.41596452 301.45011086
468.78669623 303.63547672
473.15742794 304.25986696
479.71352550 308.31840355
480.33791574 299.88913525
486.58181818 306.13303769
494.69889135 299.88913525
451.92815965 325.17694013
457.54767184 322.99157428
445.68425721 315.49889135
435.06962306 316.74767184
452.55254989 313.93791574
462.54279379 323.92815965
476.59157428 317.68425721
379.18669623 299.88913525
385.74279379 296.45498891
388.24035477 293.64523282
396.04523282 291.77206208
397.60620843 288.65011086
399.79157428 285.84035477
396.04523282 299.88913525
400.41596452 298.64035477
400.41596452 294.58181818
403.85011086 291.45986696
389.17694013 305.82084257
383.55742794 306.44523282
409.78181818 293.64523282
407.59645233 287.40133038
417.27450111 285.21596452
419.45986696 285.84035477
424.14279379 283.96718404
420.70864745 297.39157428
417.89889135 299.88913525
423.83059867 293.02084257
425.39157428 290.21108647
434.44523282 290.83547672
448.80620843 288.02572062
445.37206208 287.40133038
451.30376940 288.02572062
432.88425721 298.64035477
426.64035477 299.26474501
430.38669623 300.82572062
431.01108647 295.20620843
434.44523282 295.20620843
437.87937916 297.07937916
439.75254989 294.58181818
445.99645233 298.64035477
448.80620843 295.20620843
450.67937916 294.26962306
453.17694013 294.26962306
436.00620843 307.06962306
460.98181818 293.64523282
464.41596452 294.26962306
470.03547672 295.20620843
483.77206208 295.83059867
486.89401330 295.83059867
485.02084257 298.64035477
490.01596452 298.01596452
494.07450111 294.58181818
494.69889135 291.77206208
485.95742794 291.77206208
488.14279379 291.77206208
476.27937916 287.40133038
472.84523282 284.59157428
478.15254989 290.83547672
468.16230599 288.02572062
459.73303769 285.84035477
461.91840355 289.58669623
455.67450111 290.21108647
459.42084257 292.39645233
490.01596452 303.01108647
436.00620843 283.96718404
429.76230599 286.77694013
430.69889135 288.96230599
395.10864745 285.21596452
386.99157428 285.84035477
393.85986696 288.65011086
388.24035477 291.45986696
390.42572062 290.21108647
377.93791574 296.45498891
377.00133038 294.26962306
376.68913525 291.77206208
377.93791574 290.21108647
377.93791574 287.40133038
482.83547672 316.12328160
960.80620843 340.16230599
952.06474501 334.54279379
958.62084257 330.48425721
952.37694013 326.11352550
953.62572062 322.36718404
963.61596452 325.80133038
974.54279379 332.66962306
970.48425721 324.24035477
966.73791574 333.91840355
965.48913525 321.11840355
981.41108647 326.11352550
987.03059867 328.92328160
989.84035477 336.72815965
971.42084257 345.78181818
1000.45498891 337.04035477
996.70864745 329.54767184
996.39645233 324.86474501
1006.07450111 331.73303769
1007.63547672 327.36230599
1008.57206208 324.24035477
1013.25498891 323.92815965
1015.12815965 336.72815965
1021.68425721 328.29889135
1022.62084257 333.91840355
1014.81596452 321.11840355
1015.75254989 318.30864745
1020.12328160 317.37206208
1000.76718404 320.18181818
1006.07450111 318.93303769
1002.32815965 316.12328160
1007.32328160 309.87937916
1011.38181818 307.69401330
1017.31352550 308.31840355
1022.30864745 308.63059867
994.52328160 314.87450111
986.71840355 316.12328160
976.10376940 314.56230599
967.36230599 313.31352550
972.04523282 310.50376940
982.65986696 308.00620843
989.52815965 310.50376940
906.17206208 314.25011086
899.92815965 308.63059867
912.41596452 313.31352550
907.10864745 307.69401330
906.48425721 305.19645233
907.42084257 303.01108647
913.04035477 304.25986696
907.42084257 299.88913525
913.04035477 296.76718404
921.15742794 306.44523282
928.02572062 313.31352550
926.46474501 306.44523282
931.77206208 307.69401330
937.70376940 311.44035477
937.39157428 307.69401330
937.70376940 304.25986696
944.25986696 318.30864745
948.63059867 314.25011086
920.22084257 312.68913525
951.12815965 310.50376940
948.63059867 305.82084257
957.99645233 305.50864745
959.24523282 312.68913525
969.23547672 300.82572062
965.48913525 304.25986696
967.98669623 308.00620843
977.35254989 306.44523282
983.28425721 298.64035477
981.41108647 300.82572062
979.22572062 302.38669623
974.85498891 299.26474501
986.40620843 293.64523282
984.22084257 295.20620843
987.96718404 296.45498891
991.40133038 298.01596452
993.58669623 298.64035477
996.39645233 294.26962306
986.40620843 305.50864745
986.40620843 303.63547672
989.84035477 304.88425721
1014.19157428 299.88913525
1018.25011086 290.83547672
1016.37694013 293.64523282
1017.00133038 289.58669623
1018.25011086 287.40133038
1013.25498891 291.77206208
1007.63547672 293.95742794
901.17694013 302.07450111
897.11840355 299.26474501
897.11840355 295.20620843
893.68425721 293.02084257
892.74767184 296.45498891
883.69401330 300.82572062
886.81596452 299.26474501
889.62572062 298.01596452
892.43547672 302.07450111
875.88913525 298.64035477
878.38669623 294.58181818
882.13303769 295.83059867
884.63059867 296.76718404
878.07450111 298.64035477
874.32815965 293.64523282
867.77206208 294.58181818
869.95742794 292.39645233
871.83059867 291.14767184
874.01596452 287.40133038
870.26962306 286.77694013
866.83547672 287.40133038
877.13791574 286.77694013
862.15254989 289.58669623
865.58669623 290.83547672
858.40620843 287.40133038
861.21596452 285.21596452
938.95254989 293.64523282
931.77206208 294.58181818
921.46962306 300.82572062
917.41108647 299.88913525
913.35254989 299.26474501
932.70864745 302.07450111
927.08913525 302.38669623
940.20133038 298.64035477
944.88425721 296.76718404
942.38669623 296.45498891
946.13303769 300.82572062
949.56718404 300.20133038
956.43547672 298.01596452
950.19157428 293.64523282
953.31352550 292.39645233
957.37206208 291.45986696
948.63059867 296.45498891
965.48913525 292.39645233
967.05011086 291.77206208
972.35742794 292.39645233
963.30376940 298.64035477
980.47450111 288.02572062
978.28913525 286.77694013
979.85011086 292.39645233
989.52815965 292.39645233
987.03059867 288.02572062
826.25011086 332.35742794
829.37206208 328.92328160
813.76230599 325.80133038
802.83547672 324.24035477
829.68425721 318.30864745
866.21108647 334.54279379
644.55254989 338.28913525
649.54767184 331.73303769
662.65986696 325.80133038
675.14767184 324.24035477
659.53791574 319.55742794
218.56019656 277.58722359
215.53316953 279.74938575
217.69533170 280.61425061
232.39803440 281.04668305
234.99262899 282.34398034
237.58722359 280.61425061
238.45208845 284.93857494
230.23587224 287.96560197
243.20884521 283.20884521
241.47911548 280.61425061
241.47911548 277.58722359
245.37100737 277.15479115
248.39803440 281.04668305
250.56019656 278.45208845
252.28992629 274.99262899
253.58722359 280.18181818
254.88452088 278.01965602
259.20884521 276.72235872
257.91154791 279.31695332
260.93857494 277.58722359
263.10073710 274.12776413
268.28992629 274.99262899
263.53316953 271.53316953
258.34398034 271.96560197
254.45208845 273.26289926
231.10073710 275.85749386
229.37100737 280.18181818
220.72235872 275.85749386
217.69533170 274.99262899
201.26289926 276.28992629
203.85749386 275.42506143
197.37100737 273.26289926
192.18181818 273.26289926
195.64127764 274.56019656
204.28992629 273.26289926
219.42506143 273.26289926
223.31695332 273.26289926
226.34398034 271.96560197
229.80343980 272.83046683
234.12776413 272.83046683
233.69533170 275.42506143
266.12776413 271.96560197
270.88452088 272.39803440
269.58722359 271.53316953
274.34398034 270.23587224
274.77641278 271.96560197
248.39803440 274.12776413
242.77641278 274.56019656
237.58722359 274.56019656
236.72235872 271.96560197
322.34398034 270.66830467
324.50614251 270.66830467
327.53316953 270.66830467
325.80343980 272.39803440
328.83046683 271.96560197
331.85749386 270.23587224
334.88452088 269.80343980
334.88452088 272.83046683
331.85749386 274.12776413
333.15479115 275.85749386
337.47911548 275.42506143
339.64127764 273.69533170
342.23587224 274.12776413
339.20884521 277.15479115
342.23587224 277.15479115
345.69533170 276.28992629
345.69533170 278.45208845
350.01965602 278.45208845
351.74938575 277.15479115
353.91154791 278.01965602
358.23587224 274.12776413
356.50614251 274.99262899
353.47911548 273.69533170
350.88452088 273.69533170
346.99262899 274.99262899
346.12776413 271.53316953
343.96560197 271.53316953
342.66830467 270.66830467
347.42506143 271.10073710
350.45208845 271.10073710
354.34398034 271.10073710
357.80343980 269.80343980
356.50614251 278.88452088
360.39803440 278.88452088
362.12776413 276.28992629
362.12776413 272.39803440
364.28992629 271.96560197
364.28992629 277.15479115
370.34398034 287.96560197
368.18181818 291.85749386
369.04668305 306.56019656
367.31695332 307.85749386
365.58722359 310.88452088
355.64127764 305.26289926
346.99262899 296.18181818
353.04668305 299.64127764
315.42506143 303.53316953
298.99262899 296.61425061
297.69533170 299.20884521
417.47911548 291.85749386
389.80343980 300.93857494
367.74938575 296.18181818
370.34398034 292.28992629
370.34398034 299.20884521
366.45208845 282.77641278
371.20884521 284.93857494
375.10073710 283.20884521
445.58722359 284.93857494
448.18181818 283.64127764
454.66830467 285.80343980
498.34398034 300.07371007
499.64127764 306.12776413
502.23587224 303.53316953
504.83046683 305.69533170
508.28992629 304.83046683
510.88452088 301.37100737
503.53316953 298.77641278
505.26289926 292.28992629
508.28992629 293.15479115
498.34398034 291.85749386
492.28992629 287.96560197
487.96560197 287.96560197
484.50614251 285.80343980
480.61425061 285.80343980
474.56019656 279.74938575
471.53316953 279.74938575
470.23587224 283.20884521
465.91154791 283.64127764
462.88452088 283.64127764
457.69533170 284.07371007
479.31695332 280.18181818
480.61425061 275.85749386
483.64127764 274.99262899
482.77641278 280.61425061
484.50614251 281.91154791
513.91154791 299.20884521
517.80343980 298.34398034
