28.00561798 329.15730337
18.65730337 340.66292135
13.26404494 368.34831461
20.09550562 366.19101124
35.55617978 362.59550562
36.99438202 350.73033708
53.89325843 350.73033708
64.32022472 333.47191011
54.97191011 331.31460674
65.75842697 348.93258427
74.74719101 352.52808989
53.89325843 360.79775281
26.20786517 361.15730337
21.89325843 357.56179775
13.98314607 358.28089888
19.01685393 375.89887640
27.28651685 370.86516854
38.43258427 379.85393258
34.83707865 369.42696629
57.84831461 371.22471910
80.85955056 369.42696629
76.54494382 383.44943820
59.28651685 378.77528090
57.12921348 400.34831461
91.64606742 410.05617978
85.17415730 423.35955056
100.63483146 378.41573034
89.48876404 383.80898876
95.96067416 397.47191011
111.78089888 415.44943820
85.89325843 401.06741573
109.98314607 350.01123596
82.29775281 347.49438202
70.79213483 335.62921348
72.94943820 304.34831461
100.99438202 426.59550562
112.50000000 428.03370787
131.91573034 428.75280899
124.72471910 410.41573034
140.18539326 405.74157303
159.96067416 422.64044944
168.58988764 435.58426966
109.98314607 370.86516854
101.71348315 360.79775281
93.08426966 333.47191011
101.35393258 333.47191011
111.06179775 333.11235955
113.93820225 323.04494382
109.26404494 322.32584270
107.10674157 332.39325843
98.83707865 318.37078652
80.14044944 335.62921348
107.82584270 405.38202247
111.06179775 390.28089888
210.29775281 415.80898876
236.90449438 411.49438202
214.97191011 432.34831461
199.15168539 401.78651685
204.54494382 406.82022472
207.42134831 388.48314607
213.53370787 371.94382022
201.66853933 378.41573034
227.19662921 385.96629213
203.10674157 384.16853933
211.73595506 379.13483146
229.35393258 371.58426966
225.39887640 363.67415730
216.76966292 345.69662921
175.06179775 389.20224719
251.28651685 368.70786517
254.16292135 391.00000000
214.25280899 320.88764045
224.32022472 321.24719101
224.32022472 326.28089888
212.45505618 340.66292135
221.44382022 338.86516854
228.63483146 335.62921348
252.72471910 324.12359551
251.28651685 352.52808989
40.05056180 458.77528090
247.15168539 516.30337079
303.24157303 467.40449438
275.91573034 425.69662921
143.24157303 416.70786517
263.51123596 332.75280899
266.74719101 317.29213483
258.83707865 323.76404494
261.35393258 342.82022472
269.62359551 323.40449438
282.92696629 333.47191011
276.09550562 334.55056180
278.61235955 350.01123596
268.45505618 370.95505618
282.65730337 374.19101124
291.10674157 368.25842697
294.88202247 357.65168539
302.25280899 339.85393258
304.94943820 325.65168539
292.54494382 343.26966292
287.69101124 354.05617978
272.94943820 388.57303371
253.89325843 328.70786517
285.35393258 320.79775281
289.12921348 328.34831461
296.14044944 323.67415730
310.70224719 338.59550562
327.78089888 339.85393258
330.47752809 329.96629213
316.99438202 329.96629213
310.16292135 353.69662921
321.66853933 358.37078652
327.42134831 364.66292135
314.29775281 370.41573034
322.38764045 372.75280899
326.70224719 389.11235955
312.85955056 387.67415730
304.05056180 385.33707865
283.73595506 383.53932584
266.11797753 381.20224719
258.38764045 380.84269663
261.98314607 348.66292135
270.07303371 323.31460674
277.62359551 315.04494382
297.03932584 339.85393258
316.09550562 334.82022472
264.58988764 405.02247191
255.24157303 423.71910112
289.75842697 399.98876404
135.87078652 446.01123596
157.44382022 440.25842697
342.97191011 433.78651685
309.89325843 426.59550562
332.18539326 399.98876404
330.02808989 412.93258427
306.29775281 400.70786517
316.36516854 405.02247191
316.36516854 417.96629213
280.41011236 392.07865169
340.09550562 296.79775281
280.41011236 282.77528090
277.17415730 285.29213483
324.63483146 281.33707865
302.70224719 286.73033708
307.37640449 295.00000000
281.84831461 295.35955056
289.39887640 297.51685393
310.97191011 312.97752809
324.99438202 312.61797753
299.82584270 291.76404494
308.09550562 285.29213483
320.67977528 290.32584270
333.98314607 285.29213483
300.54494382 301.11235955
303.42134831 312.61797753
292.63483146 316.93258427
284.00561798 304.34831461
295.33146067 288.34831461
346.74719101 344.79775281
341.35393258 346.95505618
336.67977528 359.53932584
345.30898876 364.93258427
351.78089888 358.46067416
341.35393258 374.28089888
346.02808989 395.85393258
360.05056180 389.02247191
349.62359551 386.14606742
356.81460674 378.59550562
354.29775281 369.24719101
368.32022472 373.92134831
369.39887640 358.46067416
365.08426966 334.37078652
362.92696629 344.79775281
386.29775281 325.02247191
381.98314607 368.88764045
398.52247191 365.29213483
408.23033708 372.12359551
412.90449438 359.53932584
406.43258427 346.95505618
399.24157303 344.43820225
411.10674157 329.33707865
389.17415730 338.68539326
379.10674157 355.94382022
368.67977528 348.39325843
375.51123596 343.35955056
397.08426966 392.25842697
383.78089888 400.16853933
373.35393258 386.50561798
365.71348315 318.46067416
350.61235955 322.95505618
338.20786517 335.89887640
328.14044944 300.30337079
335.69101124 327.08988764
347.01685393 317.20224719
379.55617978 332.84269663
399.24157303 331.13483146
343.33146067 330.59550562
350.88202247 338.14606742
377.84831461 326.28089888
371.37640449 327.35955056
360.58988764 328.07865169
354.47752809 312.97752809
349.08426966 308.66292135
358.43258427 322.32584270
419.19662921 329.15730337
413.44382022 323.04494382
379.64606742 339.22471910
386.11797753 357.20224719
423.87078652 343.17977528
399.06179775 380.21348315
385.39887640 381.65168539
420.27528090 371.58426966
431.06179775 403.22471910
419.55617978 401.78651685
419.91573034 391.35955056
407.33146067 402.86516854
429.98314607 356.84269663
424.94943820 360.07865169
433.93820225 377.69662921
431.42134831 362.59550562
435.01685393 333.11235955
440.41011236 336.70786517
447.24157303 339.94382022
448.67977528 351.08988764
449.75842697 360.79775281
453.35393258 372.66292135
457.30898876 379.85393258
440.05056180 363.31460674
460.90449438 330.59550562
454.07303371 320.52808989
459.82584270 341.74157303
468.81460674 347.13483146
476.00561798 348.57303371
478.52247191 364.03370787
463.06179775 367.62921348
473.12921348 381.65168539
475.28651685 370.86516854
408.23033708 457.33707865
421.17415730 493.29213483
431.24157303 454.46067416
451.37640449 432.88764045
431.60112360 418.14606742
452.45505618 396.57303371
465.39887640 403.04494382
474.02808989 414.55056180
463.24157303 418.14606742
392.05056180 420.30337079
369.03932584 418.14606742
352.50000000 408.79775281
429.44382022 436.12359551
507.82584270 433.96629213
474.74719101 449.78651685
509.98314607 466.32584270
494.16292135 406.64044944
479.78089888 398.01123596
486.97191011 384.34831461
501.35393258 375.00000000
507.10674157 382.91011236
484.09550562 364.93258427
493.44382022 356.30337079
504.94943820 315.31460674
551.69101124 409.51685393
536.58988764 419.58426966
521.48876404 415.26966292
531.55617978 391.53932584
547.37640449 439.00000000
517.89325843 361.33707865
501.89325843 415.80898876
518.07303371 389.20224719
491.10674157 375.89887640
500.45505618 367.26966292
490.38764045 417.96629213
446.52247191 411.49438202
552.23033708 356.84269663
542.88202247 352.52808989
537.48876404 355.04494382
519.51123596 335.98876404
509.08426966 343.17977528
511.60112360 333.11235955
531.37640449 331.31460674
558.34269663 343.17977528
545.39887640 343.89887640
557.62359551 367.26966292
538.56741573 365.83146067
527.06179775 364.39325843
545.75842697 393.51685393
553.66853933 394.23595506
559.42134831 380.93258427
520.94943820 327.35955056
510.16292135 328.43820225
477.44382022 339.22471910
470.61235955 339.94382022
467.37640449 326.28089888
603.28651685 395.31460674
620.54494382 391.00000000
614.79213483 378.41573034
604.72471910 376.25842697
596.81460674 367.26966292
596.45505618 349.29213483
602.20786517 341.38202247
610.47752809 340.66292135
618.38764045 344.97752809
616.23033708 358.28089888
625.57865169 367.26966292
634.20786517 365.11235955
642.11797753 373.38202247
637.44382022 382.37078652
652.90449438 386.68539326
643.55617978 405.38202247
630.61235955 403.22471910
639.24157303 393.51685393
612.27528090 411.13483146
667.28651685 401.06741573
673.75842697 387.76404494
658.65730337 375.89887640
660.09550562 360.79775281
673.75842697 360.07865169
647.51123596 351.08988764
645.71348315 366.55056180
655.42134831 338.14606742
669.80337079 330.95505618
668.00561798 344.97752809
674.11797753 325.92134831
638.16292135 338.86516854
637.44382022 346.77528090
600.05056180 334.19101124
609.75842697 369.42696629
602.92696629 352.52808989
646.43258427 334.91011236
643.55617978 291.76404494
612.99438202 331.67415730
640.67977528 330.59550562
657.57865169 332.39325843
657.21910112 349.29213483
596.81460674 348.21348315
607.78089888 476.39325843
614.97191011 444.75280899
648.76966292 426.05617978
655.96067416 411.67415730
627.91573034 425.33707865
634.38764045 451.22471910
656.67977528 462.73033708
675.37640449 487.89887640
674.65730337 544.70786517
652.36516854 636.75280899
481.93820225 588.57303371
561.03932584 564.84269663
720.67977528 482.86516854
724.27528090 508.03370787
789.71348315 511.62921348
821.35393258 492.93258427
847.96067416 521.69662921
769.57865169 464.16853933
794.74719101 457.69662921
729.30898876 448.34831461
701.26404494 457.69662921
669.62359551 446.19101124
694.79213483 442.59550562
712.76966292 400.16853933
701.26404494 373.56179775
679.69101124 368.52808989
714.20786517 421.02247191
723.55617978 430.37078652
742.97191011 428.93258427
734.34269663 406.64044944
755.91573034 401.60674157
742.97191011 411.67415730
715.64606742 385.06741573
700.54494382 395.13483146
689.03932584 387.22471910
719.24157303 376.43820225
722.83707865 367.08988764
713.48876404 369.96629213
707.01685393 357.02247191
687.60112360 357.02247191
691.91573034 350.55056180
764.54494382 428.21348315
753.75842697 423.89887640
784.67977528 418.14606742
771.01685393 386.50561798
735.06179775 392.25842697
735.78089888 386.50561798
745.12921348 385.06741573
759.33146067 380.93258427
758.61235955 368.70786517
749.62359551 366.19101124
741.71348315 363.31460674
729.48876404 350.01123596
701.80337079 347.49438202
713.30898876 334.55056180
716.90449438 321.24719101
687.42134831 327.00000000
683.10674157 334.55056180
695.33146067 344.97752809
696.05056180 330.95505618
732.00561798 327.35955056
740.27528090 339.94382022
729.12921348 339.94382022
754.65730337 334.91011236
767.60112360 334.55056180
777.66853933 332.39325843
788.81460674 337.42696629
782.34269663 343.17977528
764.00561798 347.49438202
746.38764045 336.70786517
758.25280899 353.96629213
751.78089888 358.28089888
768.32022472 364.03370787
774.79213483 358.64044944
778.02808989 366.55056180
790.97191011 367.62921348
780.90449438 374.10112360
798.16292135 385.96629213
807.15168539 368.70786517
807.51123596 356.12359551
817.57865169 366.19101124
825.12921348 357.56179775
828.00561798 344.97752809
842.02808989 340.66292135
851.37640449 341.38202247
835.55617978 344.97752809
845.98314607 351.08988764
873.30898876 343.53932584
840.58988764 365.83146067
831.96067416 367.62921348
789.53370787 398.55056180
785.93820225 391.00000000
810.38764045 418.68539326
806.07303371 400.34831461
826.92696629 401.06741573
830.16292135 411.85393258
830.88202247 388.48314607
841.66853933 383.44943820
854.61235955 371.58426966
860.72471910 366.55056180
875.82584270 362.59550562
855.69101124 387.40449438
841.30898876 403.58426966
845.98314607 397.47191011
865.03932584 398.91011236
858.20786517 412.57303371
848.14044944 423.00000000
852.45505618 433.06741573
832.67977528 426.23595506
871.51123596 433.06741573
823.33146067 450.68539326
865.21910112 478.55056180
884.63483146 476.39325843
887.51123596 454.82022472
845.80337079 448.34831461
909.80337079 434.68539326
904.76966292 485.02247191
929.21910112 487.17977528
959.42134831 451.94382022
947.91573034 429.65168539
911.24157303 410.23595506
899.01685393 408.07865169
881.75842697 408.07865169
873.12921348 386.50561798
882.47752809 369.96629213
887.51123596 384.34831461
896.14044944 392.97752809
900.45505618 385.06741573
915.55617978 388.66292135
929.21910112 395.13483146
984.58988764 444.03370787
1019.82584270 467.04494382
1009.03932584 424.61797753
897.75842697 358.64044944
891.64606742 347.49438202
891.28651685 339.94382022
911.06179775 340.30337079
931.55617978 338.50561798
907.10674157 346.77528090
917.89325843 348.93258427
927.96067416 350.73033708
907.46629213 367.62921348
900.27528090 375.89887640
936.23033708 412.93258427
974.70224719 399.62921348
950.25280899 393.87640449
961.03932584 375.17977528
947.01685393 369.42696629
932.63483146 365.83146067
985.84831461 355.04494382
970.38764045 360.79775281
968.23033708 353.24719101
958.88202247 344.97752809
955.64606742 353.24719101
986.92696629 371.58426966
975.78089888 373.38202247
1009.57865169 370.86516854
1008.50000000 361.51685393
1001.30898876 364.39325843
1006.34269663 384.52808989
1019.64606742 381.65168539
995.55617978 406.10112360
990.52247191 396.03370787
988.00561798 388.84269663
981.89325843 423.71910112
934.61235955 634.23595506
291.73595506 652.93258427
