855.32345978 590.49587357
965.59085240 472.79472415
937.09478464 400.93507502
994.08692015 403.41299396
964.35189293 357.57149366
979.21940654 334.03126377
751.25086450 638.81529281
549.30047127 664.83344163
626.11595827 661.11656323
614.96532306 622.70881973
688.06393165 596.69067091
757.44566183 550.84917061
788.41964853 456.68825107
828.06635149 472.79472415
882.58056807 424.47530491
837.97802723 397.21819662
898.68704114 327.83646643
965.59085240 291.90664187
945.76750091 295.62352027
932.13894677 300.57935814
940.81166304 279.51704719
1016.38819057 327.83646643
1006.47651483 306.77415548
814.43779735 371.20004780
854.08450031 342.70398004
857.80137871 369.96108833
795.85340533 418.28050757
761.16254024 388.54548035
784.70277012 334.03126377
773.55213491 357.57149366
727.71063461 400.93507502
685.58601271 398.45715609
701.69248579 476.51160255
649.65618815 482.70639989
617.44324199 544.65437327
561.69006595 519.87518392
549.30047127 588.01795464
434.07724078 594.21275197
488.59145736 561.99980582
414.25388930 507.48558924
374.60718634 542.17645433
305.22545615 552.08813007
250.71123957 528.54790019
234.60476649 596.69067091
250.71123957 651.20488748
137.96592802 602.88546825
166.46199577 583.06211676
208.58661767 560.76084635
217.25933395 516.15830551
194.95806353 516.15830551
165.22303631 521.11414338
128.05425228 522.35310285
88.40754931 555.80500848
69.82315730 518.63622445
53.71668422 493.85703510
46.28292741 459.16617000
9.11414338 452.97137266
4.15830551 495.09599456
7.87518392 565.71668422
36.37125167 550.84917061
49.99980582 596.69067091
69.82315730 653.68280642
31.41541380 666.07240110
2.91934604 642.53217121
140.44384695 661.11656323
128.05425228 491.37911616
106.99194133 470.31680521
77.25691410 461.64408894
92.12442771 435.62594012
135.48800908 421.99738597
142.92176589 430.67010225
167.70095524 455.44929160
190.00222566 431.90906171
186.28534725 400.93507502
202.39182033 388.54548035
230.88788809 452.97137266
211.06453661 440.58177799
290.35794254 461.64408894
250.71123957 418.28050757
225.93205022 386.06756141
268.05667212 389.78443981
261.86187478 372.43900727
301.50857774 403.41299396
308.94233455 386.06756141
327.52672657 386.06756141
360.97863219 481.46744042
356.02279432 438.10385905
383.27990261 435.62594012
388.23574048 389.78443981
364.69551059 392.26235875
414.25388930 438.10385905
448.94475439 446.77657533
451.42267333 412.08571023
429.12140291 418.28050757
432.83828131 387.30652088
410.53701090 366.24420993
451.42267333 343.94293951
435.31620025 362.52733153
466.29018694 352.61565578
496.02521416 409.60779130
536.91087660 421.99738597
525.76024139 439.34281852
559.21214701 449.25449426
596.38093104 424.47530491
607.53156625 412.08571023
575.31862009 404.65195343
509.65376831 388.54548035
507.17584937 360.04941259
535.67191713 351.37669632
520.80440352 335.27022324
544.34463340 315.44687176
574.07966062 317.92479069
572.84070116 348.89877738
583.99133637 334.03126377
621.16012039 334.03126377
603.81468785 293.14560134
670.71849910 286.95080400
681.86913431 278.27808773
675.67433697 246.06514157
709.12624260 283.23392560
674.43537750 366.24420993
693.01976952 352.61565578
731.42751301 360.04941259
714.08208047 351.37669632
758.68462130 340.22606111
772.31317545 306.77415548
741.33918876 283.23392560
759.92358077 246.06514157
716.55999940 238.63138476
859.04033818 314.20791229
877.62473020 306.77415548
886.29744647 322.88062856
903.64287902 298.10143921
847.88970297 300.57935814
867.71305445 284.47288506
826.82739202 293.14560134
821.87155415 262.17161465
804.52612160 238.63138476
808.24300001 226.24179009
870.19097339 257.21577678
925.94414943 265.88849305
924.70518997 243.58722263
899.92600061 243.58722263
21.27143316 79.88970297
2.37730128 58.82739202
10.12079795 3.69369571
24.67857170 1.21577678
40.16556504 10.19823292
11.97923715 16.39303026
14.45715609 29.09236480
35.20972717 20.10990866
56.89151785 16.39303026
78.57330854 6.79109438
69.59085240 2.45473624
58.44021719 1.83525651
45.43114278 3.38395585
34.89998730 2.45473624
173.74088265 107.61142106
182.41359892 113.18673866
201.61747067 94.60234665
183.65255839 88.40754931
178.69672052 79.73483304
168.16556504 80.35431277
168.16556504 74.15951543
157.63440957 71.68159650
152.67857170 78.49587357
134.71365941 75.39847490
138.43053782 87.78806958
111.17342953 84.69067091
116.12926740 71.06211676
100.64227405 65.48679916
96.30591592 79.11535330
79.57996310 84.69067091
65.95140896 85.92963038
70.90724683 69.82315730
43.03065881 80.35431277
17.63198972 337.43840231
5.24239505 317.61505082
23.20730733 292.83586147
8.33979372 289.73846280
35.59690200 281.06574653
26.30470600 269.91511132
34.35794254 259.38395585
5.86187478 277.96834786
5.86187478 258.14499638
7.10083425 237.70216516
2.76447611 219.11777315
3.38395585 207.34765820
3.38395585 181.94898912
31.26054387 177.61263098
55.42025349 168.32043497
57.27869269 177.61263098
54.80077375 190.62170539
26.92418573 199.29442167
28.78262493 204.86973927
33.73846280 213.54245554
31.26054387 223.45413128
74.00464550 331.24360497
54.18129402 330.62412523
54.18129402 290.97742227
47.98649668 259.38395585
56.03973322 240.79956383
51.08389535 229.02944889
44.88909801 207.34765820
93.82799698 339.29684151
100.64227405 323.80984816
87.63319964 298.41117908
125.42146341 299.65013854
126.04094314 324.42932790
143.38637569 313.89817242
148.34221356 294.07482094
140.28897702 268.67615185
167.54608531 271.15407079
187.98891652 263.10083425
217.72394375 281.68522626
223.91874108 298.41117908
235.06937629 295.31378041
233.21093709 277.96834786
214.00706534 302.74753721
178.07724078 300.26961828
179.31620025 332.48256444
227.63561949 338.67736177
252.41480884 334.34100364
111.17342953 263.72031398
87.63319964 273.63198972
74.00464550 269.91511132
66.57088869 252.56967877
70.28776710 243.89696250
80.81892257 239.56060436
72.14620630 233.36580703
88.25267938 223.45413128
96.92539565 250.71123957
101.26175379 238.32164490
119.22666607 253.80863824
124.80198367 245.13592197
148.34221356 251.95019904
136.57209862 206.10869874
147.10325409 194.33858379
83.29684151 168.32043497
108.69551059 161.50615790
121.70458500 163.98407684
147.10325409 161.50615790
155.77597036 150.35552269
77.10204417 185.66586752
89.49163885 193.71910406
115.50978767 191.86066486
89.49163885 207.96713794
108.07603086 219.73725288
120.46562554 201.77234060
173.74088265 206.10869874
173.12140291 178.85159045
159.49284877 180.09054992
181.17463945 163.36459710
183.03307865 178.85159045
172.50192318 157.16979977
195.42267333 157.16979977
191.08631519 165.84251604
215.24602481 170.17887418
210.90966667 153.45292136
204.09538960 163.36459710
210.29018694 180.71002965
190.46683546 201.77234060
194.18371386 211.68401634
184.89151785 243.89696250
173.74088265 250.71123957
200.99799093 249.47228010
207.81226801 239.56060436
228.87457895 226.55152995
223.29926135 213.54245554
234.44989656 204.86973927
206.57330854 200.53338113
249.93688990 225.31257049
262.94596431 243.89696250
257.99012644 253.80863824
253.65376831 237.70216516
262.94596431 266.81771265
253.65376831 277.34886813
267.28232245 321.33192923
275.33555899 310.18129402
288.34463340 298.41117908
300.73422808 298.41117908
301.97318755 287.26054387
304.45110648 273.01250999
282.14983606 279.82678706
330.46925530 321.95140896
338.52249184 334.34100364
366.39907986 336.19944284
350.29260678 320.09296976
370.73543800 313.27869269
354.00948519 307.08389535
373.21335693 297.17221961
389.93930975 299.65013854
381.26659347 285.40210467
392.41722868 275.49042892
411.62110043 260.00343558
417.81589777 245.13592197
414.09901937 232.74632729
420.29381670 219.11777315
437.63924925 226.55152995
434.54185058 198.05546220
446.31196552 199.29442167
461.17947914 190.62170539
455.60416153 333.10204417
464.27687781 325.66828736
472.94959408 338.67736177
453.12624260 318.23453056
451.88728313 302.74753721
464.27687781 301.50857774
453.74572233 288.49950333
474.80803328 272.39303026
462.41843860 271.15407079
492.15346583 271.15407079
483.48074955 258.14499638
495.25086450 251.33071931
491.53398609 242.65800303
496.48982396 238.32164490
140.90845675 168.32043497
227.01613975 155.31136056
246.83949124 146.01916456
241.88365337 155.31136056
241.88365337 167.08147551
250.55636964 171.41783364
263.56544405 168.32043497
263.56544405 174.51523231
269.14076165 152.21396189
261.08752511 150.97500243
272.85764006 142.30228615
274.71607926 209.20609741
257.37064671 200.53338113
264.80440352 186.28534725
277.81347793 180.71002965
312.50434302 191.86066486
305.07058621 186.28534725
321.79653903 180.09054992
332.94717424 167.08147551
319.93809983 150.97500243
296.39786994 224.69309075
308.78746462 228.40996915
317.46018089 223.45413128
314.36278222 215.40089474
341.00041078 216.63985421
355.24844465 233.98528676
339.14197157 232.74632729
333.56665397 245.13592197
316.22122142 247.61384090
341.00041078 268.05667212
396.75358682 240.79956383
397.99254629 255.04759771
386.22243134 219.73725288
365.16012039 237.70216516
361.44324199 212.30349608
368.87699880 201.77234060
383.74451241 204.86973927
378.16919480 187.52430672
393.65618815 180.09054992
405.42630309 172.03731338
408.52370176 163.36459710
546.66768240 280.44626680
501.44566183 227.79048942
501.44566183 212.30349608
506.40149970 202.39182033
471.09115488 177.61263098
466.13531701 181.32950938
473.56907381 157.16979977
482.24179009 173.27627284
490.91450636 165.84251604
493.39242529 159.02823897
505.16254024 154.69188083
494.01190503 146.01916456
497.72878343 139.20488748
502.68462130 133.01009015
316.22122142 262.48135451
422.15225591 157.16979977
428.96653298 147.87760376
430.20549245 135.48800908
438.87820872 139.82436722
433.92237085 128.67373201
448.17040473 123.09841441
460.55999940 116.28413733
476.66647248 113.80621840
487.81710769 87.78806958
240.64469390 273.01250999
275.95503872 228.40996915
318.07966062 172.65679311
348.43416758 167.08147551
353.39000545 161.50615790
357.72636359 152.83344163
371.35491773 161.50615790
339.14197157 187.52430672
363.30168119 171.41783364
388.08087055 157.16979977
376.93023534 139.20488748
392.41722868 141.68280642
405.42630309 148.49708349
407.90422203 131.77113068
241.26417363 185.66586752
49.84493588 277.96834786
347.19520811 370.89030793
510.89272778 240.48982396
523.90180219 230.57814822
520.18492378 201.46260073
517.08752511 186.59508712
549.91995101 200.22364127
557.35370781 177.30289111
564.16798488 166.77173564
548.06151180 158.09901937
531.95503872 127.74451241
514.60960618 124.64711374
526.37972112 112.87699880
544.34463340 94.29260678
566.02642408 125.88607321
575.31862009 114.11595827
583.99133637 106.06272173
598.85884998 101.10688386
590.80561344 155.62110043
584.61081610 138.27566788
614.34584332 140.75358682
606.91208652 137.65618815
604.43416758 127.74451241
548.06151180 319.78322989
562.92902542 322.26114883
553.01734967 296.24300001
564.16798488 281.37548640
568.50434302 268.36641199
562.30954568 259.07421598
580.89393770 256.59629704
601.33676891 240.48982396
605.05364732 228.71970902
593.90301211 214.47167514
594.52249184 201.46260073
588.94717424 187.21456686
603.81468785 185.35612765
613.72636359 170.48861404
631.07179614 171.72757351
639.12503268 144.47046522
651.51462735 233.67554689
634.16919480 242.96774290
673.81589777 230.57814822
699.83404659 231.81710769
693.01976952 192.78988446
671.33797883 153.76266123
681.86913431 145.08994496
686.20549245 140.13410709
689.92237085 132.70035028
763.64045917 198.98468180
748.77294556 195.26780340
758.06514157 185.35612765
739.48074955 153.76266123
741.33918876 133.31983001
756.20670237 125.26659347
722.75479674 120.31075560
752.48982396 102.34584332
759.92358077 90.57572838
742.57814822 79.42509317
731.42751301 73.23029583
720.27687781 83.76145131
702.93144526 99.86792439
811.95987841 204.55999940
801.42872294 202.70156020
794.61444586 189.69248579
805.76508107 184.11716819
815.67675681 185.35612765
795.23392560 175.44445191
793.37548640 159.95745857
816.29623655 141.37306655
817.53519601 128.36399214
807.00404054 123.40815427
801.42872294 109.77960013
789.65860799 108.54064066
785.32224986 97.39000545
780.98589172 112.87699880
798.33132427 96.77052572
846.65074350 171.10809378
870.19097339 174.82497218
878.24420993 166.77173564
875.76629099 151.28474229
868.33253419 133.93930975
875.76629099 123.40815427
874.52733153 114.11595827
878.86368966 102.34584332
824.34947309 223.14439142
879.48316940 195.88728313
889.39484514 192.78988446
903.02339928 175.44445191
39.54608531 52.32285482
63.08631519 46.12805748
92.20186268 39.31378041
76.09538960 18.56120932
107.68885603 14.22485119
112.64469390 6.79109438
139.59206232 16.39303026
133.08752511 10.50797278
155.69853540 8.03005385
172.73422808 12.05667212
153.22061646 29.71184453
135.56544405 32.80924320
129.99012644 24.44626680
119.45897097 24.44626680
111.71547430 33.11898307
89.72394375 30.95080400
101.49405869 57.89817242
101.80379856 52.32285482
142.37972112 60.99557109
147.02581912 58.82739202
156.93749487 42.41117908
149.81347793 41.79169934
173.35370781 56.65921295
170.56604901 48.91571628
181.71668422 50.46441562
192.86731943 47.36701695
203.39847490 42.10143921
199.06211676 37.45534121
192.24783969 66.57088869
194.72575863 76.48256444
220.43416758 87.94293951
210.52249184 80.81892257
211.45171144 69.66828736
227.86792439 63.16375016
218.88546825 43.03065881
216.40754931 32.80924320
215.47832971 25.06574653
238.39907986 32.18976347
237.16012039 25.68522626
248.62049547 78.65074350
243.04517787 87.32345978
229.72636359 83.91632124
231.27506292 99.71305445
184.89151785 16.70277012
195.73241320 9.26901332
208.43174774 1.21577678
213.38758561 6.79109438
232.59145736 18.87094919
203.16617000 20.72938839
237.54729523 9.88849305
289.27385300 6.79109438
265.73362312 21.96834786
260.46804538 2.76447611
260.15830551 61.30531096
279.98165699 94.44747672
286.48619420 86.08450031
297.63682941 74.62412523
295.46865034 55.11051362
287.10567393 48.60597641
301.97318755 46.12805748
308.16798488 48.60597641
300.42448821 37.14560134
309.71668422 30.02158440
303.21214701 21.34886813
294.53943074 18.56120932
314.05304235 2.76447611
313.74330249 84.22606111
303.52188688 100.95201392
311.88486329 98.78383485
311.57512342 113.34160860
304.76084635 109.00525046
299.49526861 122.01432487
292.99073140 113.34160860
294.53943074 130.68704114
294.53943074 159.49284877
282.14983606 135.64287902
305.99980582 155.77597036
322.88062856 39.31378041
336.81892257 29.40210467
349.51825712 13.29563159
372.43900727 6.79109438
359.73967272 20.72938839
370.58056807 39.93326014
389.16496008 30.64106413
422.61686571 33.73846280
417.04154810 11.43719238
433.45776105 14.22485119
391.64287902 10.50797278
402.48377436 42.41117908
408.98831156 56.65921295
340.22606111 147.72273382
332.79230430 133.78443981
321.95140896 132.23574048
309.56181428 125.11172354
329.38516577 104.66889232
330.93386510 95.06695645
337.12866244 91.04033818
350.44747672 131.30652088
342.39424018 124.80198367
331.24360497 120.46562554
356.95201392 121.08510527
370.27082820 121.39484514
392.26235875 128.51886208
459.78564974 154.84675076
446.46683546 136.88183848
460.40512947 83.60658137
462.88304840 71.21698670
461.02460920 61.92479069
463.19278827 45.19883788
456.68825107 46.74753721
449.56423413 32.80924320
456.99799093 7.72031398
445.22787599 45.19883788
443.67917666 56.65921295
435.93567998 56.65921295
440.89151785 71.83646643
429.12140291 76.48256444
430.97984211 71.21698670
442.74995706 93.82799698
435.62594012 90.73059831
428.19218331 86.70398004
444.91813612 105.59811193
454.21033213 113.34160860
430.97984211 114.27082820
422.61686571 8.95927345
399.07663582 26.92418573
397.83767635 3.38395585
400.62533516 66.57088869
412.70518997 74.31438537
414.87336903 83.60658137
403.72273382 54.49103389
406.51039263 92.27929765
397.21819662 74.62412523
393.50131822 69.97802723
384.51886208 66.88062856
334.34100364 3.69369571
334.96048337 49.22545615
333.72152390 63.16375016
357.26175379 55.72999335
342.70398004 74.31438537
353.85461525 76.48256444
369.03186873 75.24360497
366.86368966 64.40270963
374.29744647 64.40270963
373.36822687 55.42025349
355.40331459 86.70398004
358.50071326 94.44747672
384.51886208 87.94293951
391.64287902 83.60658137
377.08510527 80.81892257
396.28897702 97.23513552
403.72273382 98.16435512
385.44808168 99.09357472
388.85522021 119.84614580
404.96169329 112.10264913
418.28050757 124.80198367
414.56362917 147.72273382
318.23453056 49.53519601
317.92479069 68.73906776
326.90724683 87.32345978
324.11958803 74.00464550
305.22545615 63.16375016
264.33979372 96.92539565
254.11837811 63.47349003
222.21517182 135.64287902
156.39545010 189.69248579
113.65134846 187.52430672
472.17524441 25.06574653
478.37004175 12.05667212
473.41420388 9.26901332
593.28353237 95.06695645
586.46925530 88.25267938
578.72575863 90.42085845
591.42509317 81.74814217
581.51341743 77.41178404
586.15951543 69.97802723
583.99133637 59.44687176
588.94717424 51.39363522
587.70821477 42.41117908
589.25691410 24.13652693
588.01795464 3.38395585
579.03549850 13.29563159
570.98226196 24.13652693
553.94656928 11.12745252
559.83162675 5.86187478
572.84070116 55.72999335
564.16798488 52.94233455
555.80500848 65.64166909
553.94656928 57.58843255
575.00888023 82.05788204
560.76084635 97.54487539
551.46865034 147.72273382
531.95503872 99.71305445
533.19399819 87.32345978
539.38879553 75.55334484
532.88425833 27.54366546
535.67191713 13.60537145
528.85764006 5.55213491
514.91934604 39.31378041
516.77778525 54.80077375
523.59206232 65.95140896
513.68038658 63.78322989
508.10506897 59.44687176
498.50313310 59.44687176
487.97197762 56.65921295
492.61807563 67.80984816
498.81287297 72.14620630
512.75116698 74.31438537
515.53882578 83.60658137
512.13168724 97.23513552
508.41480884 87.32345978
500.98105203 82.98710164
512.44142711 112.10264913
502.22001150 112.41238900
497.57391350 102.50071326
507.48558924 1.21577678
490.44989656 32.80924320
480.53822082 33.11898307
491.99859589 7.10083425
479.60900122 64.40270963
468.14862614 55.11051362
474.65316335 71.21698670
487.66223776 108.07603086
918.12321779 203.94051967
928.96411314 204.25025954
1018.47893467 235.22424623
1020.33737387 213.85219541
1022.81529281 154.38214096
1011.66465760 149.11656323
1020.64711374 140.44384695
1014.14257653 118.14257653
1013.83283667 100.79714399
994.31922505 99.86792439
986.57572838 88.09780944
979.76145131 85.61989051
1009.49647853 84.07119118
951.26538355 95.53156625
935.77839021 92.12442771
917.81347793 87.78806958
968.30107623 154.69188083
967.99133637 168.01069511
980.69067091 169.55939444
986.26598851 183.18794859
958.38940049 184.73664792
953.12382275 170.48861404
981.00041078 207.34765820
998.65558319 208.58661767
1006.08934000 217.25933395
991.84130612 232.12684756
936.70760981 230.88788809
905.42388325 87.16858984
892.72454871 142.61202602
848.43174774 107.61142106
845.95382880 94.29260678
845.95382880 84.69067091
835.11293346 97.69974532
829.53761586 130.22243134
822.10385905 120.93023534
905.73362312 223.45413128
906.66284272 239.87034423
894.58298791 238.94112463
886.22001150 245.44566183
901.08752511 165.22303631
897.99012644 156.55032003
791.20730733 86.08450031
797.71184453 73.07542590
780.67615185 75.24360497
784.08329039 61.30531096
787.18068906 55.72999335
801.73846280 37.14560134
801.42872294 27.54366546
802.35794254 17.94172959
801.42872294 9.26901332
800.18976347 2.45473624
767.35733758 14.84433092
761.16254024 9.88849305
760.23332064 2.76447611
746.60476649 1.83525651
764.25993891 26.92418573
778.19823292 33.42872294
778.81771265 42.72091894
787.80016879 40.24300001
767.04759771 44.88909801
768.59629704 40.86247974
754.65800303 19.80016879
732.66647248 9.26901332
706.02884393 4.00343558
723.37427647 3.38395585
730.18855355 36.52612160
723.06453661 31.57028373
720.58661767 35.90664187
721.20609741 43.03065881
731.11777315 56.03973322
722.13531701 58.82739202
722.75479674 48.29623655
705.09962433 48.91571628
740.40996915 65.95140896
690.23211072 77.41178404
686.82497218 57.27869269
681.55939444 39.31378041
689.92237085 40.24300001
682.48861404 28.47288506
681.24965457 8.03005385
693.32950938 12.05667212
656.16072536 5.55213491
646.86852935 1.83525651
656.16072536 25.37548640
672.57693830 30.02158440
672.26719843 52.63259468
654.30228615 51.39363522
653.99254629 44.57935814
641.60295161 37.45534121
636.02763401 47.98649668
627.04517787 40.24300001
628.28413733 34.04820267
630.45231640 13.60537145
613.41662372 19.18068906
614.03610346 40.24300001
602.26598851 42.41117908
598.23937024 4.62291531
628.59387720 47.98649668
637.57633334 69.97802723
630.45231640 64.40270963
624.56725893 75.24360497
631.38153600 72.45594617
651.20488748 67.50010830
675.05485724 68.73906776
677.53277617 60.99557109
679.08147551 79.57996310
597.00041078 54.49103389
602.26598851 53.87155415
604.12442771 85.15528071
609.69974532 90.73059831
619.92116093 95.06695645
628.59387720 86.08450031
642.53217121 80.81892257
629.83283667 97.54487539
646.55878948 95.99617605
655.54124562 93.82799698
650.27566788 85.15528071
673.81589777 94.75721658
676.91329644 86.70398004
663.59448216 106.83707139
632.62049547 105.90785179
605.98286692 115.50978767
611.86792439 124.80198367
626.42569813 166.30712584
659.25812402 154.53701090
693.01976952 122.94354447
775.72031398 114.58056807
812.22242437 50.24307270
819.68747383 44.91089452
827.41913219 52.37594398
830.35183019 57.70812216
829.01878565 67.03943398
816.75477583 76.90396361
840.21635983 64.63995379
846.61497365 53.17577070
852.74697856 42.24480543
862.87811710 41.97819652
876.47517147 50.24307270
869.80994874 45.97733016
887.67274565 45.97733016
907.40180492 46.51054797
926.59764638 44.64428561
934.59591365 43.84445888
956.45784420 44.11106779
982.85212620 47.57698361
1000.98153202 51.04289943
1008.44658147 44.91089452
1019.64415566 49.17663707
1020.17737347 61.70725579
986.05143311 65.70638943
970.58811638 67.03943398
982.85212620 56.64168652
942.86078983 60.90742907
917.53294347 61.70725579
914.86685438 51.30950834
908.20163165 53.97559743
897.80388420 57.70812216
888.47257238 55.84185979
905.53554256 72.63822107
900.20336438 65.43978052
875.67534474 95.56658725
855.94628547 65.97299834
880.74091401 67.03943398
858.34576565 93.43371598
1003.11440329 15.58945924
995.38274493 21.45485525
997.78222511 9.99067215
1002.04796766 4.39188506
997.78222511 2.52562270
979.91942820 3.59205834
984.18517075 14.25641470
967.92202729 22.78789979
959.92376002 24.92077106
958.05749765 8.39101870
950.59244820 11.05710779
953.25853729 11.05710779
937.79522056 3.59205834
950.32583929 37.71799870
977.78655693 34.78530070
1002.31457656 36.11834525
1002.31457656 40.91730561
917.26633456 29.71973143
919.93242365 17.98893943
916.73311674 9.19084543
905.80215147 19.58859288
901.53640892 5.72492961
896.47083965 9.99067215
886.07309220 3.05884052
885.27326547 15.58945924
878.34143383 0.92596924
874.87551801 15.05624143
864.21116165 12.39015234
854.34663201 12.39015234
844.48210238 8.12440979
836.48383510 2.52562270
860.47863692 23.05450870
852.21376074 25.18737997
841.54940438 25.98720670
816.48816692 33.45225615
819.95408274 30.78616706
960.19562331 75.49099460
32.35546347 70.37610949
27.24057835 48.89359200
67.13668225 59.12336223
67.13668225 410.00448112
9.84996896 357.83265294
106.00980912 407.95852707
142.83698195 382.38410150
129.53828065 359.87860699
28.26355537 391.59089470
42.58523370 359.87860699
1017.48233659 8.99748811
1017.48233659 23.31916643
