17.36205128 256.83783476
25.95373219 263.47000950
16.30693257 249.60273504
3.49477683 243.57348528
17.96497626 239.95593542
8.61963913 239.80520418
14.34742640 234.52961064
3.34404558 231.21352327
19.32155745 223.07403609
14.19669516 222.32037987
8.77037037 214.63308642
8.46890788 205.89067426
2.28892688 201.97166192
3.34404558 193.07851852
3.34404558 185.69268756
35.44980057 244.93006648
34.24395062 253.37101614
43.13709402 261.81196581
31.53078822 235.88619183
40.57466287 232.57010446
30.02347578 220.51160494
49.92000000 252.01443495
61.22484330 259.24953466
57.15509972 245.38226021
75.24284900 259.70172840
79.31259259 255.02905983
70.26871795 248.09542260
94.38571700 256.68710351
90.91889839 246.43737892
90.76816714 240.40812915
86.24622982 236.48911681
74.48919278 238.75008547
64.39019943 238.75008547
62.27996201 230.15840456
47.20683761 238.75008547
52.93462488 227.59597341
45.69952517 220.21014245
55.04486230 211.61846154
69.06286800 219.15502374
76.14723647 228.65109212
81.72429250 224.12915480
95.89302944 224.88281102
79.16186135 213.72869896
74.18773029 211.16626781
96.19449193 218.09990503
95.13937322 209.35749288
95.13937322 199.10776828
88.20573599 189.31023742
98.90765432 183.58245014
86.84915480 179.06051282
80.66917379 186.74780627
62.12923077 168.50932574
66.95263058 174.23711301
72.37895537 184.78830009
70.26871795 189.76243115
66.80189934 194.43509972
63.78727445 200.31361823
74.94138651 200.16288699
58.51168091 191.26974359
51.12584995 183.88391263
46.90537512 175.74442545
39.82100665 175.44296296
38.31369421 189.31023742
40.12246914 199.55996201
50.97511871 203.62970560
17.36205128 189.46096866
14.95035138 185.99415005
15.70400760 182.52733143
21.43179487 171.37321937
23.24056980 181.77367521
3.34404558 173.03126306
153.33105413 256.38564103
154.38617284 249.90419753
151.22081671 238.59935423
148.80911681 234.98180437
161.31981007 264.97732194
167.49979107 263.31927825
168.85637227 256.23490978
171.72026591 252.91882241
178.80463438 252.91882241
194.78214625 261.51050332
200.81139601 258.49587844
207.44357075 263.92220323
212.56843305 255.93344729
204.42894587 250.20566002
238.79566952 259.70172840
236.23323837 249.15054131
220.85865147 245.83445394
218.74841406 235.73546059
237.28835708 238.75008547
224.77766382 232.11791073
219.35133903 228.19889839
225.98351377 222.47111111
238.19274454 221.26526116
235.02738841 212.82431149
219.50207028 213.42723647
229.45033238 204.98628680
241.81029440 206.94579297
236.98689459 199.55996201
231.71130104 194.28436847
233.67080722 188.55658120
241.05663818 188.10438746
228.09375119 175.44296296
237.13762583 179.21124406
222.96888889 181.02001899
218.89914530 185.84341880
216.93963913 190.36535613
223.57181387 200.16288699
215.13086420 197.90191833
212.11623932 201.21800570
206.68991453 208.30237417
204.42894587 215.38674264
205.93625831 222.47111111
203.52455840 230.76132953
203.07236467 236.94131054
200.81139601 241.76471035
186.34119658 248.24615385
184.98461538 239.65447293
184.23095916 232.26864198
184.23095916 225.93792972
190.56167142 211.31699905
189.65728395 204.38336182
184.23095916 195.33948718
186.19046534 191.26974359
189.50655271 183.88391263
191.76752137 178.60831909
206.84064577 167.15274454
206.53918329 177.70393162
209.25234568 185.08976258
202.16797721 192.92778727
190.26020893 167.45420703
173.52904084 169.26298196
178.20170940 176.79954416
175.33781576 186.59707502
176.54366572 206.04140551
181.36706553 216.14039886
167.80125356 202.87604938
174.58415954 226.23939221
167.95198481 234.83107312
158.30518519 228.19889839
155.44129155 234.07741690
153.78324786 220.21014245
155.89348528 212.97504274
165.08809117 215.08528015
151.07008547 217.19551757
157.70226021 206.94579297
159.36030389 197.90191833
161.16907882 191.72193732
162.52566002 184.93903134
164.03297246 176.04588794
160.26469136 174.53857550
155.89348528 168.81078822
98.16341880 250.50712251
108.71460589 256.38564103
115.79897436 262.71635328
107.65948718 264.22366572
122.12968661 260.00319088
132.22867996 261.66123457
137.35354226 255.63198481
132.68087369 246.73884141
114.59312441 252.01443495
115.19604938 245.38226021
105.54924976 240.86032289
120.77310541 239.95593542
133.88672365 239.35301045
116.10043685 234.98180437
138.10719848 228.34962963
120.47164292 227.89743590
112.03069326 226.69158594
100.42438746 229.70621083
127.40528015 221.86818613
132.53014245 214.48235518
142.47840456 216.59259259
139.01158594 209.05603039
142.93059829 196.84679962
108.41314340 220.21014245
117.75848053 211.91992403
117.00482431 204.83555556
106.60436847 203.17751187
114.14093067 193.98290598
109.01606838 187.20000000
103.89120608 187.20000000
102.53462488 175.74442545
113.68873694 170.16736942
121.22529915 168.20786325
108.56387464 170.16736942
140.06670465 168.05713200
129.81698006 179.51270655
121.07456790 187.80292498
127.85747388 191.57120608
132.37941121 186.74780627
134.79111111 182.67806268
129.21405508 200.61508072
143.38279202 188.70731244
147.30180437 206.04140551
23.84349478 163.53519468
25.65226971 156.30009497
18.71863248 154.03912631
12.68938272 147.10548908
41.32831909 165.04250712
55.64778727 167.30347578
64.69166192 161.12349478
52.93462488 156.45082621
57.45656220 153.73766382
61.22484330 141.22697056
68.45994302 148.46207028
78.10674264 161.87715100
81.12136752 153.28547009
86.54769231 162.78153846
97.70180437 165.94689459
97.70180437 152.68254511
89.56231719 146.65329535
95.29010446 142.88501425
93.78279202 135.34845204
93.33059829 120.87825261
87.15061728 122.98849003
78.25747388 125.55092118
74.48919278 134.29333333
77.65454891 142.88501425
50.07073124 144.54305793
38.91661918 144.09086420
33.94248813 143.78940171
7.86598291 135.19772080
13.14157645 133.84113960
19.17082621 130.52505223
21.28106363 135.95137702
25.50153846 127.96262108
35.14833808 130.07285850
38.01223172 124.34507123
40.87612536 119.37094017
49.01561254 130.37432099
59.11460589 118.31582146
68.30921178 127.05823362
75.54431149 120.27532764
69.21359924 117.86362773
73.43407407 111.83437797
81.57356125 111.83437797
87.90427350 109.42267806
81.27209877 104.75000950
73.88626781 103.99635328
86.84915480 98.11783476
86.39696106 104.59927825
59.56679962 110.62852802
63.18434948 104.44854701
46.45318139 107.01097816
48.11122507 117.71289649
39.97173789 103.84562203
42.23270655 98.11783476
23.84349478 108.06609687
23.39130104 102.48904084
26.55665717 100.22807217
14.79962013 105.20220323
4.39916429 107.91536562
12.39734093 115.82875594
1.24322887 97.13808167
140.38700855 158.21097816
126.97192783 161.67779677
132.69971510 156.55293447
134.35775878 149.92075973
129.98655271 144.04224122
152.44550807 156.10074074
147.92357075 144.19297246
175.35665717 156.85439696
191.93709402 160.62267806
203.99559354 157.90951567
186.51076923 155.19635328
181.38590693 150.52368471
168.72448243 153.53830959
163.44888889 145.39882241
153.95282051 141.47981007
178.52201330 144.19297246
174.75373219 137.86226021
153.34989554 135.45056030
154.70647673 130.02423552
139.18115859 138.01299145
128.62997151 134.54617284
121.54560304 130.47642925
127.87631529 123.99498575
136.01580247 117.51354226
142.34651472 119.77451092
143.10017094 130.02423552
138.27677113 108.31893637
131.19240266 102.13895537
154.85720798 112.53941121
167.21716999 128.21546059
165.40839506 119.17158594
158.32402659 103.64626781
173.69861349 104.85211776
180.18005698 110.12771130
189.22393162 115.85549858
185.00345679 123.69352327
187.41515670 127.00961064
183.94833808 141.17834758
197.36341880 132.43593542
198.87073124 140.87688509
199.47365622 148.86564103
218.01359924 149.31783476
216.65701804 141.47981007
213.64239316 127.76326686
205.65363723 125.95449193
206.40729345 116.30769231
205.80436847 107.11308642
208.06533713 101.53603039
195.10245014 106.51016144
109.48710351 153.53830959
112.04953466 141.93200380
118.22951567 144.34370370
113.55684710 138.61591643
99.08664767 130.17496676
105.11589744 121.28182336
106.47247863 111.33356125
114.15977208 108.16820513
114.91342830 98.37067426
122.90218424 96.26043685
133.30264008 95.20531814
145.21040836 93.84873694
134.65922127 86.46290598
125.46461538 82.69462488
124.25876543 76.06245014
125.76607787 63.55175689
138.42750237 63.70248813
137.67384615 72.44490028
142.34651472 80.73511871
100.29249763 59.18055081
105.71882241 65.66199430
111.74807217 70.18393162
111.29587844 76.81610636
91.09789174 74.55513770
96.82567901 82.24243115
99.84030389 94.45166192
101.04615385 100.93310541
77.68281102 94.90385565
76.17549858 84.65413105
80.54670465 76.81610636
83.86279202 68.07369421
84.01352327 59.93420703
73.46233618 64.30541311
63.81553656 74.85660019
63.21261159 86.31217474
55.07312441 88.87460589
53.71654321 75.30879392
54.16873694 61.59225071
119.28463438 120.82962963
35.90199430 86.76436847
25.95373219 84.20193732
20.22594492 88.12094967
15.55327635 76.21318139
18.26643875 82.09169991
5.30355176 71.54051282
4.70062678 87.97021842
14.49815764 64.30541311
10.42841406 58.57762583
1.68600190 56.16592593
5.75574549 44.25815764
10.57914530 38.22890788
1.83673314 40.64060779
47.20683761 91.13557455
44.49367521 84.35266857
51.42731244 80.88584995
46.00098765 75.76098765
50.22146249 69.12881292
40.27320038 66.86784425
33.94248813 53.60349478
26.55665717 44.25815764
27.61177588 39.43475783
36.65565052 45.31327635
62.12923077 50.73960114
56.40144349 48.02643875
64.23946819 39.28402659
75.84577398 40.18841406
85.19111111 37.62598291
88.50719848 36.72159544
93.02913580 33.55623932
97.70180437 59.48201330
85.94476733 53.15130104
49.76926876 38.07817664
34.84687559 38.98256410
40.57466287 33.70697056
27.31031339 31.14453941
102.08474074 49.45935802
41.27683951 55.70449383
27.80049383 54.38972840
127.39397531 50.77412346
112.93155556 53.73234568
104.87861728 44.11812346
99.61955556 31.95654321
112.43851852 31.62785185
121.64187654 30.80612346
115.72543210 37.54429630
128.54439506 43.78943210
132.65303704 32.44958025
137.41906173 23.41056790
120.82014815 24.88967901
113.75328395 24.23229630
96.00395062 26.36879012
81.54153086 26.53313580
73.15990123 26.69748148
158.78400000 95.39397531
157.63358025 80.76720988
166.83693827 75.17945679
159.77007407 70.08474074
169.46646914 97.53046914
188.53056790 94.57224691
187.87318519 83.06804938
187.54449383 74.68641975
160.42745679 57.75881481
156.81185185 51.51367901
147.60849383 48.55545679
143.82854321 56.11535802
136.59733333 53.65017284
150.73106173 36.88691358
149.41629630 30.31308642
154.67535802 27.35486420
161.41353086 31.46350617
169.79516049 31.13481481
174.23249383 34.42172840
167.16562963 36.72256790
162.72829630 41.32424691
167.16562963 47.89807407
173.90380247 49.21283951
172.91772840 59.07358025
185.90103704 57.59446914
182.12108642 49.04849383
180.97066667 39.84513580
187.70883951 34.58607407
185.90103704 24.56098765
198.06261728 36.06518519
198.88434568 30.31308642
200.85649383 25.38271605
210.71723457 28.83397531
208.08770370 36.55822222
201.67822222 49.04849383
213.18241975 41.65293827
229.61698765 27.51920988
216.96237037 23.24622222
236.84819753 31.62785185
234.21866667 42.14597531
227.31614815 51.18498765
227.80918519 63.01787654
231.91782716 56.27970370
224.52227160 58.41619753
212.52503704 68.60562963
212.19634568 62.36049383
215.81195062 54.30755556
207.26597531 55.78666667
199.37738272 58.25185185
201.02083951 68.76997531
200.52780247 82.41066667
215.31891358 80.93155556
223.53619753 75.83683951
233.06824691 77.97333333
238.16296296 83.39674074
233.23259259 91.12098765
225.34400000 86.02627160
210.55288889 90.79229630
218.77017284 108.37728395
228.79525926 101.14607407
219.09886420 93.42182716
231.09609877 116.92325926
239.97076543 111.49985185
225.67269136 123.49708642
234.21866667 124.48316049
251.41017284 37.05125926
245.82241975 74.85076543
248.61629630 64.33264198
247.63022222 53.81451852
245.16503704 44.61116049
243.85027160 37.37995062
243.68592593 99.50261728
251.41017284 85.36888889
253.21797531 80.10982716
259.62745679 71.72819753
258.14834568 59.89530864
262.75002469 54.47190123
260.77787654 41.98162963
262.91437037 31.29916049
280.00632099 30.47743210
281.97846914 35.24345679
278.85590123 40.66686420
282.96454321 47.56938272
275.56898765 50.69195062
292.00355556 53.97886420
282.14281481 59.73096296
272.28207407 63.34656790
274.91160494 57.26577778
266.36562963 66.63348148
266.36562963 75.01511111
260.61353086 88.49145679
256.50488889 106.07644444
261.59960494 104.92602469
256.99792593 116.75891358
269.48819753 103.93995062
272.11772840 111.33550617
272.61076543 119.71713580
277.54113580 119.88148148
280.00632099 127.11269136
263.07871605 127.27703704
297.26261728 126.78400000
290.68879012 120.21017284
303.67209877 124.64750617
285.42972840 111.82854321
281.32108642 105.25471605
287.40187654 93.42182716
288.22360494 87.99841975
287.89491358 78.79506173
288.71664198 71.23516049
294.63308642 25.38271605
298.57738272 30.64177778
300.38518519 38.53037037
305.97293827 48.71980247
313.03980247 49.21283951
303.83644444 62.52483951
302.19298765 74.68641975
305.80859259 81.58893827
308.27377778 86.84800000
311.06765432 92.27140741
301.04256790 96.05135802
302.02864198 108.04859259
329.47437037 127.93441975
322.07881481 122.34666667
318.13451852 120.86755556
318.79190123 114.95111111
316.81975309 108.04859259
350.83930864 129.24918519
367.43822222 129.08483951
375.81985185 127.77007407
374.83377778 117.25195062
370.72513580 112.32158025
366.28780247 109.19901235
351.16800000 109.69204938
350.18192593 100.32434568
344.75851852 96.87308642
340.32118519 108.70597531
334.40474074 104.26864198
323.22923457 104.10429630
324.05096296 90.62795062
329.31002469 87.83407407
322.90054321 81.09590123
325.53007407 79.61679012
330.95348148 71.23516049
318.46320988 68.76997531
331.93955556 63.18222222
320.10666667 55.45797531
317.14844444 43.95377778
308.60246914 37.87298765
309.25985185 23.57491358
323.06488889 27.51920988
335.55516049 24.72533333
348.53846914 30.80612346
348.37412346 43.62508642
340.81422222 34.75041975
340.81422222 29.32701235
337.52730864 43.13204938
328.81698765 49.04849383
330.13175309 55.45797531
334.40474074 55.62232099
344.59417284 58.90923457
340.97856790 69.42735802
348.04543210 71.23516049
351.82538272 79.28809877
342.12898765 83.39674074
339.82814815 89.31318519
343.77244444 90.62795062
350.67496296 88.16276543
360.86439506 87.01234568
367.60256790 94.73659259
365.46607407 83.06804938
367.10953086 70.08474074
367.10953086 61.86745679
358.39920988 57.43012346
354.45491358 52.00671605
371.54686420 49.37718519
366.61649383 40.50251852
361.02874074 28.17659259
232.24651852 164.74785185
234.05432099 155.05145679
233.72562963 142.56118519
225.17965432 135.00128395
245.39417284 138.78123457
262.15743210 135.65866667
257.72009877 132.53609877
275.46943210 137.95950617
249.99585185 150.28543210
247.85935802 159.32444444
244.90113580 165.89827160
250.16019753 170.00691358
247.69501235 182.00414815
256.73402469 194.49441975
258.04879012 202.87604938
260.02093827 213.06548148
253.11841975 216.68108642
246.38024691 214.05155556
275.79812346 207.47772840
277.77027160 213.06548148
291.73965432 202.54735802
292.89007407 210.76464198
296.67002469 216.18804938
305.21600000 213.88720988
320.17145679 213.72286420
329.37481481 208.29945679
352.71190123 210.27160494
348.27456790 208.79249383
344.16592593 202.05432099
367.17432099 206.32730864
360.92918519 203.86212346
357.80661728 192.19358025
358.46400000 184.96237037
335.61995062 196.95960494
338.24948148 189.39970370
317.87061728 192.85096296
308.33856790 204.68385185
313.76197531 181.67545679
304.39427160 182.16849383
298.80651852 178.88158025
308.00987654 178.05985185
295.35525926 173.62251852
286.31624691 170.82864198
283.35802469 183.64760494
279.41372840 189.89274074
265.28000000 187.42755556
266.10172840 182.00414815
273.99032099 178.05985185
258.87051852 180.36069136
265.11565432 167.04869136
269.38864198 161.95397531
266.26607407 152.75061728
268.56691358 147.49155556
270.21037037 141.90380247
269.38864198 138.12385185
259.85659259 149.29935802
289.93185185 140.75338272
290.91792593 152.09323457
287.30232099 162.44701235
299.13520988 155.05145679
307.84553086 149.46370370
304.88730864 143.87595062
311.78982716 135.16562963
318.03496296 137.13777778
339.89293827 117.58064198
355.83446914 144.69767901
338.08513580 145.35506173
336.44167901 138.45254321
332.49738272 153.57234568
340.22162963 157.18795062
347.28849383 156.03753086
364.70913580 147.98459259
366.35259259 152.75061728
364.05175309 160.31051852
327.07397531 172.47209877
322.30795062 164.74785185
300.38518519 168.85649383
311.72503704 159.16009877
314.51891358 152.42192593
320.10666667 152.25758025
294.14004938 192.52227160
296.76958025 186.27713580
311.56069136 230.81481481
294.46874074 230.15743210
275.40464198 228.18528395
257.65530864 256.61708642
245.98676543 247.24938272
253.21797531 233.77303704
268.99516049 241.66162963
274.74725926 244.12681481
282.30716049 247.08503704
288.05925926 260.56138272
267.35170370 259.41096296
294.30439506 255.95970370
298.41303704 237.22429630
307.78074074 255.95970370
325.69441975 235.74518519
329.47437037 232.12958025
320.10666667 222.59753086
328.48829630 259.08227160
311.72503704 245.11288889
333.74735802 244.61985185
363.65827160 262.36918519
368.75298765 255.95970370
346.07328395 256.78143210
350.01758025 247.74241975
345.25155556 239.85382716
347.71674074 231.47219753
341.96464198 223.41925926
376.80592593 225.55575309
374.01204938 195.48049383
376.14854321 184.14064198
28.78656790 65.89392593
36.08346912 1001.78123522
17.24509855 981.59726675
17.24509855 958.72210250
60.30423127 958.04930355
53.57624179 934.50134034
73.76021025 935.84693824
85.87059133 949.30291721
69.72341656 993.03484888
90.58018397 991.68925099
96.63537451 970.83248357
115.47374507 953.33971091
27.33708279 924.40935611
32.04667543 905.57098555
7.82591327 907.58938239
15.89950066 881.35022339
39.44746386 886.05981603
7.15311432 925.08215506
65.68662286 892.11500657
61.64982917 875.29503285
50.88504599 861.16625493
39.44746386 852.41986859
17.24509855 849.05587385
24.64588699 834.25429698
9.84431012 832.23590013
139.02170828 985.63406045
139.02170828 962.08609724
122.87453351 917.68136662
137.00331143 919.69976347
101.34496715 896.15180026
85.19779238 868.56704336
108.07295664 878.65902760
117.49214192 873.27663601
136.33051248 884.71421813
110.09135348 855.78386334
106.05455979 840.98228647
83.17939553 838.96388962
83.85219448 817.43432326
87.21618922 803.30554534
109.41855453 828.87190539
118.83773982 822.14391590
130.27532194 828.19910644
139.02170828 845.01908016
149.11369251 821.47111695
165.26086728 853.09266754
162.56967148 837.61829172
169.97045992 824.16231275
178.04404731 835.59989488
113.79174770 1010.35942181
195.53681997 1003.63143233
183.09003942 976.38307490
175.01645204 928.95074901
169.97045992 948.46191853
196.54601840 926.25955322
173.33445466 904.72998686
158.19647832 882.52762155
189.14522996 858.30685940
186.79043364 876.47243101
206.30160315 864.36204993
202.60120894 884.54601840
212.69319317 830.04930355
213.36599212 810.20173456
179.72604468 800.10975033
146.08609724 794.05455979
118.50134034 792.70896189
42.47505913 791.69976347
21.28189225 798.09135348
54.58544021 816.25692510
211.34759527 940.72473062
211.34759527 960.23590013
181.74444152 999.93103811
230.96388962 1000.26743758
260.90344284 995.22144547
240.38307490 971.33708279
255.18465177 947.45272011
231.63668857 932.31474376
218.51710907 918.85876478
228.60909330 892.28320631
245.42906702 911.12157687
245.42906702 887.23721419
231.63668857 865.70764783
219.86270696 852.25166886
250.81145861 839.80488830
258.21224704 863.01645204
271.33182654 833.07689882
260.56704336 811.21093298
251.82065703 801.11894875
290.50659658 802.80094612
298.24378449 822.64851511
291.85219448 844.17808147
284.11500657 874.45403417
268.30423127 904.72998686
301.94417871 910.11237845
319.77335085 884.54601840
303.28977661 861.67085414
293.53419185 939.37913272
327.84693824 932.31474376
311.69976347 961.24509855
305.30817346 988.49345598
287.47900131 996.23064389
349.37650460 1002.28583443
371.24247043 981.42906702
359.46848883 955.52630749
352.40409987 905.73918528
338.94812089 902.37519054
365.86007884 868.73524310
351.05850197 862.68005256
336.25692510 839.46848883
318.42775296 827.02170828
313.04536137 803.47374507
339.62091984 791.69976347
361.48688568 814.23852825
385.70764783 795.73655716
369.89687254 828.03090670
387.05324573 854.27006570
384.02565046 903.04798949
383.01645204 936.01513798
391.09003942 966.12289093
387.05324573 963.09529566
414.97440210 967.13208936
416.32000000 939.88373193
414.97440210 995.72604468
448.27795007 936.18333771
460.05193167 981.93366623
493.69187911 960.40409987
477.88110381 933.15574244
459.37913272 921.71816032
466.44352168 886.73261498
437.51316689 874.28583443
434.48557162 900.18859396
408.24641261 904.56178712
403.87321945 875.63143233
424.05718791 831.89950066
399.16362681 823.15311432
421.70239159 801.28714849
438.52236531 793.88636005
459.04273325 814.07032852
467.78911958 855.44746386
489.31868594 872.26743758
490.66428384 902.54339028
522.62223390 939.88373193
537.42381078 952.66691196
545.49739816 987.65245729
571.06375821 951.99411301
567.36336399 913.64457293
527.33182654 891.44220762
569.04536137 880.34102497
515.89424442 845.69187911
535.74181340 870.58544021
566.01776610 851.41067017
565.34496715 830.89030223
530.69582129 831.22670171
512.86664915 814.07032852
532.71421813 792.20436268
548.86139290 800.27795007
573.75495401 780.09398160
493.69187911 782.11237845
465.77072273 785.13997372
589.33445466 969.48688568
596.73524310 944.59332457
638.44877792 958.72210250
629.70239159 991.68925099
663.34233903 995.72604468
669.39752957 955.35810775
673.43432326 937.19253614
640.46717477 923.73655716
683.52630749 911.62617608
674.10712221 882.69582129
656.61434954 860.49345598
619.61040736 856.45666229
585.97045992 845.01908016
609.51842313 832.90869908
607.50002628 809.36073587
641.13997372 815.41592641
661.99674113 794.55915900
635.75758213 784.46717477
674.10712221 830.21750329
688.90869908 784.46717477
705.72867280 810.03353482
725.91264126 838.29109067
697.65508541 865.20304862
711.11106439 874.62223390
702.08084100 938.87453351
706.45403417 954.01250986
725.62880420 933.49214192
748.16756899 939.88373193
740.43038108 896.82459921
738.74838371 963.09529566
745.47637319 980.58806833
781.80751643 963.76809461
768.35153745 950.31211564
775.41592641 933.82854139
768.01513798 896.48819974
811.74706965 952.66691196
809.72867280 924.07295664
815.78386334 971.84168200
805.01908016 984.28846255
807.71027595 892.45140604
819.14785808 874.95863338
798.29109067 850.40147175
806.70107753 834.59069645
816.79306176 805.99674113
825.87584757 771.34759527
775.07952694 791.53156373
759.26875164 775.72078844
745.13997372 787.15837057
741.10318003 819.78911958
697.03484888 841.31868594
831.93103811 920.37256242
830.92183968 817.77072273
830.92183968 853.76546649
375.38438896 779.75758213
421.47111695 772.35679369
395.56835742 757.89161629
410.70633377 733.67085414
387.15837057 742.41724047
375.38438896 727.61566360
406.33314060 708.44089356
385.13997372 703.05850197
393.21356110 679.84693824
423.15311432 702.04930355
415.41592641 691.28452037
433.91789750 693.97571616
427.18990802 721.56047306
434.92709593 726.60646518
444.00988173 758.90081472
461.50265440 736.02565046
461.16625493 709.78649146
480.67742444 732.99805519
483.70501971 705.41329829
474.28583443 682.53813403
487.40541393 681.19253614
512.97177398 699.02170828
523.40015769 674.12814717
509.27137976 719.20567674
532.48294350 725.59726675
523.73655716 741.07164258
511.62617608 747.46323259
513.98097240 765.29240473
476.97703022 760.58281209
555.35810775 736.02565046
562.08609724 715.16888305
556.70370565 698.68530880
537.86533509 638.80620237
563.09529566 647.21618922
518.01776610 633.42381078
502.54339028 655.96257556
489.42381078 642.50659658
469.91264126 666.39095926
458.81145861 659.66296978
431.56310118 668.07295664
433.24509855 651.58938239
412.38833114 662.35416557
369.66559790 653.60777924
379.08478318 663.02696452
373.70239159 636.11500657
391.53156373 643.85219448
374.71159001 615.59463863
407.00593955 614.24904074
404.65114323 594.40147175
421.13471748 601.46586071
428.87190539 591.03747700
435.26349540 609.53944809
450.06507227 590.02827858
455.11106439 608.86664915
454.77466491 628.04141919
472.94023653 630.39621551
478.65902760 606.51185283
487.06901445 587.67348226
489.42381078 576.90869908
508.59858081 614.24904074
526.09135348 600.45666229
515.32657030 586.32788436
539.21093298 583.97308804
551.65771353 589.01908016
565.78649146 606.17545335
548.63011827 575.56310118
522.05455979 569.50791064
503.21618922 561.43432326
464.19385020 569.17151117
443.33708279 562.77992116
421.47111695 567.15311432
403.97834428 582.96388962
377.40278581 576.90869908
380.76678055 559.07952694
375.38438896 597.76546649
664.40409987 775.72078844
665.74969777 748.13603154
632.78254928 750.82722733
637.82854139 736.36204993
661.37650460 722.90607096
635.47374507 707.09529566
637.82854139 688.25692510
635.47374507 671.43695138
640.51973719 647.21618922
634.46454665 638.46980289
641.52893561 615.59463863
632.44614980 602.81145861
652.63011827 604.15705650
682.23327201 609.53944809
672.14128778 640.48819974
666.08609724 671.77335085
690.30685940 665.71816032
682.56967148 685.22932983
666.75889619 707.43169514
687.95206307 703.05850197
714.52762155 681.52893561
720.24641261 708.44089356
732.02039422 746.79043364
752.54076216 708.44089356
739.75758213 697.00331143
744.13077530 666.39095926
716.20961892 666.39095926
726.63800263 649.90738502
732.35679369 634.43300920
743.45797635 624.00462549
701.74444152 635.44220762
710.82722733 621.98622865
728.65639947 600.45666229
757.25035480 602.47505913
782.14391590 595.07427070
786.51710907 621.31342970
766.66954008 644.18859396
754.55915900 650.58018397
766.33314060 690.27532194
534.21750329 728.28846255
781.80751643 677.15574244
783.15311432 712.81408673
784.83511170 736.36204993
754.55915900 742.08084100
768.01513798 760.91921156
805.69187911 752.50922470
821.83905388 731.31605782
805.01908016 655.96257556
827.22144547 658.65377135
812.08346912 630.39621551
809.72867280 617.94943495
828.56704336 595.07427070
696.02565046 737.03484888
696.36204993 750.49082786
723.61040736 728.62486202
750.52236531 726.94286465
600.09923784 745.10843627
571.16888305 759.91001314
596.73524310 771.34759527
581.26086728 730.97965834
602.11763469 715.50528252
584.62486202 712.14128778
597.40804205 695.99411301
589.33445466 679.17413929
569.82328515 671.10055191
611.53681997 685.22932983
594.04404731 655.62617608
614.90081472 644.86139290
579.91526938 623.33182654
611.53681997 598.43826544
600.77203679 578.92709593
578.56967148 580.27269382
624.32000000 575.56310118
641.13997372 578.25429698
588.66165572 608.53024967
156.28320631 769.66559790
184.20436268 770.00199737
207.07952694 787.15837057
225.58149803 787.49477004
235.33708279 762.93760841
199.34233903 766.63800263
219.52630749 753.18202365
206.74312746 741.74444152
187.56835742 750.82722733
185.54996058 728.62486202
146.52762155 736.36204993
157.62880420 756.88241787
149.21881735 715.84168200
143.50002628 700.03090670
165.02959264 695.65771353
178.48557162 703.39490145
189.58675427 681.19253614
205.39752957 713.15048620
208.76152431 694.31211564
220.87190539 701.71290407
216.49871222 728.62486202
238.70107753 737.37124836
245.09266754 713.15048620
278.05981603 712.14128778
287.14260184 720.55127464
296.22538765 732.99805519
271.66822602 748.80883049
286.80620237 758.56441524
255.52105125 748.47243101
258.21224704 781.77597898
305.98097240 779.75758213
316.07295664 749.81802891
316.40935611 732.66165572
314.05455979 717.86007884
335.24772668 724.25166886
340.63011827 742.08084100
337.93892247 714.83248357
337.93892247 690.61172142
309.68136662 687.24772668
303.96257556 691.62091984
268.64063075 689.93892247
286.13340342 668.07295664
302.61697766 659.99936925
320.78254928 648.56178712
339.95731932 667.06375821
300.59858081 639.14260184
325.15574244 630.39621551
302.61697766 626.35942181
323.13734560 618.62223390
311.69976347 609.53944809
339.62091984 613.57624179
325.82854139 589.69187911
298.58018397 590.02827858
280.41461235 589.69187911
285.12420499 604.49345598
278.05981603 615.25823916
284.45140604 632.41461235
265.27663601 665.38176084
252.15705650 643.17939553
261.23984231 628.71421813
257.53944809 610.21224704
271.33182654 598.43826544
236.68268068 618.62223390
226.25429698 606.17545335
210.44352168 629.05061761
223.56310118 649.90738502
209.77072273 649.90738502
225.24509855 657.64457293
209.43432326 671.43695138
231.97308804 678.16494087
251.14785808 682.87453351
176.80357424 670.42775296
179.49477004 652.59858081
186.55915900 637.79700394
183.53156373 619.63143233
166.71159001 618.28583443
168.72998686 637.46060447
166.03879106 657.30817346
149.55521682 674.80094612
191.94155059 607.18465177
209.77072273 596.75626807
189.25035480 585.65508541
164.35679369 600.79306176
145.18202365 584.64588699
172.09398160 577.58149803
141.81802891 604.82985545
141.14522996 646.54339028
345.00331143 598.43826544
349.04010512 580.94549277
355.09529566 574.21750329
363.16888305 714.83248357
357.78649146 756.54601840
132.39884363 772.69319317
68.48294350 780.76678055
86.64851511 780.76678055
55.02696452 770.67479632
70.50134034 748.47243101
40.89818660 751.83642576
63.77335085 726.94286465
94.04930355 731.65245729
93.37650460 711.46848883
125.67085414 732.32525624
122.30685940 713.48688568
113.56047306 702.04930355
131.05324573 698.01250986
119.61566360 680.51973719
108.17808147 677.15574244
17.86533509 758.90081472
27.95731932 776.72998686
23.58412615 727.27926413
11.13734560 744.09923784
12.14654402 709.45009198
49.48688568 702.38570302
49.82328515 721.22407359
40.06770039 682.53813403
41.07689882 670.76415243
24.25692510 672.44614980
56.55127464 669.08215506
70.34365309 674.80094612
88.17282523 663.36336399
78.08084100 690.27532194
68.66165572 721.56047306
83.79963206 650.91658344
120.80357424 648.56178712
124.16756899 659.99936925
112.72998686 615.59463863
125.84956636 618.62223390
82.79043364 623.66822602
70.68005256 623.33182654
68.99805519 646.54339028
54.19647832 636.78780552
37.04010512 630.39621551
36.03090670 646.54339028
21.90212878 638.13340342
18.53813403 662.69056505
37.04010512 604.15705650
31.99411301 590.02827858
57.56047306 600.12026281
57.22407359 610.54864652
74.38044678 600.45666229
73.37124836 585.65508541
90.19122208 583.63668857
108.69319317 579.93629435
92.54601840 607.52105125
114.41198423 592.71947438
124.84036794 579.26349540
20.89293035 579.59989488
105.48688568 632.07821288
14.83773982 559.75232589
4.07295664 536.54076216
5.08215506 514.67479632
16.85613666 520.72998686
20.55653088 536.20436268
27.28452037 539.56835742
35.35810775 556.72473062
50.83248357 551.00593955
63.61566360 564.12551905
43.43169514 533.84956636
38.38570302 516.02039422
27.28452037 504.91921156
15.17413929 512.99279895
14.16494087 492.80883049
23.24772668 480.69844941
18.87453351 467.57886991
29.30291721 461.86007884
4.07295664 457.15048620
15.51053876 450.42249671
1.04536137 440.33051248
20.22013141 429.56572930
0.70896189 426.20173456
6.09135348 410.72735874
20.22013141 420.14654402
30.31211564 409.71816032
11.13734560 398.95337714
4.40935611 389.87059133
4.40935611 384.15180026
17.19253614 379.44220762
25.93892247 392.22538765
48.14128778 404.67216820
41.41329829 402.65377135
52.51448095 389.19779238
58.90607096 393.90738502
63.27926413 383.47900131
72.69844941 389.19779238
74.71684625 399.96257556
64.28846255 402.65377135
59.57886991 417.11894875
55.20567674 428.55653088
64.28846255 433.26612352
47.13208936 452.77729304
48.81408673 446.38570302
45.11369251 468.58806833
46.45929041 480.36204993
59.57886991 455.80488830
66.30685940 471.27926413
76.06244415 458.49608410
72.69844941 482.38044678
81.44483574 493.48162943
97.92840999 479.35285151
88.17282523 472.62486202
75.38964520 511.31080158
65.29766097 516.02039422
50.83248357 505.59201051
79.09003942 527.12157687
73.70764783 533.17676741
74.38044678 541.92315375
92.54601840 528.46717477
86.15442838 514.33839685
100.61960578 494.82722733
106.33839685 520.05718791
108.35679369 494.15442838
114.07558476 494.49082786
118.44877792 513.66559790
116.43038108 528.46717477
108.35679369 541.58675427
89.18202365 546.63274639
104.65639947 558.07032852
72.02565046 563.11632063
123.15837057 548.65114323
142.66954008 555.04273325
159.15311432 560.08872536
155.78911958 571.52630749
180.68268068 562.10712221
198.17545335 556.72473062
200.86664915 569.50791064
182.36467806 544.27795007
164.87190539 529.47637319
152.76152431 525.43957950
150.74312746 539.90475690
125.51316689 538.22275953
135.60515112 528.46717477
151.75232589 510.63800263
136.61434954 499.53681997
157.80751643 501.21881735
178.32788436 509.62880420
198.51185283 494.82722733
203.89424442 507.94680683
112.72998686 475.31605782
103.64720105 459.84168200
91.53681997 447.05850197
94.56441524 434.27532194
71.68925099 425.19253614
73.37124836 416.10975033
84.47243101 419.13734560
93.21881735 385.83379763
96.91921156 403.99936925
98.26480946 396.93498029
116.43038108 403.99936925
108.02039422 415.77335085
114.41198423 422.50134034
125.84956636 436.96651774
130.55915900 423.84693824
131.90475690 407.02696452
139.64194481 394.58018397
149.06113009 399.96257556
156.79831800 389.53419185
153.77072273 381.46060447
135.26875164 381.12420499
129.88636005 373.72341656
145.36073587 371.70501971
103.98360053 371.36862024
95.57361367 372.04141919
83.46323259 377.08741130
167.22670171 372.37781866
170.92709593 379.10580815
191.44746386 377.42381078
179.33708279 395.92578187
180.34628121 391.21618922
196.49345598 404.33576873
173.95469120 411.06375821
164.19910644 425.19253614
150.74312746 419.81014455
146.03353482 448.40409987
148.05193167 459.84168200
136.95074901 467.91526938
125.84956636 460.51448095
156.46191853 473.29766097
173.95469120 466.56967148
180.68268068 473.97045992
197.83905388 477.33445466
198.84825230 463.54207622
183.71027595 457.82328515
163.52630749 454.45929041
192.12026281 436.29371879
204.56704336 447.73130092
204.23064389 428.55653088
185.05587385 422.50134034
189.42906702 407.36336399
123.15837057 391.55258870
114.41198423 386.84299606
63.27926413 371.36862024
38.72210250 412.07295664
41.41329829 427.54733246
39.39490145 436.29371879
32.66691196 446.38570302
209.66559790 528.46717477
222.44877792 535.86796321
221.10318003 548.65114323
248.68793693 560.08872536
227.83116951 573.54470434
231.19516426 588.34628121
254.07032852 571.52630749
257.43432326 584.98228647
272.90869908 570.85350854
266.18070959 556.72473062
282.32788436 549.32394218
274.92709593 541.92315375
268.19910644 538.55915900
306.54864652 540.57755585
311.25823916 554.70633377
317.98622865 539.23195795
338.84299606 545.95994744
340.86139290 520.39358739
359.02696452 529.81277267
362.39095926 542.59595269
362.39095926 556.05193167
376.51973719 547.30554534
402.75889619 548.65114323
385.93892247 531.83116951
405.45009198 525.77597898
395.35810775 520.39358739
224.80357424 446.72210250
225.81277267 434.27532194
211.34759527 423.17413929
226.82197109 414.09135348
232.87716163 419.81014455
212.02039422 382.13340342
221.10318003 378.76940867
207.64720105 357.23984231
184.43563732 364.30423127
186.79043364 355.89424442
168.28846255 358.24904074
227.49477004 360.94023653
239.26875164 369.68662286
243.64194481 359.93103811
261.47111695 376.07821288
257.77072273 382.46980289
267.86270696 396.26218134
257.43432326 406.35416557
266.18070959 428.55653088
262.14391590 430.91132720
245.32394218 437.30291721
265.84431012 452.77729304
235.23195795 455.13208936
234.22275953 464.21487516
240.95074901 474.30685940
223.79437582 476.32525624
225.47637319 488.43563732
225.47637319 505.25561104
240.95074901 515.68399474
253.39752957 519.38438896
242.96914586 544.95074901
229.84956636 523.08478318
240.27795007 530.82197109
266.18070959 507.94680683
252.05193167 492.13603154
260.79831800 478.00725361
272.57229961 490.11763469
286.36467806 500.88241787
285.69187911 487.42643890
299.48425756 482.38044678
303.52105125 510.97440210
303.18465177 522.41198423
316.64063075 492.80883049
321.35022339 518.37519054
351.28977661 498.52762155
349.27137976 485.74444152
328.75101183 481.03484888
323.70501971 471.95206307
311.59463863 468.25166886
302.17545335 459.84168200
284.00988173 458.49608410
321.68662286 450.75889619
315.29503285 441.67611038
334.46980289 442.68530880
339.51579501 447.73130092
338.50659658 456.47768725
352.29897503 468.58806833
356.67216820 459.84168200
353.64457293 437.63931669
337.49739816 424.51973719
353.30817346 420.48294350
347.58938239 415.77335085
350.61697766 399.28977661
356.33576873 392.56178712
345.57098555 378.43300920
346.58018397 360.60383706
331.10580815 363.63143233
326.39621551 375.06901445
314.95863338 363.96783180
298.13865966 383.81540079
303.18465177 390.54339028
301.16625493 403.66296978
290.40147175 396.59858081
283.67348226 403.66296978
286.36467806 366.65902760
265.84431012 354.21224704
318.99542707 569.17151117
342.20699080 564.46191853
366.42775296 593.05587385
348.26218134 648.22538765
355.66296978 630.05981603
278.96388962 436.96651774
274.92709593 422.16494087
291.74706965 422.16494087
309.23984231 424.85613666
316.64063075 424.85613666
320.67742444 414.76415243
225.81277267 390.54339028
151.80488830 432.25692510
366.42775296 513.66559790
375.17413929 511.64720105
366.42775296 492.13603154
388.63011827 498.19122208
371.13734560 479.35285151
377.19253614 467.24247043
365.08215506 447.73130092
375.84693824 436.96651774
377.86533509 420.81934297
367.10055191 410.05455979
367.77335085 393.90738502
359.69976347 383.14260184
379.88373193 375.74181340
387.95731932 367.66822602
370.46454665 366.99542707
389.30291721 387.85219448
388.63011827 401.98097240
387.28452037 412.74575558
396.70370565 429.56572930
394.01250986 460.51448095
391.99411301 469.93366623
409.48688568 480.02565046
424.96126150 486.75363995
405.45009198 498.19122208
422.94286465 511.64720105
424.28846255 530.48557162
440.43563732 529.13997372
459.27400788 547.97834428
459.94680683 566.14391590
449.18202365 518.37519054
458.60120894 499.53681997
439.09003942 498.86402102
461.96520368 529.13997372
416.55127464 454.79568988
419.24247043 445.71290407
408.81408673 422.83773982
406.12289093 404.67216820
402.08609724 386.50659658
410.83248357 372.71421813
419.24247043 387.85219448
433.70764783 391.88898817
433.37124836 372.71421813
422.27006570 358.92183968
404.44089356 354.21224704
382.23852825 354.88504599
380.22013141 345.46586071
357.68136662 341.42906702
354.31737188 329.65508541
373.15574244 325.95469120
400.74049934 328.98228647
406.12289093 336.04667543
428.66165572 342.10186597
435.38964520 349.83905388
450.52762155 359.59463863
445.48162943 367.66822602
446.82722733 335.37387648
459.94680683 344.79306176
462.63800263 323.26349540
481.47637319 332.34628121
486.52236531 342.43826544
489.21356110 355.89424442
485.51316689 361.27663601
468.35679369 360.60383706
465.66559790 373.05061761
473.40278581 388.18859396
489.54996058 381.12420499
452.20961892 383.81540079
455.57361367 393.90738502
468.35679369 409.38176084
449.85482260 413.75495401
441.44483574 410.05455979
433.37124836 426.20173456
427.65245729 429.22932983
452.54601840 447.05850197
457.59201051 470.60646518
436.39884363 458.83248357
428.66165572 471.61566360
484.84036794 443.69450723
480.80357424 462.19647832
480.80357424 478.34365309
470.71159001 488.77203679
469.02959264 433.93892247
481.13997372 432.59332457
488.20436268 417.79174770
478.78517740 405.68136662
497.28714849 393.23458607
484.84036794 400.29897503
512.42512484 394.24378449
513.09792378 380.11500657
510.74312746 368.34102497
508.72473062 342.43826544
495.26875164 331.33708279
481.47637319 324.27269382
501.66034166 325.28189225
522.51710907 332.00988173
533.61829172 328.64588699
527.22670171 351.18465177
534.96388962 365.31342970
528.23590013 343.11106439
548.08346912 328.98228647
554.47505913 341.76546649
548.75626807 352.53024967
550.43826544 367.66822602
543.37387648 385.49739816
532.60909330 395.58938239
536.98228647 416.10975033
520.49871222 409.38176084
525.88110381 428.55653088
508.38833114 445.04010512
534.29109067 439.65771353
549.76546649 433.26612352
533.28189225 453.78649146
514.10712221 462.19647832
511.75232589 483.05324573
506.70633377 492.13603154
529.91789750 494.15442838
545.05587385 476.66165572
548.41986859 488.43563732
536.64588699 516.69319317
531.93629435 533.84956636
506.36993430 539.23195795
480.46717477 519.72078844
497.28714849 508.61960578
489.54996058 506.26480946
480.80357424 551.34233903
523.18990802 549.99674113
515.78911958 513.66559790
544.04667543 548.65114323
553.46586071 537.88636005
561.53944809 523.08478318
560.86664915 510.30160315
571.63143233 497.51842313
585.08741130 531.15837057
595.17939553 523.08478318
606.61697766 557.39752957
606.61697766 550.66954008
624.78254928 543.26875164
621.41855453 527.79437582
640.92972405 534.52236531
656.40409987 542.59595269
651.69450723 523.08478318
638.91132720 507.61040736
614.01776610 501.55521682
632.18333771 492.13603154
626.80094612 474.64325887
651.02170828 469.93366623
650.34890933 479.35285151
655.05850197 490.79043364
585.76021025 485.40804205
593.83379763 475.98885677
606.61697766 459.84168200
573.64982917 455.80488830
579.03222076 441.00331143
567.59463863 427.54733246
594.50659658 437.63931669
593.83379763 424.85613666
591.81540079 414.09135348
614.01776610 409.38176084
668.85088042 479.01645204
671.87847569 488.43563732
684.66165572 505.25561104
691.05324573 499.20042050
682.30685940 524.09398160
701.48162943 487.76283837
715.27400788 480.02565046
708.54601840 507.27400788
706.86402102 523.75758213
688.02565046 472.62486202
697.78123522 461.18727989
673.22407359 459.84168200
716.61960578 451.76809461
726.37519054 460.85088042
664.14128778 438.31211564
679.61566360 435.62091984
693.07164258 436.96651774
698.11763469 424.85613666
685.33445466 416.78254928
686.68005256 406.69056505
703.83642576 393.90738502
713.59201051 406.01776610
717.96520368 421.49214192
719.31080158 380.45140604
676.58806833 382.13340342
681.97045992 373.38701708
634.53813403 373.38701708
645.30291721 383.81540079
653.04010512 399.28977661
640.59332457 411.73655716
631.51053876 419.81014455
639.92052562 433.26612352
640.92972405 448.40409987
660.77729304 425.52893561
661.78649146 412.74575558
622.09135348 439.65771353
621.75495401 430.57492773
622.42775296 396.26218134
701.14522996 353.53944809
707.87321945 373.72341656
719.98360053 340.41986859
697.78123522 342.43826544
711.57361367 321.91789750
720.32000000 316.53550591
729.06638633 323.26349540
681.63406045 326.96388962
657.74969777 341.76546649
644.29371879 331.67348226
657.41329829 320.23590013
685.67085414 313.84431012
699.12683311 314.51710907
614.35416557 333.69187911
620.74575558 341.09266754
622.42775296 326.29109067
636.55653088 315.86270696
604.59858081 327.97308804
594.84299606 324.27269382
609.98097240 308.79831800
581.05061761 319.22670171
573.31342970 329.65508541
574.65902760 311.48951380
553.12946124 314.85350854
565.23984231 360.94023653
564.90344284 373.72341656
560.19385020 392.89818660
569.27663601 405.68136662
597.87059133 388.52499343
596.86139290 373.05061761
601.57098555 362.62223390
605.60777924 350.51185283
583.74181340 351.85745072
617.38176084 358.92183968
635.88373193 352.86664915
728.39358739 524.09398160
730.07558476 504.24641261
556.82985545 472.62486202
552.79306176 461.52367937
545.39227332 402.31737188
533.95469120 312.49871222
531.36862024 660.33576873
540.78780552 673.79174770
654.59595269 567.48951380
672.08872536 572.87190539
668.72473062 582.29109067
688.23590013 583.63668857
704.38307490 574.21750329
678.14391590 547.97834428
712.45666229 552.68793693
723.89424442 579.59989488
734.65902760 568.16231275
750.13340342 562.10712221
739.36862024 548.65114323
755.51579501 534.52236531
775.69976347 515.01119580
749.46060447 504.91921156
765.60777924 488.77203679
746.09660972 492.13603154
748.78780552 475.31605782
787.81014455 570.85350854
762.91658344 587.67348226
778.39095926 560.76152431
771.66296978 537.88636005
797.90212878 562.77992116
820.77729304 556.05193167
820.77729304 582.96388962
820.77729304 535.19516426
797.90212878 521.06638633
794.53813403 504.91921156
783.10055191 502.22801577
792.51973719 482.71684625
793.19253614 469.93366623
800.59332457 451.76809461
816.06770039 500.20961892
538.20173456 759.91001314
762.91658344 464.55127464
775.02696452 457.15048620
758.20699080 447.05850197
764.93498029 428.89293035
739.36862024 427.54733246
746.09660972 415.43695138
770.99017083 402.65377135
771.66296978 416.10975033
788.48294350 413.41855453
789.82854139 429.56572930
805.30291721 420.81934297
808.66691196 407.36336399
821.45009198 432.25692510
828.17808147 416.78254928
815.39490145 391.88898817
796.55653088 384.48819974
739.36862024 375.06901445
738.02302234 389.19779238
735.72078844 348.82985545
739.42118265 338.73787122
741.77597898 350.51185283
746.48557162 357.57624179
738.07558476 367.33182654
638.16494087 295.00593955
651.95731932 297.36073587
660.36730618 288.95074901
666.42249671 299.04273325
671.46848883 292.65114323
687.27926413 299.71553219
717.21881735 291.30554534
728.65639947 304.42512484
737.73918528 295.00593955
757.25035480 296.35153745
756.24115637 306.44352168
753.21356110 313.50791064
756.91395532 322.25429698
769.69713535 323.59989488
771.37913272 349.50265440
780.46191853 330.66428384
805.69187911 328.98228647
805.35547963 319.22670171
826.88504599 325.61829172
820.15705650 310.48031537
803.67348226 309.80751643
817.80226018 296.68793693
796.60909330 297.02433640
785.50791064 296.35153745
802.32788436 287.94155059
773.39752957 299.71553219
786.18070959 315.52630749
792.23590013 326.96388962
778.44352168 320.23590013
800.30948752 361.27663601
797.61829172 339.74706965
815.11106439 371.03222076
826.21224704 347.14785808
830.92183968 399.28977661
821.83905388 454.45929041
703.09003942 306.10712221
700.73524310 296.68793693
776.42512484 388.52499343
758.25955322 382.80620237
772.05193167 375.06901445
775.75232589 360.94023653
787.86270696 353.20304862
794.92709593 371.36862024
647.92052562 361.94943495
652.96651774 357.57624179
659.35810775 375.74181340
666.08609724 365.64982917
6.76415243 304.76152431
19.88373193 279.53156373
16.18333771 265.73918528
14.83773982 354.21224704
3.40015769 368.67742444
27.62091984 356.90344284
34.68530880 342.10186597
48.47768725 349.50265440
52.85088042 365.98622865
59.57886991 347.48425756
56.88767411 340.08346912
45.45009198 329.99148489
55.20567674 328.64588699
56.88767411 317.88110381
42.75889619 311.48951380
51.84168200 306.10712221
60.92446781 309.80751643
58.90607096 298.36993430
44.77729304 294.33314060
34.34890933 291.97834428
43.09529566 281.21356110
52.17808147 288.95074901
31.32131406 281.54996058
34.01250986 272.13077530
62.94286465 269.10318003
66.97965834 288.95074901
70.34365309 283.23195795
74.04404731 278.85876478
84.47243101 284.57755585
81.78123522 298.36993430
85.81802891 293.99674113
90.52762155 296.68793693
97.59201051 298.03353482
85.14522996 306.77992116
77.40804205 317.54470434
83.79963206 321.24509855
88.84562418 313.84431012
97.92840999 334.02827858
89.85482260 342.10186597
84.13603154 333.35547963
73.70764783 338.40147175
78.75363995 348.82985545
76.73524310 362.62223390
96.91921156 363.63143233
93.89161629 358.24904074
108.02039422 356.23064389
103.98360053 346.81145861
107.01119580 363.29503285
122.14917214 353.53944809
123.15837057 342.43826544
118.78517740 367.33182654
131.56835742 337.72867280
133.58675427 324.94549277
136.27795007 322.92709593
118.11237845 319.89950066
110.03879106 311.15311432
114.07558476 306.10712221
113.06638633 295.34233903
100.95600526 284.24115637
129.21356110 297.36073587
123.15837057 282.89555848
142.33314060 281.21356110
139.64194481 272.46717477
111.04798949 274.48557162
105.32919842 269.10318003
91.20042050 270.11237845
82.45403417 266.41198423
110.37519054 338.40147175
145.36073587 310.48031537
147.71553219 299.71553219
168.57229961 290.63274639
150.40672799 285.58675427
160.83511170 282.89555848
158.48031537 274.14917214
148.05193167 270.44877792
188.41986859 277.51316689
177.99148489 293.32394218
177.99148489 266.74838371
198.17545335 298.36993430
199.52105125 307.45272011
205.23984231 288.95074901
204.56704336 318.89030223
184.71947438 326.62749014
192.79306176 329.65508541
203.22144547 328.98228647
183.37387648 342.77466491
196.49345598 342.77466491
170.59069645 345.80226018
168.90869908 339.41067017
149.06113009 342.10186597
154.10712221 334.02827858
163.52630749 329.31868594
165.54470434 318.55390276
157.80751643 302.40672799
140.31474376 352.86664915
151.41592641 363.29503285
221.43957950 338.06507227
212.02039422 335.71027595
231.19516426 334.70107753
230.85876478 324.27269382
221.10318003 315.18990802
220.76678055 305.77072273
225.13997372 288.95074901
232.20436268 278.18596583
224.46717477 271.79437582
209.32919842 270.11237845
207.64720105 278.85876478
236.57755585 298.70633377
237.25035480 317.54470434
243.64194481 289.95994744
251.71553219 277.51316689
255.41592641 269.10318003
255.07952694 299.04273325
264.83511170 291.64194481
273.58149803 292.31474376
253.73392904 324.60909330
248.01513798 344.79306176
236.24115637 341.76546649
275.59989488 346.47505913
278.62749014 333.35547963
272.23590013 329.65508541
298.81145861 344.45666229
314.62223390 344.45666229
334.13340342 345.12946124
321.35022339 338.06507227
323.70501971 324.60909330
296.79306176 323.59989488
302.17545335 336.38307490
284.00988173 318.21750329
278.29109067 306.10712221
294.77466491 305.43432326
283.67348226 272.13077530
298.81145861 283.56835742
303.52105125 292.65114323
306.54864652 312.16231275
315.63143233 299.71553219
325.38701708 309.47111695
334.80620237 299.71553219
338.84299606 312.83511170
329.76021025 290.63274639
337.49739816 290.63274639
300.82985545 270.44877792
305.53944809 270.44877792
316.64063075 282.89555848
319.33182654 271.12157687
339.85219448 269.10318003
342.87978975 319.89950066
354.99017083 310.48031537
359.02696452 301.73392904
349.60777924 281.54996058
375.17413929 271.45797635
378.53813403 296.35153745
397.37650460 303.75232589
392.66691196 298.36993430
416.21487516 318.55390276
418.90607096 292.98754271
431.01645204 301.06113009
436.39884363 321.24509855
436.39884363 272.80357424
436.39884363 282.89555848
412.17808147 272.80357424
394.01250986 272.13077530
379.21093298 260.69319317
400.74049934 258.67479632
392.66691196 251.94680683
396.03090670 243.20042050
398.04930355 232.43563732
409.48688568 246.56441524
409.48688568 254.63800263
426.97965834 245.89161629
426.30685940 231.09003942
411.50528252 225.70764783
420.25166886 214.27006570
425.63406045 206.86927727
442.45403417 210.90607096
442.45403417 229.07164258
444.47243101 255.31080158
425.63406045 262.71159001
439.76283837 270.11237845
387.28452037 316.53550591
380.89293035 233.44483574
396.70370565 221.67085414
386.94812089 208.21487516
383.92052562 185.33971091
388.29371879 178.61172142
389.30291721 155.73655716
405.11369251 150.69056505
411.50528252 156.07295664
404.44089356 172.22013141
417.89687254 162.46454665
416.55127464 180.63011827
415.20567674 194.75889619
427.31605782 171.54733246
447.83642576 163.81014455
440.77203679 180.96651774
434.04404731 194.42249671
440.77203679 151.36336399
461.96520368 172.55653088
461.29240473 183.32131406
477.43957950 182.98491459
474.74838371 192.74049934
486.18596583 208.55127464
480.46717477 215.61566360
464.32000000 210.23327201
449.51842313 198.12289093
452.88241787 192.40409987
454.22801577 222.68005256
468.69319317 226.04404731
457.92840999 240.17282523
461.62880420 249.25561104
457.25561104 252.95600526
472.72998686 247.23721419
480.46717477 256.65639947
477.77597898 281.21356110
471.04798949 268.09398160
493.92315375 270.78517740
496.95074901 259.34759527
480.80357424 236.13603154
452.20961892 285.92315375
455.57361367 293.66034166
455.23721419 300.38833114
449.18202365 306.44352168
448.17282523 316.53550591
463.98360053 309.47111695
472.72998686 303.75232589
481.81277267 296.68793693
496.27795007 208.21487516
491.23195795 225.37124836
490.55915900 235.12683311
491.90475690 190.38570302
486.18596583 175.58412615
486.18596583 167.84693824
484.16756899 157.08215506
472.05718791 149.34496715
472.39358739 142.95337714
461.96520368 161.11894875
455.57361367 143.62617608
460.28320631 136.22538765
486.52236531 129.49739816
495.26875164 134.20699080
489.21356110 114.02302234
474.41198423 118.39621551
473.06638633 113.01382392
452.88241787 118.05981603
445.14522996 113.01382392
440.43563732 130.84299606
424.96126150 112.67742444
411.50528252 120.75101183
413.18727989 112.34102497
397.04010512 112.34102497
390.64851511 119.74181340
378.53813403 134.87978975
375.17413929 142.95337714
396.36730618 137.23458607
393.00331143 130.17019711
401.74969777 139.58938239
330.43300920 175.92052562
343.21618922 170.53813403
496.95074901 285.25035480
519.82591327 295.34233903
513.09792378 302.07032852
513.77072273 317.54470434
517.47111695 278.52236531
511.07952694 261.70239159
499.64194481 247.23721419
509.39752957 223.01645204
514.77992116 232.09923784
521.50791064 215.27926413
516.46191853 206.19647832
512.08872536 203.16888305
498.96914586 202.15968463
501.99674113 186.34890933
516.46191853 194.75889619
522.18070959 191.05850197
526.21750329 183.65771353
520.16231275 179.62091984
532.60909330 175.58412615
538.32788436 182.64851511
538.66428384 196.10449409
541.35547963 203.84168200
537.31868594 217.97045992
538.66428384 225.70764783
535.63668857 231.42643890
530.92709593 249.59201051
522.85350854 257.66559790
529.58149803 265.06638633
534.96388962 274.48557162
538.66428384 286.59595269
542.70107753 299.37913272
546.73787122 285.92315375
551.11106439 306.77992116
563.55784494 299.04273325
568.94023653 285.58675427
561.53944809 272.46717477
571.29503285 280.87716163
587.44220762 277.17676741
587.44220762 292.31474376
593.49739816 300.38833114
607.96257556 286.93235217
614.69056505 276.84036794
627.47374507 287.60515112
640.25692510 276.50396846
646.64851511 267.75758213
653.71290407 264.39358739
624.44614980 267.75758213
616.03616294 264.39358739
607.96257556 262.37519054
590.46980289 255.98360053
580.71421813 252.95600526
563.55784494 256.32000000
546.73787122 249.25561104
553.12946124 231.09003942
562.88504599 238.15442838
568.26743758 225.70764783
552.12026281 222.00725361
562.54864652 217.97045992
554.81145861 211.24247043
570.62223390 187.35810775
576.00462549 193.74969777
576.00462549 200.81408673
578.35942181 216.96126150
578.69582129 229.74444152
588.45140604 223.35285151
598.87978975 215.61566360
606.95337714 219.98885677
611.66296978 206.19647832
589.79700394 203.84168200
598.20699080 196.10449409
595.51579501 181.30291721
582.39621551 174.23852825
601.23458607 172.89293035
609.30817346 176.92972405
617.38176084 184.33051248
614.01776610 193.07689882
617.71816032 199.80488830
632.18333771 205.86007884
625.11894875 218.30685940
619.06375821 225.70764783
621.41855453 238.49082786
637.22932983 229.74444152
644.63011827 239.16362681
647.65771353 249.59201051
635.54733246 254.30160315
632.18333771 248.58281209
625.79174770 253.62880420
602.24378449 246.56441524
651.02170828 228.73524310
643.62091984 222.00725361
636.89293035 217.29766097
649.00331143 205.86007884
642.61172142 201.15048620
642.61172142 186.01250986
638.91132720 180.29371879
670.86927727 272.13077530
679.61566360 261.70239159
665.15048620 248.58281209
674.23327201 234.11763469
673.89687254 226.38044678
669.18727989 220.32525624
695.42643890 220.99805519
702.82722733 227.05324573
711.23721419 209.89687254
676.25166886 207.87847569
688.69844941 248.91921156
694.75363995 262.03879106
695.76283837 279.19516426
713.92840999 267.42118265
722.33839685 280.54076216
727.72078844 273.47637319
711.57361367 253.29240473
725.02959264 245.89161629
726.37519054 263.04798949
735.79437582 245.21881735
748.91395532 257.32919842
745.88636005 282.89555848
759.34233903 285.92315375
780.53550591 279.19516426
770.10712221 262.71159001
767.75232589 253.96520368
787.93629435 269.10318003
793.65508541 253.96520368
802.40147175 255.98360053
801.05587385 271.12157687
773.80751643 241.18202365
760.01513798 232.43563732
784.57229961 232.09923784
797.35547963 232.77203679
792.64588699 224.02565046
783.89950066 212.58806833
765.39752957 215.61566360
772.12551905 207.87847569
754.29634691 212.92446781
760.01513798 206.86927727
746.89555848 200.81408673
736.80357424 193.41329829
719.31080158 191.39490145
700.13603154 192.74049934
683.31605782 193.74969777
679.27926413 181.63931669
664.14128778 189.37650460
661.78649146 174.57492773
653.04010512 165.15574244
641.60252300 165.15574244
624.44614980 176.92972405
719.64720105 174.91132720
731.08478318 168.85613666
742.18596583 175.24772668
750.25955322 163.47374507
763.71553219 188.03090670
773.13471748 193.74969777
793.65508541 183.32131406
801.72867280 213.26086728
804.41986859 188.36730618
798.36467806 170.20173456
798.02827858 164.81934297
770.44352168 165.15574244
767.07952694 176.92972405
611.66296978 163.81014455
821.16625493 284.91395532
829.91264126 277.17676741
822.17545335 262.71159001
813.76546649 259.68399474
817.12946124 254.63800263
809.05587385 266.41198423
824.19385020 242.86402102
814.10186597 241.51842313
823.52105125 230.08084100
830.92183968 222.34365309
830.24904074 205.18727989
811.07427070 204.85088042
812.08346912 226.04404731
817.80226018 196.44089356
818.81145861 180.96651774
810.06507227 157.75495401
799.30028909 158.42775296
797.28189225 156.07295664
780.79831800 155.06375821
776.76152431 150.01776610
793.58149803 143.28977661
816.12026281 144.29897503
825.20304862 179.95731932
830.58544021 162.80094612
702.41724047 166.50134034
685.26086728 159.43695138
681.89687254 156.40935611
668.10449409 162.46454665
676.85088042 169.52893561
676.85088042 145.30817346
705.10843627 155.06375821
711.50002628 147.66296978
696.02565046 145.30817346
728.99279895 153.04536137
734.37519054 158.09135348
747.15837057 154.39095926
748.16756899 142.61697766
823.46848883 341.76546649
752.15180026 407.69976347
627.01119580 458.15968463
581.26086728 382.13340342
540.89293035 262.37519054
550.98491459 166.16494087
511.28977661 154.72735874
507.25298292 170.20173456
526.76415243 164.81934297
528.78254928 156.74575558
548.96651774 175.58412615
565.11369251 162.80094612
585.97045992 162.12814717
591.35285151 155.40015769
633.73918528 159.43695138
619.61040736 159.43695138
604.80883049 159.43695138
381.67085414 81.89687254
386.38044678 88.62486202
384.02565046 102.75363995
393.10843627 101.40804205
396.47243101 97.37124836
400.84562418 79.87847569
404.88241787 73.48688568
384.69844941 57.00331143
399.16362681 55.32131406
375.61566360 55.32131406
385.03484888 46.23852825
389.40804205 40.85613666
379.31605782 31.10055191
398.49082786 26.39095926
420.69319317 25.71816032
415.64720105 26.05455979
412.95600526 34.46454665
407.23721419 43.88373193
411.27400788 52.29371879
396.13603154 49.93892247
422.71159001 45.56572930
428.43038108 58.01250986
427.08478318 38.83773982
437.84956636 30.09135348
445.25035480 27.40015769
452.98754271 28.74575558
446.59595269 40.51973719
463.07952694 25.71816032
440.20436268 55.99411301
437.17676741 65.74969777
447.94155059 61.37650460
455.00593955 67.09529566
413.62880420 63.73130092
420.35679369 72.14128778
420.35679369 73.48688568
420.35679369 79.87847569
423.72078844 94.00725361
425.06638633 105.44483574
438.18596583 102.08084100
443.90475690 89.29766097
439.86796321 89.29766097
450.63274639 94.68005256
464.76152431 96.69844941
464.42512484 103.76283837
460.05193167 84.58806833
443.90475690 83.24247043
468.79831800 81.22407359
471.82591327 88.62486202
481.24509855 76.17808147
486.29109067 85.26086728
458.70633377 55.65771353
461.39752957 61.04010512
473.17151117 61.04010512
466.44352168 47.24772668
466.10712221 39.84693824
477.54470434 35.13734560
495.37387648 44.55653088
482.92709593 41.52893561
484.60909330 30.42775296
504.45666229 25.04536137
508.82985545 30.42775296
476.87190539 49.26612352
483.26349540 53.30291721
501.42906702 67.76809461
485.61829172 67.09529566
489.65508541 62.38570302
505.80226018 63.39490145
494.70107753 82.23327201
490.32788436 90.97965834
507.14785808 89.63406045
496.04667543 101.40804205
502.77466491 112.84562418
504.12026281 120.91921156
506.47505913 107.46323259
509.50265440 136.05718791
419.01119580 139.75758213
555.35810775 140.76678055
536.85613666 129.66559790
526.09135348 132.35679369
522.05455979 140.43038108
520.37256242 123.27400788
535.17413929 113.51842313
533.49214192 106.45403417
530.80094612 102.75363995
542.57492773 103.42643890
545.93892247 102.41724047
546.27532194 98.71684625
549.97571616 114.86402102
549.30291721 121.92840999
571.50528252 117.89161629
564.77729304 132.02039422
570.83248357 137.73918528
565.11369251 152.87716163
579.91526938 144.80357424
602.45403417 145.13997372
600.77203679 131.01119580
590.00725361 142.44877792
612.54601840 133.36599212
634.07558476 141.43957950
622.63800263 123.27400788
637.77597898 120.58281209
649.54996058 124.28320631
646.18596583 139.75758213
639.79437582 110.49082786
628.35679369 102.41724047
622.63800263 97.37124836
620.95600526 110.82722733
597.40804205 98.71684625
590.34365309 111.16362681
600.43563732 120.24641261
583.61566360 123.94680683
585.63406045 102.75363995
592.36204993 91.98885677
605.81802891 87.27926413
589.67085414 80.55127464
576.88767411 86.60646518
568.47768725 101.74444152
566.45929041 94.00725361
558.38570302 87.27926413
541.22932983 86.94286465
537.52893561 61.71290407
547.62091984 58.68530880
515.66296978 66.75889619
509.27137976 52.63011827
531.81014455 43.21093298
532.14654402 25.71816032
540.55653088 37.49214192
548.96651774 30.09135348
549.30291721 48.25692510
514.99017083 95.68925099
533.15574244 92.32525624
554.68530880 73.15048620
558.04930355 65.07689882
542.91132720 72.81408673
568.81408673 46.91132720
563.76809461 33.45534823
575.20567674 30.76415243
582.27006570 34.80094612
587.31605782 27.73655716
582.27006570 44.22013141
574.53287779 52.63011827
572.85088042 70.45929041
573.52367937 64.06770039
583.61566360 63.05850197
569.48688568 61.37650460
601.78123522 77.52367937
602.11763469 60.03090670
597.07164258 48.92972405
606.82722733 45.56572930
596.39884363 36.48294350
591.68925099 35.13734560
607.50002628 30.76415243
615.23721419 37.49214192
616.58281209 43.54733246
618.93760841 35.47374507
623.64720105 27.73655716
639.45797635 25.38176084
639.79437582 35.47374507
643.49477004 42.20173456
640.46717477 50.61172142
625.66559790 54.98491459
623.98360053 52.96651774
618.93760841 62.72210250
612.88241787 76.51448095
628.69319317 78.53287779
636.43038108 76.17808147
640.80357424 89.63406045
625.32919842 90.64325887
650.22275953 140.93498029
665.02433640 135.88898817
667.37913272 123.10580815
657.62354796 98.54864652
656.61434954 88.45666229
649.88636005 78.36467806
650.89555848 74.32788436
659.97834428 57.50791064
659.97834428 48.76152431
672.76152431 52.12551905
680.16231275 57.17151117
673.43432326 72.98228647
664.68793693 79.03747700
670.74312746 89.80226018
669.06113009 98.88504599
677.13471748 104.26743758
685.20830486 106.28583443
689.58149803 97.53944809
697.31868594 84.75626807
697.31868594 100.56704336
705.39227332 93.50265440
705.72867280 103.93103811
706.40147175 109.98622865
716.82985545 96.86664915
709.42906702 86.77466491
704.71947438 77.69187911
705.39227332 73.65508541
707.07427070 61.20830486
705.72867280 50.44352168
693.28189225 47.07952694
694.29109067 40.35153745
690.25429698 37.99674113
663.67873850 37.66034166
722.54864652 53.13471748
718.17545335 67.26349540
736.00462549 49.09792378
734.65902760 62.55390276
737.68662286 64.23590013
749.46060447 36.98754271
744.75101183 35.64194481
757.19779238 43.71553219
763.92578187 47.75232589
752.48819974 57.50791064
758.54339028 56.16231275
752.48819974 65.91789750
752.48819974 76.34628121
745.76021025 76.34628121
746.76940867 88.45666229
739.03222076 97.20304862
730.95863338 87.11106439
729.61303548 76.68268068
727.59463863 109.98622865
752.82459921 117.38701708
748.45140604 110.32262812
750.80620237 101.91264126
754.50659658 95.52105125
764.59858081 89.12946124
715.82065703 122.76940867
714.13865966 135.21618922
726.58544021 128.15180026
724.56704336 136.56178712
685.54470434 121.76021025
690.59069645 127.14260184
735.66822602 146.65377135
737.35022339 230.75363995
739.03222076 222.00725361
758.54339028 248.24641261
744.80357424 122.93760841
764.31474376 128.32000000
778.44352168 124.28320631
782.48031537 136.72998686
789.54470434 124.95600526
804.00988173 139.08478318
807.03747700 126.97440210
793.58149803 112.84562418
781.47111695 114.19122208
769.02433640 112.50922470
767.00593955 96.69844941
791.89950066 96.69844941
785.50791064 93.67085414
787.18990802 84.25166886
794.59069645 74.49608410
797.95469120 70.45929041
788.87190539 71.46848883
768.68793693 65.74969777
776.42512484 54.31211564
757.58675427 30.09135348
778.44352168 24.70896189
761.28714849 23.36336399
745.81277267 25.71816032
725.62880420 22.35416557
801.31868594 30.42775296
815.11106439 25.71816032
812.41986859 36.81934297
819.14785808 40.18333771
825.53944809 37.49214192
800.64588699 49.60252300
821.16625493 56.33051248
806.02827858 68.77729304
812.41986859 85.26086728
802.32788436 87.95206307
807.37387648 96.69844941
813.42906702 112.17282523
817.80226018 101.74444152
831.25823916 103.09003942
787.52630749 35.47374507
792.90869908 37.49214192
62.99542707 15.45797635
60.30423127 26.22275953
52.90344284 14.78517740
34.73787122 15.45797635
41.46586071 23.53156373
41.46586071 7.38438896
36.08346912 5.36599212
4.46191853 24.87716163
9.84431012 7.38438896
25.99148489 20.84036794
76.45140604 12.76678055
75.10580815 3.34759527
67.03222076 3.34759527
53.57624179 2.67479632
89.23458607 12.09398160
95.96257556 12.76678055
110.09135348 6.71159001
104.03616294 15.45797635
120.85613666 8.05718791
134.31211564 16.13077530
136.33051248 8.05718791
130.27532194 12.76678055
114.80094612 15.45797635
153.82328515 13.43957950
148.44089356 10.74838371
143.73130092 6.03879106
153.82328515 4.02039422
164.58806833 6.71159001
167.95206307 18.82197109
180.73524310 16.13077530
182.75363995 8.72998686
178.71684625 6.71159001
171.98885677 3.34759527
186.11763469 3.34759527
196.20961892 4.02039422
204.28320631 14.78517740
206.97440210 10.07558476
219.75758213 13.43957950
242.63274639 10.07558476
250.03353482 10.07558476
250.03353482 21.51316689
273.58149803 10.74838371
270.21750329 20.16756899
289.05587385 14.11237845
297.80226018 8.05718791
288.38307490 4.02039422
326.05981603 14.11237845
346.24378449 14.11237845
334.13340342 3.34759527
320.00462549 4.02039422
354.31737188 6.71159001
359.02696452 16.13077530
372.48294350 21.51316689
375.17413929 6.71159001
380.55653088 10.74838371
388.63011827 6.71159001
393.33971091 12.76678055
403.43169514 4.02039422
458.03353482 7.38438896
474.85350854 10.74838371
446.59595269 3.34759527
435.15837057 2.67479632
417.66559790 6.03879106
431.79437582 12.09398160
483.59989488 5.36599212
490.32788436 10.74838371
502.43826544 9.40278581
517.23984231 14.11237845
519.93103811 4.02039422
525.31342970 12.76678055
536.75101183 16.80357424
530.69582129 7.38438896
538.76940867 5.36599212
550.87978975 10.07558476
564.33576873 5.36599212
577.79174770 9.40278581
588.55653088 15.45797635
594.61172142 6.71159001
604.03090670 16.13077530
610.08609724 8.72998686
620.85088042 14.78517740
628.25166886 5.36599212
644.39884363 12.76678055
642.38044678 4.69319317
659.20042050 6.71159001
659.87321945 16.13077530
663.91001314 26.89555848
671.31080158 19.49477004
678.03879106 10.07558476
682.74838371 12.76678055
692.16756899 13.43957950
704.27795007 6.71159001
719.75232589 6.71159001
724.46191853 14.11237845
731.18990802 8.05718791
756.75626807 4.69319317
768.19385020 9.40278581
783.77335085 9.40278581
781.08215506 2.67479632
795.88373193 4.02039422
791.17413929 17.47637319
804.63011827 20.16756899
808.66691196 10.07558476
820.10449409 12.09398160
