117.09424736 636.46985757
81.76064701 648.65385769
82.36984701 615.75705737
11.09344631 662.05625782
31.19704651 502.44585624
93.94464713 560.92905682
133.54264752 567.02105688
181.66944800 590.77985712
200.55464818 665.10225785
252.94584870 626.72265747
304.72784921 644.38945765
364.42944981 653.52745774
353.46384970 609.66505731
390.01585006 590.17065711
436.31505052 582.25105703
275.48624893 596.26265717
313.86584931 559.71065681
223.09504841 540.82545662
193.85344812 529.25065651
195.68104814 500.61825623
128.66904747 520.11265642
146.94504765 482.95145605
77.49624696 473.81345596
59.82944679 444.57185567
35.46144655 444.57185567
9.26584629 439.08905562
61.65704681 421.42225544
5.00144625 370.24945493
17.79464637 353.80105477
47.03624666 333.69745457
15.96704636 320.29505444
14.13944634 265.46705390
29.36944649 270.34065394
32.41544652 253.28305378
51.90984671 237.44385362
52.51904672 216.12185341
39.11664658 201.50105326
19.01304639 214.90345340
11.70264631 198.45505323
38.50744658 188.70785314
31.80624651 174.69625300
31.80624651 161.90305287
56.17424675 180.17905305
84.19744703 192.97225318
102.47344721 204.54705329
112.82984731 190.53545315
93.33544712 253.89225378
87.24344706 273.99585398
118.31264737 271.55905396
116.48504735 253.89225378
82.36984701 311.15705435
98.20904717 320.29505444
115.87584734 342.22625466
131.71504750 328.21465452
136.58864755 301.40985425
178.62344797 319.07665443
181.06024799 367.20345490
145.72664764 395.22665518
115.26664734 411.67505534
143.89904762 436.65225559
187.15224805 419.59465542
244.41704862 406.19225529
307.16464924 408.01985531
337.62464954 435.43385558
305.94624923 462.23865585
308.99224926 503.66425626
342.49824959 500.61825623
388.79745005 522.54945644
393.06185009 493.91705616
435.09665051 545.69905667
461.29225077 499.39985621
417.42985033 447.61785570
438.14265054 431.16945554
358.33744975 419.59465542
281.57824899 356.23785480
318.73944935 309.93865434
278.53224896 308.72025432
222.48584840 335.52505459
240.15264858 282.52465407
268.78504886 289.22585413
233.45144851 260.59345385
161.56584780 253.28305378
132.93344751 236.83465361
156.08304774 230.13345355
174.35904792 216.12185341
158.51984777 211.24825336
148.77264767 203.93785329
152.42784771 182.00665307
169.48544788 169.82265295
174.96824793 149.71905275
171.92224790 133.87985259
180.45104798 121.69585247
156.69224775 112.55785238
165.22104783 104.63825230
193.24424811 104.02905230
206.64664824 109.51185235
205.42824823 141.79945267
224.31344842 149.71905275
221.87664839 161.90305287
217.00304835 177.13305302
221.26744839 201.50105326
227.96864845 201.50105326
220.65824838 224.65065349
252.94584870 193.58145318
277.92304895 223.43225348
288.27944905 237.44385362
301.68184918 235.61625360
293.76224911 223.43225348
260.25624877 177.13305302
134.15184753 165.55825291
93.33544712 166.77665292
64.09384683 141.19025267
103.69184722 141.79945267
122.57704741 133.87985259
131.71504750 118.04065244
100.64584719 107.07505233
76.27784695 114.38545240
63.48464683 110.12105236
40.94424660 130.83385256
33.02464652 119.25905245
20.23144640 110.73025236
12.31184632 119.86825245
8.04744628 106.46585232
80.54224699 163.73065289
231.62384849 380.60585504
378.44104994 279.47865404
342.49824959 278.26025402
346.76264963 237.44385362
366.25704982 240.48985365
370.52144987 225.86905350
330.31424947 213.07585338
305.33704922 177.74225303
308.38304925 158.24785283
324.22224941 155.20185280
284.62424902 139.97185265
270.00344887 129.00625255
266.34824883 116.21305242
241.98024859 119.86825245
245.02624862 105.85665232
230.40544848 102.20145228
274.87704892 102.81065229
288.27944905 119.25905245
301.68184918 138.14425264
319.34864936 133.27065259
330.92344947 122.91425248
326.04984943 107.07505233
300.46344917 107.68425233
348.59024965 155.20185280
349.80864966 166.16745291
377.22264993 180.17905305
384.53305001 145.45465271
370.52144987 143.62705269
363.82024980 133.27065259
369.91224986 114.38545240
377.22264993 104.02905230
389.40665005 107.68425233
403.41825019 127.78785253
393.67105010 116.82225242
417.42985033 135.70745261
425.95865042 166.16745291
407.68265023 196.62745321
406.46425022 214.90345340
419.86665036 226.47825351
396.10785012 248.40945373
436.31505052 220.99545346
441.79785057 197.23665322
467.99345083 204.54705329
477.74065093 217.94945343
471.64865087 238.66225363
432.05065048 265.46705390
440.57945056 277.04185401
430.22305046 294.70865419
441.18865057 311.76625436
463.11985078 349.53665473
486.87865102 344.05385467
434.48745050 362.93905486
408.29185024 396.44505519
433.87825049 391.57145515
460.68305076 397.05425520
493.57985109 429.34185552
498.45345113 384.87025508
492.97065108 453.10065575
546.58025161 440.91665563
594.09785208 656.57345777
559.98265174 640.73425761
552.67225167 614.53865735
587.39665201 596.87185718
567.29305182 580.42345702
502.71785118 561.53825683
524.64905139 544.48065666
505.15465120 533.51505655
608.71865223 523.76785645
633.69585247 539.60705661
628.21305242 661.44705782
809.75465422 666.92985787
783.55905396 640.73425761
801.22585413 613.32025734
748.83465361 580.42345702
726.90345340 565.80265687
735.43225348 539.60705661
740.91505353 507.31945629
773.20265385 510.36545632
791.47865404 520.11265642
814.62825426 537.77945659
856.66305468 537.77945659
881.64025493 556.66465678
886.51385498 613.32025734
862.14585474 489.65265612
868.84705480 467.72145590
867.62865479 443.35345566
900.52545512 434.82465557
882.24945493 409.84745533
909.05425520 411.06585534
920.01985531 511.58385633
909.05425520 457.36505580
846.30665458 411.67505534
814.62825426 429.34185552
807.92705420 407.41065530
773.20265385 403.14625526
793.30625405 379.38745502
664.15585277 490.26185612
640.39705254 481.73305604
609.93705224 477.46865600
629.43145243 453.10065575
665.37425279 456.75585579
681.82265295 415.93945539
704.36305317 413.50265536
714.11025327 428.12345551
772.59345385 511.58385633
616.63825230 412.89345536
603.23585217 389.74385513
548.40785163 415.33025538
536.22385151 360.50225484
517.94785133 319.07665443
506.37305121 306.28345430
492.97065108 305.67425429
496.62585112 287.39825411
504.54545119 261.81185386
531.35025146 235.00705359
552.06305166 209.42065334
527.08585142 292.27185416
572.16665186 249.01865373
578.86785193 269.73145394
594.09785208 269.73145394
608.10945222 256.32905381
613.59225227 278.26025402
595.92545210 294.70865419
589.22425203 322.12265446
601.40825215 366.59425490
610.54625224 348.31825472
667.20185280 381.21505504
671.46625285 353.80105477
654.40865268 328.21465452
650.14425264 294.70865419
637.35105251 308.72025432
642.83385256 264.24865388
644.05225258 242.92665367
682.43185296 289.83505414
673.90305287 309.32945433
679.38585293 327.60545451
699.48945312 356.23785480
706.79985320 320.29505444
726.29425339 312.37545436
749.44385362 325.16865449
773.81185386 334.30665458
775.03025387 369.03105492
833.51345445 349.53665473
871.89305483 360.50225484
899.91625511 353.19185477
924.28425535 344.05385467
916.97385528 315.42145439
883.46785495 330.65145454
834.73185446 308.72025432
468.60265084 179.56985305
471.64865087 163.73065289
467.38425083 153.37425279
446.06225061 136.92585262
435.70585051 119.86825245
445.45305061 101.59225227
458.85545074 107.68425233
461.29225077 120.47745246
474.08545089 139.36265265
491.14305106 127.78785253
490.53385106 116.82225242
495.40745110 107.68425233
483.83265099 105.24745231
518.55705133 112.55785238
524.03985139 139.97185265
538.05145153 114.38545240
531.35025146 100.98305227
553.89065168 111.94865238
566.68385181 106.46585232
574.60345189 145.45465271
588.00585202 139.97185265
598.36225212 147.28225273
595.92545210 174.08705299
589.22425203 160.68465286
563.63785178 177.13305302
549.01705163 171.65025297
540.48825155 160.07545285
545.97105160 144.84545270
526.47665141 180.17905305
514.90185130 172.86865298
497.84425113 175.30545300
485.05105100 193.58145318
631.25905245 202.11025327
647.70745261 192.97225318
644.05225258 178.35145303
656.23625270 152.15585277
670.85705284 161.29385286
630.64985244 144.23625270
633.69585247 133.27065259
622.12105236 127.78785253
616.02905230 117.43145243
595.31625209 113.77625239
619.07505233 104.02905230
637.96025252 104.02905230
665.37425279 125.96025252
681.82265295 130.83385256
695.83425309 146.67305272
698.88025312 160.07545285
714.11025327 169.21345294
722.63905335 183.22505308
732.99545346 196.01825321
759.19105372 219.16785344
771.37505384 186.27105311
747.00705359 235.61625360
726.29425339 243.53585368
693.39745306 223.43225348
681.82265295 208.20225333
673.90305287 217.94945343
690.96065304 248.40945373
699.48945312 282.52465407
754.31745367 291.66265416
789.04185401 279.47865404
759.19105372 258.76585383
787.21425399 261.81185386
811.58225423 267.29465391
824.37545436 245.36345370
853.00785464 227.69665352
809.14545421 202.71945328
523.43065138 124.74185250
867.62865479 316.63985440
891.99665503 305.67425429
913.92785525 289.22585413
912.70945524 250.84625375
902.96225514 234.39785359
882.24945493 245.97265370
866.41025478 204.54705329
895.65185507 191.14465316
895.65185507 164.33985290
916.97385528 174.08705299
909.05425520 158.24785283
889.55985501 133.27065259
906.61745518 114.99465241
892.60585504 114.99465241
876.15745487 125.35105251
856.66305468 125.35105251
842.65145454 133.27065259
837.16865449 124.74185250
831.68585443 147.28225273
868.84705480 149.71905275
845.69745457 188.09865313
826.20305438 177.13305302
796.96145409 177.13305302
809.75465422 158.24785283
794.52465407 150.32825276
764.06465376 158.24785283
743.96105356 134.48905260
723.85745337 128.39705254
715.93785329 116.82225242
695.83425309 108.29345234
676.94905290 105.85665232
776.24865388 124.74185250
781.73145394 110.73025236
820.72025432 113.77625239
767.71985380 127.17865253
730.55865343 169.21345294
296.96054914 72.50295199
262.84534880 60.31895186
278.37994895 59.70975186
300.00654917 62.45115189
302.44334919 57.27295183
326.20214943 81.03175207
349.65634966 65.49715192
366.40934983 68.23855194
378.59334995 77.37655203
394.43255010 78.89955205
361.53574978 88.95135215
423.97875040 73.72135200
410.88095027 72.19835198
431.28915047 58.79595185
420.93275037 55.44535182
459.61695075 63.66955190
471.80095087 85.90535212
466.01355081 74.63515201
494.03675109 69.15235195
487.64015103 60.92815187
503.17475118 67.93395194
512.61735127 88.34215214
522.36455137 87.42835213
141.30994760 95.34795221
153.79854772 93.21575219
157.45374776 67.02015193
131.86734750 80.42255206
124.86154743 64.27875190
96.83834716 91.69275218
185.47694803 71.28455197
193.39654811 88.64675215
218.98294837 79.50875205
164.15494782 53.31315180
550.99695165 55.44535182
540.64055155 50.57175177
575.36495190 70.97995197
570.49135185 81.94555208
550.99695165 91.99735218
548.25555163 84.99155211
593.03175207 77.98575204
605.21575219 58.49135185
622.88255237 65.49715192
628.66995242 83.77315210
608.26175222 94.73875221
603.38815217 87.42835213
235.73594853 66.71555193
294.37144911 250.84625375
869.91315481 100.83075227
856.81535468 83.46855209
867.17175478 70.97995197
855.29235467 71.89375198
841.88995453 65.80175192
820.87255433 76.46275202
818.13115430 55.14075181
787.36655399 70.97995197
777.01015389 69.45695196
786.14815398 94.12955220
766.34915379 89.25595215
754.46975367 91.38815217
741.67655354 86.51455212
733.75695346 68.23855194
712.13035325 84.68695211
692.94055306 91.08355217
667.35415281 81.94555208
655.17015269 74.02595200
677.40595291 69.45695196
638.11255252 67.02015193
575.66955190 60.01435186
706.03835319 54.22695180
721.57295334 53.31315180
755.07895367 58.49135185
768.78595381 67.32475193
912.25255523 84.99155211
933.26995544 102.04915228
915.29855526 102.04915228
922.91355534 91.38815217
939.36195550 74.93975201
946.36775557 65.80175192
915.60315526 63.66955190
884.83855496 58.18675184
868.39015480 60.01435186
859.86135471 55.14075181
952.15515563 60.01435186
957.94255568 114.53775240
929.31015540 127.02635253
940.27575551 144.69315270
514.14035129 243.68815368
938.14355549 199.82575325
938.14355549 185.81415311
956.72415567 198.60735323
958.85635569 236.98695361
951.85055562 282.67695407
953.06895564 309.48175433
940.27575551 301.56215425
935.09755546 271.71135396
934.79295545 247.03875371
935.23355292 233.63635358
966.60735323 167.23355292
970.26255327 141.03795266
967.82575325 120.32515246
974.83155332 81.33635207
970.56715327 67.32475193
964.47515321 333.84975457
105.23114977 246.73415371
149.09355021 169.36575294
36.39154909 91.99735218
60.75954933 93.21575219
73.55274946 96.87095223
79.03554952 84.68695211
301.39355172 216.88335342
294.99695165 102.04915228
7.14994880 244.29735369
982.13332779 648.17147621
951.43525498 582.38989163
1001.13689667 569.96448121
971.90063685 523.91737200
978.47879531 482.98660826
995.28964470 450.09581597
988.71148624 426.70680812
985.78786026 405.51051975
963.86066540 390.16148335
993.82783171 371.88882096
1005.52233564 336.80530919
996.02055120 319.26355330
1005.52233564 273.21644409
982.86423428 243.98018428
998.94417718 199.39488806
966.78429138 205.97304652
981.40242129 176.00588021
1012.10049410 181.85313217
990.17329923 155.54049834
1020.14046554 148.23143338
1014.29321358 135.07511647
987.24967325 146.76962039
1010.63868111 99.99160469
984.32604727 94.14435273
1008.44596162 80.98803581
1002.59870966 67.83171889
986.51876676 73.67897086
1006.98414863 56.86812146
998.94417718 53.21358899
1008.44596162 41.51908506
974.82426283 46.63543053
993.82783171 26.90095515
1017.94774606 21.78460969
1017.94774606 10.09010576
970.43882386 15.20645123
941.93347054 26.90095515
932.43168610 16.66826422
925.12262115 44.44271104
914.15902372 34.21002011
882.73004442 31.28639413
871.76644699 41.51908506
861.53375605 30.55548763
859.34103657 20.32279670
833.02840273 27.63186165
822.79571180 19.59189020
806.71576890 33.47911361
795.75217147 37.13364609
796.48307796 51.02086950
732.16330637 43.71180455
751.16687525 37.13364609
758.47594021 42.98089805
815.48664684 13.01373174
792.82854549 12.28282525
666.38172179 40.05727207
655.41812436 37.13364609
694.88707511 37.13364609
708.04339203 39.32636557
619.60370609 51.02086950
599.13832422 42.98089805
618.14189310 26.17004866
607.17829567 23.97732917
594.02197875 19.59189020
580.86566183 24.70823567
561.86209295 19.59189020
515.81498375 30.55548763
504.85138632 21.05370319
488.04053692 23.97732917
454.41883814 26.90095515
410.56444841 43.71180455
387.90634706 45.90452403
361.59371322 29.82458113
348.43739631 27.63186165
325.77929495 24.70823567
290.69578317 44.44271104
270.96130780 37.13364609
257.07408439 27.63186165
237.33960901 40.05727207
241.72504799 26.90095515
143.78357761 29.82458113
135.01269966 18.86098370
137.20541915 45.90452403
169.36530495 17.39917071
223.45238560 37.13364609
186.17615434 57.59902796
210.29606869 49.55905651
8.56587597 15.20645123
81.48712460 8.43114516
29.31529642 15.59198432
274.82978194 6.38519112
259.48512659 14.56900730
