256.72750684 458.56236923
498.92934170 460.32383712
442.56236923 642.63576372
674.19539675 381.05778207
618.70915822 386.34218574
567.62658941 330.85594721
491.00273620 344.06695638
421.42475455 351.11282794
377.38805730 352.87429583
355.36970868 340.54402060
309.57154354 386.34218574
249.68163528 370.48897473
100.83759858 462.96603895
5.71833253 566.89264446
37.42475455 624.14035088
11.88347014 460.32383712
844.17704812 554.56236923
889.09447932 346.70915822
815.11282794 354.63576372
784.28713987 368.72750684
734.08530501 380.17704812
698.85594721 297.38805730
724.39723161 308.83759858
733.20457106 293.86512152
755.22291968 292.98438757
782.52567198 272.72750684
820.39723161 266.56236923
846.81924996 300.03025913
888.21374537 303.55319491
930.48897473 301.79172702
904.94769033 313.24126831
910.23209400 278.89264446
889.97521326 274.48897473
933.13117657 270.08530501
960.43392886 264.80090134
987.73668115 288.58071785
954.26879124 307.95686464
994.78255271 307.07613069
963.07613069 359.03943345
983.33301143 444.47062611
29.49814904 379.29631418
155.44310317 401.31466280
165.13117657 352.87429583
154.56236923 317.64493803
137.82842427 285.05778207
32.14035088 300.03025913
24.21374537 250.70915822
4.83759858 259.51649767
70.89264446 250.70915822
52.39723161 254.23209400
87.62658941 270.08530501
176.58071785 274.48897473
161.60824079 243.66328666
178.34218574 241.02108482
195.95686464 237.49814904
196.83759858 249.82842427
197.71833253 271.84677290
212.69080959 269.20457106
219.73668115 287.69998390
280.50732335 337.02108482
286.67246097 283.29631418
258.48897473 297.38805730
244.39723161 285.05778207
221.49814904 337.90181877
225.90181877 253.35136005
212.69080959 243.66328666
238.23209400 235.73668115
272.58071785 252.47062611
261.13117657 255.99356189
287.55319491 252.47062611
274.34218574 233.97521326
285.79172702 233.97521326
296.36053436 241.02108482
311.33301143 248.06695638
307.81007565 262.15869950
320.14035088 262.15869950
331.58989216 275.36970868
376.50732335 306.19539675
363.29631418 282.41558023
352.72750684 280.65411235
340.39723161 248.06695638
375.62658941 264.80090134
357.13117657 258.63576372
367.69998390 249.82842427
359.77337840 241.90181877
367.69998390 241.90181877
381.79172702 246.30548849
393.24126831 233.97521326
394.12200225 246.30548849
408.21374537 249.82842427
405.57154354 237.49814904
425.82842427 248.06695638
436.39723161 249.82842427
417.02108482 262.15869950
433.75502978 270.96603895
426.70915822 286.81924996
406.45227748 305.31466280
455.77337840 264.80090134
468.98438757 234.85594721
503.33301143 250.70915822
489.24126831 254.23209400
471.62658941 248.06695638
505.09447932 278.01191051
486.59906647 277.13117657
522.70915822 258.63576372
532.39723161 266.56236923
537.68163528 272.72750684
527.99356189 281.53484629
520.06695638 244.54402060
519.18622244 253.35136005
529.75502978 254.23209400
539.44310317 237.49814904
516.54402060 235.73668115
551.77337840 246.30548849
541.20457106 252.47062611
562.34218574 255.99356189
578.19539675 243.66328666
589.64493803 248.06695638
601.97521326 256.87429583
615.18622244 244.54402060
623.11282794 244.54402060
616.06695638 256.87429583
601.97521326 268.32383712
612.54402060 287.69998390
622.23209400 270.96603895
643.36970868 317.64493803
649.53484629 280.65411235
653.93851601 258.63576372
636.32383712 258.63576372
640.72750684 246.30548849
659.22291968 246.30548849
677.71833253 240.14035088
680.36053436 256.87429583
698.85594721 237.49814904
714.70915822 258.63576372
727.03943345 270.08530501
732.32383712 252.47062611
726.15869950 244.54402060
735.84677290 241.90181877
745.53484629 234.85594721
748.17704812 248.06695638
748.17704812 262.15869950
776.36053436 240.14035088
768.43392886 240.14035088
764.03025913 228.69080959
775.47980042 231.33301143
763.14952519 219.88347014
731.44310317 209.31466280
742.89264446 219.00273620
749.93851601 198.74585546
761.38805730 195.22291968
772.83759858 201.38805730
779.88347014 190.81924996
793.09447932 196.98438757
801.02108482 190.81924996
804.54402060 186.41558023
820.39723161 219.00273620
830.08530501 198.74585546
838.89264446 190.81924996
845.93851601 198.74585546
862.67246097 188.17704812
866.19539675 180.25044262
875.00273620 184.65411235
859.14952519 200.50732335
869.71833253 196.98438757
845.93851601 226.04860776
804.54402060 221.64493803
798.37888299 225.16787381
793.09447932 219.00273620
776.36053436 212.83759858
801.90181877 237.49814904
809.82842427 231.33301143
819.51649767 231.33301143
829.20457106 233.97521326
793.97521326 243.66328666
838.89264446 243.66328666
860.91099308 232.21374537
880.28713987 237.49814904
857.38805730 249.82842427
878.52567198 256.87429583
870.59906647 250.70915822
845.05778207 265.68163528
867.95686464 266.56236923
898.78255271 248.06695638
886.45227748 247.18622244
922.56236923 247.18622244
934.01191051 250.70915822
921.68163528 212.83759858
896.14035088 216.36053436
938.41558023 216.36053436
949.86512152 215.47980042
976.28713987 221.64493803
985.09447932 225.16787381
930.48897473 237.49814904
922.56236923 232.21374537
899.66328666 232.21374537
993.02108482 246.30548849
1001.82842427 255.99356189
434.63576372 408.36053436
570.26879124 447.99356189
470.74585546 169.68163528
983.33301143 179.36970868
978.92934170 182.89264446
806.30548849 204.03025913
826.56236923 184.65411235
814.23209400 191.69998390
631.92016739 301.79172702
418.78255271 191.69998390
426.70915822 190.81924996
255.84677290 247.18622244
862.95516569 214.89590643
875.28109162 204.46627680
