103.96439924 491.55644356
147.95241123 497.69430569
171.48088275 463.93606394
178.64172191 437.33866134
151.02134229 397.44255744
87.59676687 401.53446553
23.14921442 419.94805195
12.91944419 379.02897103
19.05730633 364.70729271
54.86150213 366.75324675
49.74661702 342.20179820
47.70066297 321.74225774
17.01135228 327.88011988
23.14921442 250.13386613
54.86150213 282.86913087
50.76959404 252.17982018
10.87349015 227.62837163
18.80156207 224.04795205
4.99137226 243.48451548
4.47988375 209.21478521
9.08328036 205.12287712
18.29007356 191.82417582
8.57179184 182.61738262
6.52583780 167.78421578
8.57179184 162.15784216
13.17518845 167.78421578
15.73263101 160.11188811
5.50286078 153.46253746
9.08328036 148.85914086
8.06030333 143.74425574
9.59476887 138.62937063
14.19816547 144.76723277
18.80156207 147.32467532
24.93942421 143.74425574
20.84751612 141.69830170
33.12324040 135.56043956
55.62873490 130.95704296
48.34002361 138.11788212
45.27109254 142.46553447
41.69067296 148.34765235
31.97239125 146.04595405
36.57578785 158.57742258
38.62174189 157.04295704
35.04132231 164.45954046
33.76260104 175.96803197
53.96639724 178.78121878
49.36300064 170.85314685
54.22214149 167.27272727
48.08427936 163.69230769
53.96639724 155.50849151
54.73363001 136.07192807
60.36000363 135.30469530
58.56979384 117.65834166
51.40895468 119.44855145
74.17019344 118.16983017
21.99836527 81.59840160
30.18218145 80.83116883
50.38597766 79.04095904
73.91444919 78.78521479
76.47189174 80.57542458
9.46689674 83.90009990
68.28807556 149.11488511
74.42593770 149.11488511
71.10126237 156.53146853
62.15021342 164.71528472
70.84551812 167.27272727
75.44891472 161.64635365
77.23912451 154.48551449
84.65570793 157.55444555
83.88847516 163.69230769
80.30805558 169.31868132
76.98338026 176.22377622
58.56979384 193.61438561
89.51484879 187.98801199
90.28208155 181.08291708
100.76759604 187.22077922
98.72164199 180.05994006
94.62973390 173.66633367
97.95440923 166.76123876
101.27908455 161.90209790
99.48887476 155.50849151
108.69566797 159.60039960
110.23013350 153.97402597
112.53183180 150.39360639
111.76459904 144.25574426
101.53482881 144.76723277
103.83652711 140.93106893
106.64971392 141.18681319
106.13822541 133.77022977
97.44292072 116.63536464
92.32803560 117.91408591
87.72463900 117.14685315
112.78757606 132.74725275
118.66969394 132.23576424
121.99436927 131.46853147
123.27309055 129.16683317
120.20415948 138.11788212
115.34501862 141.69830170
117.90246118 147.32467532
129.15520843 139.14085914
128.38797566 145.02297702
131.96839524 146.55744256
136.06030333 150.90509491
137.08328036 147.83616384
140.91944419 142.97702298
139.12923440 130.95704296
136.82753610 128.14385614
147.31305059 114.58941059
151.66070293 110.75324675
147.82453910 131.72427572
147.56879484 128.14385614
145.01135228 151.41658342
145.52284080 161.13486513
139.64072291 162.41358641
136.06030333 158.57742258
125.31904459 167.01698302
128.13223140 192.59140859
138.36200163 173.15484515
149.10326038 170.59740260
151.66070293 162.92507493
155.24112251 159.60039960
151.66070293 138.11788212
174.67768595 136.58341658
179.28108255 137.09490509
173.91045318 144.00000000
163.68068295 118.16983017
172.37598765 116.12387612
175.95640723 114.84515485
183.37299065 114.58941059
165.47089274 87.73626374
122.50585778 90.03796204
111.50885478 98.22177822
129.15520843 95.40859141
197.95041322 85.43456543
202.80955408 99.50049950
207.15720643 97.19880120
216.10825538 115.86813187
210.48188175 113.56643357
210.22613750 94.12987013
241.17119244 78.27372627
225.82653710 115.61238761
230.68567796 115.61238761
222.50186177 128.91108891
227.87249115 129.42257742
247.82054309 132.49150849
250.88947416 131.98001998
223.26909454 147.58041958
228.12823540 147.58041958
230.17418945 146.55744256
231.70865498 137.09490509
204.34401962 144.76723277
215.59676687 146.81318681
203.32104259 152.43956044
191.81255109 147.32467532
186.69766597 152.43956044
180.30405958 151.16083916
170.84152211 149.88211788
187.46489874 164.45954046
179.53682681 166.76123876
191.30106257 173.15484515
187.97638725 179.54845155
178.00236128 175.96803197
164.19217146 169.06293706
161.63472891 172.89910090
152.93942421 180.82717283
164.95940423 183.12887113
149.87049314 196.93906094
173.14322042 197.45054945
189.25510853 194.89310689
223.01335029 189.26673327
205.62274090 177.75824176
213.03932431 177.50249750
220.71165198 172.38761239
208.94741622 170.08591409
202.55380983 161.39060939
231.19716647 178.01398601
245.51884479 184.40759241
240.40395968 182.10589411
245.77458905 195.91608392
231.45291073 161.39060939
236.82354010 149.11488511
236.56779584 144.76723277
246.79756607 153.97402597
239.89247117 154.99700300
250.63372991 150.39360639
253.19117246 150.13786214
252.93542821 160.62337662
133.24711652 198.21778222
88.87548815 258.31768232
84.27209154 245.01898102
37.85450913 215.86413586
24.81155208 182.61738262
67.52084279 219.70029970
73.40296068 204.09990010
84.14421942 205.63436563
86.70166197 218.67732268
85.42294070 225.83816184
97.44292072 231.97602398
104.60375988 227.11688312
97.44292072 213.56243756
120.97139224 207.16883117
124.80755608 200.00799201
117.90246118 198.47352647
107.41694669 201.03096903
124.29606757 228.90709291
135.54881482 223.79220779
142.70965398 209.98201798
149.61474889 218.16583417
143.47688675 223.02497502
162.14621742 223.02497502
146.03432931 248.59940060
127.36499864 252.69130869
109.71864499 249.62237762
109.97438925 262.40959041
134.01434929 269.82617383
159.84451912 262.66533467
178.25810553 261.38661339
192.57978385 260.10789211
194.62573790 269.31468531
187.20915448 236.83516484
175.18917446 231.46453546
182.86150213 232.48751249
197.95041322 215.60839161
195.64871492 212.53946054
194.11424939 201.28671329
219.43293071 205.37862138
228.12823540 211.26073926
233.49886477 219.18881119
238.10226137 228.90709291
253.19117246 230.44155844
243.47289075 213.81818182
245.77458905 264.45554446
270.96539824 192.33566434
266.87349015 186.96503497
268.91944419 182.10589411
278.63772591 182.10589411
278.63772591 177.50249750
283.75261103 176.22377622
277.35900463 170.85314685
271.98837526 173.15484515
267.89646717 168.03996004
255.62074289 167.52847153
257.92244120 173.92207792
279.91644719 153.71828172
289.63472891 154.48551449
292.95940423 149.37062937
293.21514849 146.30169830
297.05131232 141.18681319
299.35301063 137.09490509
297.56280084 134.02597403
298.58577786 128.91108891
295.77259105 125.84215784
306.76959404 132.74725275
287.33303061 111.52047952
267.64072291 102.31368631
253.06330034 102.31368631
285.03133230 78.78521479
322.11424939 104.61538462
336.94741622 107.42857143
328.25211152 117.65834166
268.15221142 126.09790210
258.17818545 135.04895105
254.34202161 133.00299700
258.17818545 145.27872128
265.59476887 142.72127872
263.80455908 136.07192807
267.89646717 136.32767233
271.47688675 136.83916084
274.03432931 141.69830170
282.21814549 140.16383616
277.87049314 141.18681319
281.96240124 133.00299700
287.33303061 136.07192807
291.42493870 135.04895105
296.02833530 171.62037962
295.26110253 181.33866134
307.28108255 177.75824176
313.93043320 172.89910090
324.16020343 163.69230769
326.20615748 159.60039960
320.06829534 154.99700300
316.23213150 152.95104895
311.11724639 154.74125874
313.41894469 150.90509491
306.00236128 140.67532468
314.95341023 133.00299700
318.27808555 131.46853147
321.60276088 148.85914086
327.22913450 145.27872128
322.36999364 125.84215784
316.99936427 125.58641359
330.29806557 123.79620380
334.90146217 123.54045954
338.73762601 119.70429570
344.61974389 117.14685315
341.80655708 128.65534466
349.47888475 132.23576424
353.31504859 127.88811189
350.24611752 123.79620380
361.49886477 125.33066933
366.35800563 125.07492507
360.98737626 136.83916084
354.59376987 141.69830170
353.57079284 144.25574426
350.24611752 153.46253746
351.78058305 156.78721279
337.97039324 159.34465534
351.78058305 165.73826174
365.07928435 170.59740260
370.44991372 160.36763237
320.06829534 167.78421578
322.88148215 171.10889111
323.39297067 178.52547453
329.53083280 178.52547453
335.66869494 176.22377622
336.43592771 184.40759241
344.87548815 181.85014985
358.42993370 187.98801199
360.98737626 179.80419580
354.08228136 178.01398601
369.17119244 186.96503497
375.30905458 190.03396603
374.79756607 172.13186813
381.44691672 180.05994006
381.95840523 172.89910090
387.07329035 176.22377622
390.90945418 169.31868132
397.81454909 153.46253746
382.98138225 145.53446553
384.77159204 143.23276723
382.98138225 138.88511489
377.61075288 122.00599401
369.17119244 106.14985015
346.66569794 117.14685315
386.56180183 138.11788212
388.86350014 141.18681319
391.93243121 140.16383616
392.69966397 143.48851149
392.44391972 146.30169830
396.79157206 145.53446553
396.53582781 141.44255744
399.86050313 140.16383616
400.62773590 122.77322677
402.16220143 102.82517483
400.62773590 100.01198801
426.45790573 105.38261738
426.96939424 111.77622378
430.29406957 108.19580420
433.87448915 104.10389610
403.18517846 138.37362637
402.16220143 143.74425574
404.71964399 144.51148851
405.48687676 140.93106893
409.57878485 139.39660340
412.13622741 131.98001998
415.20515848 140.16383616
413.15920443 144.25574426
411.11325039 147.32467532
407.53283081 147.32467532
408.04431932 153.20679321
405.74262102 174.94505495
401.39496867 169.57442557
398.07029334 184.15184815
406.25410953 189.01098901
414.18218145 186.19780220
419.29706657 187.73226773
418.27408955 173.41058941
428.24811552 183.12887113
432.08427936 188.49950050
429.27109254 175.96803197
423.64471892 160.36763237
425.94641722 155.25274725
420.57578785 151.41658342
422.87748615 148.60339660
419.55281083 146.81318681
426.45790573 147.06893107
424.66769594 136.07192807
418.78557806 132.49150849
258.17818545 291.05294705
235.92843520 292.58741259
240.78757606 283.89210789
284.26409954 265.22277722
297.81854509 285.93806194
308.81554809 284.91508492
313.67468895 260.87512488
298.84152211 264.19980020
309.32703660 252.69130869
290.65770593 263.94405594
290.14621742 236.32367632
273.26709654 239.13686314
268.91944419 233.25474525
308.55980383 220.72327672
322.88148215 228.65134865
324.41594769 212.79520480
338.99337027 204.86713287
336.18018345 225.32667333
343.08527836 231.72027972
345.64272092 216.37562438
358.42993370 204.61138861
361.24312052 199.24075924
368.65970393 201.79820180
362.26609754 217.14285714
374.03033330 220.21178821
392.18817546 222.00199800
382.46989374 218.67732268
388.09626737 201.54245754
382.98138225 196.42757243
382.98138225 192.33566434
410.09027336 208.70329670
409.06729634 225.07092907
388.35201162 242.20579421
392.95540823 265.99000999
394.48987376 289.51848152
369.42693670 288.49550450
356.12823540 270.59340659
340.52783580 279.54445554
316.74362002 274.42957043
107.28907456 351.40859141
168.66769594 341.17882118
175.31704659 320.71928072
204.47189174 360.10389610
257.66669694 357.03496503
285.79856507 343.73626374
276.59177186 320.20779221
256.64371992 306.39760240
354.84951412 318.67332667
376.33203160 308.44355644
393.21115248 304.86313686
431.06130233 294.63336663
443.84851512 289.51848152
425.43492871 287.47252747
433.61874489 254.73726274
446.40595768 281.84615385
457.65870493 284.91508492
470.44591772 281.84615385
467.37698665 296.67932068
468.91145218 306.90909091
480.16419944 304.35164835
490.90545818 272.12787213
516.99137226 315.09290709
524.66369994 331.46053946
532.84751612 326.34565435
544.10026337 344.24775225
556.88747616 332.48351648
561.49087276 341.17882118
589.11125238 343.22477522
599.34102261 340.15584416
602.92144219 349.36263736
577.85850513 313.04695305
568.14022341 324.29970030
596.27209154 303.32867133
592.69167196 293.61038961
544.10026337 287.98401598
550.23812551 280.82317682
550.74961402 259.85214785
568.14022341 272.12787213
435.66469894 197.96203796
448.96340024 209.21478521
458.17019344 208.19180819
475.56080283 210.23776224
503.18118245 257.29470529
517.50286078 253.71428571
522.10625738 243.48451548
532.33602761 239.39260739
519.54881482 236.83516484
538.47388975 239.90409590
533.35900463 248.08791209
541.03133230 252.69130869
551.77259105 249.11088911
560.97938425 252.17982018
592.69167196 261.38661339
605.47888475 265.47852148
585.01934429 227.11688312
601.38697666 217.91008991
597.80655708 203.58841159
593.71464899 185.68631369
580.92743620 197.45054945
585.01934429 182.10589411
571.20915448 201.54245754
525.17518845 232.23176823
526.19816547 223.02497502
524.66369994 207.16883117
505.73862501 223.02497502
436.68767596 156.78721279
432.85151212 150.52147852
429.27109254 148.09190809
428.50385978 137.99000999
425.69067296 132.61938062
437.71065298 141.18681319
432.34002361 134.40959041
438.47788575 152.05594406
432.08427936 155.50849151
442.05830533 155.76423576
451.52084279 162.02997003
453.31105258 167.01698302
441.67468895 148.73126873
443.59277087 136.45554446
457.40296068 143.61638362
453.05530833 131.08491508
460.72763600 133.13086913
465.33103260 147.32467532
464.81954409 159.72827173
472.36399964 159.85614386
478.37398965 161.00699301
480.67568795 153.97402597
474.28208155 153.59040959
484.76759604 159.08891109
485.15121242 153.20679321
480.67568795 145.91808192
479.52483880 139.39660340
476.45590773 137.22277722
464.56379984 145.91808192
461.62274090 148.73126873
457.40296068 147.32467532
444.36000363 162.02997003
432.21215148 176.99100899
438.73363001 175.07292707
437.58278086 178.39760240
439.50086277 183.64035964
442.95341023 179.29270729
447.68467896 176.47952048
458.93742621 170.59740260
466.35400963 136.45554446
470.06230134 153.71828172
473.25910453 147.96403596
474.02633730 135.30469530
476.32803560 131.98001998
479.52483880 132.61938062
488.98737626 132.87512488
484.51185178 138.37362637
490.01035328 139.39660340
493.20715648 149.49850150
491.41694669 142.72127872
495.25311053 131.21278721
498.70565798 132.49150849
500.87948415 133.00299700
506.25011352 134.02597403
502.66969394 140.54745255
495.89247117 138.62937063
503.82054309 146.17382617
496.65970393 158.44955045
493.20715648 164.58741259
492.18417946 170.85314685
487.58078285 167.40059940
483.10525838 173.53846154
489.37099264 175.58441558
504.84352012 164.84315684
505.22713650 170.21378621
498.96140223 171.49250749
515.20116247 162.28571429
515.96839524 166.50549451
520.31604759 164.71528472
521.33902461 154.10189810
517.11924439 146.30169830
505.99436927 140.03596404
512.26010353 137.09490509
514.05031332 133.51448551
516.47988375 132.74725275
521.33902461 137.86213786
519.29307057 142.08191808
530.67368995 150.26573427
529.52284080 146.30169830
526.07029334 137.35064935
533.61474889 137.09490509
529.52284080 138.11788212
524.66369994 170.59740260
528.88348016 174.94505495
531.95241123 163.18081918
535.14921442 162.41358641
467.12124239 184.40759241
473.00336028 182.87312687
467.12124239 177.75824176
456.89147216 181.08291708
452.79956407 187.22077922
453.82254110 194.12587413
453.82254110 201.54245754
440.52383980 196.17182817
493.97438925 207.93606394
500.36799564 190.67332667
495.12523840 179.93206793
508.16819544 196.04395604
516.47988375 196.55544456
511.10925438 177.11888112
538.85750613 190.92907093
544.61175188 182.48951049
553.30705658 185.30269730
551.38897466 179.80419580
546.65770593 163.43656344
597.03932431 195.66033966
600.10825538 190.28971029
552.79556807 202.82117882
566.60575788 190.03396603
569.93043320 182.10589411
606.75760603 207.16883117
610.33802561 196.93906094
616.22014349 197.19480519
618.01035328 204.61138861
610.84951412 190.54545455
610.08228136 173.41058941
611.61674689 164.71528472
550.36599764 176.73526474
556.24811552 179.42057942
551.26110253 156.14785215
543.20515848 154.48551449
537.96240124 150.90509491
539.88048315 140.41958042
546.40196167 141.95404595
548.19217146 143.48851149
548.19217146 140.16383616
565.96639724 160.23976024
565.96639724 165.09890110
570.31404959 159.47252747
574.66170193 163.69230769
577.98637726 167.40059940
580.41594769 171.62037962
595.24911452 161.13486513
589.11125238 164.07592408
585.91444919 160.36763237
578.36999364 158.19380619
576.06829534 144.51148851
571.08128235 148.09190809
587.06529834 141.31468531
578.88148215 137.60639361
575.30106257 137.99000999
579.13722641 140.03596404
580.03233131 135.30469530
593.20316048 143.61638362
592.05231133 149.24275724
601.38697666 151.92807193
597.67868495 149.62637363
608.67568795 152.43956044
614.68567796 159.21678322
619.16120243 148.85914086
622.61374989 144.00000000
632.07628735 140.80319680
624.40395968 148.73126873
628.75161202 153.20679321
625.93842521 162.02997003
631.69267097 159.08891109
633.73862501 169.70229770
632.84352012 178.39760240
635.91245119 181.46653347
641.02733630 160.36763237
636.04032331 152.95104895
640.89946417 139.52447552
625.55480883 139.14085914
509.06330034 145.79020979
542.69366997 131.21278721
551.51684679 131.72427572
506.50585778 132.61938062
441.67468895 117.01898102
442.82553810 122.00599401
479.39696667 114.33366633
460.59976387 116.50749251
461.49486877 111.26473526
457.78657706 113.82217782
456.12423940 112.41558442
452.16020343 117.40259740
448.45191172 113.95004995
448.19616747 109.21878122
441.67468895 105.63836164
438.60575788 106.53346653
461.36699664 98.09390609
463.28507856 99.50049950
465.33103260 96.43156843
454.97339025 98.60539461
467.37698665 99.37262737
472.49187176 98.73326673
475.43293071 101.03496503
472.23612751 108.19580420
469.55081282 113.31068931
467.24911452 115.86813187
475.81654709 108.19580420
485.15121242 103.33666334
486.68567796 105.51048951
489.62673690 105.63836164
491.67269095 101.16283716
490.52184179 98.98901099
494.23013350 102.05794206
497.93842521 105.25474525
494.99736627 108.57942058
493.33502861 113.31068931
496.65970393 118.80919081
501.26310054 120.85514486
504.84352012 105.76623377
502.66969394 100.77922078
506.76160203 102.56943057
511.10925438 105.12687313
513.15520843 109.21878122
509.70266098 106.78921079
517.75860503 107.17282717
520.31604759 108.57942058
521.21115248 112.79920080
514.17818545 120.91326855
516.47988375 118.10008174
507.01734629 118.99518663
503.43692671 110.04413768
500.49586777 105.44074108
521.33902461 103.52265916
519.42094269 104.41776405
523.12923440 105.95222959
525.94242122 105.95222959
525.04731632 110.17200981
529.65071292 109.14903279
533.23113250 107.74243938
536.68367996 109.53264917
532.84751612 111.70647534
533.10326038 114.77540641
537.70665698 111.83434747
544.86749614 110.17200981
543.46090273 111.83434747
545.12324040 112.72945237
542.82154209 115.41476705
548.70365998 119.76241940
551.38897466 113.24094088
549.59876487 112.34583598
549.08727636 110.55562619
555.73662701 111.57860321
557.01534829 114.00817364
560.08427936 114.77540641
562.38597766 118.73944238
561.23512851 116.43774407
566.47788575 116.56561620
570.44192171 116.56561620
569.41894469 115.67051131
572.10425938 118.35582599
573.76659704 117.58859322
576.57978385 116.94923259
575.68467896 119.37880302
580.16020343 117.20497684
581.82254110 117.20497684
586.29806557 118.73944238
582.58977386 121.55262919
593.45890473 114.00817364
601.13123240 111.96221960
604.83952411 117.07710471
609.82653710 122.70347834
601.89846517 118.61157025
607.78058305 129.73644537
600.10825538 129.09708473
593.71464899 130.50367814
589.23912451 129.73644537
584.63572791 129.99218963
577.60276088 128.07410771
568.90745618 131.65452729
590.77359005 127.69049133
599.46889474 125.64453728
603.68867496 134.72345836
619.03333031 133.06112070
613.15121242 130.24793388
622.99736627 127.43474707
628.49586777 127.69049133
617.75460903 144.82535646
612.38397966 148.02215966
610.33802561 157.86831350
643.58477886 144.31386795
643.84052311 135.61856325
645.24711652 133.06112070
647.03732631 132.03814367
642.94541822 132.03814367
640.26010353 136.64154028
635.65670693 131.01516665
637.95840523 128.96921261
640.64371992 127.69049133
635.78457906 126.92325856
649.59476887 133.57260921
652.15221142 135.61856325
654.70965398 133.95622559
660.20815548 135.74643538
655.34901462 131.65452729
658.41794569 139.19898284
657.26709654 141.50068114
660.20815548 142.26791390
650.48987376 140.09408773
655.34901462 146.61556625
652.02433930 144.31386795
657.52284080 155.56661520
655.47688675 152.49768413
647.67668695 157.10108074
654.96539824 159.27490691
656.62773590 166.43574607
664.81155208 166.69149033
661.74262102 159.65852329
665.57878485 147.38279902
663.27708655 145.59258923
664.81155208 134.46771410
666.85750613 135.74643538
673.89047316 136.25792389
670.43792571 137.02515666
675.04132231 141.24493688
678.62174189 136.76941241
678.62174189 139.71047135
670.43792571 146.74343838
671.97239125 154.03214967
678.62174189 149.81236945
676.06429934 145.84833348
625.42693670 200.57760421
629.39097266 199.29888294
650.74561802 186.00018164
653.17518845 172.18999183
664.81155208 190.09208973
649.97838525 199.55462719
657.52284080 202.87930252
643.07329035 217.71246935
634.76160203 219.37480701
649.59476887 226.02415766
662.25410953 218.60757424
658.54581782 216.68949233
673.37898465 217.58459722
675.93642721 225.89628553
681.56280084 215.02715466
673.76260104 182.67550631
672.73962401 175.00317864
679.90046317 165.79638543
691.15321043 177.56062120
682.71364999 180.37380801
688.34002361 243.03115067
683.48088275 248.14603578
613.91844519 271.67450731
628.75161202 281.39278903
625.68268096 307.47870312
646.14222141 296.73744437
656.88348016 290.08809372
657.90645718 313.61656525
694.22214149 315.15103079
699.33702661 297.76042140
711.10126237 316.17400781
723.37698665 307.99019163
738.21015348 292.64553628
742.30206157 308.50168014
732.07229135 320.77740441
722.86549814 262.46771410
705.47488875 258.37580601
704.96340024 239.45073109
707.52084279 233.31286895
704.96340024 227.17500681
735.65271093 253.26092090
744.34801562 248.65752429
710.07828535 199.55462719
694.22214149 191.88229952
696.39596767 166.81936246
699.08128235 159.91426755
700.87149214 163.87830351
703.42893470 159.14703478
700.99936427 152.75342839
687.06130233 153.26491690
689.87448915 148.78939243
690.25810553 151.47470711
685.01534829 147.51067115
684.37598765 141.24493688
683.48088275 138.43175007
681.05131232 137.66451730
687.57279085 138.81536645
689.10725638 140.34983199
691.66469894 143.16301880
693.19916447 140.34983199
696.77958405 139.45472709
700.99936427 140.86132050
706.62573790 146.35982200
705.73063300 142.52365816
701.12723640 145.84833348
708.54381982 140.73344837
710.20615748 143.29089093
712.12423940 146.87131051
712.25211152 139.96621560
718.51784579 137.66451730
718.51784579 148.91726455
715.19317047 150.57960222
714.55380983 155.69448733
718.13422941 155.05512669
718.26210153 159.78639542
710.97339025 164.26191990
720.43592771 164.77340841
721.45890473 170.27190991
716.34401962 169.37680501
717.75061302 178.32785396
724.78358006 178.32785396
731.94441922 177.56062120
725.29506857 172.95722459
726.70166197 164.77340841
734.62973390 164.64553628
733.60675688 157.61256925
732.45590773 160.68150032
728.49187176 156.58959223
723.50485878 149.04513668
722.22613750 142.77940242
717.23912451 146.35982200
725.93442921 142.26791390
725.29506857 144.69748433
730.53782581 147.89428753
725.03932431 147.38279902
731.94441922 145.33684497
734.11824539 142.77940242
734.75760603 151.21896286
740.12823540 145.59258923
743.83652711 144.69748433
746.26609754 142.77940242
749.97438925 144.82535646
752.02034329 147.51067115
747.03333031 152.11406775
738.08228136 155.56661520
742.17418945 154.28789392
743.32503860 164.77340841
746.26609754 160.04213968
746.13822541 177.30487694
752.53183180 170.39978204
758.28607756 170.39978204
759.56479884 162.21596585
756.87948415 160.17001181
756.75161202 154.03214967
758.92543820 147.89428753
756.24012351 145.84833348
759.94841522 145.97620561
763.40096267 147.51067115
764.29606757 144.82535646
765.57478885 150.70747434
763.14521842 155.95023159
761.35500863 156.71746435
764.29606757 159.40277904
710.07828535 180.37380801
705.98637726 176.28189992
711.61275089 170.14403778
713.91444919 186.51167015
710.33402961 195.46271910
722.09826537 185.48869313
735.14122241 196.74144038
744.60375988 199.81037145
749.97438925 199.55462719
761.73862501 200.57760421
758.41394969 195.71846335
763.27309055 179.60657524
758.66969394 181.90827354
765.57478885 175.51466715
770.43392971 178.58359822
772.99137226 184.97720461
765.83053310 169.88829352
774.78158205 166.30787394
766.34202161 162.72745436
770.30605758 148.15003179
775.29307057 147.63854327
780.53582781 147.76641540
783.34901462 150.06811370
778.74561802 156.33384797
785.65071292 158.76341840
781.94242122 162.98319862
791.91644719 175.25892290
793.57878485 159.78639542
792.17219144 151.47470711
787.44092271 148.27790391
790.89347017 149.17300881
794.72963400 149.17300881
797.03133230 149.94024158
795.88048315 154.67151031
800.35600763 157.99618563
799.84451912 153.26491690
809.43492871 161.57660521
813.52683680 168.09808373
824.90745618 170.14403778
822.98937426 165.54064118
822.09426937 161.96022160
830.27808555 156.07810371
826.44192171 151.73045137
823.11724639 149.94024158
817.49087276 154.28789392
812.12024339 156.33384797
811.73662701 151.47470711
806.49386977 153.26491690
805.21514849 157.35682499
825.03532831 179.86231950
786.54581782 192.13804377
783.47688675 210.29588593
788.59177186 213.87630551
809.05131232 189.32485696
819.79257107 189.06911271
836.92743620 190.34783398
847.15720643 196.99718463
849.45890473 205.18100082
843.83253111 217.96821360
856.36399964 225.12905277
864.54781582 202.11206975
858.15420943 202.62355826
852.78358006 200.57760421
838.71764599 183.95422759
838.71764599 167.58659522
837.69466897 158.12405776
840.25211152 155.56661520
835.13722641 153.00917265
843.32104259 159.14703478
846.90146217 157.61256925
849.97039324 160.93724457
845.36699664 164.26191990
845.87848515 171.42275906
856.36399964 181.14104078
856.36399964 176.53764417
862.75760603 168.09808373
857.89846517 163.75043139
854.31804559 160.17001181
854.31804559 157.86831350
857.89846517 158.12405776
860.20016347 160.17001181
861.99037326 161.19298883
866.33802561 162.72745436
869.40695668 165.79638543
865.31504859 165.79638543
872.73163200 157.10108074
878.10226137 166.30787394
873.49886477 177.30487694
869.66270094 174.49169013
879.38098265 176.53764417
882.70565798 172.95722459
871.45291073 192.64953229
873.49886477 186.51167015
880.14821542 189.83634547
887.30905458 191.88229952
792.42793570 332.54164018
783.98837526 301.08509672
804.19217146 299.03914268
821.58278086 289.83234947
810.33003360 242.77540641
835.39297067 238.42775406
799.07728635 239.70647534
790.38198165 238.42775406
767.62074289 254.79538643
742.30206157 254.53964218
752.78757606 285.22895287
769.66669694 288.04213968
762.50585778 284.20597584
774.52583780 281.64853328
785.77858505 287.01916266
841.53083280 331.00717464
876.05630733 318.47570611
863.78058305 291.11107075
868.12823540 254.28389792
886.28607756 257.60857324
886.79756607 270.90727454
903.67668695 263.74643538
910.58178185 255.05113069
883.47289075 246.10008174
876.82354010 244.05412769
884.49586777 221.03714467
900.09626737 318.47570611
901.37498865 306.19998184
908.79157206 287.53065117
830.02234130 353.51266915
885.77458905 359.13904278
907.25710653 334.58759422
912.88348016 352.48969213
958.40595768 371.92625556
966.58977386 352.48969213
920.55580783 324.86931251
929.76260104 301.34084098
920.55580783 286.50767414
937.94641722 285.99618563
982.44591772 328.44973209
1007.50885478 330.49568613
1005.46290074 310.03614567
1006.99736627 281.39278903
972.21614749 274.74343838
995.74461902 268.09408773
307.53682681 470.07392607
237.97438925 493.60239760
228.76759604 443.47652348
229.79057306 398.46553447
168.41195168 370.84515485
143.86050313 382.09790210
129.53882481 375.96003996
110.10226137 369.82217782
86.57378985 325.83416583
95.78058305 282.86913087
254.34202161 412.78721279
278.89347017 391.30469530
325.95041322 382.09790210
359.70865498 430.17782218
384.26010353 386.18981019
384.26010353 365.73026973
355.61674689 376.98301698
408.81155208 475.18881119
387.32903460 483.37262737
472.23612751 482.34965035
471.21315049 442.45354645
474.28208155 409.71828172
432.34002361 406.64935065
425.17918445 434.26973027
552.02833530 493.60239760
615.45291073 500.76323676
551.00535828 368.79920080
578.62573790 370.84515485
623.63672691 371.86813187
641.02733630 360.61538462
663.53283081 436.31568432
702.40595768 461.89010989
742.30206157 484.39560440
727.98038325 401.53446553
705.47488875 400.51148851
693.19916447 367.77622378
740.25610753 372.89110889
752.53183180 338.10989011
716.72763600 334.01798202
663.53283081 329.92607393
675.80855508 328.90309690
814.93343021 512.01598402
895.74861502 412.78721279
954.05830533 411.76423576
978.35400963 417.07674144
939.09726637 248.85514486
932.19217146 230.69730270
951.62873490 233.25474525
947.02533830 224.04795205
930.14621742 224.04795205
984.10825538 233.51048951
997.66270094 224.04795205
1009.68268096 222.25774226
890.50585778 185.43056943
896.13223140 180.57142857
897.15520843 176.99100899
899.96839524 173.41058941
895.10925438 167.52847153
883.34501862 168.29570430
887.18118245 166.24975025
888.97139224 173.66633367
893.31904459 172.38761239
910.70965398 175.96803197
902.78158205 179.29270729
910.45390973 182.87312687
905.08328036 186.70929071
911.98837526 192.33566434
917.61474889 192.59140859
922.72963400 185.68631369
922.98537826 181.85014985
923.24112251 178.78121878
917.10326038 179.03696304
929.63472891 182.61738262
928.86749614 190.03396603
932.19217146 182.61738262
937.05131232 182.87312687
936.28407956 204.86713287
929.89047316 205.89010989
920.42793570 209.21478521
897.92244120 205.63436563
947.53682681 202.30969031
954.44192171 204.86713287
957.51085278 211.26073926
961.34701662 217.39860140
970.80955408 218.67732268
975.15720643 208.95904096
973.87848515 190.28971029
968.50785578 190.80119880
958.78957406 185.68631369
959.04531832 191.56843157
953.93043320 196.17182817
948.30405958 188.49950050
988.96739624 197.96203796
985.13123240 194.89310689
980.52783580 194.12587413
975.15720643 196.93906094
996.89546817 216.11988012
1005.33502861 205.37862138
998.17418945 195.40459540
1008.14821542 200.51948052
1016.07628735 207.68031968
1020.42393970 201.54245754
1011.47289075 205.89010989
