34.42345679 573.21419753
6.42592593 638.26728395
98.65308642 643.20802469
128.29753086 625.91543210
94.53580247 600.38827160
158.76543210 646.50185185
188.40987654 620.15123457
224.64197531 577.33148148
291.34197531 651.44259259
312.75185185 635.79691358
288.04814815 625.09197531
262.52098765 607.79938272
301.22345679 588.85987654
360.51234568 598.74135802
390.98024691 639.91419753
386.03950617 596.27098765
423.09506173 552.62777778
459.32716049 629.20925926
462.62098765 658.03024691
439.56419753 657.20679012
519.43950617 617.68086420
504.61728395 563.33271605
531.79135802 554.27469136
563.90617284 581.44876543
606.72592593 570.74382716
613.31358025 619.32777778
573.78765432 646.50185185
642.13456790 584.74259259
661.07407407 565.80308642
691.54197531 568.27345679
713.77530864 583.91913580
694.83580247 602.85864198
675.07283951 637.44382716
774.71111111 610.26975309
788.70987654 645.67839506
865.29135802 644.85493827
880.11358025 618.50432099
887.52469136 569.92037037
828.23580247 562.50925926
795.29753086 535.33518519
732.71481481 527.10061728
716.24567901 544.39320988
647.89876543 541.92283951
815.88395062 520.51296296
885.87777778 513.10185185
829.05925926 494.16234568
785.41604938 474.39938272
764.00617284 483.45740741
768.94691358 466.98827160
759.06543210 446.40185185
809.29629630 443.10802469
838.94074074 453.81296296
876.81975309 448.04876543
857.88024691 397.81790123
710.48148148 469.45864198
710.48148148 440.63765432
689.89506173 445.57839506
648.72222222 445.57839506
647.07530864 476.86975309
642.13456790 513.92530864
610.01975309 504.86728395
598.49135802 486.75123457
599.31481481 454.63641975
572.14074074 492.51543210
582.02222222 522.15987654
523.55679012 521.33641975
505.44074074 497.45617284
521.08641975 484.28086420
433.80000000 504.04382716
442.03456790 471.92901235
465.91481481 458.75370370
448.62222222 527.10061728
457.68024691 556.74506173
423.91851852 524.63024691
390.98024691 532.86481481
393.45061728 494.16234568
383.56913580 482.63395062
379.45185185 460.40061728
413.21358025 448.87222222
395.09753086 448.04876543
399.21481481 430.75617284
421.44814815 425.81543210
442.03456790 420.05123457
460.15061728 432.40308642
507.91111111 434.05000000
522.73333333 433.22654321
532.61481481 410.99320988
552.37777778 415.11049383
572.14074074 410.99320988
569.67037037 437.34382716
591.08024691 415.11049383
633.07654321 415.93395062
361.33580247 539.45246914
329.22098765 550.98086420
300.40000000 555.92160494
250.99259259 549.33395062
246.05185185 519.68950617
290.51851852 525.45370370
274.87283951 522.15987654
278.99012346 489.22160494
260.05061728 490.04506173
311.10493827 504.86728395
322.63333333 472.75246914
319.33950617 453.81296296
325.92716049 427.46234568
365.45308642 435.69691358
351.45432099 423.34506173
372.04074074 406.05246914
310.28148148 405.22901235
298.75308642 395.34753086
304.51728395 428.28580247
279.81358025 429.93271605
261.69753086 405.22901235
287.22469136 457.93024691
255.93333333 462.04753086
236.99382716 452.98950617
219.70123457 427.46234568
210.64320988 407.69938272
201.58518519 488.39814815
210.64320988 519.68950617
184.29259259 560.03888889
126.65061728 564.15617284
151.35432099 592.97716049
79.71358025 554.27469136
72.30246914 509.80802469
150.53086420 498.27962963
173.58765432 485.10432099
190.05679012 457.93024691
155.47160494 445.57839506
117.59259259 490.86851852
114.29876543 523.80679012
100.30000000 524.63024691
3.13209877 480.16358025
17.95432099 459.57716049
15.48395062 434.87345679
49.24567901 438.16728395
49.24567901 476.04629630
88.77160494 447.22530864
83.00740741 471.10555556
116.76913580 445.57839506
95.35925926 480.16358025
124.18024691 426.63888889
156.29506173 421.69814815
138.17901235 392.87716049
104.41728395 377.23148148
97.00617284 410.99320988
73.94938272 389.58333333
87.12469136 370.64382716
69.83209877 364.05617284
47.59876543 378.87839506
7.24938272 354.17469136
19.60123457 406.87592593
41.01111111 410.99320988
41.83456790 356.64506173
51.71604938 335.23518519
22.07160494 309.70802469
79.71358025 331.11790123
86.30123457 313.00185185
108.53456790 323.70679012
125.82716049 317.11913580
157.11851852 304.76728395
176.88148148 316.29567901
194.17407407 321.23641975
201.58518519 343.46975309
190.05679012 358.29197531
164.52962963 359.11543210
142.29629630 354.99814815
139.00246914 339.35246914
115.94567901 343.46975309
145.59012346 324.53024691
219.70123457 315.47222222
213.11358025 329.47098765
235.34691358 318.76604938
243.58148148 335.23518519
232.87654321 374.76111111
222.99506173 368.17345679
211.46666667 380.52530864
187.58641975 387.93641975
267.46172840 364.05617284
277.34320988 382.99567901
308.63456790 348.41049383
336.63209877 345.11666667
339.10246914 360.76234568
371.21728395 363.23271605
370.39382716 345.11666667
317.69259259 380.52530864
323.45679012 368.17345679
388.50987654 337.70555556
405.80246914 331.94135802
423.09506173 331.94135802
416.50740741 368.99691358
423.09506173 385.46604938
416.50740741 410.99320988
460.97407407 404.40555556
478.26666667 387.11296296
462.62098765 387.93641975
468.38518519 370.64382716
483.20740741 346.76358025
464.26790123 331.11790123
480.73703704 323.70679012
446.15185185 345.11666667
455.20987654 354.17469136
496.38271605 375.58456790
507.91111111 356.64506173
521.90987654 333.58827160
544.14320988 336.88209877
542.49629630 355.82160494
529.32098765 382.99567901
529.32098765 371.46728395
568.02345679 339.35246914
580.37530864 345.11666667
586.13950617 332.76481481
599.31481481 345.94012346
590.25679012 367.35000000
594.37407407 384.64259259
607.54938272 387.11296296
630.60617284 362.40925926
617.43086420 345.94012346
633.90000000 345.11666667
610.84320988 331.94135802
612.49012346 317.94259259
638.01728395 324.53024691
664.36790123 327.00061728
652.01604938 330.29444444
654.48641975 376.40802469
666.83827160 387.93641975
639.66419753 377.23148148
657.78024691 417.58086420
648.72222222 405.22901235
683.30740741 414.28703704
692.36543210 361.58580247
680.83703704 357.46851852
676.71975309 335.23518519
685.77777778 335.23518519
724.48024691 365.70308642
708.83456790 360.76234568
698.12962963 388.75987654
713.77530864 380.52530864
732.71481481 408.52283951
776.35802469 422.52160494
790.35679012 410.99320988
815.88395062 405.22901235
782.12222222 390.40679012
807.64938272 379.70185185
838.11728395 368.99691358
894.93580247 345.11666667
871.05555556 377.23148148
864.46790123 338.52901235
820.00123457 336.05864198
804.35555556 342.64629630
793.65061728 353.35123457
824.94197531 353.35123457
852.11604938 331.94135802
860.35061728 312.17839506
796.94444444 321.23641975
780.47530864 333.58827160
762.35925926 343.46975309
754.12469136 364.87962963
761.53580247 383.81913580
747.53703704 405.22901235
750.00740741 332.76481481
735.18518519 329.47098765
714.59876543 328.64753086
876.81975309 266.06481481
884.23086420 245.47839506
875.17283951 229.00925926
859.52716049 230.65617284
842.23456790 253.71296296
843.88148148 289.12160494
829.88271605 295.70925926
824.94197531 284.18086420
830.70617284 275.12283951
816.70740741 315.47222222
787.88641975 308.06111111
771.41728395 317.11913580
776.35802469 290.76851852
801.88518519 276.76975309
740.12592593 307.23765432
726.95061728 297.35617284
741.77283951 276.76975309
759.06543210 270.18209877
755.77160494 252.06604938
773.88765432 259.47716049
771.41728395 273.47592593
813.41358025 233.95000000
826.58888889 239.71419753
828.23580247 255.35987654
871.87901235 206.77592593
858.70370370 211.71666667
877.64320988 191.95370370
864.46790123 196.89444444
862.82098765 188.65987654
872.70246914 182.89567901
862.82098765 174.66111111
852.93950617 168.89691358
843.88148148 183.71913580
810.94320988 199.36481481
810.94320988 187.01296296
824.94197531 170.54382716
814.23703704 167.25000000
819.17777778 156.54506173
708.01111111 261.12407407
714.59876543 250.41913580
699.77654321 249.59567901
702.24691358 236.42037037
694.83580247 279.24012346
705.54074074 308.06111111
690.71851852 308.06111111
698.95308642 296.53271605
682.48395062 286.65123457
640.48765432 301.47345679
663.54444444 292.41543210
641.31111111 269.35864198
670.13209877 273.47592593
684.95432099 234.77345679
670.13209877 235.59691358
667.66172840 219.95123457
681.66049383 212.54012346
701.42345679 208.42283951
718.71604938 208.42283951
733.53827160 243.00802469
734.36172840 215.01049383
747.53703704 200.18827160
766.47654321 185.36604938
775.53456790 177.95493827
559.78888889 316.29567901
570.49382716 298.17962963
590.25679012 281.71049383
612.49012346 282.53395062
616.60740741 295.70925926
643.78148148 238.06728395
632.25308642 257.00679012
605.90246914 265.24135802
621.54814815 235.59691358
635.54691358 211.71666667
607.54938272 219.12777778
603.43209877 201.01172840
579.55185185 228.18580247
572.14074074 242.18456790
562.25925926 233.95000000
545.79012346 239.71419753
559.78888889 270.18209877
558.96543210 282.53395062
563.08271605 295.70925926
549.90740741 297.35617284
538.37901235 295.70925926
530.14444444 308.88456790
530.96790123 319.58950617
497.20617284 297.35617284
508.73456790 292.41543210
515.32222222 282.53395062
500.50000000 269.35864198
515.32222222 242.18456790
523.55679012 186.18950617
566.37654321 177.13148148
534.26172840 147.48703704
504.61728395 179.60185185
613.31358025 174.66111111
610.84320988 154.89814815
659.42716049 171.36728395
644.60493827 182.89567901
633.90000000 165.60308642
643.78148148 154.07469136
651.19259259 149.95740741
749.18395062 146.66358025
758.24197531 148.31049383
754.12469136 123.60679012
709.65802469 138.42901235
701.42345679 142.54629630
664.36790123 160.66234568
672.60246914 149.95740741
688.24814815 155.72160494
679.19012346 165.60308642
694.83580247 157.36851852
694.83580247 126.07716049
724.48024691 120.31296296
635.54691358 149.13395062
645.42839506 135.13518519
622.37160494 138.42901235
629.78271605 120.31296296
605.90246914 140.07592593
538.37901235 126.07716049
560.61234568 131.84135802
567.20000000 160.66234568
494.73580247 241.36111111
487.32469136 275.12283951
473.32592593 275.12283951
479.09012346 298.17962963
460.15061728 298.17962963
441.21111111 286.65123457
451.91604938 273.47592593
459.32716049 264.41790123
451.09259259 255.35987654
449.44567901 239.71419753
470.85555556 226.53888889
477.44320988 243.83148148
482.38395062 227.36234568
498.85308642 227.36234568
487.32469136 162.30925926
479.91358025 143.36975309
486.50123457 135.13518519
499.67654321 131.84135802
505.44074074 131.01790123
501.32345679 117.84259259
362.15925926 306.41419753
344.04320988 322.88333333
386.86296296 309.70802469
409.09629630 297.35617284
396.74444444 277.59320988
371.21728395 297.35617284
366.27654321 280.88703704
377.80493827 262.77098765
394.27407407 251.24259259
407.44938272 261.12407407
429.68271605 255.35987654
432.15308642 272.65246914
438.74074074 301.47345679
423.91851852 238.06728395
395.92098765 237.24382716
393.45061728 226.53888889
391.80370370 199.36481481
412.39012346 189.48333333
425.56543210 201.83518519
430.50617284 210.06975309
456.03333333 199.36481481
390.15679012 174.66111111
401.68518519 160.66234568
395.09753086 119.48950617
405.80246914 130.19444444
409.91975309 118.66604938
418.15432099 129.37098765
408.27283951 141.72283951
397.56790123 142.54629630
388.50987654 131.01790123
439.56419753 125.25370370
446.97530864 120.31296296
434.62345679 117.01913580
377.80493827 140.89938272
367.10000000 140.07592593
366.27654321 131.84135802
540.02592593 274.29938272
295.45925926 337.70555556
302.87037037 329.47098765
327.57407407 302.29691358
339.92592593 303.94382716
338.27901235 285.82777778
330.04444444 266.88827160
318.51604938 291.59197531
302.87037037 298.17962963
302.87037037 313.82530864
280.63703704 306.41419753
283.10740741 322.88333333
265.81481481 322.88333333
260.87407407 303.94382716
260.87407407 279.24012346
276.51975309 273.47592593
297.92962963 280.88703704
312.75185185 278.41666667
315.22222222 260.30061728
330.86790123 249.59567901
353.92469136 239.71419753
363.80617284 237.24382716
381.09876543 232.30308642
359.68888889 263.59444444
347.33703704 231.47962963
334.16172840 225.71543210
300.40000000 245.47839506
291.34197531 261.94753086
269.93209877 259.47716049
274.87283951 243.83148148
250.99259259 227.36234568
256.75679012 248.77222222
251.81604938 265.24135802
237.81728395 271.00555556
226.28888889 242.18456790
211.46666667 257.83024691
218.05432099 276.76975309
227.93580247 298.17962963
238.64074074 299.00308642
251.81604938 317.94259259
202.40864198 297.35617284
185.93950617 298.17962963
170.29382716 294.06234568
150.53086420 289.12160494
167.82345679 273.47592593
180.17530864 263.59444444
185.93950617 252.06604938
207.34938272 248.77222222
200.76172840 238.89074074
204.05555556 224.06851852
213.93703704 215.01049383
223.81851852 215.83395062
229.58271605 191.13024691
235.34691358 174.66111111
238.64074074 145.84012346
253.46296296 202.65864198
243.58148148 189.48333333
290.51851852 161.48580247
197.46790123 166.42654321
194.99753086 151.60432099
208.99629630 148.31049383
213.93703704 149.95740741
222.17160494 149.95740741
218.87777778 131.84135802
276.51975309 128.54753086
288.87160494 139.25246914
293.81234568 140.89938272
42.65802469 294.06234568
15.48395062 280.88703704
8.07283951 268.53518519
28.65925926 272.65246914
57.48024691 272.65246914
76.41975309 272.65246914
92.88888889 280.06358025
104.41728395 279.24012346
111.82839506 271.00555556
125.82716049 269.35864198
125.82716049 246.30185185
116.76913580 245.47839506
152.17777778 252.06604938
137.35555556 249.59567901
160.41234568 241.36111111
172.76419753 236.42037037
87.12469136 248.77222222
44.30493827 241.36111111
41.83456790 224.89197531
40.18765432 205.12901235
68.18518519 209.24629630
87.94814815 219.12777778
92.06543210 205.12901235
104.41728395 205.95246914
111.82839506 193.60061728
104.41728395 233.12654321
100.30000000 249.59567901
92.88888889 188.65987654
74.77283951 195.24753086
70.65555556 184.54259259
79.71358025 178.77839506
89.59506173 182.07222222
95.35925926 176.30802469
88.77160494 167.25000000
83.00740741 155.72160494
64.06790123 170.54382716
53.36296296 184.54259259
1.48518519 207.59938272
134.88518519 172.19074074
131.59135802 159.83888889
115.12222222 170.54382716
60.77407407 159.83888889
173.58765432 123.60679012
160.41234568 124.43024691
188.40987654 141.72283951
194.99753086 134.31172840
167.00000000 138.42901235
157.11851852 133.48827160
105.24074074 126.90061728
92.06543210 127.72407407
89.59506173 140.07592593
74.77283951 141.72283951
67.36172840 147.48703704
83.00740741 121.95987654
143.94320988 116.19567901
148.06049383 112.90185185
910.09040959 546.78721279
962.03846154 467.86613387
998.00249750 572.76123876
964.03646354 572.76123876
962.03846154 615.71828172
935.06543457 628.70529471
917.08341658 595.73826174
942.05844156 656.67732268
905.09540460 659.67432567
945.05544456 574.75924076
922.07842158 330.00399600
974.02647353 334.00000000
44.95554446 519.81418581
128.87162837 499.83416583
146.85364635 467.86613387
117.88261738 463.87012987
71.92857143 413.92007992
78.92157842 425.90809191
68.93156843 571.76223776
215.78471528 656.67732268
319.68081918 533.80019980
339.66083916 529.80419580
357.64285714 506.82717283
342.65784216 487.84615385
479.52097902 548.78521479
581.41908092 632.70129870
577.42307692 551.78221778
568.43206793 556.77722278
632.36813187 442.89110889
679.32117882 430.90309690
820.18031968 382.95104895
802.19830170 595.73826174
736.26423576 558.77522478
798.20229770 435.89810190
811.18931069 419.91408591
834.16633367 393.94005994
851.14935065 377.95604396
857.14335664 367.96603397
868.13236763 350.98301698
851.14935065 345.98801199
843.15734266 317.01698302
963.03746254 548.78521479
202.54795205 597.15359640
447.80269730 402.34840160
443.30719281 391.35939061
428.32217782 372.87787213
451.29920080 365.38536464
88.16233766 349.90084915
122.62787213 359.39135864
203.04745255 389.86088911
196.05444555 405.34540460
180.07042957 416.83391608
194.55594406 429.82092907
223.02747253 388.36238761
264.98551449 402.84790210
244.00649351 417.83291708
34.21628372 394.35639361
336.91358641 385.86488511
275.47502498 349.90084915
228.02247752 352.89785215
238.51198801 360.88986014
212.53796204 354.39635365
283.96653347 351.89885115
299.95054945 353.39735265
144.60589411 552.19855145
291.45904096 539.21153846
391.85864136 509.24150849
58.69180819 491.75899101
94.65584416 491.75899101
108.14235764 420.91308691
160.09040959 402.43156843
290.95954046 419.91408591
493.25724276 410.92307692
478.27222777 418.91508492
7.74275724 334.49950050
40.21028971 366.46753247
22.72777223 293.04095904
42.20829171 276.55744256
37.21328671 265.56843157
63.68681319 259.57442557
60.68981019 250.08391608
89.66083916 264.06993007
106.64385614 259.57442557
83.66683317 297.53646354
116.63386613 318.01598402
119.13136863 304.02997003
149.10139860 309.02497502
175.07542458 281.55244755
202.04845155 280.55344655
255.99450549 291.54245754
286.96353646 248.08591409
314.43606394 245.58841159
305.94455544 261.57242757
323.42707293 243.59040959
345.40509491 240.09390609
379.37112887 249.08491508
410.83966034 231.60239760
407.84265734 241.59240759
430.32017982 227.60639361
455.79470529 239.59440559
419.33116883 268.06593407
399.85064935 184.64935065
403.84665335 198.63536464
387.36313686 193.64035964
470.77972028 206.62737263
49.20129870 203.13086913
85.66483516 196.63736264
101.14935065 225.60839161
93.65684316 231.60239760
97.65284715 238.09590410
88.66183816 237.59640360
10.73976024 257.07692308
12.73776224 265.56843157
52.69780220 261.07292707
88.66183816 274.55944056
134.61588412 265.06893107
132.11838162 332.50149850
281.46903097 411.42257742
386.86363636 406.42757243
104.64585415 163.67032967
116.63386613 158.17582418
92.65784216 148.68531469
116.63386613 139.69430569
132.61788212 145.18881119
138.61188811 134.69930070
174.57592408 165.16883117
182.56793207 164.66933067
207.04345654 162.17182817
196.55394605 159.67432567
231.01948052 141.19280719
305.44505495 159.67432567
299.45104895 150.68331668
309.44105894 143.69030969
318.43206793 139.19480519
316.43406593 154.17982018
339.91058941 161.17282717
350.40009990 157.17682318
351.89860140 163.17082917
359.89060939 149.68431568
342.90759241 145.68831169
348.40209790 132.20179820
373.37712288 129.70429570
411.33916084 151.68231768
416.83366633 157.67632368
398.35214785 150.68331668
388.86163836 154.17982018
400.35014985 175.65834166
104.14635365 350.98301698
99.65084915 317.51648352
162.58791209 325.00899101
162.58791209 342.99100899
186.56393606 344.98901099
250.99950050 354.47952048
288.96153846 295.53846154
198.55194805 261.15609391
232.01848152 229.68756244
250.99950050 240.67657343
261.48901099 242.17507493
272.47802198 297.61963037
311.93856144 285.13211788
335.91458541 276.64060939
415.83466533 309.60764236
470.28021978 259.65759241
51.19930070 327.58966034
33.21728272 212.70454545
36.71378621 215.70154845
106.64385614 190.22702298
134.11638362 183.73351648
128.62187812 171.74550450
101.64885115 155.76148851
9.24125874 194.22302697
23.72677323 201.21603397
20.23026973 209.20804196
33.21728272 195.72152847
45.20529471 188.22902098
15.23526474 137.27997003
6.74375624 154.76248751
2.24825175 144.27297702
2.74775225 163.25399600
365.38511489 120.29695305
354.89560440 122.29495504
338.91158841 116.80044955
345.40509491 109.80744256
342.90759241 129.78746254
335.91458541 123.29395604
329.92057942 128.28896104
326.92357642 137.27997003
336.91358641 136.78046953
347.90259740 142.77447552
337.41308691 139.77747253
326.42407592 101.81543457
323.92657343 89.32792208
343.90659341 96.32092907
354.89560440 98.81843157
327.92257742 112.30494505
283.96653347 158.25899101
273.47702298 154.26298701
282.96753247 141.27597403
273.47702298 140.27697303
258.49200799 173.74350649
251.49900100 191.72552448
259.49100899 188.72852148
272.47802198 168.24900100
275.97452547 182.73451548
281.96853147 171.74550450
292.95754246 171.24600400
331.91858142 192.22502498
121.62887113 147.76948052
122.12837163 141.27597403
92.15834166 118.79845155
104.14635365 119.79745255
96.15434565 112.30494505
104.14635365 112.30494505
93.65684316 99.81743257
98.65184815 99.81743257
101.64885115 88.32892108
110.63986014 91.32592408
124.62587413 89.32792208
130.12037962 96.32092907
140.11038961 96.82042957
121.62887113 106.31093906
111.63886114 110.30694306
132.61788212 113.30394605
139.61088911 105.31193806
152.09840160 101.31593407
158.59190809 108.80844156
167.08341658 107.80944056
169.58091908 95.82142857
162.08841159 98.81843157
162.08841159 90.32692308
147.60289710 92.82442557
153.09740260 87.82942058
147.10339660 75.84140859
133.11738262 85.33191808
127.62287712 81.33591409
168.58191808 120.29695305
203.54695305 144.77247752
204.54595405 135.78146853
202.04845155 127.28996004
206.54395604 121.29595405
212.53796204 117.29995005
218.03246753 106.81043956
210.04045954 104.81243756
196.55394605 107.30994006
201.54895105 98.81843157
207.04345654 89.82742258
206.54395604 80.33691309
186.56393606 88.82842158
185.56493506 96.32092907
185.06543457 110.30694306
175.57492507 107.80944056
197.05344655 76.34090909
189.06143856 81.33591409
207.04345654 173.24400599
216.53396603 168.24900100
232.01848152 136.78046953
232.01848152 124.29295704
240.01048951 130.28696304
230.02047952 129.78746254
223.52697303 136.28096903
179.07142857 147.76948052
169.08141858 150.26698302
170.57992008 130.78646354
182.06843157 138.27897103
163.58691309 115.30194805
114.63586414 120.29695305
120.62987013 128.28896104
129.12137862 128.28896104
139.11138861 124.79245754
139.11138861 116.30094905
121.12937063 114.30294705
108.14235764 154.26298701
79.17132867 164.75249750
135.61488511 92.32492507
145.10539461 87.32992008
121.12937063 64.35289710
118.13236763 79.83741259
107.64285714 80.83641359
33.21728272 81.33591409
37.71278721 85.33191808
36.71378621 95.82142857
28.22227772 92.32492507
39.21128871 52.86438561
49.20129870 84.33291708
45.70479520 70.84640360
55.19530470 111.30594406
58.69180819 122.79445554
57.19330669 142.27497502
70.67982018 136.28096903
62.68781219 136.78046953
22.22827173 123.29395604
188.56193806 57.85939061
215.03546454 66.85039960
207.54295704 72.34490509
219.03146853 80.33691309
231.51898102 75.34190809
130.61988012 70.84640360
128.12237762 60.85639361
20.23026973 133.28396603
29.22127872 130.28696304
73.67682318 166.25099900
107.14335664 144.27297702
149.60089910 126.79045954
153.59690310 121.79545455
188.56193806 122.29495504
217.53296703 176.24100899
211.53896104 185.23201798
379.87062937 120.79645355
381.86863137 135.28196803
309.44105894 235.18206793
418.83166833 170.74650350
447.30319680 289.12812188
282.96753247 67.34990010
283.46703297 77.83941059
304.44605395 77.33991009
311.93856144 76.34090909
316.93356643 68.34890110
310.93956044 63.85339660
295.45504496 49.36788212
258.99150849 33.88336663
247.00349650 32.88436563
206.04445554 11.90534466
288.96153846 22.39485514
331.91858142 16.40084915
326.92357642 11.40584416
337.41308691 10.90634366
343.90659341 13.90334665
387.86263736 18.39885115
378.87162837 17.89935065
369.38111888 12.40484515
366.88361638 19.89735265
359.89060939 10.90634366
404.84565435 13.90334665
404.84565435 25.39185814
396.85364635 20.39685315
389.86063936 29.38786214
492.75774226 51.86538462
486.76373626 46.87037962
482.76773227 48.86838162
475.27522478 55.36188811
486.26423576 65.85139860
477.27322677 67.34990010
474.27622378 66.85039960
464.78571429 78.33891109
470.77972028 74.84240759
478.27222777 73.84340659
467.28321678 86.33091908
474.27622378 17.89935065
461.28921079 116.30094905
460.29020979 123.79345654
469.28121878 127.28996004
468.28221778 113.30394605
484.26623377 123.29395604
497.75274725 122.29495504
350.40009990 118.79845155
353.39710290 86.83041958
360.88961039 81.83541459
354.39610390 76.84040959
341.40909091 84.33291708
345.40509491 79.33791209
328.92157842 79.33791209
323.42707293 83.83341658
312.43806194 86.83041958
294.95554446 60.35689311
315.43506494 54.36288711
313.93656344 43.87337662
293.45704296 72.84440559
419.33116883 109.80744256
414.33616384 100.81643357
424.32617383 95.82142857
422.32817183 88.32892108
411.33916084 90.32692308
399.35114885 94.32292707
400.84965035 103.81343656
386.36413586 93.32392607
389.36113886 88.82842158
391.85864136 95.32192807
381.36913087 86.33091908
369.88061938 85.33191808
360.88961039 86.83041958
430.32017982 109.80744256
431.31918082 102.81443556
419.33116883 118.29895105
425.82467532 125.29195804
435.81468531 106.31093906
437.31318681 96.82042957
445.80469530 96.32092907
448.30219780 81.33591409
451.79870130 72.84440559
447.80269730 74.84240759
443.80669331 70.34690310
449.80069930 62.85439560
495.25524476 35.38186813
485.76473526 26.39085914
470.28021978 93.32392607
412.83766234 169.24800200
414.83566434 178.73851149
404.84565435 183.23401598
421.32917083 191.22602398
491.75874126 59.85739261
487.76273726 55.36188811
478.77172827 60.35689311
343.90659341 218.69855145
346.40409590 208.20904096
203.54695305 310.60664336
350.40009990 283.63361638
383.36713287 273.64360639
411.83866134 274.14310689
405.84465534 280.63661339
418.83166833 253.66358641
393.85664336 215.20204795
327.42307692 238.67857143
414.33616384 58.85839161
379.87062937 96.32092907
363.88661339 91.82542458
355.39510490 87.32992008
345.40509491 86.33091908
345.90459540 86.33091908
345.90459540 86.33091908
345.90459540 86.33091908
349.40109890 112.30494505
349.40109890 117.29995005
346.40409590 90.82642358
350.40009990 83.33391608
351.89860140 82.33491508
353.39710290 81.33591409
353.39710290 81.33591409
353.89660340 81.33591409
353.39710290 90.82642358
351.89860140 107.30994006
359.89060939 147.76948052
377.87262737 175.24200799
382.36813187 146.77047952
403.59690310 312.10514486
530.96953047 269.64760240
534.96553447 258.65859141
523.97652348 260.15709291
511.48901099 262.65459540
513.98651349 249.66758242
592.40809191 243.17407592
609.89060939 239.67757243
603.89660340 233.68356643
635.36513487 238.17907093
657.84265734 239.17807193
650.84965035 228.18906094
650.84965035 264.65259740
655.84465534 275.14210789
630.37012987 314.60264735
657.84265734 315.10214785
675.82467532 311.10614386
518.48201798 307.60964036
454.54595405 121.29595405
551.94855145 127.28996004
559.44105894 116.80044955
543.95654346 111.80544456
546.95354645 102.31493506
517.48301698 24.39285714
511.48901099 29.38786214
506.49400599 25.89135864
506.99350649 37.87937063
503.49700300 34.38286713
510.49000999 47.86938062
514.98551449 46.87037962
510.98951049 58.85839161
499.50099900 51.86538462
495.00549451 39.87737263
495.00549451 48.36888112
540.95954046 59.35789211
546.45404595 58.35889111
543.95654346 46.87037962
539.96053946 37.37987013
536.46403596 24.39285714
531.96853147 32.38486513
527.47302697 24.39285714
531.46903097 17.89935065
519.98051948 11.40584416
535.96453546 14.40284715
524.97552448 31.88536464
520.97952048 54.36288711
526.97352647 51.86538462
532.96753247 47.36988012
527.97252747 46.87037962
552.44805195 47.86938062
528.97152847 93.32392607
524.47602398 71.34590410
538.46203796 68.34890110
530.96953047 61.35589411
553.94655345 139.77747253
543.95654346 141.27597403
557.94255744 150.26698302
561.43906094 124.79245754
567.93256743 121.79545455
571.92857143 155.76148851
583.91658342 159.25799201
581.41908092 149.76748252
588.41208791 141.27597403
597.40309690 128.78846154
592.40809191 123.29395604
610.88961039 120.79645355
614.38611389 127.78946054
634.86563437 135.78146853
657.34315684 131.78546454
660.34015984 122.79445554
673.32717283 133.78346653
674.32617383 126.29095904
679.32117882 121.29595405
663.83666334 146.77047952
654.84565435 142.77447552
661.83866134 137.27997003
666.33416583 152.76448551
651.84865135 164.25299700
641.35914086 164.25299700
627.37312687 181.23601399
629.37112887 172.74450549
620.38011988 169.74750250
607.89260739 164.25299700
580.91958042 213.20404595
593.40709291 258.15909091
578.42207792 268.14910090
599.90059940 275.14210789
552.94755245 255.16208791
572.42807193 281.13611389
578.42207792 302.61463536
582.41808192 320.09715285
619.38111888 264.65259740
694.30619381 220.69655345
689.31118881 212.70454545
734.26623377 259.15809191
727.77272727 273.14410589
757.74275724 261.15609391
805.19530470 218.19905095
780.22027972 205.71153846
780.71978022 193.22402597
796.20429570 197.22002997
789.21128871 191.22602398
822.67782218 194.22302697
831.66883117 187.72952048
829.67082917 145.77147852
834.16633367 254.66258741
820.67982018 249.66758242
647.35314685 128.78846154
645.85464535 118.79845155
552.44805195 20.89635365
565.43506494 18.39885115
578.42207792 19.89735265
580.42007992 31.38586414
573.92657343 23.89335664
595.90459540 16.90034965
602.89760240 20.89635365
607.89260739 25.89135864
595.40509491 28.38886114
597.90259740 36.38086913
587.91258741 36.38086913
606.39410589 33.88336663
614.38611389 32.38486513
623.37712288 33.88336663
639.86063936 20.89635365
632.36813187 22.39485514
643.35714286 30.88636364
638.86163836 37.87937063
635.36513487 34.38286713
588.41208791 46.87037962
567.93256743 82.83441558
574.42607393 79.83741259
581.41908092 78.83841159
569.93056943 73.34390609
576.42407592 70.34690310
586.91358641 82.83441558
594.40609391 82.33491508
596.90359640 87.82942058
602.39810190 90.32692308
608.39210789 85.33191808
602.89760240 76.84040959
615.38511489 79.33791209
615.38511489 85.83141858
625.87462537 81.33591409
631.86863137 80.83641359
634.86563437 78.83841159
645.85464535 91.82542458
653.84665335 95.82142857
657.34315684 88.32892108
666.33416583 87.82942058
670.33016983 91.32592408
684.31618382 90.82642358
690.31018981 99.31793207
675.32517483 103.31393606
676.82367632 110.30694306
699.80069930 113.80344655
663.33716284 115.30194805
650.84965035 105.31193806
656.34415584 104.81243756
662.33816184 107.80944056
612.88761239 105.81143856
623.87662338 109.30794206
627.87262737 90.32692308
634.86563437 87.82942058
612.38811189 93.82342657
620.87962038 91.82542458
625.37512488 21.89535465
628.87162837 26.39085914
666.83366633 70.34690310
659.84065934 67.34990010
721.77872128 130.28696304
721.77872128 140.77647353
727.27322677 142.27497502
733.26723277 130.78646354
740.75974026 136.28096903
742.75774226 140.27697303
759.24125874 137.27997003
770.23026973 143.27397602
779.22127872 153.26398601
784.21628372 143.27397602
774.22627373 159.25799201
800.69980020 138.77847153
797.20329670 130.28696304
812.68781219 153.26398601
808.69180819 163.25399600
801.69880120 186.23101898
694.30619381 188.72852148
692.80769231 176.24100899
700.30019980 171.24600400
704.29620380 163.25399600
680.81968032 144.77247752
681.31918082 152.26498501
715.78471528 184.23301698
707.79270729 178.73851149
699.80069930 88.32892108
711.78871129 90.32692308
715.78471528 83.83341658
723.27722278 80.83641359
713.28721279 77.33991009
720.77972028 71.84540460
712.28821179 66.85039960
704.29620380 77.83941059
697.80269730 76.84040959
703.29720280 71.34590410
703.79670330 63.35389610
697.30319680 62.35489510
694.80569431 54.36288711
686.81368631 53.36388611
682.81768232 45.37187812
692.30819181 45.37187812
654.84565435 70.34690310
663.83666334 22.89435564
692.80769231 19.89735265
703.29720280 16.90034965
697.80269730 12.40484515
700.30019980 23.89335664
693.80669331 26.89035964
685.31518482 25.89135864
674.82567433 26.89035964
682.31818182 22.39485514
681.81868132 15.40184815
688.31218781 32.88436563
695.80469530 34.38286713
741.25924076 62.35489510
765.23526474 53.86338661
757.74275724 53.36388611
755.24525475 47.86938062
749.25124875 52.86438561
749.25124875 63.35389610
755.24525475 65.35189810
761.73876124 62.35489510
767.73276723 67.84940060
776.72377622 66.85039960
782.71778222 53.36388611
779.72077922 39.37787213
785.71478521 39.37787213
789.71078921 52.86438561
787.21328671 48.36888112
798.70179820 33.88336663
799.20129870 42.37487512
809.69080919 36.38086913
810.19030969 48.36888112
797.70279720 54.36288711
824.17632368 60.85639361
810.19030969 60.85639361
803.69680320 60.85639361
804.19630370 70.34690310
832.66783217 83.83341658
810.19030969 87.32992008
796.70379620 95.82142857
797.20329670 83.33391608
824.17632368 102.31493506
757.74275724 112.80444555
756.24425574 106.81043956
762.23826174 98.81843157
756.74375624 90.82642358
720.77972028 109.80744256
673.32717283 184.23301698
636.86363636 172.24500500
778.72177822 24.89235764
775.72477522 14.40284715
787.21328671 9.40784216
783.21728272 10.90634366
736.76373626 17.89935065
710.78971029 18.39885115
675.82467532 28.38886114
707.79270729 57.35989011
731.26923077 57.85939061
727.27322677 64.85239760
741.75874126 76.34090909
762.23826174 72.34490509
732.76773227 71.34590410
743.75674326 91.82542458
740.26023976 86.33091908
731.76873127 125.29195804
740.75974026 123.29395604
741.75874126 114.30294705
653.34715285 179.23801199
688.31218781 142.27497502
796.70379620 291.12612388
615.38511489 527.80619381
592.40809191 549.78421578
499.50099900 466.86713287
500.50000000 421.91208791
514.48601399 399.93406593
511.48901099 377.95604396
503.49700300 341.99200799
505.49500500 336.99700300
510.49000999 327.00699301
495.50499500 355.97802198
942.05844156 319.01498501
947.05344655 295.03896104
911.83866134 258.65859141
913.33716284 245.67157842
914.83566434 271.14610390
902.34815185 271.14610390
892.85764236 268.14910090
870.38011988 276.14110889
873.87662338 318.59865135
850.40009990 309.10814186
926.82367632 276.64060939
931.81868132 263.65359640
918.33216783 171.24600400
906.34415584 169.74750250
901.34915085 159.75749251
913.33716284 158.75849151
921.82867133 153.76348651
924.32617383 144.77247752
930.81968032 154.76248751
935.81468531 166.75049950
927.82267732 168.24900100
924.32617383 183.23401598
931.81868132 181.23601399
940.31018981 184.73251748
924.82567433 193.22402597
916.33416583 187.23001998
904.84565435 179.73751249
907.84265734 187.23001998
878.37212787 178.73851149
850.40009990 196.22102897
848.90159840 184.73251748
832.41808192 166.75049950
833.91658342 200.21703297
833.41708292 192.22502498
891.85864136 204.71253746
903.34715285 208.70854146
901.34915085 221.69555445
881.36913087 221.19605395
865.38511489 219.19805195
876.37412587 224.69255744
922.82767233 212.20504496
912.83766234 219.69755245
913.83666334 204.21303696
905.84465534 197.22002997
947.30319680 169.74750250
950.79970030 159.75749251
944.80569431 149.76748252
955.79470529 152.76448551
963.28721279 138.27897103
957.29320679 141.77547453
953.79670330 133.78346653
958.79170829 125.29195804
967.78271728 118.29895105
972.27822178 124.79245754
975.77472527 136.28096903
977.77272727 130.78646354
971.27922078 151.76548452
978.27222777 166.75049950
969.28121878 166.75049950
965.28521479 156.76048951
967.28321678 158.25899101
961.78871129 158.75849151
962.28821179 165.75149850
956.79370629 169.74750250
972.27822178 178.23901099
967.28321678 193.72352647
979.77072927 193.22402597
986.26423576 196.72052947
990.75974026 191.22602398
997.75274725 196.22102897
997.75274725 206.71053946
966.78371628 206.71053946
947.80269730 203.71353646
943.80669331 191.72552448
955.79470529 186.73051948
959.29120879 178.23901099
933.81668332 191.22602398
937.31318681 195.72152847
939.31118881 204.21303696
956.29420579 196.22102897
982.76773227 210.20704296
992.25824176 224.69255744
993.25724276 242.17507493
986.76373626 256.16108891
965.78471528 250.16708292
962.28821179 241.17607393
967.28321678 238.17907093
955.29520480 228.18906094
949.30119880 244.67257742
998.25224775 265.65159840
942.80769231 283.13411588
947.80269730 256.16108891
957.29320679 255.16208791
866.38411588 240.67657343
797.45304695 260.15709291
789.46103896 260.65659341
719.53096903 236.18106893
713.03746254 222.19505495
728.52197802 220.69655345
978.27222777 118.29895105
972.27822178 112.30494505
967.28321678 89.32792208
959.29120879 92.32492507
968.78171828 76.34090909
969.78071928 53.86338661
968.28221778 65.35189810
965.78471528 63.35389610
977.27322677 21.89535465
983.26723277 11.90534466
970.28021978 13.40384615
967.78271728 23.89335664
963.78671329 18.89835165
973.27722278 30.88636364
979.27122877 40.87637363
973.27722278 42.87437562
969.78071928 36.38086913
962.78771229 39.87737263
970.77972028 52.36488511
963.28721279 52.36488511
953.29720280 51.36588412
946.80369630 53.86338661
946.80369630 46.87037962
952.29820180 42.37487512
960.29020979 46.37087912
947.80269730 39.87737263
951.29920080 34.38286713
956.29420579 35.88136863
943.80669331 32.38486513
947.80269730 29.38786214
946.30419580 25.89135864
933.31718282 19.39785215
925.32517483 20.89635365
919.33116883 18.89835165
916.33416583 24.39285714
906.34415584 17.39985015
907.84265734 26.39085914
903.34715285 34.88236763
907.34315684 31.88536464
910.83966034 35.88136863
913.33716284 29.38786214
922.32817183 31.38586414
929.32117882 28.38886114
935.31518482 28.88836164
931.81868132 33.88336663
928.82167832 39.87737263
929.82067932 48.86838162
936.31418581 41.87537463
937.81268731 33.88336663
925.32517483 50.86638362
940.80969031 50.86638362
938.81168831 46.37087912
939.81068931 58.85839161
942.80769231 62.35489510
961.78871129 57.35989011
907.34315684 57.35989011
910.83966034 52.86438561
902.84765235 49.36788212
896.85364635 46.37087912
896.35414585 41.87537463
898.35214785 29.38786214
884.86563437 33.38386613
879.37112887 29.88736264
860.88961039 14.90234765
854.39610390 22.39485514
847.90259740 18.89835165
840.90959041 15.40184815
849.90059940 12.90434565
865.88461538 24.89235764
862.38811189 22.39485514
858.39210789 30.88636364
853.39710290 29.88736264
849.90059940 27.38986014
848.90159840 33.38386613
846.90359640 45.37187812
838.41208791 41.87537463
842.40809191 39.87737263
836.91358641 51.86538462
858.89160839 50.36688312
865.38511489 50.86638362
874.87562438 51.86538462
883.86663337 47.36988012
884.86563437 43.37387612
879.37112887 58.35889111
873.37712288 62.85439560
865.88461538 60.35689311
860.39010989 60.35689311
849.90059940 54.36288711
849.40109890 63.85339660
856.39410589 62.35489510
870.87962038 75.34190809
880.86963037 84.83241758
887.86263736 82.83441558
889.36113886 109.80744256
821.92857143 33.88336663
819.93056943 11.90534466
826.92357642 13.40384615
819.93056943 22.89435564
807.44305694 80.83641359
819.93056943 83.33391608
839.41108891 84.83241758
844.90559441 84.83241758
852.89760240 86.83041958
855.39510490 80.33691309
862.38811189 77.83941059
852.89760240 70.84640360
856.39410589 43.87337662
866.88361638 87.32992008
859.89060939 85.33191808
849.90059940 96.32092907
855.39510490 93.32392607
841.40909091 106.31093906
844.90559441 119.29795205
836.91358641 113.80344655
854.39610390 115.30194805
860.39010989 103.81343656
870.38011988 98.81843157
873.87662338 88.82842158
879.87062937 92.32492507
885.86463536 100.81643357
892.35814186 96.82042957
891.85864136 87.82942058
897.35314685 109.30794206
904.34615385 113.80344655
914.83566434 116.80044955
919.83066933 109.80744256
920.82967033 104.31293706
930.81968032 97.31993007
936.81368631 91.82542458
928.32217782 118.29895105
943.30719281 121.79545455
935.81468531 131.28596404
932.31818182 138.27897103
931.31918082 145.27197802
924.32617383 130.28696304
909.34115884 125.79145854
915.83466533 128.78846154
965.28521479 218.19905095
765.48501499 122.29495504
762.48801199 172.74450549
744.50599401 163.25399600
747.00349650 156.76048951
878.87162837 208.70854146
728.27222777 9.32467532
720.28021978 6.32767233
707.29320679 6.32767233
878.12237762 9.32467532
871.12937063 3.33066933
864.13636364 4.32967033
856.14435564 6.32767233
317.68281718 12.32167832
