42.72884238 614.66461151
64.64665060 614.08013662
79.84299763 607.06643799
75.02107983 592.01620968
62.01651362 581.64178046
50.18089718 590.40890375
27.24025791 585.44086722
15.98911636 569.66004530
2.25395654 582.95684895
69.03021225 562.20799051
31.62381955 535.76050192
60.84756384 532.25365261
59.97085151 541.02077589
50.03477846 519.68744256
65.96171909 520.41803617
7.80646795 523.92488548
33.52336293 517.05730557
171.89779215 545.25821882
161.23112549 538.39063891
183.29505243 535.02990831
195.42290631 569.07557041
205.79733553 578.57328731
202.43660494 524.80159781
181.83386521 505.22168914
151.00281499 522.31757955
168.68318028 505.36780786
113.15806613 493.23995398
97.08500677 509.45913206
69.03021225 500.10753388
59.82473279 496.74680329
51.64208439 500.69200877
26.07130814 503.17602704
11.60555471 498.64634667
21.97998394 487.10296767
55.29505243 488.71027361
80.42747252 482.57328731
84.37267800 503.32214576
123.09413919 486.22625535
134.92975562 496.30844713
141.35897937 485.49566174
175.84299763 492.21712293
185.19459581 492.21712293
200.68318028 506.09840146
206.82016658 496.01620968
214.12610266 530.79246539
96.50053188 491.63264804
164.88409352 486.22625535
182.27222138 483.59611836
34.10783782 484.03447452
22.41834010 522.90205443
10.87496110 455.05734899
25.48683325 455.20346771
41.70601133 453.01168689
49.01194741 458.41807959
62.45486978 443.36785128
50.91149078 441.32218918
37.32244969 443.66008872
30.30875106 433.57789694
22.41834010 437.81533986
6.92975562 443.51397000
1.52336293 393.83360470
7.95258667 380.24456360
22.71057754 354.38154991
12.19002960 362.56419831
12.04391088 355.84273712
4.00738120 358.76511155
52.22655928 354.38154991
43.89779215 354.52766863
42.72884238 358.76511155
46.82016658 347.95232616
37.03021225 365.04821657
30.60098850 361.10301109
53.39550905 341.52310242
62.30875106 338.60072799
46.96628530 337.43177822
15.25852275 333.48657274
4.29961864 351.75141292
26.65578302 349.26739466
67.56902503 344.15323940
81.30418485 338.74684671
66.69231270 370.45460927
62.16263234 370.89296543
70.49139946 373.81533986
76.77450448 372.79250881
68.15349992 386.81990607
93.57815745 379.36785128
87.14893371 373.81533986
92.84756384 355.84273712
108.62838576 355.98885584
112.13523508 374.25369603
105.99824878 385.65095630
119.29505243 375.71488324
130.40007526 378.78337639
120.61012092 408.59159557
114.91149078 423.20346771
82.76537206 437.08474625
91.38637663 459.29479192
106.29048622 453.15780561
116.22655928 451.40438096
114.61925334 441.32218918
128.93888804 427.87926680
136.24482412 440.00712068
140.48226704 462.21716634
152.61012092 458.12584214
155.97085151 445.55963210
173.21286065 444.53680105
179.64208439 438.69205219
185.77907069 444.24456360
185.92518941 427.58702936
178.32701590 412.39068233
160.50053188 431.53223484
142.23569170 424.22629876
146.76537206 388.57333073
161.08500677 382.29022571
129.96171909 407.56876452
127.47770083 391.64182388
139.02107983 368.99342205
148.51879672 373.52310242
155.67861407 371.03908415
146.91149078 364.60986041
136.39094284 368.26282845
104.53706156 344.00712068
117.39550905 335.53223484
134.19916202 340.35415265
137.26765517 345.32218918
148.66491544 344.73771429
138.72884238 354.67378735
153.92518941 358.47287411
160.79276932 349.12127593
153.34071453 343.86100196
174.52792914 351.75141292
171.02107983 368.26282845
179.64208439 465.13954077
215.44117115 432.40894717
218.36354558 407.13040835
174.23569170 339.03908415
190.01651362 340.35415265
192.93888804 336.11670972
198.19916202 333.34045402
204.48226704 334.21716634
210.03477846 340.93862753
212.08044056 350.58246315
198.34528074 353.79707502
189.87039489 354.38154991
217.92518941 360.37241749
215.14893371 371.91579648
200.09870540 371.76967776
193.81560037 372.35415265
40.82929900 401.28565950
71.36811179 408.73771429
91.82473279 404.20803392
159.76993827 332.46374169
137.70601133 333.04821657
28.11697024 303.67835356
22.85669626 305.13954077
26.21742686 314.19890150
25.48683325 326.47287411
20.22655928 327.20346771
19.05760951 320.62812525
12.33614832 320.33588781
1.66948165 302.65552251
1.66948165 307.33132160
60.26308896 319.60529420
63.62381955 311.86100196
65.66948165 302.07104762
86.56445882 323.25826224
60.84756384 329.10301109
70.19916202 327.78794260
131.42290631 327.20346771
161.23112549 317.85186954
173.50509809 324.86556817
184.61012092 326.18063666
192.06217572 322.81990607
179.93432183 319.31305676
134.92975562 313.90666406
109.50509809 303.97059100
112.71970996 297.10301109
102.05304330 300.75597913
114.47313462 288.92036269
101.90692457 308.93862753
112.42747252 315.66008872
104.97541772 322.96602479
128.35441316 293.74228050
136.97541772 292.57333073
139.75167343 284.09844488
145.59642229 285.85186954
149.10327161 282.05278278
145.88865973 277.37698370
136.82929900 268.17150424
123.67861407 271.67835356
117.39550905 274.89296543
110.23569170 281.90666406
109.50509809 273.13954077
118.71057754 264.95689237
109.65121681 263.20346771
101.76080585 263.05734899
115.49596567 255.89753164
104.53706156 251.22173255
103.36811179 254.58246315
101.03021225 249.17607045
202.87496110 322.81990607
15.69687891 249.17607045
23.44117115 243.47744032
30.30875106 249.02995173
3.42290631 293.30392434
25.04847709 297.24912981
70.78363690 254.29022571
58.94802046 303.67835356
50.91149078 319.02081931
53.97998394 331.73314808
139.60555471 254.29022571
126.89322594 253.12127593
146.47313462 255.60529420
166.92975562 278.25369603
188.99368257 280.15323940
191.62381955 289.94319374
195.71514375 285.85186954
206.96628530 272.11670972
203.45943599 264.81077365
211.34984695 265.54136726
191.03934467 269.48657274
199.36811179 258.38154991
204.62838576 247.27652708
192.35441316 249.76054534
184.17176476 248.44547685
218.36354558 254.43634443
98.54619398 319.89753164
129.81560037 263.05734899
145.15806613 262.91123027
152.46400220 263.05734899
49.45030357 246.39981475
173.50509809 314.49113895
158.01651362 307.33132160
154.50966430 299.29479192
139.60555471 307.91579648
140.77450448 313.61442662
132.00738120 305.57789694
120.46400220 355.69661840
126.89322594 361.97972342
192.35441316 351.75141292
213.39550905 339.03908415
219.82473279 341.23086497
224.20829444 333.34045402
212.08044056 317.55963210
219.38637663 312.44547685
173.35897937 278.10757730
175.40464147 272.70118461
213.10327161 257.79707502
226.54619398 293.15780561
225.52336293 303.23999739
228.44573736 303.97059100
225.66948165 308.20803392
226.98455015 370.74684671
228.29961864 347.22173255
26.80190174 235.29479192
21.68774649 233.24912981
33.23112549 232.37241749
44.19002960 235.58702936
47.25852275 226.08931246
52.22655928 222.43634443
60.70144512 219.36785128
53.83386521 216.00712068
78.82016658 217.76054534
64.64665060 238.50940379
67.71514375 224.18976908
74.14436750 205.92492890
51.49596567 195.69661840
4.88409352 215.42264580
4.88409352 209.57789694
20.66491544 210.74684671
29.72427617 207.67835356
14.52792914 235.29479192
8.68318028 227.69661840
2.83843142 232.37241749
21.83386521 216.00712068
14.82016658 198.32675539
45.79733553 178.74684671
96.64665060 241.13954077
115.20372823 233.39524854
132.15349992 248.73771429
134.05304330 238.80164123
129.08500677 243.18520287
126.45486978 245.81533986
139.02107983 212.35415265
122.50966430 219.07561383
121.77907069 227.11214351
96.79276932 212.50027137
95.47770083 212.93862753
115.49596567 239.53223484
192.79276932 206.50940379
187.24025791 216.00712068
207.40464147 174.07104762
205.65121681 179.91579648
213.97998394 219.07561383
211.78820311 212.35415265
192.06217572 227.98885584
181.24939033 228.71944945
227.86126247 250.49113895
222.74710722 251.07561383
224.64665060 236.90209785
227.86126247 229.01168689
201.26765517 207.09387867
209.74254101 199.64182388
225.96171909 203.87926680
226.98455015 211.47744032
203.89779215 201.83360470
205.79733553 196.57333073
193.81560037 173.48657274
180.08044056 173.48657274
201.26765517 158.43634443
192.06217572 158.14410698
198.78363690 155.07561383
207.40464147 156.39068233
226.69231270 152.59159557
226.10783782 161.79707502
192.06217572 187.36785128
211.64208439 148.64639009
201.26765517 149.37698370
215.44117115 149.37698370
120.17176476 218.05278278
196.88409352 205.48657274
194.40007526 218.34502023
203.45943599 220.68291977
210.61925334 229.88839922
216.46400220 211.47744032
225.23112549 191.89753164
223.76993827 191.31305676
220.99368257 181.52310242
209.88865973 243.91579648
58.36354558 186.49113895
62.16263234 181.23086497
45.06674193 193.06648141
68.00738120 178.45460927
72.68318028 196.28109329
72.09870540 207.67835356
343.66034923 454.60081483
352.71970996 446.12592898
367.03934467 449.92501574
377.85213005 444.95697921
365.87039489 424.79259565
357.10327161 432.39076916
344.24482412 427.71497008
335.76993827 430.34510706
331.38637663 432.39076916
327.29505243 447.29487875
287.84299763 450.80172807
292.22655928 432.97524405
269.72427617 449.04830341
263.29505243 453.13962761
291.05760951 422.74693355
321.15806613 425.37707053
320.57359124 416.31770980
319.98911636 395.86108880
342.19916202 412.81086049
355.93432183 413.39533537
382.23569170 402.29031254
366.45486978 379.78802944
394.80190174 384.46382852
417.59642229 353.19442213
418.18089718 362.83825775
426.07130814 366.05286962
423.44117115 378.03460478
433.08500677 358.16245866
443.60555471 365.46839473
447.98911636 374.23551802
455.00281499 376.86565501
463.76993827 395.27661391
456.17176476 400.24465044
438.63751818 396.44556368
435.42290631 404.92044953
427.24025791 402.87478743
433.37724421 419.24008423
439.51423051 418.07113446
449.74254101 412.22638560
446.52792914 446.41816642
402.10783782 448.75606597
412.62838576 451.67844040
394.50966430 431.51405684
413.50509809 416.02547236
407.66034923 414.27204770
363.53249535 408.13506140
270.30875106 403.16702487
288.13523508 401.70583766
292.51879672 408.13506140
459.97085151 360.20812076
456.75623964 353.77889702
457.04847709 349.10309793
466.10783782 342.08939930
474.87496110 343.25834907
483.64208439 343.25834907
443.31331727 352.31770980
435.71514375 337.99807510
442.72884238 336.53688789
447.98911636 339.16702487
452.66491544 337.12136277
464.93888804 331.56885136
436.59185608 322.50949063
431.91605699 320.17159108
452.66491544 325.13962761
458.80190174 323.97067784
461.43203873 315.78802944
452.66491544 318.41816642
445.94345425 316.08026688
470.78363690 314.03460478
473.12153645 321.04830341
469.90692457 304.39076916
473.70601133 306.14419382
468.15349992 323.97067784
483.64208439 320.46382852
480.71970996 329.52318926
493.28592001 313.45012989
502.92975562 320.46382852
496.20829444 339.45926231
496.50053188 332.73780113
492.40920768 328.93871437
504.97541772 329.81542670
504.39094284 342.08939930
508.19002960 344.13506140
511.11240403 340.04373720
484.81103416 347.64191072
490.07130814 343.84282396
515.49596567 335.07570067
535.07587435 348.51862305
523.97085151 343.25834907
519.00281499 347.93414816
508.19002960 351.14876003
483.64208439 359.03917099
480.42747252 366.92958195
496.50053188 370.14419382
550.85669626 355.82455912
554.94802046 350.56428515
559.91605699 352.31770980
556.99368257 343.84282396
565.76080585 343.25834907
550.56445882 374.52775547
566.05304330 379.49579200
554.94802046 401.12136277
531.27678759 389.13962761
518.71057754 399.66017556
512.86582868 389.72410250
485.39550905 413.97981026
495.91605699 413.39533537
504.68318028 411.93414816
478.38181042 452.55515273
485.39550905 460.15332624
501.46856841 447.58711620
439.51423051 444.08026688
471.07587435 413.97981026
485.97998394 402.29031254
470.78363690 375.40446779
483.64208439 379.78802944
482.76537206 337.41360021
511.11240403 332.44556368
542.67404786 307.02090615
550.27222138 299.13049519
561.96171909 307.31314359
568.09870540 304.09853172
564.88409352 295.03917099
552.31788348 285.68757282
542.67404786 283.34967327
537.70601133 292.40903400
538.29048622 296.50035821
540.04391088 300.00720752
527.47770083 282.47296094
523.38637663 290.94784679
525.43203873 302.92958195
532.15349992 310.52775547
538.58272366 317.24921665
546.18089718 317.83369154
544.13523508 328.06200204
554.94802046 324.26291528
592.64665060 303.51405684
213.32244969 378.61907967
590.01651362 430.34510706
577.45030357 429.17615729
568.68318028 423.62364588
550.85669626 432.97524405
545.01194741 449.92501574
539.75167343 458.69213903
561.08500677 458.69213903
561.66948165 417.19442213
541.50509809 417.48665957
533.03021225 428.59168241
530.10783782 420.11679656
532.73797480 412.81086049
525.13980129 416.90218469
512.28135380 439.98894268
503.51423051 430.63734451
541.50509809 385.92501574
562.25395654 391.18528971
576.28135380 387.67844040
583.87952731 387.67844040
587.67861407 390.30857738
597.32244969 402.29031254
586.50966430 405.50492442
579.20372823 408.42729884
613.97998394 397.61451346
597.03021225 379.20355455
604.92062320 371.31314359
523.38637663 364.29944496
535.66034923 370.72866871
565.76080585 362.83825775
573.94345425 354.36337190
589.72427617 353.19442213
583.00281499 359.03917099
580.37267800 338.29031254
572.77450448 335.36793811
512.86582868 376.57341757
505.85213005 371.31314359
540.04391088 347.93414816
544.42747252 344.13506140
534.49139946 333.90675090
522.21742686 325.13962761
514.91149078 328.35423948
521.92518941 336.53688789
559.33158211 321.04830341
567.22199307 326.30857738
577.45030357 328.35423948
582.71057754 318.41816642
587.09413919 311.98894268
584.17176476 297.96154542
579.20372823 292.99350889
635.60555471 378.61907967
656.93888804 408.13506140
590.30875106 423.33140843
686.16263234 412.81086049
675.34984695 422.45469610
706.03477846 400.24465044
706.91149078 382.41816642
694.34528074 376.57341757
680.31788348 391.76976460
688.20829444 387.67844040
670.38181042 387.09396551
664.53706156 383.29487875
652.55532640 390.01633994
655.76993827 375.98894268
660.73797480 373.94328058
676.51879672 372.77433081
682.07130814 371.31314359
686.45486978 352.31770980
689.66948165 335.66017556
628.00738120 371.89761848
646.41834010 370.14419382
638.52792914 369.26748149
635.60555471 364.88391985
646.12610266 362.83825775
682.94802046 363.42273263
660.44573736 364.88391985
619.53249535 335.66017556
608.42747252 327.18528971
624.50053188 324.55515273
627.13066887 327.18528971
632.97541772 332.73780113
658.69231270 328.93871437
678.56445882 336.82912533
517.83386521 307.02090615
514.32701590 287.73323492
503.80646795 283.64191072
494.45486978 286.85652259
492.70144512 282.18072350
479.55076019 282.47296094
488.90235836 292.99350889
473.41377389 295.03917099
455.29505243 307.89761848
439.80646795 304.39076916
463.47770083 302.92958195
491.82473279 300.00720752
512.57359124 247.40446779
526.30875106 247.69670524
537.99824878 243.60538104
557.87039489 240.97524405
488.90235836 247.98894268
504.39094284 246.52775547
499.42290631 239.80629428
488.61012092 240.97524405
481.88865973 239.80629428
473.70601133 240.09853172
501.76080585 236.00720752
514.91149078 236.29944496
529.52336293 233.66930798
545.88865973 229.57798378
551.73340859 225.77889702
559.91605699 225.48665957
540.33614832 226.65560935
570.14436750 233.08483309
575.98911636 239.80629428
577.74254101 250.91131711
559.91605699 248.86565501
580.66491544 237.46839473
591.76993827 243.60538104
602.29048622 238.92958195
606.96628530 243.02090615
522.50966430 221.97981026
528.64665060 210.87478743
531.86126247 217.88848606
520.17176476 214.67387419
507.89779215 214.96611163
505.26765517 212.33597464
497.96171909 213.50492442
488.61012092 226.65560935
483.34984695 224.31770980
502.92975562 225.77889702
510.23569170 228.11679656
515.20372823 226.94784679
498.25395654 233.66930798
561.66948165 217.59624862
551.44117115 218.47296094
573.65121681 216.42729884
584.46400220 219.05743583
587.97085151 209.70583766
623.03934467 226.36337190
613.97998394 222.56428515
628.29961864 240.39076916
646.41834010 313.74236734
644.66491544 305.55971894
460.84756384 220.51862305
465.81560037 228.11679656
472.53706156 222.56428515
476.92062320 226.94784679
492.40920768 215.25834907
687.33158211 297.66930798
699.89779215 301.76063218
686.45486978 316.37250432
675.34984695 314.91131711
417.30418485 271.95241300
424.31788348 270.19898834
432.50053188 271.36793811
429.28592001 265.81542670
428.11697024 253.24921665
417.59642229 262.60081483
415.55076019 247.69670524
426.07130814 234.83825775
434.83843142 232.20812076
443.31331727 242.43643126
459.67861407 233.66930798
448.28135380 233.66930798
446.23569170 234.25378286
446.52792914 222.56428515
443.02107983 224.02547236
454.71057754 225.19442213
458.21742686 209.99807510
464.64665060 210.58254999
470.49139946 209.70583766
469.32244969 215.25834907
478.96628530 209.70583766
476.62838576 213.50492442
483.34984695 212.33597464
489.77907069 205.61451346
495.03934467 208.24465044
500.59185608 205.61451346
505.55989261 204.15332624
512.57359124 198.89305227
520.17176476 200.35423948
527.18546339 203.27661391
531.56902503 199.18528971
539.45943599 199.18528971
560.20829444 196.26291528
558.74710722 205.32227601
566.92975562 204.15332624
566.63751818 209.41360021
573.35897937 204.44556368
544.42747252 209.41360021
535.07587435 214.08939930
488.61012092 196.26291528
465.52336293 204.44556368
469.61468713 201.81542670
461.43203873 204.44556368
460.26308896 200.64647693
464.93888804 193.92501574
457.04847709 193.92501574
481.01194741 203.27661391
452.08044056 215.25834907
444.48226704 216.13506140
434.83843142 210.58254999
441.85213005 208.24465044
431.33158211 221.10309793
435.42290631 216.71953629
437.17633097 227.24008423
440.68318028 231.62364588
411.75167343 224.02547236
417.88865973 228.99350889
421.39550905 221.97981026
410.58272366 230.74693355
400.93888804 228.40903400
396.84756384 228.40903400
400.06217572 214.96611163
406.49139946 216.42729884
394.21742686 216.13506140
411.16719855 200.93871437
416.71970996 209.99807510
414.67404786 208.53688789
417.59642229 207.07570067
422.85669626 202.98437647
433.37724421 198.89305227
440.68318028 201.81542670
447.11240403 199.18528971
432.20829444 205.61451346
423.73340859 193.92501574
429.28592001 194.21725318
435.71514375 192.75606597
450.32701590 194.50949063
469.61468713 194.21725318
522.21742686 226.94784679
407.07587435 271.07570067
396.26308896 271.36793811
393.34071453 264.93871437
404.15349992 258.80172807
391.58728987 247.69670524
398.89322594 238.34510706
399.47770083 251.78802944
392.46400220 203.27661391
388.08044056 202.69213903
391.87952731 200.06200204
388.95715288 212.33597464
385.15806613 205.90675090
381.35897937 210.58254999
383.40464147 200.35423948
388.08044056 230.45469610
379.60555471 225.48665957
380.19002960 218.76519839
382.23569170 233.37707053
381.35897937 262.30857738
374.92975562 268.73780113
371.71514375 263.47752715
364.70144512 262.01633994
362.07130814 266.69213903
360.02564604 271.66017556
360.90235836 276.33597464
369.37724421 253.54145410
358.56445882 252.95697921
365.28592001 247.40446779
371.71514375 242.43643126
353.88865973 256.17159108
623.33158211 360.20812076
369.37724421 259.38620295
367.33158211 231.03917099
362.36354558 216.71953629
354.47313462 222.85652259
336.93888804 233.66930798
345.12153645 229.57798378
335.18546339 258.50949063
338.10783782 272.53688789
348.92062320 271.95241300
343.07587435 266.10766414
330.21742686 260.84739017
330.50966430 249.15789245
319.11240403 255.58711620
328.17176476 273.99807510
323.78820311 271.66017556
316.48226704 281.01177373
312.97541772 288.90218469
307.71514375 295.62364588
291.93432183 302.92958195
301.28592001 300.88391985
267.67861407 371.60538104
267.97085151 353.77889702
269.72427617 339.16702487
265.63295197 330.10766414
271.47770083 322.80172807
264.46400220 321.04830341
275.27678759 312.28118012
279.95258667 310.52775547
284.62838576 297.66930798
272.64665060 302.63734451
262.71057754 309.35880569
257.74254101 309.35880569
264.75623964 299.42273263
293.39550905 283.34967327
299.82473279 287.73323492
307.71514375 282.18072350
299.82473279 273.99807510
300.11697024 279.55058652
287.84299763 274.58254999
286.96628530 282.18072350
294.27222138 267.86108880
275.27678759 272.82912533
264.46400220 274.29031254
259.20372823 268.44556368
277.61468713 267.27661391
258.32701590 263.47752715
257.74254101 256.17159108
271.76993827 238.34510706
264.17176476 247.69670524
260.66491544 235.71497008
260.08044056 226.65560935
273.23112549 224.02547236
285.79733553 224.60994725
296.02564604 225.19442213
313.55989261 230.74693355
316.77450448 244.77433081
317.35897937 237.17615729
326.12610266 241.26748149
310.34528074 245.35880569
304.20829444 254.71040387
310.63751818 260.55515273
305.66948165 264.93871437
312.39094284 276.92044953
315.89779215 273.70583766
385.45030357 248.86565501
351.25852275 229.28574633
340.73797480 239.80629428
376.39094284 209.99807510
378.43660494 202.69213903
374.92975562 197.13962761
351.84299763 198.30857738
356.81103416 212.62821209
267.09413919 211.45926231
259.20372823 205.32227601
263.87952731 201.52318926
275.27678759 199.18528971
272.06217572 205.32227601
276.15349992 211.45926231
284.62838576 200.35423948
287.84299763 213.50492442
297.48683325 213.50492442
305.66948165 208.53688789
310.05304330 212.33597464
315.89779215 219.34967327
307.42290631 223.14876003
331.67861407 207.95241300
328.75623964 221.97981026
323.20372823 216.13506140
319.40464147 212.04373720
326.71057754 208.24465044
318.52792914 195.38620295
312.68318028 198.89305227
335.47770083 193.04830341
335.18546339 228.40903400
350.96628530 209.70583766
341.61468713 221.10309793
342.49139946 209.99807510
341.61468713 194.21725318
363.53249535 201.81542670
275.56902503 423.91588332
335.47770083 206.19898834
301.57815745 197.72410250
292.81103416 205.90675090
556.70144512 285.10309793
641.45030357 380.66474177
288.13523508 236.00720752
291.93432183 238.63734451
358.85669626 219.34967327
420.81103416 282.47296094
484.51879672 286.85652259
310.92975562 202.98437647
330.50966430 202.69213903
342.49139946 201.52318926
267.67861407 208.82912533
557.87039489 214.96611163
602.29048622 204.44556368
324.95715288 231.91588332
321.45030357 230.74693355
284.33614832 243.60538104
275.13066887 553.52318926
314.87496110 501.50492442
339.42290631 499.16702487
289.15806613 486.89305227
296.17176476 479.29487875
235.38637663 499.16702487
344.53706156 494.72858187
319.69687891 482.16237182
332.55532640 471.93406132
315.02107983 467.25826224
275.86126247 471.34958644
282.58272366 461.12127593
294.85669626 461.99798826
242.54619398 475.14867319
208.93888804 472.51853621
227.34984695 460.82903849
225.30418485 444.46374169
249.55989261 449.13954077
254.23569170 436.28109329
257.15806613 420.50027137
375.80646795 464.62812525
390.12610266 464.92036269
380.48226704 477.77881018
373.76080585 475.14867319
367.03934467 485.96145858
357.10327161 485.37698370
376.39094284 502.61899283
388.08044056 497.35871886
404.15349992 492.09844488
419.93432183 487.42264580
405.32244969 474.56419831
411.45943599 469.88839922
436.29961864 484.20803392
404.44573736 523.07561383
431.33158211 543.23999739
407.07587435 576.26282845
359.14893371 573.92492890
433.96171909 570.41807959
350.67404786 561.06648141
469.61468713 547.91579648
473.99824878 597.88839922
504.39094284 552.59159557
550.85669626 580.06191520
566.34528074 568.37241749
544.13523508 565.45004306
310.63751818 493.55963210
297.19459581 501.74228050
295.44117115 492.68291977
442.72884238 470.76511155
450.03477846 467.25826224
492.70144512 478.65552251
528.93888804 487.42264580
538.58272366 485.37698370
546.47313462 479.82447228
547.34984695 499.11214351
523.67861407 505.24912981
521.92518941 525.41351338
552.02564604 523.66008872
558.74710722 520.15323940
549.68774649 514.30849055
571.89779215 526.87470059
601.12153645 515.76967776
600.24482412 554.34502023
607.25852275 555.80620744
557.87039489 559.60529420
608.71970996 524.24456360
592.06217572 502.61899283
571.89779215 490.05278278
547.64208439 470.18063666
507.60555471 478.36328507
467.56902503 475.73314808
453.24939033 497.94319374
439.22199307 511.09387867
428.70144512 515.76967776
431.62381955 532.71944945
451.49596567 533.30392434
445.06674193 530.96602479
470.19916202 521.61442662
479.25852275 513.72401566
416.42747252 514.30849055
412.33614832 397.70575082
572.19002960 436.28109329
537.41377389 585.90666406
419.05760951 476.60986041
487.14893371 357.37698370
483.34984695 535.93406132
483.64208439 523.66008872
494.16263234 522.78337639
602.58272366 481.87013438
608.42747252 461.99798826
578.32701590 383.38611612
479.55076019 490.05278278
487.14893371 493.26739466
549.97998394 543.82447228
495.33158211 584.73771429
293.39550905 544.70118461
231.44117115 545.28565950
261.24939033 511.67835356
159.55076019 466.67378735
224.71970996 407.05734899
240.20829444 375.49570516
246.05304330 358.54593347
236.11697024 351.82447228
223.25852275 354.16237182
256.86582868 372.86556817
220.92062320 397.99798826
165.10327161 474.56419831
362.07130814 417.57789694
519.29505243 359.42264580
620.99368257 580.35415265
617.77907069 566.32675539
630.92975562 550.54593347
622.74710722 544.11670972
637.35897937 530.08931246
660.15349992 594.96602479
723.27678759 606.65552251
716.26308896 601.68748598
753.66948165 602.56419831
739.64208439 609.57789694
728.82929900 588.53680105
726.19916202 577.72401566
801.30418485 588.53680105
638.82016658 480.40894717
609.59642229 490.63725767
703.11240403 503.78794260
733.50509809 467.55049968
782.60098850 493.26739466
799.25852275 491.80620744
805.10327161 499.98885584
791.66034923 521.61442662
815.62381955 530.08931246
806.27222138 542.07104762
831.69687891 477.19433529
850.40007526 465.21260013
854.78363690 477.77881018
868.81103416 483.33132160
836.95715288 531.25826224
842.21742686 466.08931246
847.47770083 412.02538552
860.33614832 405.88839922
777.34071453 392.44547685
765.35897937 386.30849055
755.13066887 385.72401566
763.60555471 357.37698370
743.14893371 367.31305676
799.25852275 382.50940379
791.95258667 370.81990607
782.30875106 360.29935813
779.09413919 358.83817091
830.23569170 375.78794260
848.93888804 399.45917548
847.76993827 392.73771429
858.29048622 386.01625310
870.27222138 371.40438096
886.05304330 530.08931246
817.66948165 488.00712068
775.29505243 517.81533986
705.74254101 540.02538552
592.35441316 511.67835356
918.49139946 588.24456360
899.49596567 595.84273712
891.89779215 562.52766863
832.28135380 299.42273263
869.68774649 287.73323492
868.81103416 281.88848606
880.20829444 272.82912533
900.95715288 283.93414816
908.55532640 276.62821209
929.30418485 286.27204770
934.85669626 274.87478743
947.13066887 278.38163674
967.29505243 283.34967327
926.96628530 248.57341757
924.92062320 238.05286962
906.50966430 237.17615729
931.05760951 228.99350889
939.24025791 226.65560935
944.79276932 228.99350889
853.03021225 393.23095181
746.07130814 338.29031254
755.13066887 336.82912533
767.69687891 324.26291528
859.45943599 334.19898834
867.34984695 328.93871437
864.42747252 342.08939930
876.99368257 349.39533537
850.10783782 354.36337190
851.27678759 348.51862305
836.37267800 369.55971894
802.47313462 289.48665957
808.31788348 274.58254999
797.50509809 270.78346323
822.63751818 276.62821209
810.07130814 263.18528971
842.50966430 269.03003857
833.74254101 268.73780113
852.73797480 308.48209336
867.34984695 271.07570067
853.61468713 268.73780113
867.64208439 248.57341757
873.48683325 252.37250432
882.25395654 260.55515273
854.78363690 261.13962761
865.30418485 261.13962761
846.60098850 228.99350889
838.71057754 246.52775547
807.14893371 242.43643126
896.28135380 187.49579200
900.08044056 171.13049519
935.44117115 184.28118012
936.31788348 180.18985592
940.40920768 197.43186505
927.25852275 201.23095181
938.65578302 155.34967327
929.59642229 162.36337190
758.34528074 270.19898834
752.50053188 270.49122578
749.87039489 272.24465044
756.00738120 269.03003857
678.56445882 323.09396551
656.35441316 323.67844040
684.11697024 338.29031254
703.69687891 372.48209336
752.50053188 371.02090615
754.83843142 391.76976460
764.48226704 394.10766414
748.70144512 239.22181939
731.16719855 259.09396551
765.94345425 304.68300661
552.61012092 165.57798378
534.19916202 180.18985592
532.44573736 177.55971894
525.72427617 183.98894268
523.67861407 177.55971894
517.54162777 174.34510706
514.03477846 173.76063218
516.66491544 185.45012989
570.72884238 190.71040387
560.79276932 189.24921665
548.51879672 192.46382852
543.84299763 191.29487875
540.62838576 189.83369154
534.49139946 188.08026688
590.01651362 235.42273263
629.46856841 248.86565501
857.99824878 224.90218469
907.09413919 219.64191072
943.91605699 316.08026688
944.20829444 366.92958195
964.08044056 359.33140843
944.50053188 384.46382852
878.74710722 396.15332624
573.35897937 164.40903400
547.34984695 305.26748149
528.64665060 240.09853172
582.41834010 186.91131711
516.66491544 164.40903400
524.26308896 158.56428515
531.86126247 159.73323492
527.76993827 164.40903400
531.27678759 167.33140843
518.41834010 169.66930798
546.18089718 163.53232168
542.67404786 161.19442213
812.11697024 214.96611163
731.75167343 275.45926231
695.51423051 279.84282396
555.53249535 311.11223035
806.27222138 217.01177373
366.74710722 207.56893819
369.66948165 202.89313911
230.56445882 198.21734002
235.53249535 194.41825326
251.31331727 198.80181491
248.09870540 201.43195189
238.45486978 202.30866422
235.82473279 197.63286513
248.97541772 185.06665509
253.65121681 187.98902952
265.04847709 186.52784230
270.60098850 189.45021673
258.61925334 195.00272815
267.38637663 196.46391536
264.46400220 195.58720303
289.30418485 190.32692906
288.13523508 180.09861856
294.27222138 180.68309344
304.79276932 178.05295646
300.11697024 204.06208888
240.79276932 176.88400669
252.19002960 159.93423500
250.14436750 152.62829892
264.17176476 157.30409801
266.21742686 164.61003408
262.41834010 163.73332175
272.64665060 156.71962312
282.87496110 156.42738568
289.88865973 156.42738568
296.02564604 156.42738568
299.82473279 158.47304778
272.93888804 173.66939481
280.82929900 170.45478294
284.62838576 166.36345874
275.56902503 167.24017107
263.00281499 169.87030806
267.09413919 151.75158660
337.81560037 176.59176924
339.56902503 180.97533089
330.80190174 185.65112997
320.86582868 188.57350440
310.92975562 183.89770532
310.05304330 185.65112997
364.99368257 190.03469162
374.05304330 192.37259116
386.03477846 187.98902952
379.60555471 179.51414367
376.09870540 180.09861856
386.03477846 183.89770532
392.17176476 178.05295646
387.49596567 173.66939481
392.46400220 170.16254550
388.08044056 165.77898386
393.04847709 164.61003408
383.40464147 166.07122130
388.66491544 158.47304778
381.06674193 158.47304778
237.87039489 241.76071902
241.08500677 239.71505691
252.48226704 244.09861856
248.39094284 252.57350440
240.79276932 265.72418933
232.61012092 282.67396102
241.37724421 280.04382404
253.06674193 276.82921217
254.52792914 260.46391536
264.17176476 268.64656376
249.26765517 237.66939481
243.42290631 230.36345874
239.33158211 230.36345874
231.44117115 232.99359573
427.53249535 280.04382404
449.74254101 300.20820760
442.14436750 299.03925783
508.19002960 295.53240851
541.79733553 292.31779664
241.66948165 208.15341308
236.70144512 218.67396102
232.61012092 215.45934915
238.16263234 213.41368705
246.34528074 213.41368705
229.97998394 216.04382404
295.44117115 117.85204322
308.88409352 113.17624413
410.29048622 159.34976011
405.61468713 171.03925783
407.36811179 175.71505691
396.84756384 181.26756833
398.01651362 164.90227153
398.89322594 192.66482860
406.49139946 186.23560486
412.33614832 189.15797929
420.22655928 185.65112997
407.07587435 194.41825326
426.36354558 181.85204322
424.90235836 167.82464596
421.97998394 166.94793363
426.36354558 162.56437198
436.29961864 165.19450897
436.00738120 171.33149527
441.55989261 160.51870988
443.31331727 164.90227153
454.12610266 169.57807061
442.43660494 182.43651810
458.50966430 173.66939481
462.01651362 166.36345874
464.35441316 159.93423500
461.43203873 154.67396102
457.34071453 157.01186057
453.24939033 161.68765965
476.33614832 171.62373271
473.99824878 176.88400669
479.25852275 168.99359573
458.80190174 187.11231719
451.49596567 187.11231719
457.34071453 181.85204322
452.95715288 183.89770532
446.23569170 176.00729436
486.56445882 186.82007975
485.97998394 177.17624413
471.95258667 183.02099299
487.14893371 171.33149527
485.39550905 159.05752267
491.24025791 159.05752267
480.42747252 153.21277381
436.00738120 154.08948614
191.11240403 213.41368705
239.91605699 305.46848157
444.48226704 122.52784230
418.76537206 121.06665509
429.57815745 119.89770532
427.82473279 115.80638112
418.47313462 114.92966879
405.32244969 110.54610714
394.50966430 119.60546787
391.87952731 107.91597016
343.36811179 124.86574185
334.60098850 121.06665509
332.55532640 112.00729436
344.24482412 114.63743134
325.24939033 109.37715737
368.20829444 105.28583317
427.53249535 97.68765965
473.99824878 124.86574185
477.79733553 117.26756833
467.86126247 115.80638112
488.31788348 109.96163226
502.34528074 113.76071902
488.61012092 115.22190623
478.96628530 106.45478294
470.49139946 105.87030806
457.63295197 101.48674641
449.74254101 101.48674641
444.19002960 102.07122130
439.22199307 96.51870988
448.86582868 96.51870988
457.63295197 96.81094733
471.36811179 96.81094733
479.25852275 96.81094733
500.88409352 106.74702039
295.44117115 126.32692906
327.87952731 123.11231719
461.13980129 129.24930349
464.93888804 133.04839025
469.03021225 135.67852723
478.67404786 135.67852723
425.19459581 130.71049070
541.21286065 119.89770532
547.05760951 124.28126696
311.51423051 148.53697472
357.97998394 163.44108431
354.76537206 171.62373271
339.27678759 169.57807061
346.87496110 167.82464596
334.30875106 161.97989710
339.27678759 156.42738568
373.46856841 159.05752267
370.54619398 168.40912084
369.37724421 176.29953180
375.22199307 171.33149527
372.29961864 165.19450897
378.14436750 166.36345874
364.99368257 173.08491993
362.65578302 156.42738568
366.16263234 195.00272815
337.23112549 216.04382404
330.21742686 145.03012541
303.33158211 164.90227153
291.34984695 173.66939481
393.34071453 151.16711171
401.23112549 149.99816194
424.61012092 152.62829892
502.92975562 132.17167792
105.77907069 241.99807510
285.21286065 175.07570067
248.39094284 306.87478743
244.59185608 301.32227601
248.68318028 301.32227601
239.62381955 310.38163674
27.16719855 196.70127145
231.44117115 237.61451346
220.62838576 231.47752715
292.22655928 231.47752715
305.08500677 229.13962761
302.74710722 224.17159108
333.43203873 220.95697921
390.71057754 259.82455912
792.39094284 404.48209336
818.69231270 460.59168241
814.60098850 469.94328058
777.77907069 455.33140843
769.59642229 474.03460478
470.92975562 445.39533537
421.83386521 433.12136277
705.30418485 434.87478743
837.39550905 278.81999291
127.25852275 469.94328058
95.69687891 468.77433081
107.38637663 464.68300661
76.40920768 467.02090615
5.10327161 476.95697921
13.28592001 476.95697921
496.06217572 463.51405684
511.84299763 468.77433081
565.61468713 123.93414816
554.36354558 279.55058652
649.63295197 328.64647693
735.84299763 346.18072350
427.24025791 173.46839473
580.66491544 178.14419382
763.02107983 325.72410250
626.54619398 349.97981026
654.01651362 348.81086049
654.89322594 342.96611163
642.91149078 352.02547236
677.39550905 349.39533537
582.12610266 247.11223035
469.90692457 247.11223035
584.46400220 125.83369154
766.82016658 344.13506140
529.81560037 121.74236734
528.64665060 111.22181939
321.30418485 452.99350889
304.93888804 450.07113446
79.91605699 426.69213903
541.80156874 108.71312734
541.80156874 102.06377669
543.84752279 96.94889157
534.64072958 95.41442604
524.41095935 94.90293753
512.13523508 106.15568478
508.04332698 102.06377669
498.32504527 95.92591455
490.65271759 97.97186860
518.27309721 130.19564482
510.08928103 135.82201845
526.45691340 133.26457589
538.73263767 133.77606440
505.48588443 146.56327719
580.67469562 113.31652394
559.70366665 117.40843203
552.03133897 116.38545501
564.81855176 103.59824222
565.33004027 99.50633413
559.70366665 96.94889157
552.03133897 95.92591455
585.27809222 12.55328718
599.08828203 20.73710336
555.61175855 16.13370676
545.38198832 22.27156890
532.08328702 22.78305741
536.17519512 15.62221825
524.41095935 16.64519527
510.08928103 17.15668378
499.85951080 16.13370676
484.51485546 13.06477569
478.37699332 12.55328718
476.33103927 22.78305741
452.29107923 19.71412634
447.17619412 19.71412634
446.15321709 16.13370676
452.29107923 14.08775271
434.38898133 15.62221825
423.13623408 17.15668378
416.48688343 17.15668378
409.83753278 13.57626420
404.72264766 17.66817229
397.05031999 23.29454592
396.02734297 13.57626420
392.95841190 18.69114932
377.61375656 19.71412634
382.21715316 14.08775271
362.26910121 18.69114932
353.57379652 16.13370676
341.29807224 15.11072974
323.90746285 20.22561485
300.89047983 14.59924122
294.75261769 17.15668378
286.05731300 22.27156890
267.13223807 19.71412634
136.95841190 22.27156890
105.24612419 21.24859187
179.92344686 20.22561485
191.68768263 19.20263783
214.19317713 20.73710336
236.69867164 19.20263783
122.63673358 201.80403643
125.70566465 203.84999047
127.24013018 210.49934112
132.35501530 216.12571475
131.33203827 220.72911135
139.00436595 201.80403643
133.37799232 195.15468578
107.29207823 195.15468578
110.87249781 190.55128918
63.81555476 192.59724322
57.67769262 200.26957089
54.60876155 206.40743303
48.47089941 203.84999047
46.93643388 206.91892154
763.27609422 575.47530547
764.81055975 593.37740337
780.66670361 593.88889188
749.46590441 583.65912165
749.46590441 563.71106970
729.51785246 538.64813264
719.28808223 563.19958119
704.45491540 560.13065012
665.58178852 463.97080996
657.90946085 490.56821256
690.13323707 445.04573504
696.27109921 440.95382694
697.29407624 424.58619458
660.46690341 431.74703374
671.20816215 434.81596481
666.09327703 439.93084992
677.85751280 439.41936141
688.59877154 465.50527550
684.50686345 481.87290786
668.65071959 490.56821256
666.09327703 507.44733344
689.11026005 528.41836241
750.48888143 535.06771306
750.48888143 515.11966111
714.68468563 499.26351725
706.50086944 493.63714363
797.54582449 467.03974103
790.38498533 452.20657420
746.39697334 378.04074003
732.58678353 363.20757320
698.82854177 363.71906171
692.69067963 366.78799278
690.64472559 346.83994083
700.87449582 344.28249827
687.57579452 401.05772305
663.53583448 400.03474603
647.67969062 407.70707370
639.49587444 402.59218858
636.42694337 342.23654423
645.12224806 333.02975102
855.85551480 604.99931131
789.36200830 607.04526535
886.54482549 609.09121940
870.17719312 601.93038024
897.79757274 570.21809253
871.20017014 423.93237824
832.07129901 263.18265781
839.74362668 260.11372674
805.47389642 256.53330716
872.47889142 231.98185861
881.68568463 247.32651395
898.56480551 259.09074972
972.73063967 211.52231815
1002.90846185 211.01082964
994.72464567 218.68315731
988.58678353 230.95888158
990.12124906 239.14269777
978.35701330 227.88995051
1015.69567464 236.07376670
1007.51185845 187.48235811
1009.55781250 179.81003043
1013.13823208 169.58026020
987.56380651 161.90793253
987.05231799 158.32751295
977.33403628 160.88495551
981.93743288 158.32751295
980.40296734 153.72411635
975.28808223 148.60923123
972.21915116 141.44839207
968.63873158 145.02881165
966.59277753 139.91392654
961.47789242 142.98285761
961.47789242 136.84499547
944.59877154 134.79904142
936.41495536 135.82201845
935.90346684 129.68415631
941.52984047 127.12671375
932.83453578 123.03480566
939.99537494 118.43140906
936.92644387 146.05178868
945.11026005 149.63220826
946.13323707 161.90793253
945.62174856 170.09174872
931.30007024 179.81003043
934.36900131 173.16067979
928.74262768 173.67216830
907.77159871 163.95388658
905.72564467 167.02281765
904.19117913 177.76407639
901.12224806 165.99984062
967.10426605 170.60323723
969.66170860 164.46537509
964.03533498 156.79304742
963.52384647 148.60923123
969.66170860 154.74709337
963.01235795 174.18365681
973.24212818 171.62621425
975.79957074 182.36747299
984.49487544 190.55128918
980.40296734 172.64919127
995.23613418 159.35048997
1006.48888143 161.39644402
1004.95441590 158.83900146
835.14023008 14.08775271
782.96840191 2.32351695
836.67469562 227.88995051
853.04232798 175.71812234
857.64572459 175.71812234
839.23213817 172.13770276
845.88148882 175.71812234
813.14622409 156.79304742
794.73263767 113.82801245
691.41195835 126.10373673
562.00536495 132.24159887
556.89047983 123.03480566
552.79857174 126.10373673
572.74662369 108.71312734
567.12025006 112.80503543
587.06830201 108.71312734
586.04532499 113.31652394
596.78658373 113.82801245
601.38998033 108.71312734
997.02634397 570.21809253
1018.50886145 576.35595466
855.85551480 518.04626435
265.59777254 492.47183878
258.43693338 476.10420641
254.34502529 466.89741320
65.09427604 476.10420641
46.68068962 480.19611450
29.29008023 474.05825237
