112.80731707 604.74634146
47.04634146 596.12195122
41.65609756 533.59512195
37.34390244 488.31707317
71.84146341 462.44390244
43.81219512 424.71219512
75.07560976 402.07317073
54.59268293 375.12195122
117.11951220 523.89268293
144.07073171 475.38048780
169.94390244 504.48780488
181.80243902 426.86829268
145.14878049 394.52682927
93.40243902 380.51219512
147.30487805 363.26341463
71.84146341 335.23414634
95.55853659 354.63902439
132.21219512 329.84390244
191.50487805 329.84390244
187.19268293 374.04390244
222.76829268 370.80975610
217.37804878 351.40487805
240.01707317 421.47804878
245.40731707 485.08292683
251.87560976 557.31219512
299.30975610 477.53658537
351.05609756 613.37073171
402.80243902 504.48780488
327.33902439 436.57073171
270.20243902 399.91707317
289.60731707 365.41951220
264.81219512 366.49756098
352.13414634 388.05853659
437.30000000 392.37073171
430.83170732 439.80487805
466.40731707 462.44390244
521.38780488 569.17073171
37.78780488 324.45365854
37.78780488 361.10731707
41.56097561 296.42439024
35.09268293 272.16829268
52.34146341 255.45853659
35.63170732 241.98292683
72.28536585 240.90487805
79.29268293 253.84146341
84.68292683 272.16829268
73.36341463 312.05609756
121.87560976 312.59512195
156.37317073 315.82926829
124.03170732 278.63658537
173.62195122 300.19756098
217.28292683 299.11951220
174.16097561 279.71463415
238.84390244 320.68048780
259.86585366 329.84390244
286.81707317 326.60975610
250.70243902 368.65365854
328.86097561 322.83658537
346.10975610 323.37560976
369.28780488 332.00000000
396.77804878 329.30487805
425.88536585 364.34146341
408.09756098 303.97073171
443.13414634 325.53170732
470.08536585 332.53902439
462.00000000 307.20487805
432.89268293 282.40975610
465.23414634 281.87073171
479.24878049 289.41707317
451.21951220 265.16097561
394.08292683 274.86341463
405.40243902 253.30243902
418.33902439 253.30243902
388.69268293 241.98292683
401.62926829 228.50731707
373.06097561 259.23170732
350.96097561 274.86341463
317.54146341 282.40975610
295.98048780 302.35365854
264.71707317 299.11951220
262.56097561 281.87073171
273.34146341 271.09024390
280.88780488 252.76341463
301.37073171 234.97560976
317.00243902 253.84146341
329.40000000 261.38780488
303.52682927 267.85609756
351.50000000 239.82682927
336.94634146 223.65609756
385.45853659 209.64146341
424.26829268 212.87560976
455.53170732 225.27317073
437.20487805 241.98292683
469.00731707 212.87560976
424.80731707 187.54146341
380.60731707 190.23658537
355.27317073 195.08780488
300.83170732 204.25121951
279.27073171 212.87560976
281.42682927 229.04634146
272.26341463 238.74878049
251.78048780 252.76341463
239.38292683 268.93414634
209.19756098 272.16829268
189.25365854 262.46585366
198.95609756 249.52926829
157.99024390 264.08292683
225.90731707 243.06097561
238.84390244 231.20243902
243.15609756 224.19512195
243.69512195 212.87560976
114.86829268 256.53658537
137.50731707 267.31707317
132.65609756 247.91219512
148.28780488 243.06097561
122.41463415 234.97560976
176.85609756 236.05365854
198.41707317 228.50731707
222.13414634 213.95365854
176.85609756 215.57073171
190.87073171 213.95365854
160.14634146 220.42195122
135.35121951 221.50000000
125.64878049 204.79024390
114.32926829 206.94634146
69.59024390 227.42926829
83.60487805 227.42926829
96.00243902 222.57804878
78.21463415 206.94634146
56.65365854 211.79756098
66.89512195 199.40000000
95.46341463 198.32195122
83.06585366 182.15121951
61.50487805 186.46341463
44.25609756 192.39268293
33.47560976 187.00243902
33.47560976 176.76097561
36.70975610 163.28536585
45.33414634 179.45609756
58.80975610 172.44878049
69.59024390 170.29268293
78.21463415 161.66829268
81.98780488 154.12195122
85.22195122 146.03658537
95.46341463 153.04390244
103.54878049 157.89512195
114.32926829 171.90975610
103.00975610 174.60487805
108.93902439 187.54146341
120.79756098 168.13658537
108.93902439 163.28536585
127.26585366 157.89512195
139.12439024 153.58292683
131.57804878 145.49756098
135.89024390 138.49024390
130.50000000 135.79512195
143.97560976 138.49024390
149.36585366 135.79512195
148.82682927 151.42682927
150.98292683 144.41951220
118.64146341 132.56097561
114.32926829 139.56829268
121.33658537 143.34146341
90.61219512 140.64634146
87.37804878 135.79512195
99.23658537 131.48292683
105.16585366 131.48292683
99.23658537 143.34146341
110.55609756 134.71707317
37.78780488 150.34878049
53.95853659 150.88780488
46.41219512 150.34878049
50.18536585 143.34146341
50.18536585 138.49024390
55.57560976 138.49024390
61.50487805 134.71707317
45.87317073 139.56829268
37.78780488 138.49024390
63.12195122 141.18536585
67.97317073 135.79512195
72.82439024 141.72439024
78.75365854 135.79512195
77.13658537 145.49756098
61.50487805 153.58292683
73.36341463 155.20000000
70.66829268 162.74634146
133.73414634 183.22926829
133.19512195 171.37073171
161.76341463 194.00975610
139.12439024 209.10243902
146.13170732 211.79756098
151.52195122 204.79024390
190.87073171 174.06585366
195.18292683 188.08048780
199.49512195 178.37804878
208.65853659 199.40000000
211.89268293 182.15121951
182.78536585 189.15853659
181.16829268 171.37073171
161.76341463 175.14390244
162.84146341 162.74634146
169.84878049 162.74634146
178.47317073 163.28536585
182.24634146 158.43414634
188.71463415 162.74634146
166.07560976 155.20000000
167.15365854 148.19268293
174.70000000 145.49756098
196.80000000 163.28536585
205.96341463 158.97317073
212.43170732 156.27804878
216.20487805 151.42682927
208.65853659 148.19268293
200.57317073 153.04390244
191.94878049 150.34878049
189.25365854 143.34146341
203.26829268 140.64634146
206.50243902 139.02926829
209.19756098 131.48292683
175.77804878 142.26341463
180.62926829 133.63902439
182.78536585 142.26341463
228.06341463 192.39268293
233.99268293 189.15853659
249.62439024 185.38536585
229.68048780 181.61219512
226.98536585 172.44878049
220.51707317 170.83170732
212.43170732 168.13658537
219.43902439 161.66829268
242.07804878 157.89512195
233.99268293 167.59756098
221.05609756 149.27073171
257.17073171 167.59756098
253.39756098 160.05121951
264.71707317 155.20000000
267.41219512 185.92439024
252.85853659 175.68292683
281.42682927 178.91707317
277.65365854 165.44146341
269.56829268 162.74634146
251.24146341 141.72439024
243.69512195 148.19268293
237.22682927 141.18536585
264.71707317 141.72439024
269.02926829 135.79512195
272.26341463 143.88048780
216.74390244 137.41219512
319.69756098 187.54146341
302.98780488 177.83902439
293.82439024 185.38536585
295.98048780 164.90243902
300.29268293 160.05121951
292.20731707 156.81707317
297.59756098 150.34878049
284.66097561 136.87317073
257.70975610 146.03658537
317.54146341 166.51951220
321.31463415 156.81707317
308.37804878 156.81707317
316.46341463 150.88780488
328.86097561 153.58292683
331.55609756 151.42682927
337.48536585 146.57560976
313.22926829 143.34146341
308.37804878 143.34146341
320.77560976 143.88048780
363.35853659 183.22926829
347.18780488 178.37804878
341.79756098 175.68292683
368.74878049 167.59756098
360.66341463 169.75365854
348.26585366 155.73902439
342.87560976 156.81707317
342.87560976 143.88048780
352.57804878 136.33414634
361.74146341 136.87317073
357.96829268 145.49756098
357.42926829 153.58292683
368.20975610 153.04390244
388.15365854 170.83170732
378.45121951 175.14390244
451.75853659 191.85365854
439.90000000 185.92439024
418.87804878 189.69756098
402.16829268 178.91707317
401.62926829 162.74634146
411.33170732 172.44878049
394.62195122 162.74634146
382.22439024 162.74634146
395.16097561 146.03658537
401.09024390 148.19268293
388.69268293 143.88048780
375.21707317 141.18536585
380.60731707 135.79512195
409.17560976 143.34146341
402.16829268 135.79512195
413.48780488 150.88780488
418.33902439 160.59024390
425.88536585 148.19268293
429.11951220 136.87317073
417.80000000 140.64634146
431.81463415 143.34146341
432.89268293 168.13658537
418.87804878 171.37073171
443.67317073 171.90975610
458.22682927 174.06585366
466.31219512 162.74634146
459.84390244 161.12926829
451.75853659 168.13658537
456.60975610 142.26341463
444.21219512 139.56829268
453.91463415 139.02926829
438.82195122 136.87317073
466.31219512 137.41219512
463.61707317 145.49756098
476.55365854 137.41219512
470.62439024 144.41951220
476.55365854 167.59756098
556.96341463 466.75609756
613.02195122 504.48780488
650.75365854 465.67804878
719.74878049 502.33170732
782.27560976 448.42926829
850.19268293 537.90731707
868.51951220 454.89756098
829.70975610 436.57073171
818.92926829 393.44878049
850.19268293 370.80975610
878.22195122 357.87317073
879.30000000 314.75121951
898.70487805 307.20487805
880.37804878 283.48780488
898.70487805 264.08292683
914.87560976 271.62926829
829.70975610 296.42439024
851.27073171 302.89268293
843.72439024 271.62926829
865.28536585 261.92682927
779.04146341 312.59512195
811.38292683 310.43902439
824.31951220 341.70243902
786.58780488 337.39024390
753.16829268 361.10731707
758.55853659 412.85365854
685.25121951 388.05853659
641.05121951 402.07317073
706.81219512 370.80975610
712.20243902 344.93658537
725.13902439 326.60975610
735.91951220 317.98536585
719.74878049 306.12682927
663.69024390 334.15609756
689.56341463 320.14146341
510.60731707 399.91707317
554.80731707 423.63414634
588.22682927 397.76097561
628.11463415 372.96585366
562.35365854 341.70243902
525.70000000 341.70243902
511.68536585 325.53170732
508.45121951 305.04878049
535.40243902 312.59512195
547.26097561 302.89268293
562.89268293 312.59512195
561.27560976 296.42439024
534.86341463 278.09756098
502.52195122 270.55121951
486.89024390 252.76341463
515.99756098 259.77073171
475.03170732 244.13902439
523.54390244 240.90487805
545.10487805 246.83414634
559.65853659 246.29512195
569.90000000 255.45853659
572.59512195 282.94878049
587.68780488 285.64390244
589.30487805 257.61463415
583.91463415 240.90487805
635.66097561 220.96097561
643.74634146 200.47804878
667.46341463 222.03902439
676.08780488 259.77073171
662.07317073 243.06097561
675.00975610 238.20975610
634.04390244 285.10487805
636.73902439 310.97804878
615.71707317 331.46097561
642.66829268 330.38292683
664.76829268 303.43170732
696.57073171 294.26829268
708.96829268 258.69268293
715.43658537 275.94146341
725.13902439 254.91951220
732.68536585 273.24634146
760.17560976 252.76341463
726.21707317 243.06097561
741.30975610 233.35853659
776.88536585 217.72682927
791.43902439 211.25853659
777.42439024 236.59268293
788.20487805 275.40243902
753.70731707 275.94146341
767.18292683 286.18292683
482.57804878 169.75365854
489.04634146 177.30000000
497.67073171 182.15121951
494.43658537 164.90243902
503.60000000 158.97317073
497.13170732 150.88780488
509.52926829 172.98780488
519.23170732 178.91707317
528.39512195 174.60487805
537.01951220 160.05121951
540.79268293 169.21463415
538.63658537 178.91707317
546.18292683 169.75365854
551.57317073 172.44878049
554.80731707 184.84634146
561.27560976 172.44878049
559.11951220 162.20731707
555.88536585 162.20731707
570.43902439 181.07317073
579.60243902 168.67560976
573.13414634 160.59024390
588.22682927 168.67560976
586.07073171 195.62682927
593.61707317 184.84634146
606.55365854 182.15121951
630.27073171 179.99512195
608.17073171 169.75365854
609.78780488 164.36341463
617.87317073 167.59756098
603.31951220 164.36341463
648.05853659 182.15121951
628.11463415 165.98048780
643.20731707 168.13658537
651.29268293 168.67560976
661.53414634 174.60487805
666.38536585 178.91707317
657.76097561 194.54878049
682.55609756 191.85365854
671.77560976 196.70487805
687.94634146 184.84634146
685.25121951 174.60487805
676.62682927 169.21463415
693.87560976 174.60487805
689.02439024 164.90243902
693.33658537 160.05121951
669.08048780 172.44878049
659.91707317 167.59756098
663.69024390 163.82439024
671.23658537 161.66829268
708.96829268 189.69756098
697.64878049 201.55609756
698.18780488 212.87560976
712.74146341 205.32926829
722.44390244 197.24390244
727.29512195 190.77560976
732.68536585 190.77560976
739.69268293 204.25121951
760.17560976 206.94634146
779.04146341 200.47804878
780.65853659 185.92439024
765.02682927 183.76829268
752.62926829 194.54878049
761.25365854 191.85365854
768.26097561 196.70487805
745.62195122 187.54146341
740.23170732 182.15121951
747.77804878 179.99512195
727.29512195 178.91707317
719.20975610 185.92439024
713.81951220 173.52682927
704.65609756 175.68292683
727.83414634 172.98780488
725.13902439 165.98048780
737.53658537 168.67560976
738.07560976 154.66097561
719.74878049 144.95853659
749.93414634 142.80243902
741.30975610 147.65365854
726.75609756 148.73170732
770.41707317 142.80243902
752.09024390 150.34878049
733.76341463 159.51219512
754.24634146 165.44146341
746.16097561 163.82439024
773.11219512 150.88780488
764.48780488 167.05853659
770.41707317 157.89512195
789.82195122 167.05853659
787.12682927 162.74634146
782.27560976 157.89512195
776.88536585 154.66097561
788.20487805 153.58292683
795.21219512 156.81707317
744.63902439 229.04634146
803.39268293 219.88292683
805.54878049 243.06097561
822.25853659 225.27317073
914.97073171 221.50000000
841.66341463 229.58536585
829.26585366 208.02439024
852.98292683 234.43658537
851.36585366 248.45121951
817.40731707 259.77073171
871.84878049 241.98292683
888.01951220 253.30243902
908.50243902 239.82682927
917.12682927 250.60731707
905.80731707 223.65609756
924.13414634 209.10243902
899.33902439 187.54146341
878.31707317 199.40000000
885.32439024 192.39268293
876.16097561 181.07317073
864.84146341 175.14390244
852.44390244 167.05853659
846.51463415 168.13658537
849.20975610 185.92439024
840.58536585 183.76829268
827.64878049 187.54146341
814.17317073 189.69756098
803.93170732 192.39268293
795.30731707 196.16585366
794.76829268 179.99512195
808.24390244 178.91707317
822.25853659 175.14390244
827.10975610 175.14390244
835.73414634 169.21463415
810.93902439 158.43414634
808.24390244 169.21463415
799.08048780 165.98048780
699.36097561 105.60975610
688.04146341 105.60975610
676.72195122 105.60975610
671.87073171 105.60975610
685.88536585 129.32682927
710.68048780 126.63170732
700.97804878 143.88048780
692.35365854 144.95853659
703.13414634 151.42682927
716.60975610 151.42682927
707.98536585 158.43414634
724.15609756 159.51219512
695.58780488 153.58292683
699.90000000 157.35609756
687.50243902 153.58292683
674.56585366 141.18536585
663.78536585 141.72439024
650.30975610 141.72439024
661.62926829 148.73170732
656.23902439 146.57560976
655.16097561 152.50487805
660.01219512 153.58292683
655.16097561 157.35609756
661.62926829 158.43414634
648.15365854 148.73170732
643.30243902 149.80975610
648.69268293 155.73902439
642.76341463 154.66097561
648.15365854 160.59024390
636.83414634 144.95853659
634.13902439 128.24878049
623.89756098 128.24878049
628.74878049 94.29024390
596.94634146 101.29756098
577.54146341 109.38292683
570.53414634 108.30487805
577.54146341 84.04878049
609.34390244 139.02926829
626.05365854 144.95853659
625.51463415 151.42682927
630.90487805 150.88780488
620.66341463 154.66097561
621.74146341 160.59024390
628.20975610 157.35609756
600.71951220 155.73902439
606.64878049 155.73902439
603.95365854 143.88048780
593.17317073 142.80243902
592.09512195 155.73902439
581.85365854 153.58292683
587.24390244 149.80975610
586.16585366 143.88048780
582.39268293 139.02926829
577.54146341 143.88048780
577.54146341 149.80975610
573.22926829 150.88780488
565.14390244 139.02926829
570.53414634 141.72439024
558.13658537 140.10731707
547.35609756 142.80243902
542.50487805 146.03658537
539.27073171 140.10731707
536.57560976 139.02926829
529.56829268 140.10731707
525.79512195 149.80975610
512.85853659 149.80975610
545.20000000 126.63170732
539.27073171 126.63170732
533.34146341 127.17073171
529.02926829 124.47560976
524.71707317 122.31951220
516.63170732 125.01463415
501.53902439 142.80243902
501.53902439 136.33414634
506.39024390 137.95121951
511.78048780 135.25609756
505.31219512 120.70243902
502.61707317 123.39756098
490.21951220 123.93658537
492.91463415 128.24878049
486.98536585 128.24878049
503.15609756 130.40487805
499.92195122 128.24878049
490.75853659 135.25609756
498.30487805 132.02195122
496.68780488 136.87317073
108.93902439 111.80853659
94.38536585 117.73780488
91.15121951 117.73780488
88.45609756 118.81585366
82.52682927 115.58170732
75.51951220 114.50365854
78.75365854 113.96463415
64.73902439 111.80853659
69.05121951 113.96463415
59.34878049 109.65243902
50.72439024 110.73048780
32.39756098 125.28414634
35.63170732 122.58902439
38.86585366 124.74512195
38.86585366 119.89390244
42.63902439 121.51097561
45.33414634 119.89390244
52.88048780 119.35487805
51.80243902 122.58902439
47.49024390 124.74512195
46.41219512 128.51829268
43.17804878 130.13536585
40.48292683 132.29146341
56.65365854 126.36219512
57.73170732 121.51097561
65.27804878 124.74512195
68.51219512 121.51097561
71.20731707 123.66707317
74.44146341 126.36219512
78.75365854 123.66707317
76.59756098 127.44024390
76.59756098 132.29146341
70.12926829 131.21341463
92.22926829 122.58902439
85.76097561 122.58902439
84.14390244 119.35487805
85.76097561 127.44024390
96.00243902 126.36219512
117.56341463 126.36219512
122.41463415 123.66707317
129.96097561 129.05731707
126.18780488 131.21341463
134.27317073 131.21341463
135.35121951 124.20609756
128.34390244 123.66707317
133.19512195 119.89390244
120.25853659 118.81585366
141.28048780 132.29146341
146.13170732 131.21341463
146.13170732 126.36219512
147.20975610 121.51097561
149.90487805 120.43292683
155.29512195 119.35487805
159.60731707 143.61097561
168.77073171 136.06463415
157.45121951 133.90853659
159.60731707 127.44024390
162.30243902 122.58902439
202.19024390 122.58902439
209.19756098 121.51097561
196.80000000 118.81585366
194.64390244 126.36219512
192.48780488 119.89390244
188.71463415 121.51097561
184.94146341 123.66707317
181.16829268 118.81585366
176.85609756 120.43292683
172.00487805 128.51829268
176.85609756 129.05731707
180.62926829 124.20609756
187.63658537 131.21341463
195.72195122 133.36951220
202.72926829 130.13536585
230.75853659 123.66707317
221.59512195 120.43292683
217.82195122 127.44024390
222.13414634 126.36219512
228.06341463 134.44756098
224.29024390 136.06463415
235.60975610 133.36951220
230.21951220 129.59634146
236.14878049 127.44024390
231.29756098 150.61829268
248.54634146 117.73780488
246.92926829 130.13536585
242.07804878 131.21341463
239.38292683 121.51097561
302.44878049 133.36951220
307.30000000 131.21341463
297.59756098 133.36951220
291.66829268 141.99390244
293.82439024 139.29878049
290.59024390 126.36219512
293.82439024 123.66707317
297.59756098 123.66707317
283.04390244 125.28414634
275.49756098 123.66707317
265.79512195 118.81585366
291.12926829 131.21341463
298.13658537 129.59634146
305.68292683 126.36219512
304.60487805 123.66707317
314.84634146 136.06463415
313.22926829 129.59634146
334.79024390 136.06463415
329.93902439 131.21341463
321.85365854 138.22073171
328.86097561 144.68902439
344.49268293 130.13536585
348.80487805 125.28414634
390.84878049 119.35487805
404.32439024 123.66707317
410.25365854 118.81585366
417.26097561 119.89390244
421.03414634 124.20609756
425.34634146 127.44024390
428.58048780 122.58902439
435.04878049 124.20609756
439.36097561 121.51097561
432.89268293 126.36219512
436.12682927 128.51829268
439.90000000 132.29146341
444.75121951 128.51829268
447.44634146 126.36219512
453.37560976 131.21341463
456.60975610 126.36219512
464.15609756 124.74512195
473.31951220 127.44024390
467.92926829 128.51829268
470.08536585 124.20609756
479.78780488 122.58902439
419.95609756 132.29146341
411.33170732 129.05731707
412.94878049 124.74512195
416.72195122 127.44024390
396.23902439 126.36219512
391.92682927 126.36219512
383.30243902 127.44024390
393.54390244 136.06463415
266.22727273 129.73051948
270.55194805 131.17207792
278.72077922 133.57467532
258.53896104 116.75649351
257.09740260 125.40584416
262.38311688 125.40584416
273.43506494 116.75649351
268.62987013 115.79545455
279.20129870 115.79545455
285.44805195 114.83441558
291.21428571 113.87337662
295.05844156 114.35389610
298.90259740 110.02922078
303.70779221 110.99025974
302.74675325 115.31493506
294.09740260 118.19805195
306.59090909 117.71753247
310.43506494 119.63961039
315.72077922 124.44480519
314.27922078 115.31493506
316.20129870 111.47077922
312.35714286 110.99025974
324.37012987 116.75649351
321.96753247 110.99025974
328.21428571 111.95129870
331.57792208 110.50974026
333.98051948 118.19805195
330.61688312 123.00324675
323.40909091 123.96428571
320.52597403 131.65259740
338.78571429 125.40584416
348.39610390 122.04220779
345.51298701 121.08116883
351.75974026 116.75649351
358.48701299 117.71753247
362.33116883 116.27597403
357.52597403 127.32792208
370.98051948 118.19805195
352.72077922 127.32792208
348.39610390 133.09415584
