63.16443694 498.63274869
49.86573564 462.82855289
40.65894243 406.56481663
16.10749388 334.95642502
40.65894243 320.63474670
99.99160976 345.18619525
89.76183954 310.40497647
116.35924213 367.69168975
77.48611526 387.12825319
96.92267870 417.81756388
98.96863274 449.52985159
156.25534603 403.49588556
136.81878259 385.08229914
169.55404733 391.22016128
167.50809328 430.09328816
161.37023114 456.69069075
110.22137999 494.54084060
167.50809328 493.51786358
198.19740397 456.69069075
206.38122015 410.65672472
252.41518619 424.97840304
238.09350787 499.65572572
194.10549588 499.65572572
275.94365772 499.65572572
301.51808329 442.36901243
294.35724413 420.88649495
284.12747390 399.40397747
252.41518619 376.89848296
286.17342795 359.50787357
325.04655482 402.47290853
341.41418719 369.73764380
345.50609528 471.01236907
391.54006131 474.08130014
375.17242895 441.34603541
372.10349788 409.63374770
380.28731406 388.15123021
419.16044093 446.46092052
441.66593544 489.42595549
442.68891246 427.02435709
457.01059078 396.33504640
468.26333804 434.18519625
484.63097040 485.33404740
477.47013124 408.61077067
445.75784353 358.48489655
399.72387750 356.43894250
341.41418719 342.11726418
313.79380757 334.95642502
275.94365772 325.74963181
228.88671466 322.68070074
220.70289848 342.11726418
218.65694443 308.35902242
199.22038099 345.18619525
160.34725412 352.34703441
498.95264873 353.37001143
492.81478659 320.63474670
473.37822315 310.40497647
444.73486651 325.74963181
461.10249888 299.15222921
445.75784353 306.31306837
424.27532605 294.03734410
395.63196941 294.03734410
373.12647490 316.54283860
970.54505632 486.35702442
500.99860277 446.46092052
527.59600537 495.56381763
557.26233904 456.69069075
582.83676461 491.47190953
585.90569568 419.86351793
512.25135002 368.71466678
535.77982155 377.92145998
546.00959178 337.00237906
570.56104033 347.23214929
564.42317820 375.87550594
560.33127010 409.63374770
538.84875262 408.61077067
609.43416721 399.40397747
618.64096041 365.64573571
663.65194943 388.15123021
651.37622515 419.86351793
631.93966171 432.13924220
685.13446691 408.61077067
705.59400737 417.81756388
697.41019118 456.69069075
681.04255882 492.49488656
725.03057080 444.41496648
749.58201936 428.04733411
759.81178958 428.04733411
807.89170966 427.02435709
822.21338799 467.94343801
804.82277860 495.56381763
895.86773364 475.10427717
926.55704433 439.30008136
861.08651486 439.30008136
854.94865272 405.54183960
907.12048089 401.44993151
981.79780357 434.18519625
1010.44116021 358.48489655
971.56803334 367.69168975
951.10849288 372.80657487
900.98261876 365.64573571
874.38521616 372.80657487
864.15544593 344.16321823
829.37422715 358.48489655
816.07552585 375.87550594
766.97262875 370.76062082
743.44415722 398.38100044
721.96163973 356.43894250
749.58201936 334.95642502
792.54705432 337.00237906
806.86873264 344.16321823
845.74185952 329.84153990
876.43117020 327.79558586
919.39620517 344.16321823
951.10849288 344.16321823
949.06253884 320.63474670
1004.30329808 338.02535609
1002.25734403 315.51986158
1012.48711426 294.03734410
982.82078059 287.89948196
965.43017120 301.19818326
959.29230907 279.71566578
915.30429708 272.55482662
898.93666471 294.03734410
860.06353784 302.22116028
832.44315822 291.99139005
846.76483654 277.66971173
802.77682455 277.66971173
815.05254883 252.09528616
770.04155981 320.63474670
751.62797340 291.99139005
713.77782355 315.51986158
686.15744393 342.11726418
641.14645492 323.70367777
604.31928209 334.95642502
573.62997140 299.15222921
997.14245892 252.09528616
1022.71688449 236.75063081
984.86673464 234.70467677
1000.21138998 217.31406738
988.95864273 210.15322822
1022.71688449 206.06132012
1007.37222915 191.73964180
1021.69390747 177.41796348
1020.67093044 155.93544600
998.16543594 177.41796348
1014.53306831 159.00437707
1005.32627510 144.68269874
989.98161975 167.18819325
977.70589548 152.86651493
975.65994143 187.64773371
971.56803334 205.03834310
982.82078059 198.90048096
952.13146990 213.22215928
945.99360777 234.70467677
941.90169967 258.23314830
907.12048089 222.42895249
884.61498639 249.02635509
864.15544593 266.41696448
875.40819318 213.22215928
850.85674463 234.70467677
900.98261876 191.73964180
921.44215922 191.73964180
934.74086051 201.96941203
939.85574563 181.50987157
926.55704433 177.41796348
937.80979158 159.00437707
953.15444693 145.70567577
937.80979158 134.45292851
921.44215922 147.75162981
909.16643494 162.07330814
882.56903234 163.09628516
876.43117020 181.50987157
859.04056081 181.50987157
836.53506631 177.41796348
835.51208929 205.03834310
801.75384753 184.57880264
783.34026111 210.15322822
772.08751386 222.42895249
772.08751386 256.18719425
796.63896241 241.86551593
813.00659478 232.65872272
749.58201936 243.91146997
730.14545592 265.39398746
726.05354783 249.02635509
737.30629508 216.29109035
714.80080057 252.09528616
693.31828309 217.31406738
671.83576561 243.91146997
689.22637500 286.87650494
657.51408729 291.99139005
639.10050087 273.57780364
611.48012125 267.43994150
636.03156980 251.07230913
609.43416721 244.93444700
586.92867270 254.14124020
559.30829308 265.39398746
552.14745392 284.83055089
522.48112025 299.15222921
503.04455682 273.57780364
519.41218919 263.34803341
530.66493644 258.23314830
566.46913224 229.58979165
462.12547590 277.66971173
428.36723414 249.02635509
406.88471666 258.23314830
383.35624513 258.23314830
364.94265872 272.55482662
323.00060077 297.10627517
345.50609528 301.19818326
285.15045092 297.10627517
302.54106031 270.50887257
315.83976161 251.07230913
309.70189948 229.58979165
336.29930207 227.54383761
349.59800337 252.09528616
279.01258879 259.25612532
252.41518619 261.30207936
258.55304833 241.86551593
237.07053084 289.94543601
213.54205932 272.55482662
210.47312825 251.07230913
182.85274863 267.43994150
177.73786351 284.83055089
187.96763374 301.19818326
146.02557580 313.47390754
141.93366771 296.08329815
126.58901236 268.46291852
107.15244893 261.30207936
66.23336801 281.76161982
59.07252885 265.39398746
30.42917220 256.18719425
10.99260877 236.75063081
0.76283854 259.25612532
46.79680457 245.95742402
67.25634503 232.65872272
31.45214923 209.13025119
42.70489648 210.15322822
1.78581556 197.87750394
41.68191946 177.41796348
23.26833304 170.25712432
71.34825312 191.73964180
74.41718419 166.16521623
96.92267870 180.48689455
97.94565572 162.07330814
106.12947190 198.90048096
122.49710427 197.87750394
137.84175961 198.90048096
151.14046091 198.90048096
175.69190947 213.22215928
184.89870267 237.77360784
162.39320817 249.02635509
128.63496641 241.86551593
148.07152984 223.45192951
94.87672465 238.79658486
107.15244893 236.75063081
203.31228909 230.61276867
224.79480657 220.38299844
261.62197940 212.19918226
284.12747390 209.13025119
304.58701436 201.96941203
323.00060077 206.06132012
268.78281856 187.64773371
252.41518619 188.67071073
232.97862275 198.90048096
235.02457680 170.25712432
202.28931206 201.96941203
184.89870267 173.32605539
156.25534603 159.00437707
170.57702435 156.95842302
135.79580557 156.95842302
125.56603534 163.09628516
97.94565572 140.59079065
74.41718419 147.75162981
65.21039098 147.75162981
50.88871266 151.84353791
28.38321816 138.54483661
65.21039098 128.31506638
91.80779358 117.06231912
113.29031106 126.26911233
137.84175961 123.20018126
142.95664473 134.45292851
162.39320817 126.26911233
187.96763374 140.59079065
196.15144992 147.75162981
198.19740397 126.26911233
220.70289848 136.49888256
191.03656481 123.20018126
231.95564573 166.16521623
231.95564573 147.75162981
250.36923214 160.02735409
256.50709428 140.59079065
281.05854283 149.79758386
299.47212925 166.16521623
286.17342795 174.34903241
317.88571566 178.44094050
352.66693444 171.28010134
333.23037100 148.77460684
309.70189948 147.75162981
380.28731406 181.50987157
376.19540597 210.15322822
363.91968169 210.15322822
409.95364773 229.58979165
444.73486651 227.54383761
417.11448689 192.76261882
427.34425712 187.64773371
392.56303834 162.07330814
373.12647490 145.70567577
349.59800337 143.65972172
386.42517620 119.10827317
401.76983154 136.49888256
437.57402735 164.11926218
444.73486651 126.26911233
466.21738399 197.87750394
494.86074063 198.90048096
477.47013124 216.29109035
495.88371766 231.63574570
509.18241896 227.54383761
515.32028109 199.92345799
560.33127010 188.67071073
529.64195942 176.39498646
497.92967170 167.18819325
506.11348789 149.79758386
497.92967170 147.75162981
470.30929208 147.75162981
465.19440697 124.22315829
463.14845292 102.74064080
479.51608529 100.69468676
512.25135002 129.33804340
532.71089048 108.87850294
560.33127010 99.67170973
560.33127010 133.42995149
552.14745392 120.13125019
579.76783354 108.87850294
585.90569568 131.38399745
587.95164972 143.65972172
570.56104033 170.25712432
544.98661476 164.11926218
602.27332805 173.32605539
602.27332805 145.70567577
627.84775362 160.02735409
639.10050087 176.39498646
652.39920217 191.73964180
628.87073064 199.92345799
685.13446691 192.76261882
699.45614523 198.90048096
682.06553584 176.39498646
670.81278859 170.25712432
677.97362775 143.65972172
654.44515622 145.70567577
644.21538599 119.10827317
622.73286851 123.20018126
631.93966171 111.94743401
670.81278859 116.03934210
689.22637500 133.42995149
703.54805332 147.75162981
700.47912225 124.22315829
717.86973164 119.10827317
729.12247890 119.10827317
740.37522615 151.84353791
743.44415722 131.38399745
762.88072065 150.82056088
783.34026111 159.00437707
783.34026111 181.50987157
774.13346791 180.48689455
748.55904233 187.64773371
756.74285852 173.32605539
733.21438699 180.48689455
718.89270867 173.32605539
861.08651486 155.93544600
821.19041096 164.11926218
809.93766371 149.79758386
800.73087050 120.13125019
785.38621516 120.13125019
769.01858279 115.01636508
742.42118019 99.67170973
746.51308829 73.07430714
726.05354783 83.30407737
718.89270867 104.78659485
696.38721416 90.46491653
712.75484653 71.02835309
967.47612525 136.49888256
989.98161975 137.52185958
985.88971166 149.79758386
998.16543594 133.42995149
1021.69390747 133.42995149
1012.48711426 119.10827317
1005.32627510 102.74064080
1021.69390747 99.67170973
1022.71688449 70.00537607
1006.34925212 72.05133011
1011.46413724 57.72965179
1014.53306831 26.01736408
1020.67093044 45.45392752
1005.32627510 45.45392752
1014.53306831 5.55782362
992.02757380 14.76461683
989.98161975 23.97141003
998.16543594 35.22415729
991.00459678 43.40797347
989.98161975 90.46491653
976.68291846 68.98239904
979.75184953 111.94743401
948.03956181 109.90147996
964.40719418 106.83254889
930.64895242 119.10827317
921.44215922 107.85552592
928.60299838 94.55682462
904.05154982 121.15422722
903.02857280 134.45292851
877.45414723 141.61376768
876.43117020 120.13125019
846.76483654 119.10827317
822.21338799 109.90147996
830.39720417 113.99338806
338.34525612 128.31506638
317.88571566 116.03934210
298.44915222 122.17720424
264.69091046 123.20018126
277.98961176 109.90147996
241.16243894 126.26911233
227.86373764 121.15422722
234.00159977 101.71766378
234.00159977 87.39598546
202.28931206 99.67170973
210.47312825 87.39598546
196.15144992 71.02835309
174.66893244 106.83254889
170.57702435 90.46491653
180.80679458 68.98239904
171.60000137 74.09728416
138.86473664 80.23514630
152.16343794 65.91346798
128.63496641 66.93644500
125.56603534 97.62575569
103.06054083 91.48789355
94.87672465 64.89049095
97.94565572 36.24713431
79.53206931 83.30407737
86.69290847 68.98239904
79.53206931 54.66072072
68.27932205 41.36201942
63.16443694 57.72965179
48.84275862 59.77560584
44.75085052 83.30407737
44.75085052 99.67170973
9.96963174 97.62575569
27.36024113 90.46491653
22.24535602 72.05133011
16.10749388 51.59178965
263.66793344 88.41896248
248.32327810 84.32705439
247.30030107 70.00537607
269.80579558 70.00537607
279.01258879 61.82155988
334.25334803 97.62575569
343.46014123 76.14323821
319.93166970 73.07430714
368.01158978 70.00537607
401.76983154 93.53384760
406.88471666 61.82155988
433.48211926 77.16621523
437.57402735 61.82155988
454.96463674 83.30407737
470.30929208 85.35003141
359.82777360 102.74064080
513.27432705 98.64873271
493.83776361 93.53384760
496.90669468 78.18919225
524.52707430 84.32705439
524.52707430 100.69468676
507.13646491 61.82155988
519.41218919 50.56881263
495.88371766 59.77560584
502.02157979 44.43095049
486.67692445 48.52285858
448.82677460 42.38499645
459.05654483 28.06331813
442.68891246 45.45392752
390.51708429 36.24713431
370.05754383 47.49988156
380.28731406 55.68369775
363.91968169 18.85652492
342.43716421 14.76461683
320.95464673 26.01736408
309.70189948 40.33904240
309.70189948 14.76461683
297.42617520 14.76461683
272.87472665 8.62675469
264.69091046 33.17820324
273.89770367 49.54583561
250.36923214 52.61476668
241.16243894 54.66072072
244.23137000 11.69568576
221.72587550 8.62675469
173.64595542 21.92545599
190.01358779 42.38499645
193.08251886 47.49988156
207.40419718 57.72965179
220.70289848 68.98239904
208.42717420 55.68369775
171.60000137 51.59178965
157.27832305 51.59178965
147.04855282 27.04034110
135.79580557 38.29308835
117.38221916 34.20118026
106.12947190 28.06331813
97.94565572 18.85652492
61.11848289 21.92545599
72.37123014 16.81057087
47.81978159 35.22415729
26.33726411 27.04034110
32.47512625 14.76461683
48.84275862 5.55782362
19.17642495 0.44293850
3.83176960 33.17820324
82.60100037 34.20118026
205.35824313 29.08629515
170.57702435 11.69568576
203.31228909 4.53484660
131.70389748 11.69568576
142.95664473 11.69568576
291.28831306 34.20118026
342.43716421 48.52285858
351.64395742 36.24713431
325.04655482 45.45392752
320.95464673 2.48889255
361.87372765 2.48889255
407.90769368 77.16621523
430.41318819 113.99338806
442.68891246 93.53384760
535.77982155 142.63674470
576.69890247 206.06132012
479.51608529 178.44094050
932.69490647 47.49988156
950.08551586 48.52285858
964.40719418 27.04034110
253.55994619 104.93499431
197.31378685 59.93806684
174.41356483 30.20795405
148.70103485 37.84136139
35.40519961 41.05542764
24.55772602 28.19916264
58.30542163 107.74730228
73.57223631 100.91741150
116.56037237 142.70027273
294.94104913 109.35433540
287.70940007 86.45411339
307.39555584 88.86466307
319.44830427 30.20795405
378.90852986 90.06993792
114.14982269 57.12575888
107.31993191 132.65631570
283.69181726 50.29586810
224.23159168 43.86773560
246.73005541 45.07301045
197.71554513 41.05542764
188.87686295 35.83256998
357.61534097 47.08180185
33.87349617 226.22155066
352.14138439 61.21189169
248.82673144 28.89545996
392.78174550 8.82010086
385.92674483 13.22688701
399.14710326 13.22688701
400.61603198 64.14974912
552.14745392 45.96541603
563.40020117 52.10327817
557.26233904 75.63174969
575.67592545 78.70068076
601.25035102 71.53984160
595.11248889 100.18319825
619.66393744 95.06831313
599.20439698 42.89648496
578.74485652 45.96541603
567.49210927 30.62076068
567.49210927 14.25312831
555.21638499 20.39099045
432.45914223 26.52885259
414.04555582 24.48289854
436.55105032 9.13824320
447.80379758 11.18419725
477.47013124 19.36801343
467.24036101 10.16122022
482.58501636 5.04633511
506.11348789 13.23015129
543.96363774 21.41396748
533.73386751 24.48289854
584.88271866 16.29908236
608.41119018 16.29908236
618.64096041 35.73564580
618.64096041 54.14923221
641.14645492 42.89648496
623.75584553 21.41396748
648.30729408 25.50587557
655.46813324 57.21816328
628.87073064 77.67770374
652.39920217 91.99938206
652.39920217 74.60877267
674.90469668 29.59778366
697.41019118 39.82755389
682.06553584 44.94243900
680.01958179 66.42495649
708.66293844 51.08030114
730.14545592 54.14923221
722.98461676 37.78159984
695.36423714 14.25312831
703.54805332 26.52885259
680.01958179 6.06931213
663.65194943 7.09228915
602.27332805 5.04633511
740.37522615 31.64373771
741.39820317 15.27610534
776.17942195 11.18419725
760.83476661 25.50587557
771.06453684 43.91946198
754.69690447 50.05732412
778.22537600 80.74663481
793.57003134 64.37900244
784.36323814 49.03434710
782.31728409 27.55182961
797.66193944 11.18419725
806.86873264 46.98839305
796.63896241 83.81556588
814.02957180 99.16022122
836.53506631 94.04533611
848.81079058 96.09129015
848.81079058 84.83854290
826.30529608 59.26411733
839.60399738 53.12625519
831.42018119 36.75862282
820.16743394 21.41396748
851.87972165 29.59778366
855.97162974 14.25312831
862.10949188 49.03434710
862.10949188 57.21816328
852.90269868 62.33304839
874.38521616 88.93045099
887.68391746 107.34403741
906.09750387 95.06831313
888.70689448 80.74663481
888.70689448 64.37900244
910.18941196 53.12625519
909.16643494 32.66671473
899.95964173 21.41396748
930.64895242 20.39099045
937.80979158 33.68969175
882.56903234 6.06931213
872.33926211 18.34503641
911.21238899 74.60877267
945.99360777 91.99938206
954.17742395 12.20717427
970.54505632 14.25312831
902.00559578 8.11526618
816.07552585 6.06931213
