168.04545455 587.03409091
295.88636364 605.44318182
321.45454545 569.64772727
482.02272727 591.12500000
563.84090909 578.85227273
516.79545455 535.89772727
654.86363636 497.03409091
697.81818182 485.78409091
704.97727273 447.94318182
785.77272727 545.10227273
823.61363636 577.82954545
890.09090909 555.32954545
925.88636364 478.62500000
863.50000000 460.21590909
832.81818182 472.48863636
798.04545455 478.62500000
778.61363636 507.26136364
742.81818182 467.37500000
571.00000000 526.69318182
529.06818182 466.35227273
491.22727273 492.94318182
445.20454545 504.19318182
431.90909091 468.39772727
370.54545455 465.32954545
346.00000000 518.51136364
276.45454545 514.42045455
262.13636364 480.67045455
207.93181818 461.23863636
218.15909091 431.57954545
94.40909091 376.35227273
128.15909091 480.67045455
93.38636364 570.67045455
127.13636364 525.67045455
49.50000000 542.80113636
155.86363636 363.31250000
212.62500000 335.18750000
255.57954545 345.41477273
187.05681818 333.14204545
132.85227273 332.63068182
62.28409091 348.99431818
18.81818182 353.08522727
317.45454545 356.15340909
389.04545455 362.28977273
407.45454545 418.53977273
427.90909091 345.92613636
354.78409091 327.51704545
379.84090909 340.81250000
288.72727273 321.12500000
267.25000000 299.64772727
250.88636364 283.28409091
230.43181818 304.76136364
200.77272727 299.64772727
140.43181818 297.60227273
74.97727273 313.96590909
95.43181818 299.64772727
109.75000000 265.89772727
23.84090909 302.71590909
431.90909091 309.87500000
469.75000000 349.76136364
527.02272727 328.28409091
656.90909091 374.30681818
755.09090909 364.07954545
777.59090909 410.10227273
836.90909091 409.07954545
896.22727273 414.19318182
872.70454545 383.51136364
925.88636364 359.98863636
710.09090909 283.28409091
651.79545455 306.80681818
600.65909091 301.69318182
540.31818182 290.44318182
497.36363636 311.92045455
406.34090909 281.23863636
387.93181818 276.12500000
346.00000000 268.96590909
288.72727273 272.03409091
84.78409091 246.72159091
48.47727273 268.19886364
74.55681818 252.85795455
41.31818182 228.82386364
23.42045455 220.64204545
44.89772727 202.23295455
168.13636364 241.60795455
149.72727273 234.96022727
136.94318182 225.24431818
127.22727273 235.98295455
142.05681818 251.83522727
87.85227273 204.27840909
97.05681818 184.84659091
123.64772727 184.33522727
174.27272727 211.43750000
204.44318182 208.88068182
209.55681818 226.77840909
210.57954545 251.83522727
198.81818182 264.10795455
205.97727273 277.40340909
317.45454545 253.88068182
311.31818182 221.15340909
298.02272727 203.76704545
269.38636364 224.22159091
379.32954545 240.07386364
406.94318182 238.02840909
444.78409091 235.98295455
464.72727273 278.42613636
356.31818182 209.90340909
375.75000000 206.83522727
394.67045455 190.98295455
380.35227273 175.64204545
353.25000000 193.53977273
295.97727273 175.13068182
293.42045455 190.98295455
268.36363636 191.49431818
256.09090909 183.82386364
238.70454545 187.91477273
147.17045455 151.60795455
166.60227273 130.64204545
172.22727273 165.92613636
166.09090909 187.40340909
185.01136364 184.33522727
145.12500000 205.30113636
95.52272727 157.74431818
23.42045455 180.75568182
212.11363636 137.28977273
241.26136364 132.68750000
287.79545455 132.68750000
369.10227273 133.71022727
404.89772727 140.86931818
431.48863636 131.66477273
406.94318182 160.30113636
447.34090909 180.24431818
467.79545455 188.93750000
470.35227273 210.92613636
448.87500000 212.46022727
420.23863636 185.35795455
343.02272727 157.74431818
188.59090909 165.92613636
113.93181818 131.66477273
60.75000000 189.96022727
39.27272727 165.92613636
24.44318182 153.65340909
25.97727273 125.52840909
57.17045455 125.52840909
78.64772727 126.03977273
140.01136364 125.52840909
150.75000000 111.21022727
122.62500000 109.67613636
115.46590909 116.83522727
101.65909091 103.53977273
110.35227273 93.31250000
108.30681818 78.48295455
79.15909091 111.21022727
200.35227273 123.48295455
187.05681818 113.25568182
183.47727273 124.50568182
177.85227273 98.42613636
164.04545455 98.42613636
212.11363636 102.51704545
206.48863636 91.26704545
242.79545455 102.00568182
228.47727273 102.51704545
260.18181818 115.30113636
242.79545455 115.30113636
299.04545455 113.76704545
288.30681818 106.09659091
277.05681818 109.67613636
273.47727273 98.42613636
259.15909091 82.57386364
287.79545455 76.94886364
311.82954545 89.73295455
328.19318182 98.42613636
336.88636364 105.58522727
333.30681818 120.92613636
33.13636364 103.02840909
137.96590909 54.44886364
155.86363636 48.31250000
149.72727273 41.15340909
89.89772727 41.66477273
89.89772727 46.26704545
59.21590909 44.73295455
59.72727273 51.89204545
67.39772727 49.33522727
42.34090909 42.68750000
48.47727273 48.82386364
31.60227273 45.24431818
19.84090909 48.31250000
78.64772727 64.67613636
82.22727273 52.40340909
77.62500000 54.44886364
72.51136364 53.42613636
27.51136364 71.32386364
170.18181818 78.99431818
186.54545455 77.46022727
124.67045455 91.77840909
137.45454545 69.78977273
126.71590909 70.30113636
222.34090909 73.36931818
233.07954545 77.46022727
213.13636364 69.78977273
196.77272727 69.78977273
187.05681818 66.21022727
189.10227273 59.05113636
162.51136364 63.65340909
127.22727273 53.42613636
105.23863636 58.02840909
218.76136364 57.51704545
230.01136364 60.07386364
255.57954545 60.07386364
280.63636364 55.98295455
294.44318182 64.67613636
306.71590909 66.72159091
260.69318182 67.23295455
349.67045455 100.47159091
339.95454545 94.84659091
338.93181818 84.10795455
351.20454545 81.03977273
355.80681818 73.88068182
368.07954545 71.83522727
360.92045455 64.16477273
371.65909091 60.58522727
397.22727273 67.23295455
388.02272727 75.92613636
375.23863636 80.52840909
384.44318182 95.86931818
368.59090909 107.11931818
400.29545455 119.90340909
389.04545455 125.52840909
420.23863636 116.83522727
418.70454545 104.05113636
418.70454545 93.31250000
409.50000000 76.94886364
413.59090909 71.32386364
368.59090909 34.50568182
327.68181818 76.94886364
383.16477273 51.76420455
411.80113636 64.80397727
482.02272727 261.80681818
527.02272727 264.87500000
567.93181818 276.12500000
607.81818182 254.64772727
592.47727273 236.23863636
566.90909091 174.87500000
548.50000000 218.85227273
487.13636364 227.80113636
494.80681818 207.85795455
524.46590909 181.77840909
540.82954545 204.78977273
536.73863636 149.56250000
520.37500000 162.85795455
507.59090909 152.11931818
470.26136364 139.33522727
520.37500000 135.75568182
508.10227273 128.59659091
502.98863636 125.01704545
498.89772727 116.32386364
483.55681818 118.88068182
549.01136364 129.61931818
577.64772727 135.24431818
574.06818182 125.01704545
591.96590909 130.64204545
621.11363636 132.68750000
649.75000000 130.64204545
679.40909091 130.64204545
700.37500000 143.42613636
712.13636364 184.33522727
701.90909091 178.71022727
698.32954545 195.07386364
689.12500000 181.77840909
691.68181818 217.06250000
709.57954545 231.38068182
722.36363636 257.97159091
656.90909091 242.11931818
631.85227273 189.96022727
626.73863636 213.48295455
608.84090909 206.32386364
640.54545455 170.01704545
620.09090909 163.36931818
601.68181818 161.83522727
596.05681818 181.77840909
551.56818182 157.23295455
681.96590909 260.01704545
573.55681818 244.16477273
522.93181818 225.75568182
501.45454545 229.33522727
668.15909091 157.48863636
521.39772727 120.41477273
540.31818182 108.14204545
486.11363636 102.00568182
495.31818182 96.89204545
464.63636364 123.48295455
576.62500000 102.00568182
582.76136364 92.28977273
562.30681818 96.89204545
552.07954545 96.89204545
547.47727273 87.68750000
554.12500000 105.58522727
601.68181818 99.96022727
597.07954545 112.74431818
631.34090909 102.00568182
620.09090909 78.99431818
605.26136364 87.68750000
544.40909091 63.14204545
509.12500000 50.86931818
505.54545455 43.71022727
488.15909091 36.03977273
473.84090909 37.57386364
461.05681818 44.73295455
453.38636364 49.33522727
447.76136364 59.05113636
436.51136364 56.49431818
430.37500000 44.73295455
426.28409091 53.93750000
432.93181818 64.16477273
531.11363636 55.47159091
524.46590909 53.42613636
493.27272727 62.63068182
485.09090909 87.68750000
464.12500000 80.52840909
522.42045455 77.46022727
527.02272727 98.42613636
539.80681818 71.83522727
564.35227273 65.18750000
594.52272727 77.46022727
589.40909091 59.05113636
601.17045455 54.44886364
624.18181818 59.05113636
616.00000000 59.05113636
680.94318182 111.72159091
654.35227273 103.53977273
653.84090909 94.84659091
642.59090909 93.82386364
648.21590909 86.66477273
640.54545455 80.52840909
640.54545455 71.83522727
633.89772727 73.36931818
677.87500000 91.26704545
667.13636364 82.57386364
698.32954545 79.50568182
680.94318182 67.23295455
688.10227273 54.44886364
698.32954545 69.78977273
697.81818182 60.07386364
725.94318182 95.86931818
723.89772727 84.10795455
723.89772727 76.94886364
734.63636364 71.83522727
741.28409091 76.94886364
753.55681818 72.34659091
773.50000000 69.78977273
735.14772727 104.56250000
751.51136364 92.28977273
760.71590909 99.96022727
770.43181818 102.00568182
693.21590909 102.51704545
709.06818182 97.40340909
699.35227273 91.77840909
647.19318182 48.31250000
625.20454545 41.15340909
656.90909091 56.49431818
558.72727273 39.10795455
489.18181818 45.75568182
468.21590909 58.02840909
459.52272727 55.47159091
558.21590909 80.52840909
568.44318182 73.88068182
768.38636364 52.40340909
664.06818182 69.78977273
759.69318182 61.09659091
740.77272727 49.33522727
727.47727273 50.86931818
733.61363636 45.75568182
721.85227273 43.19886364
716.73863636 34.50568182
588.89772727 46.26704545
562.81818182 53.42613636
530.09090909 44.73295455
536.22727273 40.13068182
499.40909091 33.99431818
719.03977273 134.86079545
740.51704545 136.90625000
755.34659091 134.60511364
758.41477273 151.99147727
758.92613636 179.09375000
767.36363636 201.84943182
794.97727273 198.26988636
788.84090909 149.43465909
711.88068182 119.26420455
697.81818182 123.09943182
810.06250000 142.78693182
783.63636364 116.83522727
764.71590909 120.92613636
790.28409091 96.89204545
819.43181818 104.56250000
809.71590909 99.96022727
830.68181818 118.36931818
845.00000000 125.52840909
830.68181818 143.42613636
850.62500000 147.00568182
797.44318182 81.03977273
850.62500000 88.71022727
858.80681818 96.89204545
869.54545455 105.58522727
848.06818182 110.18750000
850.11363636 100.98295455
820.45454545 89.22159091
834.77272727 79.50568182
827.61363636 73.36931818
873.63636364 89.22159091
863.40909091 82.57386364
861.36363636 75.41477273
894.60227273 89.22159091
907.89772727 103.02840909
918.12500000 92.80113636
909.94318182 91.26704545
936.53409091 116.83522727
924.26136364 116.83522727
887.44318182 106.09659091
896.64772727 118.36931818
882.84090909 139.84659091
867.50000000 127.57386364
857.78409091 132.68750000
871.07954545 176.15340909
841.42045455 184.84659091
821.98863636 166.94886364
827.61363636 196.60795455
827.10227273 212.46022727
795.39772727 223.19886364
779.54545455 239.56250000
771.87500000 263.59659091
731.47727273 247.74431818
796.93181818 263.08522727
824.03409091 273.82386364
839.37500000 256.94886364
854.20454545 263.08522727
879.77272727 260.01704545
863.40909091 248.76704545
863.92045455 223.71022727
903.80681818 206.32386364
882.32954545 222.68750000
935.00000000 256.43750000
940.11363636 199.16477273
942.15909091 164.39204545
919.14772727 141.89204545
909.94318182 184.84659091
820.96590909 145.47159091
811.76136364 56.87784091
784.14772727 55.85511364
812.36363636 362.03409091
573.04545455 446.92045455
616.00000000 446.92045455
645.65909091 425.44318182
640.54545455 462.26136364
607.81818182 558.39772727
572.02272727 399.87500000
532.13636364 425.44318182
484.06818182 417.26136364
527.02272727 248.51136364
477.93181818 243.39772727
936.53409091 93.31250000
944.20454545 81.55113636
928.86363636 66.21022727
917.10227273 69.78977273
906.36363636 73.36931818
870.05681818 66.21022727
870.56818182 52.91477273
942.67045455 67.23295455
913.01136364 35.52840909
912.50000000 48.31250000
919.65909091 30.41477273
820.45454545 27.34659091
840.90909091 35.52840909
713.06818182 50.35795455
789.77272727 39.10795455
784.14772727 39.10795455
784.65909091 44.73295455
797.95454545 29.39204545
556.59090909 66.72159091
606.70454545 81.55113636
223.87500000 126.03977273
218.76136364 113.76704545
22.39772727 109.16477273
52.05681818 100.98295455
51.54545455 90.24431818
112.39772727 70.81250000
195.65909091 88.19886364
268.27272727 63.14204545
269.29545455 85.13068182
285.65909091 95.86931818
449.29545455 76.94886364
450.31818182 96.38068182
433.44318182 109.67613636
437.53409091 98.42613636
437.02272727 81.55113636
318.89772727 52.91477273
327.07954545 41.15340909
290.26136364 32.97159091
76.09090909 73.88068182
629.29545455 85.13068182
619.06818182 89.73295455
705.48863636 86.15340909
742.81818182 421.35227273
182.36363636 288.39772727
840.09659091 96.25284091
843.16477273 91.90625000
791.09290709 129.25224775
804.53346653 124.45204795
247.71028971 156.13336663
44.18181818 126.37212787
336.99400599 59.16933067
345.63436563 48.60889111
