7.91840128 561.76345324
59.48674660 560.12636291
108.59945643 547.84818545
166.71616307 557.67072742
196.18378897 551.94091127
195.36524380 520.83619504
167.53470823 526.56601119
183.90561151 503.64674660
142.97835332 506.10238209
131.51872102 488.09438849
119.24054357 502.00965627
105.32527578 506.92092726
103.68818545 528.20310152
57.03111111 531.47728217
66.85365308 509.37656275
3.00713030 503.64674660
51.30129496 470.90494005
4.64422062 442.25585931
43.93438849 450.44131095
54.57547562 427.52204636
39.02311751 421.79223022
43.93438849 398.05442046
13.64821743 395.59878497
21.83366906 360.40134293
41.47875300 385.77624301
41.47875300 365.31261391
79.95037570 367.76824940
72.58346922 398.87296563
88.13582734 402.96569145
106.14382094 403.78423661
116.78490807 418.51804956
129.88163070 396.41733014
133.15581135 378.40933653
118.42199840 375.13515588
147.07107914 369.40533973
80.76892086 461.90094325
125.78890488 460.26385292
150.34525979 440.61876898
151.16380496 468.44930456
142.15980815 538.84418865
116.78490807 529.02164668
172.44597922 470.08639488
174.08306954 442.25585931
169.17179856 402.96569145
174.08306954 380.86497202
198.63942446 357.94570743
206.00633094 411.15114309
210.91760192 389.86896882
203.55069544 440.61876898
235.47395683 393.14314948
246.93358913 384.13915268
290.31648281 529.84019185
296.04629896 566.67472422
344.34046363 542.93691447
317.32847322 524.11037570
328.78810552 544.57400480
318.14701839 475.81621103
306.68738609 489.73147882
291.13502798 446.34858513
293.59066347 461.08239808
345.97755396 469.26784972
371.35245404 543.75545963
363.98554756 524.11037570
401.63862510 516.74346922
395.09026379 538.02564349
424.55788969 549.48527578
440.92879297 560.94490807
418.00952838 521.65474021
440.11024780 515.92492406
440.11024780 502.00965627
418.00952838 479.90893685
414.73534772 466.81221423
469.57787370 550.30382094
484.31168665 528.20310152
516.23494804 548.66673062
477.76332534 511.83219824
474.48914468 498.73547562
521.14621902 509.37656275
529.33167066 538.02564349
553.88802558 542.11836930
592.35964828 546.21109512
578.44438050 539.66273381
612.00473221 559.30781775
645.56508393 551.12236611
657.84326139 574.04163070
686.49234213 564.21908873
711.04869704 590.41253397
770.80249400 552.75945643
821.55229416 558.48927258
876.39482014 570.76745004
880.48754596 545.39254996
875.57627498 506.92092726
854.29410072 515.92492406
878.85045564 486.45729816
854.29410072 482.36457234
828.10065548 500.37256595
809.27411671 486.45729816
805.99993605 464.35657874
752.79450040 470.08639488
773.25812950 440.61876898
775.71376499 498.73547562
792.90321343 511.83219824
783.08067146 529.84019185
723.32687450 545.39254996
702.86324540 521.65474021
727.41960032 509.37656275
752.79450040 501.19111111
703.68179057 491.36856914
694.67779376 504.46529177
685.67379696 484.00166267
654.56908074 483.18311751
630.01272582 525.74746603
660.29889688 548.66673062
573.53310951 513.46928857
553.88802558 496.27984013
583.35565148 507.73947242
623.46436451 499.55402078
607.91200639 465.99366906
643.10944844 459.44530775
669.30289369 462.71948841
689.76652278 460.26385292
713.50433253 466.81221423
510.50513189 463.53803357
493.31568345 441.43731415
512.96076739 422.61077538
529.33167066 459.44530775
552.25093525 472.54203038
555.52511591 431.61477218
591.54110312 453.71549161
576.80729017 430.79622702
612.82327738 442.25585931
617.73454836 423.42932054
635.74254197 432.43331735
660.29889688 425.06641087
689.76652278 421.79223022
694.67779376 440.61876898
447.47715428 435.70749800
438.47315747 397.23587530
449.11424460 389.86896882
452.38842526 369.40533973
505.59386091 371.04243006
542.42839329 397.23587530
560.43638689 407.87696243
574.35165468 395.59878497
576.80729017 378.40933653
554.70657074 381.68351719
574.35165468 357.12716227
598.08946443 384.95769784
613.64182254 389.05042366
638.19817746 375.95370104
647.20217426 405.42132694
622.64581934 405.42132694
589.90401279 412.78823341
688.94797762 404.60278177
706.13742606 388.23187850
720.05269384 386.59478817
709.41160671 353.85298161
670.93998401 356.30861711
692.22215827 378.40933653
644.74653877 346.48607514
610.36764189 347.30462030
599.72655476 367.76824940
589.08546763 338.30062350
565.34765787 338.30062350
530.15021583 329.29662670
523.60185452 357.94570743
535.88003197 358.76425260
526.87603517 373.49806555
457.29969624 347.30462030
488.40441247 344.84898481
495.77131894 318.65553957
464.66660272 325.20390088
457.29969624 313.74426859
441.74733813 311.28863309
427.01352518 324.38535572
419.64661871 352.21589129
418.82807354 339.93771383
390.17899281 325.20390088
410.64262190 325.20390088
409.82407674 309.65154277
432.74334133 296.55482014
399.18298961 371.86097522
409.82407674 403.78423661
438.47315747 428.34059153
343.52191847 402.14714628
354.98155076 383.32060751
307.50593125 363.67552358
326.33247002 330.11517186
328.78810552 428.34059153
337.79210232 408.69550759
350.88882494 418.51804956
384.44917666 425.88495604
297.68338929 402.96569145
296.86484412 382.50206235
366.44118305 331.75226219
359.07427658 348.12316547
378.71936051 349.76025580
333.69937650 413.60677858
271.48994404 437.34458833
270.67139888 465.17512390
289.49793765 339.11916867
293.59066347 321.11117506
287.86084732 300.64754596
314.87283773 290.82500400
320.60265388 307.19590727
318.14701839 357.94570743
213.37323741 335.84498801
225.65141487 344.84898481
247.75213429 348.12316547
253.48195044 335.02644285
264.94158273 337.48207834
255.11904077 295.73627498
237.11104716 322.74826539
257.57467626 319.47408473
257.57467626 371.04243006
167.53470823 345.66752998
124.15181455 352.21589129
137.24853717 339.93771383
167.53470823 366.94970424
178.99434053 393.96169464
189.63542766 387.41333333
13.64821743 303.10318145
14.46676259 323.56681055
24.28930456 280.18391687
3.00713030 265.45010392
34.11184652 267.08719424
53.75693046 289.18791367
50.48274980 271.17992006
62.76092726 273.63555556
77.49474021 290.82500400
75.03910472 323.56681055
45.57147882 325.20390088
58.66820144 322.74826539
54.57547562 354.67152678
111.05509193 318.65553957
94.68418865 317.83699440
115.96636291 328.47808153
104.50673062 344.84898481
121.69617906 308.01445244
114.32927258 294.09918465
140.52271783 310.47008793
139.70417266 283.45809752
124.97035971 271.17992006
197.00233413 330.11517186
189.63542766 302.28463629
178.99434053 290.82500400
169.99034373 294.09918465
167.53470823 279.36537170
207.64342126 281.82100719
206.00633094 309.65154277
282.13103118 282.63955236
261.66740208 278.54682654
877.21336531 451.25985612
882.94318145 470.08639488
850.20137490 441.43731415
812.54829736 420.97368505
794.54030376 447.98567546
760.97995204 434.88895284
748.70177458 423.42932054
785.53630695 399.69151079
761.79849720 388.23187850
755.25013589 371.86097522
788.81048761 375.13515588
773.25812950 357.94570743
730.69378098 360.40134293
739.69777778 335.02644285
760.97995204 336.66353317
773.25812950 325.20390088
841.19737810 399.69151079
823.18938449 367.76824940
842.83446843 379.22788169
869.02791367 380.04642686
883.76172662 400.51005596
878.03191047 323.56681055
882.94318145 339.11916867
861.66100719 326.84099121
844.47155875 350.57880096
865.75373301 357.12716227
830.55629097 314.56281375
850.20137490 318.65553957
868.20936851 308.01445244
854.29410072 303.10318145
831.37483613 288.36936851
838.74174261 267.90573941
860.02391687 270.36137490
885.39881695 274.45410072
874.75772982 254.80901679
836.28610711 242.53083933
805.99993605 248.26065548
799.45157474 268.72428457
826.46356515 276.09119105
806.81848122 292.46209432
787.99194245 303.10318145
810.09266187 343.21189448
762.61704237 281.00246203
783.08067146 281.00246203
750.33886491 285.91373301
757.70577138 260.53883293
724.96396483 277.72828137
724.96396483 299.01045564
704.50033573 318.65553957
729.05669065 326.02244604
755.25013589 310.47008793
684.03670663 318.65553957
657.84326139 312.10717826
638.19817746 303.10318145
616.91600320 308.01445244
599.72655476 313.74426859
621.00872902 330.93371703
683.21816147 340.75625899
589.90401279 285.91373301
609.54909672 285.09518785
628.37563549 283.45809752
616.09745803 265.45010392
621.82727418 256.44610711
866.57227818 231.88975220
834.64901679 226.97848122
847.74573941 219.61157474
867.39082334 203.24067146
887.03590727 211.42612310
859.20537170 199.14794564
887.85445244 191.78103917
885.39881695 172.95450040
873.93918465 169.68031974
886.21736211 133.66433253
885.39881695 159.03923261
878.85045564 147.57960032
862.47955236 133.66433253
824.00792966 127.93451639
839.56028777 118.93051958
845.29010392 134.48287770
843.65301359 154.12796163
853.47555556 153.30941647
838.74174261 166.40613909
856.74973621 182.77704237
864.11664269 179.50286171
830.55629097 204.87776179
828.10065548 191.78103917
826.46356515 174.59159073
816.64102318 175.41013589
821.55229416 159.03923261
805.18139089 135.30142286
796.17739408 119.74906475
806.81848122 111.56361311
779.80649081 119.74906475
774.89521982 109.10797762
789.62903277 148.39814548
772.43958433 145.12396483
792.90321343 173.77304556
773.25812950 166.40613909
788.81048761 192.59958433
783.08067146 177.86577138
805.18139089 203.24067146
789.62903277 208.15194245
803.54430056 216.33739408
784.71776179 239.25665867
774.89521982 237.61956835
774.89521982 208.15194245
765.07267786 207.33339728
750.33886491 195.05521982
760.16140687 175.41013589
743.79050360 136.93851319
761.79849720 123.84179057
765.07267786 143.48687450
730.69378098 128.75306155
720.05269384 114.01924860
734.78650679 110.74506795
747.06468425 116.47488409
720.87123901 135.30142286
699.58906475 112.38215827
698.77051958 134.48287770
714.32287770 154.12796163
722.50832934 159.03923261
724.14541966 186.86976819
707.77451639 177.04722622
717.59705835 177.04722622
749.52031974 154.12796163
769.16540368 156.58359712
710.23015188 201.60358114
731.51232614 199.14794564
740.51632294 208.97048761
747.88322942 232.70829736
732.33087130 259.72028777
749.52031974 260.53883293
704.50033573 251.53483613
693.85924860 263.81301359
686.49234213 285.91373301
706.95597122 274.45410072
673.39561950 279.36537170
658.66180655 240.89374900
680.76252598 248.26065548
672.57707434 220.43011990
657.02471623 210.60757794
652.93199041 199.14794564
677.48834532 186.86976819
667.66580336 181.95849720
658.66180655 173.77304556
666.02871303 160.67632294
676.66980016 150.03523581
685.67379696 146.76105516
684.03670663 158.22068745
687.31088729 176.22868106
667.66580336 131.20869704
645.56508393 113.20070344
660.29889688 116.47488409
670.12143885 116.47488409
648.83926459 144.30541966
634.10545164 136.93851319
625.92000000 117.29342926
613.64182254 117.29342926
603.81928058 129.57160671
603.00073541 150.03523581
600.54509992 140.21269384
614.46036771 168.86177458
610.36764189 160.67632294
613.64182254 180.32140687
637.37963229 159.03923261
647.20217426 190.96249400
632.46836131 190.96249400
630.01272582 179.50286171
623.46436451 194.23667466
628.37563549 202.42212630
624.28290967 213.06321343
604.63782574 230.25266187
557.16220624 285.09518785
570.25892886 112.38215827
586.62983213 127.11597122
592.35964828 118.93051958
586.62983213 137.75705835
593.99673861 164.76904876
598.90800959 186.05122302
598.08946443 223.70430056
599.72655476 245.80501998
585.81128697 245.80501998
584.17419664 268.72428457
621.82727418 265.45010392
578.44438050 317.83699440
576.80729017 333.38935252
531.78730616 312.92572342
514.59785771 285.91373301
501.50113509 295.73627498
485.94877698 292.46209432
548.15820943 258.08319744
524.42039968 239.25665867
516.23494804 258.90174261
515.41640288 243.34938449
516.23494804 231.07120703
516.23494804 215.51884892
535.06148681 204.05921663
556.34366107 202.42212630
578.44438050 206.51485212
615.27891287 204.87776179
565.34765787 230.25266187
551.43239009 231.07120703
536.69857714 231.88975220
497.40840927 202.42212630
506.41240608 183.59558753
514.59785771 168.86177458
529.33167066 173.77304556
537.51712230 182.77704237
548.97675460 195.05521982
559.61784173 190.14394884
571.07747402 186.86976819
562.07347722 171.31741007
588.26692246 187.68831335
552.25093525 146.76105516
571.89601918 149.21669065
548.97675460 120.56760991
526.87603517 130.39015188
530.15021583 109.10797762
513.77931255 143.48687450
506.41240608 132.84578737
496.58986411 149.21669065
500.68258993 163.95050360
481.85605116 146.76105516
490.86004796 156.58359712
483.49314149 159.85777778
483.49314149 186.86976819
484.31168665 204.87776179
472.03350919 202.42212630
484.31168665 229.43411671
465.48514788 226.97848122
474.48914468 240.07520384
471.21496403 270.36137490
456.48115108 258.90174261
456.48115108 277.72828137
495.77131894 262.17592326
508.04949640 269.54282974
463.02951239 109.92652278
474.48914468 136.93851319
450.75133493 116.47488409
461.39242206 140.21269384
444.20297362 136.11996803
431.92479616 126.29742606
421.28370903 113.20070344
419.64661871 132.02724221
420.46516387 154.12796163
430.28770584 153.30941647
413.91680256 141.84978417
449.11424460 145.94250999
463.02951239 153.30941647
457.29969624 163.13195843
457.29969624 178.68431655
443.38442846 177.86577138
447.47715428 178.68431655
438.47315747 173.77304556
445.02151878 194.23667466
452.38842526 218.79302958
455.66260592 205.69630695
425.37643485 176.22868106
415.55389289 174.59159073
404.91280576 172.13595524
404.09426059 190.96249400
416.37243805 191.78103917
422.10225420 217.15593925
427.83207034 199.96649081
436.83606715 232.70829736
448.29569944 236.80102318
428.65061551 253.99047162
408.18698641 230.25266187
406.54989608 254.80901679
424.55788969 273.63555556
404.09426059 272.81701039
386.08626699 303.92172662
404.09426059 291.64354916
381.99354117 284.27664269
368.07827338 277.72828137
384.44917666 235.16393285
360.71136691 235.16393285
364.80409273 242.53083933
377.90081535 219.61157474
394.27171863 206.51485212
381.99354117 208.15194245
400.82007994 220.43011990
400.82007994 204.05921663
388.54190248 177.04722622
367.25972822 181.95849720
377.08227018 162.31341327
383.63063149 151.67232614
403.27571543 134.48287770
346.79609912 136.11996803
331.24374101 117.29342926
359.89282174 171.31741007
337.79210232 177.86577138
327.15101519 193.41812950
348.43318945 195.05521982
368.07827338 203.24067146
352.52591527 219.61157474
339.42919265 222.06721023
343.52191847 235.16393285
329.60665068 236.80102318
324.69537970 218.79302958
309.14302158 230.25266187
314.05429257 253.99047162
296.04629896 250.71629097
347.61464428 253.99047162
344.34046363 295.73627498
355.80009592 301.46609113
307.50593125 117.29342926
272.30848921 117.29342926
245.29649880 121.38615508
249.38922462 141.03123901
268.21576339 136.11996803
278.85685052 141.84978417
310.78011191 136.93851319
307.50593125 157.40214229
320.60265388 162.31341327
336.97355715 144.30541966
287.04230216 163.95050360
274.76412470 161.49486811
263.30449241 177.86577138
300.13902478 187.68831335
295.22775380 177.04722622
295.22775380 195.87376499
314.87283773 195.87376499
292.77211831 219.61157474
279.67539568 212.24466827
264.12303757 212.24466827
250.20776978 203.24067146
244.47795364 177.86577138
245.29649880 150.85378098
232.19977618 144.30541966
215.82887290 132.84578737
206.00633094 131.20869704
242.84086331 108.28943245
234.65541167 160.67632294
224.01432454 166.40613909
224.83286970 186.05122302
233.01832134 195.87376499
233.01832134 222.88575540
236.29250200 210.60757794
220.74014388 216.33739408
210.09905675 217.15593925
261.66740208 247.44211031
242.02231815 246.62356515
233.83686651 273.63555556
215.82887290 267.08719424
184.72415667 253.17192646
159.34925659 304.74027178
148.70816946 262.99446843
157.71216627 249.07920064
149.52671463 238.43811351
164.26052758 225.34139089
181.44997602 208.15194245
195.36524380 188.50685851
212.55469225 177.04722622
210.09905675 159.03923261
198.63942446 151.67232614
189.63542766 145.94250999
186.36124700 134.48287770
177.35725020 147.57960032
153.61944045 146.76105516
167.53470823 131.20869704
151.16380496 125.47888090
235.47395683 124.66033573
130.70017586 128.75306155
135.61144684 117.29342926
133.97435651 145.12396483
134.79290168 163.95050360
127.42599520 177.86577138
128.24454037 169.68031974
119.24054357 168.86177458
156.07507594 171.31741007
166.71616307 163.13195843
163.44198241 175.41013589
156.07507594 204.87776179
170.80888889 204.87776179
151.98235012 215.51884892
138.88562750 206.51485212
178.17579536 172.95450040
130.70017586 217.15593925
127.42599520 249.07920064
107.78091127 242.53083933
88.13582734 237.61956835
108.59945643 259.72028777
69.30928857 252.35338129
80.76892086 252.35338129
97.13982414 281.00246203
115.96636291 213.06321343
110.23654676 199.14794564
108.59945643 177.04722622
106.96236611 160.67632294
115.96636291 146.76105516
102.86964029 133.66433253
98.77691447 112.38215827
90.59146283 121.38615508
78.31328537 112.38215827
75.85764988 129.57160671
77.49474021 119.74906475
68.49074341 162.31341327
59.48674660 154.12796163
60.30529177 139.39414868
50.48274980 123.84179057
30.01912070 128.75306155
16.92239808 136.93851319
7.91840128 149.21669065
2.18858513 126.29742606
2.18858513 113.20070344
14.46676259 114.83779376
34.11184652 143.48687450
33.29330136 165.58759392
21.01512390 163.95050360
11.19258193 173.77304556
25.92639488 177.04722622
11.19258193 188.50685851
2.18858513 192.59958433
3.82567546 212.24466827
24.28930456 214.70030376
42.29729816 204.87776179
49.66420464 181.95849720
61.12383693 178.68431655
50.48274980 157.40214229
76.67619504 176.22868106
57.03111111 195.87376499
49.66420464 225.34139089
26.74494005 238.43811351
44.75293365 252.35338129
67.67219824 232.70829736
78.31328537 216.33739408
79.95037570 202.42212630
84.04310152 137.75705835
915.19516928 604.68228660
929.51684760 579.10786103
956.11425019 576.03892996
1006.24012432 563.76320568
1003.17119325 540.23473415
1020.56180264 552.51045843
1018.51584860 523.86710179
1014.42394050 501.36160728
974.52783661 488.06290598
978.61974470 503.40756133
954.06829615 533.07389499
936.67768676 517.72923965
913.14921523 496.24672217
922.35600844 551.48748141
918.26410034 527.95900988
907.01135309 433.84512377
939.74661783 412.36260628
925.42493950 401.10985903
954.06829615 434.86810079
947.93043401 473.74122766
994.98737707 465.55741148
1000.10226218 437.93703186
975.55081363 414.40856033
1005.21714730 394.97199689
999.07928516 378.60436452
949.97638806 372.46650239
965.32104340 368.37459429
947.93043401 357.12184704
920.31005439 348.93803086
927.47089355 341.77719170
928.49387057 323.36360528
939.74661783 317.22574315
958.16020424 328.47849040
962.25211233 320.29467421
1019.53882562 308.01894994
1021.58477966 332.57039849
1023.63073371 363.25970918
1022.60775669 273.23773116
988.84951493 270.16880009
998.05630814 253.80116772
970.43592852 258.91605284
965.32104340 273.23773116
977.59676768 280.39857032
960.20615829 296.76620269
955.09127317 281.42154734
945.88447996 296.76620269
929.51684760 294.72024864
908.03433011 284.49047841
893.71265179 304.95001887
933.60875569 271.19177711
911.10326118 261.98498390
893.71265179 259.93902986
902.91944500 237.43353535
932.58577867 237.43353535
923.37898546 250.73223665
955.09127317 237.43353535
992.94142302 243.57139749
1010.33203241 211.85910978
1019.53882562 193.44552337
994.98737707 201.62933955
982.71165279 193.44552337
976.57379065 182.19277611
973.50485958 205.72124764
989.87249195 209.81315573
980.66569875 316.20276612
986.80356088 295.74322566
949.97638806 220.04292596
939.74661783 221.06590299
903.94242202 220.04292596
905.98837607 193.44552337
932.58577867 192.42254634
942.81554890 189.35361527
957.13722722 193.44552337
960.20615829 181.16979909
1010.33203241 181.16979909
989.87249195 177.07789100
1001.12523921 161.73323565
1009.30905539 128.99797092
1023.63073371 133.08987901
1022.60775669 116.72224664
1014.42394050 114.67629260
996.01035409 121.83713176
989.87249195 108.53843046
1005.21714730 104.44652237
984.75760684 96.26270618
992.94142302 89.10186702
1018.51584860 80.91805084
1022.60775669 61.48148740
1008.28607837 71.71125763
989.87249195 67.61934954
967.36699745 93.19377511
967.36699745 80.91805084
966.34402042 60.45851038
996.01035409 50.22874015
1009.30905539 41.02194694
991.91844600 33.86110778
998.05630814 27.72324564
1007.26310134 16.47049839
996.01035409 21.58538351
997.03333111 10.33263625
1009.30905539 9.30965923
1019.53882562 10.33263625
985.78058386 23.63133755
981.68867577 13.40156732
972.48188256 22.60836053
960.20615829 21.58538351
957.13722722 13.40156732
969.41295149 9.30965923
979.64272172 41.02194694
950.99936508 45.11385503
949.97638806 61.48148740
953.04531913 80.91805084
939.74661783 76.82614275
945.88447996 88.07889000
930.53982462 92.17079809
915.19516928 85.00995893
907.01135309 113.65331557
905.98837607 100.35461427
905.98837607 78.87209679
897.80455988 64.55041847
920.31005439 15.44752137
898.82753691 10.33263625
909.05730714 11.35561328
903.94242202 21.58538351
924.40196248 27.72324564
936.67768676 58.41255633
883.48288156 11.35561328
866.09227217 18.51645244
888.59776668 37.95301587
895.75860584 24.65431457
886.55181263 24.65431457
872.23013431 41.02194694
867.11524920 56.36660229
882.45990454 51.25171717
857.90845599 14.42454434
872.23013431 8.28668221
841.54082362 30.79217671
854.83952492 30.79217671
855.86250194 36.93003885
839.49486957 47.15980908
846.65570874 53.29767122
847.67868576 58.41255633
855.86250194 62.50446442
851.77059385 81.94102786
840.51784660 94.21675214
836.42593851 70.68828061
828.24212232 39.99896992
823.12723721 22.60836053
823.12723721 13.40156732
836.42593851 8.28668221
774.02434010 32.83813076
784.25411033 32.83813076
789.36899545 20.56240648
801.64471972 13.40156732
768.90945499 16.47049839
777.09327117 10.33263625
764.81754690 20.56240648
760.72563881 32.83813076
782.20815629 58.41255633
787.32304140 98.30866023
787.32304140 86.03293595
799.59876568 94.21675214
827.21914530 92.17079809
889.62074370 112.63033855
899.85051393 134.11285603
927.47089355 153.54941947
932.58577867 170.94002886
954.06829615 160.71025863
969.41295149 164.80216672
972.48188256 143.31964924
946.90745699 113.65331557
956.11425019 113.65331557
880.41395049 123.88308580
725.94442002 11.35561328
739.24312132 9.30965923
752.54182262 19.53942946
745.38098346 31.81515374
732.08228216 22.60836053
720.82953491 21.58538351
704.46190254 14.42454434
691.16320124 31.81515374
709.57678766 27.72324564
698.32404040 41.02194694
713.66869575 45.11385503
727.99037407 49.20576313
748.44991453 52.27469419
765.84052392 54.32064824
776.07029415 83.98698191
752.54182262 75.80316572
775.04731713 93.19377511
731.05930514 88.07889000
716.73762682 95.23972916
725.94442002 77.84911977
721.85251193 68.64232656
731.05930514 60.45851038
714.69167277 63.52744145
703.43892552 56.36660229
706.50785659 86.03293595
689.11724720 80.91805084
678.88747697 80.91805084
675.81854590 93.19377511
703.43892552 105.46949939
655.35900544 95.23972916
650.24412032 77.84911977
666.61175269 68.64232656
684.00236208 57.38957931
666.61175269 51.25171717
655.35900544 58.41255633
676.84152292 38.97599290
684.00236208 37.95301587
685.02533911 26.70026862
694.23213231 10.33263625
666.61175269 12.37859030
662.51984460 24.65431457
655.35900544 17.49347541
644.10625819 10.33263625
632.85351093 27.72324564
641.03732712 35.90706183
651.26709735 38.97599290
634.89946498 72.73423465
636.94541903 87.05591298
627.73862582 91.14782107
627.73862582 102.40056832
637.96839605 108.53843046
628.76160284 65.57339549
633.87648796 56.36660229
622.62374070 48.18278610
620.57778666 39.99896992
622.62374070 21.58538351
612.39397047 8.28668221
597.04931513 8.28668221
598.07229215 17.49347541
601.14122322 27.72324564
587.84252192 24.65431457
577.61275169 20.56240648
564.31405039 24.65431457
580.68168276 10.33263625
604.21015429 44.09087801
583.75061383 48.18278610
581.70465978 59.43553336
602.16420024 73.75721168
620.57778666 61.48148740
583.75061383 90.12484404
560.22214230 91.14782107
565.33702742 72.73423465
555.10725719 65.57339549
556.13023421 56.36660229
570.45191253 46.13683206
561.24511933 35.90706183
579.65870574 31.81515374
586.81954490 34.88408480
534.64771673 81.94102786
541.80855589 98.30866023
503.95840604 102.40056832
484.52184260 101.37759130
479.40695749 60.45851038
501.91245199 46.13683206
449.74062382 99.33163725
459.97039405 95.23972916
462.01634810 45.11385503
475.31504940 42.04492396
451.78657787 44.09087801
454.85550894 33.86110778
455.87848596 15.44752137
474.29207237 10.33263625
481.45291153 28.74622267
500.88947497 29.76919969
509.07329115 14.42454434
501.91245199 8.28668221
529.53283161 18.51645244
526.46390054 36.93003885
538.73962482 36.93003885
542.83153291 25.67729160
548.96939505 42.04492396
533.62473970 50.22874015
534.64771673 68.64232656
523.39496947 55.34362526
502.93542902 80.91805084
504.98138306 57.38957931
440.53383061 10.33263625
440.53383061 21.58538351
429.28108336 33.86110778
437.46489954 42.04492396
426.21215229 52.27469419
401.66070374 12.37859030
418.02833611 25.67729160
400.63772672 32.83813076
402.68368076 53.29767122
391.43093351 59.43553336
413.93642802 63.52744145
426.21215229 73.75721168
438.48787657 62.50446442
415.98238206 85.00995893
399.61474969 83.98698191
411.89047397 75.80316572
407.79856588 102.40056832
397.56879565 100.35461427
388.36200244 104.44652237
387.33902542 16.47049839
358.69566878 17.49347541
371.99437007 29.76919969
384.27009435 38.97599290
381.20116328 55.34362526
371.99437007 45.11385503
396.54581863 44.09087801
387.33902542 74.78018870
377.10925519 91.14782107
362.78757687 79.89507382
370.97139305 74.78018870
357.67269175 72.73423465
353.58078366 62.50446442
343.35101343 63.52744145
350.51185259 51.25171717
359.71864580 44.09087801
360.74162282 33.86110778
343.35101343 26.70026862
332.09826618 14.42454434
351.53482961 11.35561328
333.12124320 39.99896992
319.82254190 51.25171717
320.84551893 37.95301587
313.68467976 23.63133755
302.43193251 20.56240648
281.97239205 22.60836053
299.36300144 45.11385503
305.50086358 72.73423465
277.88048396 73.75721168
273.78857587 67.61934954
295.27109335 102.40056832
336.19017427 78.87209679
318.79956488 69.66530359
251.28308136 90.12484404
224.68567877 82.96400488
235.93842602 82.96400488
252.30605839 66.59637252
269.69666778 37.95301587
262.53582862 29.76919969
261.51285159 15.44752137
235.93842602 12.37859030
245.14521923 47.15980908
233.89247197 27.72324564
219.57079365 26.70026862
219.57079365 16.47049839
223.66270174 38.97599290
213.43293151 44.09087801
209.34102342 65.57339549
221.61674770 58.41255633
232.86949495 62.50446442
244.12224220 59.43553336
224.68567877 109.56140748
205.24911533 108.53843046
195.01934510 110.58438450
182.74362082 122.86010878
170.46789655 97.28568321
177.62873571 85.00995893
187.85850594 91.14782107
196.04232212 74.78018870
211.38697747 83.98698191
218.54781663 75.80316572
202.18018426 54.32064824
188.88148296 53.29767122
183.76659785 39.99896992
186.83552892 34.88408480
181.72064380 31.81515374
187.85850594 10.33263625
165.35301143 21.58538351
138.75560884 10.33263625
127.50286158 29.76919969
142.84751693 39.99896992
162.28408036 58.41255633
174.55980464 53.29767122
183.76659785 71.71125763
173.53682762 75.80316572
162.28408036 81.94102786
152.05431013 70.68828061
144.89347097 81.94102786
126.47988456 93.19377511
138.75560884 93.19377511
145.91644800 95.23972916
112.15820624 26.70026862
111.13522922 41.02194694
118.29606838 52.27469419
116.25011433 75.80316572
131.59476967 75.80316572
88.62973471 80.91805084
103.97439005 77.84911977
84.53782662 103.42354534
88.62973471 87.05591298
7.81454989 26.70026862
13.95241203 36.93003885
23.15920524 35.90706183
31.34302142 13.40156732
52.82553891 9.30965923
69.19317127 12.37859030
81.46889555 27.72324564
96.81355089 28.74622267
73.28507937 32.83813076
73.28507937 44.09087801
82.49187257 42.04492396
88.62973471 51.25171717
57.94042402 83.98698191
73.28507937 103.42354534
65.10126318 101.37759130
55.89446997 106.49247641
19.06729715 85.00995893
19.06729715 97.28568321
3.72264180 66.59637252
23.15920524 52.27469419
32.36599845 68.64232656
45.66469974 78.87209679
46.68767677 64.55041847
47.92888889 53.42753247
38.70845599 41.37004329
44.02793651 34.45471861
47.39694084 24.17038961
35.33945166 9.98510823
20.09027417 8.56658009
3.59988456 8.56658009
0.76282828 15.48190476
23.99122655 101.48017316
43.14135642 107.68623377
66.01512266 91.01852814
75.59018759 93.14632035
78.24992785 68.67670996
81.79624820 54.49142857
102.89685426 14.06337662
108.03901876 18.67359307
116.72750361 14.94995671
152.19070707 28.07134199
159.10603175 44.20709957
105.02464646 91.55047619
106.08854257 63.35722944
18.84906205 19.73748918
25.23243867 26.47549784
155.20507937 80.20225108
77.36334776 65.66233766
56.66170274 171.96300588
122.64372072 122.86010878
119.57478965 134.11285603
106.27608836 153.54941947
92.46589855 156.61835054
91.44292152 183.21575314
131.33902542 261.47349539
185.55680764 119.27968920
178.39596848 107.00396492
321.10126318 207.76720169
494.49586858 267.09986902
504.72563881 305.97299589
434.14022422 310.06490398
442.83552892 380.13883006
464.82953491 369.39757132
495.51884560 379.62734155
481.70865579 387.81115773
401.91644800 389.34562327
352.30206238 369.39757132
310.87149295 331.54742147
281.20515929 240.50246642
213.68867577 226.69227661
141.56879565 349.96100788
157.42493950 358.65631258
222.89546898 365.30566323
29.04132312 339.21974914
66.37998446 201.62933955
28.01834610 106.49247641
803.82479742 100.13201384
821.77463425 117.22709654
831.60430680 113.80808000
823.05676546 111.24381759
847.84463536 111.24381759
759.80495948 233.47365886
713.64823621 236.89267540
688.43298923 114.66283413
701.68167832 27.90528946
722.62315462 8.24594436
673.04741481 8.24594436
607.23134643 13.37446917
575.60544345 88.16545596
590.13626374 74.91676687
532.86773671 226.20824872
522.61068709 192.87283746
537.56888445 8.67332142
469.61593074 23.63151878
440.12691309 30.46955186
440.55429015 66.36922552
434.99838828 81.75479995
440.12691309 203.12988708
429.86986347 202.27513295
469.18855367 250.99611863
498.25019425 245.44021675
509.57568654 197.57398520
557.44191808 220.65234684
548.03962260 221.07972391
341.61649906 46.28250335
230.49846154 247.14972502
827.33053613 416.47394020
815.36397824 395.53246390
815.36397824 383.56590601
772.19889444 316.04032937
801.68791209 310.05705043
650.82380730 445.96295785
643.55839716 508.78738676
504.66085026 545.11443748
461.92314352 484.85427098
502.09658786 354.50426543
569.19478743 413.05492366
602.10282162 415.61918607
529.02134310 407.49902179
620.05265845 484.42689392
751.25741814 543.83230628
245.45665890 410.50710341
434.78469974 282.29398319
446.32388056 284.00349146
469.82961927 286.99513093
458.29043845 301.95332829
91.60091464 358.79447825
106.98648907 358.79447825
140.32190032 416.91775942
109.97812854 449.39841654
136.90288378 457.94595788
182.84591853 314.34726325
168.31509824 310.07349257
883.48288156 78.87209679
760.72563881 5.21775114
282.99536908 9.30965923
