44.45802713 340.40470568
15.59288485 342.10265523
4.83920439 342.66863841
49.55187577 348.32847023
42.76007758 350.02641978
32.57238031 350.59240296
28.61049804 342.66863841
22.38468303 355.12026841
13.32895212 357.38420114
3.14125485 357.38420114
54.64572441 356.25223478
67.66333759 357.38420114
74.45513577 348.32847023
79.54898441 348.32847023
91.43463123 348.32847023
76.15308532 356.25223478
46.15597668 358.51616751
17.85681758 367.00591524
4.83920439 369.26984796
41.06212804 364.17599933
38.79819531 354.55428523
28.61049804 368.13788160
19.55476713 373.79771342
10.49903621 381.72147797
59.17358986 372.09976387
90.86864805 357.95018432
80.68095077 361.34608342
105.58421078 357.38420114
95.96249669 366.43993205
90.86864805 377.19361251
89.17069850 369.26984796
72.19120305 372.09976387
22.38468303 381.15549478
48.41990940 368.13788160
45.58999349 386.24934342
34.27032986 385.11737706
19.55476713 389.64524251
37.66622895 397.00302388
18.42280076 408.88867070
12.76296894 419.64235116
173.78518420 364.03450353
176.61510011 357.52569694
184.25587307 360.07262126
197.83946944 366.01544467
217.93187239 362.90253717
239.43923331 357.24270535
245.66504831 369.97732694
183.68988989 371.10929330
161.33355420 386.39083922
149.16491579 367.71339421
160.20158784 367.99638580
124.82763897 391.48468785
148.59893261 399.40845240
123.97866419 361.20458762
149.44790738 382.14596535
130.48747079 379.59904103
140.67516806 413.27504036
131.05345397 421.76478809
196.42451148 419.78384695
183.40689830 411.86008240
215.10195649 406.48324218
195.57553671 384.97588126
306.50824037 353.98830205
282.17096354 361.34608342
271.98326627 364.17599933
278.77506445 377.19361251
282.17096354 370.40181433
263.49351854 382.85344433
253.87180445 389.64524251
243.68410717 395.87105751
202.93331807 403.79482206
191.61365443 405.49277161
153.12679806 409.45465388
120.86575669 404.92678842
131.61943715 403.79482206
114.63994169 385.11737706
114.63994169 377.19361251
114.07395851 397.00302388
92.00061441 411.71858661
103.88626123 377.19361251
106.15019396 367.00591524
7.10313712 399.83293979
48.98589259 417.37841843
54.07974122 403.79482206
69.36128714 406.05875479
54.64572441 394.73909115
63.70145532 393.60712479
66.53137123 428.69808207
66.53137123 417.37841843
54.07974122 434.92389707
52.94777486 424.73619979
56.90965713 414.54850252
42.76007758 423.60423343
33.70434667 426.43414934
6.53715394 439.45176252
17.85681758 436.62184661
5.97117076 430.39603161
42.19409440 440.58372889
28.04451485 434.92389707
7.66912030 455.29929162
13.32895212 446.80954389
59.73957304 448.50749343
71.62521986 449.63945980
74.45513577 425.86816616
78.98300123 414.54850252
114.07395851 426.43414934
89.17069850 400.96490615
103.88626123 389.07925933
81.24693396 395.87105751
75.58710214 386.24934342
79.54898441 376.06164615
48.98589259 377.19361251
94.83053032 427.56611570
38.79819531 453.60134207
22.95066622 456.43125798
37.10024577 470.58083753
51.24982531 462.09108980
87.47274896 449.63945980
79.54898441 451.33740934
86.90676578 462.09108980
75.58710214 469.44887117
68.79530395 470.58083753
34.83631304 481.33451799
28.61049804 474.54271980
18.98878394 483.59845071
6.53715394 471.14682071
44.45802713 494.35213117
27.47853167 502.84187890
8.80108667 518.12342481
17.29083440 521.51932390
42.19409440 512.46359299
69.92727032 501.14392935
67.66333759 482.46648435
89.17069850 497.18204708
90.30266487 486.99434981
102.18831169 470.58083753
103.32027805 454.73330844
117.46985760 442.84766161
114.63994169 459.26117389
113.50797533 476.24066935
127.65755488 465.48698889
144.07106715 462.65707298
139.54320170 449.63945980
119.73379033 500.01196299
111.81002578 506.23777799
131.05345397 483.03246753
142.37311761 492.08819844
149.73089897 480.20255162
121.43173987 518.12342481
104.45224442 528.87710527
89.73668169 523.21727345
393.10366720 308.70964750
152.56081488 431.52799798
161.61654579 407.75670433
82.37890032 439.45176252
196.70750307 433.79193070
224.44067899 426.43414934
224.44067899 419.64235116
209.72511626 417.94440161
218.21486399 433.22594752
212.55503217 429.83004843
184.25587307 437.75381298
172.37022625 434.92389707
162.74851216 440.58372889
150.86286534 445.67757752
131.61943715 438.31979616
167.84236079 454.73330844
179.72800761 455.29929162
189.91570489 445.11159434
200.10340216 454.73330844
214.81896489 453.03535889
185.95382262 465.48698889
175.20014216 472.27878708
155.95671397 474.54271980
158.22064670 461.52510662
166.71039443 483.03246753
162.18252897 495.48409754
157.65466352 515.29350890
137.27926897 537.36685300
123.12968942 530.57505482
145.76901670 508.50171072
208.02716671 381.72147797
210.29109944 369.26984796
270.85129991 422.47226707
296.32054309 385.11737706
321.78978628 378.32557887
316.12995446 386.81532660
357.44672674 378.32557887
278.77506445 417.94440161
262.36155218 417.37841843
271.41728309 411.71858661
245.94803990 413.41653615
278.20908127 432.65996434
287.83079536 430.39603161
291.22669446 421.34030070
292.92464400 404.92678842
301.98037491 376.06164615
333.10944992 372.09976387
389.70776811 364.17599933
414.04504494 369.83583114
448.00403585 369.26984796
375.55818856 377.19361251
377.82212129 370.96779751
391.97170084 380.02352842
81.81291714 405.49277161
105.58421078 417.94440161
181.42595716 394.73909115
170.10629352 413.41653615
168.97432716 393.04114160
273.68121582 405.49277161
318.95987037 403.79482206
313.86602173 410.02063706
303.11234128 417.37841843
299.15045900 431.52799798
279.34104764 448.50749343
265.19146809 450.77142616
255.00377081 455.29929162
235.19435944 449.07347662
219.91281353 460.39314025
196.14151989 480.20255162
197.27348625 494.91811435
174.06817579 535.66890345
182.55792352 524.91522300
197.27348625 509.06769390
185.38783943 491.52221526
221.04477990 483.03246753
235.19435944 487.56033299
201.23536853 522.65129027
219.34683035 514.16154254
229.53452762 537.36685300
245.38205672 518.12342481
243.68410717 532.27300436
277.64309809 535.10292027
268.02138400 516.99145845
283.86891309 522.65129027
322.92175264 523.21727345
281.60498036 502.84187890
262.92753536 496.05008072
248.21197263 492.65418163
245.38205672 471.14682071
271.41728309 474.54271980
279.90703082 468.31690480
282.17096354 458.69519071
303.67832446 467.18493844
297.45250946 459.26117389
286.69882900 486.99434981
273.68121582 487.56033299
358.57869311 537.36685300
374.99220538 538.49881936
343.86313038 533.40497073
343.86313038 519.82137436
351.78689492 507.36974436
339.33526492 502.84187890
317.26192083 494.91811435
325.75166855 486.42836662
396.49956630 523.78325663
384.61391948 512.46359299
416.30897766 515.29350890
403.85734766 511.33162663
403.29136448 499.44597981
439.51428812 503.97384526
423.10077585 489.25828253
433.28847312 494.35213117
411.21512903 488.12631617
403.29136448 481.33451799
385.74588584 482.46648435
374.42622220 478.50460208
367.06844084 498.87999663
350.65492856 490.95623208
347.82501265 480.20255162
334.80739947 480.20255162
321.22380310 450.20544298
306.50824037 445.11159434
315.56397128 436.62184661
326.31765174 424.73619979
339.33526492 431.52799798
334.24141628 412.85055297
387.44383539 389.07925933
378.38810447 390.77720888
356.88074356 402.66285570
365.93647447 409.45465388
372.16228947 398.70097342
350.65492856 386.24934342
334.24141628 382.85344433
328.58158446 391.90917524
379.52007084 410.02063706
345.56107992 457.56322435
337.07133219 446.80954389
360.84262583 441.14971207
364.80450811 462.09108980
368.20040720 451.33740934
380.08605402 461.52510662
384.04793629 502.27589572
431.59052358 466.61895526
417.44094403 460.39314025
450.83395176 459.26117389
461.02164904 436.62184661
459.88968267 424.73619979
454.22985085 421.34030070
432.72248994 422.47226707
397.06554948 460.39314025
402.15939812 448.50749343
411.78111221 452.46937571
390.83973448 436.62184661
407.81922994 437.75381298
358.01270992 429.26406525
368.20040720 432.65996434
386.31186902 415.68046888
399.89546539 400.96490615
424.79872539 409.45465388
410.64914584 402.66285570
418.57291039 404.92678842
453.09788449 390.21122569
448.57001903 382.85344433
421.40282630 381.72147797
265.19146809 373.09023444
263.21052695 400.82341036
246.79701467 392.33366263
221.32777149 396.01255331
234.34538467 381.57998217
243.11812399 434.49940968
260.38061104 435.06539286
465.12337662 387.92857143
487.56493506 386.68181818
500.03246753 387.92857143
478.83766234 389.79870130
471.98051948 366.73376623
505.64285714 310.62987013
708.24025974 291.30519481
576.08441558 283.20129870
678.31818182 290.05844156
611.61688312 339.30519481
751.25324675 323.72077922
409.64285714 295.04545455
439.56493506 391.04545455
418.99350649 392.91558442
471.98051948 440.91558442
483.82467532 421.59090909
475.09740260 414.73376623
474.47402597 401.64285714
481.95454545 407.25324675
500.65584416 402.88961039
563.61688312 375.46103896
562.99350649 391.04545455
549.90259740 405.38311688
538.68181818 401.01948052
516.24025974 397.90259740
514.99350649 387.92857143
529.33116883 396.65584416
523.72077922 424.70779221
493.17532468 415.35714286
503.14935065 423.46103896
489.43506494 439.04545455
486.31818182 429.07142857
510.00649351 432.81168831
505.64285714 440.91558442
491.92857143 455.87662338
476.34415584 455.87662338
465.74675325 468.96753247
412.75974026 561.22727273
394.68181818 558.73376623
376.60389610 564.34415584
346.05844156 564.34415584
308.03246753 566.83766234
337.33116883 554.99350649
279.98051948 566.83766234
281.22727273 552.50000000
323.61688312 569.95454545
434.57792208 540.03246753
452.03246753 535.66883117
452.65584416 521.95454545
463.87662338 510.11038961
479.46103896 506.99350649
494.42207792 508.86363636
510.62987013 502.62987013
495.04545455 475.20129870
482.57792208 478.31818182
500.03246753 458.37012987
512.50000000 458.37012987
534.31818182 458.37012987
529.95454545 439.04545455
539.92857143 418.47402597
581.07142857 414.11038961
559.25324675 414.11038961
597.90259740 410.99350649
606.00649351 420.34415584
608.50000000 406.00649351
622.21428571 404.13636364
620.34415584 414.11038961
642.16233766 381.07142857
695.77272727 385.43506494
761.22727273 395.40909091
559.87662338 430.31818182
561.74675325 450.26623377
550.52597403 439.04545455
537.43506494 449.01948052
552.39610390 468.34415584
529.95454545 473.95454545
510.00649351 473.33116883
526.21428571 492.65584416
521.22727273 513.85064935
541.79870130 502.62987013
549.27922078 495.77272727
534.94155844 521.95454545
505.64285714 528.81168831
493.17532468 545.01948052
475.09740260 537.53896104
441.43506494 566.21428571
493.17532468 568.08441558
518.73376623 568.08441558
546.78571429 557.48701299
528.08441558 557.48701299
569.22727273 568.70779221
548.03246753 533.17532468
564.86363636 532.55194805
582.31818182 538.78571429
634.05844156 546.88961039
602.88961039 544.39610390
609.74675325 509.48701299
582.94155844 522.57792208
596.03246753 503.87662338
577.33116883 512.60389610
561.74675325 495.14935065
569.22727273 486.42207792
582.94155844 492.65584416
596.03246753 469.59090909
580.44805195 452.13636364
578.57792208 437.79870130
620.34415584 432.18831169
611.61688312 445.27922078
591.66883117 445.90259740
637.79870130 410.37012987
670.83766234 441.53896104
669.59090909 417.22727273
653.38311688 430.31818182
648.39610390 440.29220779
640.91558442 449.01948052
617.85064935 451.51298701
625.95454545 453.38311688
618.47402597 469.59090909
630.94155844 482.68181818
625.95454545 499.51298701
673.95454545 533.17532468
693.90259740 530.68181818
682.68181818 522.57792208
661.48701299 512.60389610
682.05844156 501.38311688
652.75974026 460.86363636
644.03246753 481.43506494
713.22727273 430.31818182
701.38311688 439.04545455
718.83766234 443.40909091
687.04545455 462.73376623
676.44805195 458.99350649
706.99350649 453.38311688
730.68181818 490.78571429
713.85064935 519.46103896
688.91558442 561.85064935
651.51298701 569.95454545
708.86363636 421.59090909
690.16233766 427.20129870
673.95454545 430.31818182
761.85064935 414.11038961
752.50000000 424.08441558
740.03246753 431.56493506
759.98051948 453.38311688
746.26623377 447.77272727
727.56493506 447.77272727
722.57792208 463.35714286
707.61688312 468.96753247
759.98051948 510.11038961
755.61688312 490.78571429
758.73376623 473.33116883
735.66883117 521.33116883
721.95454545 517.59090909
736.91558442 539.40909091
758.11038961 526.94155844
712.60389610 538.78571429
647.77272727 516.96753247
736.91558442 478.31818182
553.64285714 512.60389610
94.82349469 623.06628436
165.83681903 594.15820543
144.15575982 593.21555068
191.91693372 591.64445944
209.19893743 602.64209816
252.87527408 602.95631641
272.35680553 634.69235959
285.55397200 596.35773318
190.34584247 621.18097487
223.65297689 631.23595885
241.87763535 649.14639906
283.66866251 674.28385900
214.85486591 701.62084669
190.34584247 748.75358408
237.16436161 730.21470737
257.27432957 746.23983808
193.17380671 676.16916849
163.63729128 650.40327205
140.07092258 630.60752235
128.44484736 585.36009445
117.44720864 576.24776522
96.70880418 576.24776522
89.16756620 589.44493169
54.28934053 583.78900320
74.08509023 613.01130039
66.22963400 658.57294653
87.59647495 701.93506494
134.10077585 686.53837072
53.66090403 741.21234610
146.98372407 735.24219936
93.56662169 723.61612414
88.89433294 548.89079103
113.33353011 556.92081295
133.58315062 568.09301737
42.80898971 554.47689324
60.61469050 525.14985664
203.40942823 543.65382021
194.33201214 561.11038961
65.50252994 566.69649182
49.09335470 618.36793726
97.62261764 609.29052117
22.55936920 601.26049924
33.73157362 572.98085681
27.44720864 563.90344072
47.34769776 535.62379828
244.60693203 690.98726598
33.74675325 675.61688312
37.48701299 711.77272727
121.01948052 609.53896104
22.52597403 548.44805195
228.37384045 585.95690673
229.59428234 552.19134761
315.83884298 546.49595210
109.58416259 637.21546635
153.92688480 584.32965087
132.77255861 512.73039298
228.37384045 570.09116208
249.93498060 626.63830326
332.51821555 615.24751223
334.95909934 587.17734863
303.22761005 603.04309327
345.53626244 642.09723393
370.75872828 643.72448980
382.55633328 624.60423343
420.79684601 635.18139653
397.20163603 667.72651375
386.21765896 719.79870130
309.32981953 729.15542250
319.50016866 699.86481700
153.92688480 692.94897959
445.66208467 591.42814977
488.55970653 589.99822904
516.68148086 594.76463147
539.08357227 610.97039973
580.55127340 622.40976556
622.97225502 609.06383876
594.85048069 579.98878394
618.20585259 561.87645471
664.91659639 588.09166807
659.67355372 546.14732670
708.76749874 583.80190589
673.97276101 605.72735706
642.99114522 638.61553382
698.28141339 650.05489965
716.87038286 651.00818013
701.61789509 681.98979592
652.52395008 668.64386912
633.45834036 683.41971665
593.42055996 648.14833867
556.24262102 648.14833867
527.64420644 645.76513746
490.94290774 636.70897285
454.71824928 634.80241187
459.48465171 579.51214370
474.73713948 696.28900320
441.84896273 686.75619835
466.15761511 714.40133243
530.02740766 691.99924102
554.81270029 672.93363130
587.70087705 712.97141171
529.55076741 711.06485073
497.13923090 759.20551526
547.18645640 749.19607016
614.86937089 733.46694215
607.71976725 761.11207624
673.01948052 745.38294822
682.07564513 711.06485073
692.56173048 702.96196660
513.82163940 734.65854276
747.37535841 380.03820206
829.22710051 417.32040605
855.18503646 426.71470669
949.12804277 434.37847825
942.45314495 463.05581702
906.35925306 464.78634609
926.38394651 463.05581702
810.68571768 410.89272668
794.36930080 413.11769261
782.25559735 431.16463856
829.72153738 452.91986108
849.00457552 464.04469077
792.88599017 448.22271076
797.58314048 437.83953638
811.67459143 431.41185700
782.99725266 478.38336016
772.11964141 463.05581702
819.33836300 466.51687515
867.79317678 476.15839422
908.33700056 445.00887107
831.20484801 443.52556045
817.11339706 452.17820576
796.59426673 477.14726797
785.71665548 501.37467486
793.13320861 547.35730426
863.59046334 498.65527204
861.11827896 513.48837830
887.32343336 510.52175705
898.20104461 510.02732018
927.37282026 534.74916394
769.89467547 437.09788107
734.40285040 589.63998988
761.20703323 593.94189577
786.35663687 574.08694552
827.39020071 574.74877720
812.49898802 595.59647495
817.79364142 608.17127678
846.58331928 606.18578175
793.96770113 607.17852926
916.73747681 595.59647495
894.56611570 581.69800978
864.12185866 622.06974195
877.35849216 617.43692022
903.16992748 622.06974195
913.75923427 642.25560803
881.66039804 663.10330579
921.70121437 661.44872660
965.38210491 656.15407320
950.15997639 672.36894923
970.01492663 615.12050936
960.08745151 585.00716816
931.29777365 700.16587957
837.64859167 626.37164783
794.96044864 641.26286052
763.52344409 651.19033564
732.41735537 617.10600439
752.60322145 679.98001349
744.33032552 705.46053297
732.41735537 748.81050767
819.44822061 734.91204250
847.24515095 730.27922078
807.86616630 679.31818182
841.28866588 656.15407320
829.70661157 645.56476640
968.36034744 740.20669590
901.84626413 763.70172036
935.26876370 763.37080452
845.59057177 578.05793557
865.77643785 585.33808399
810.18257716 575.07969303
903.98051948 552.18831169
862.83766234 562.16233766
845.38311688 560.91558442
845.38311688 532.24025974
1007.46103896 698.05844156
997.48701299 669.38311688
999.98051948 614.52597403
1019.92857143 605.79870130
1016.18831169 554.68181818
1017.43506494 663.14935065
999.98051948 735.46103896
977.53896104 506.05844156
968.81168831 473.64285714
947.61688312 491.09740260
908.96753247 484.86363636
793.01948052 711.77272727
783.04545455 673.12337662
637.17532468 575.87662338
607.25324675 588.34415584
736.91558442 565.90259740
764.34415584 553.43506494
794.26623377 527.25324675
807.98051948 508.55194805
892.75974026 434.99350649
887.77272727 452.44805195
876.55194805 453.69480519
997.48701299 467.40909091
991.25324675 453.69480519
695.77272727 479.87662338
604.75974026 481.12337662
987.51298701 563.40909091
970.05844156 527.25324675
950.11038961 502.31818182
933.90259740 508.55194805
923.92857143 516.03246753
1009.95454545 471.14935065
993.74675325 499.82467532
876.89079103 494.20897285
887.51652893 480.12987013
885.39138135 465.25383707
1011.57201889 452.50295159
925.23789847 446.65879575
947.81759150 558.49468713
1018.21310508 579.74616293
1019.54132231 526.88311688
1020.86953955 536.18063754
977.83530106 459.67532468
933.20720189 465.25383707
913.54958678 498.99055490
905.31463991 526.08618654
990.32054309 588.24675325
1021.93211334 510.67886659
960.83412043 441.08028335
916.47166470 461.80047226
846.60743802 446.12750885
918.59681228 534.85242031
1003.07142857 454.89374262
1006.25914994 574.43329398
832.52833530 711.65230224
798.43110137 564.68441808
713.28394333 487.50236128
718.70306966 500.25324675
701.80814640 511.72904368
831.86717828 507.58500590
806.68417946 535.95572609
623.70897285 483.67709563
548.15997639 485.74911452
567.92384888 462.79752066
570.47402597 443.03364817
608.50000000 396.65584416
590.42207792 399.77272727
581.07142857 395.40909091
737.53896104 419.72077922
469.48701299 492.65584416
440.18831169 483.92857143
455.14935065 476.44805195
455.14935065 486.42207792
421.48701299 473.95454545
443.30519481 469.59090909
440.81168831 417.22727273
440.81168831 406.62987013
449.53896104 398.52597403
404.03246753 373.59090909
397.79870130 386.68181818
360.39610390 421.59090909
383.46103896 422.83766234
308.65584416 396.65584416
270.62987013 395.40909091
311.77272727 482.05844156
629.69480519 423.46103896
549.90259740 430.78571429
527.46103896 403.66883117
