108.58536585 476.10975610
199.31707317 460.50000000
280.29268293 469.28048780
355.41463415 491.71951220
462.73170732 497.57317073
496.87804878 446.84146341
602.24390244 502.45121951
632.48780488 429.28048780
582.73170732 429.28048780
589.56097561 395.13414634
696.87804878 395.13414634
727.12195122 482.93902439
781.75609756 469.28048780
840.29268293 460.50000000
880.29268293 393.18292683
820.78048780 367.81707317
768.09756098 412.69512195
772.00000000 364.89024390
792.48780488 337.57317073
877.36585366 328.79268293
830.53658537 300.50000000
872.48780488 295.62195122
889.07317073 269.28048780
807.12195122 302.45121951
816.87804878 254.64634146
783.70731707 277.08536585
755.41463415 289.76829268
778.82926829 300.50000000
711.51219512 287.81707317
663.70731707 274.15853659
645.17073171 284.89024390
595.41463415 326.84146341
567.12195122 342.45121951
518.34146341 398.06097561
505.65853659 349.28048780
463.70731707 366.84146341
472.48780488 309.28048780
498.82926829 298.54878049
435.41463415 356.10975610
411.02439024 438.06097561
323.21951220 418.54878049
284.19512195 389.28048780
352.48780488 330.74390244
223.70731707 421.47560976
105.65853659 410.74390244
36.39024390 414.64634146
17.85365854 365.86585366
105.65853659 355.13414634
147.60975610 358.06097561
103.70731707 311.23170732
173.95121951 333.67073171
225.65853659 337.57317073
292.00000000 326.84146341
382.73170732 321.96341463
195.41463415 298.54878049
154.43902439 300.50000000
219.80487805 270.25609756
17.95731707 330.25609756
3.81097561 342.45121951
18.44512195 297.57317073
43.32317073 271.23170732
94.54268293 273.18292683
49.17682927 251.23170732
111.61585366 242.45121951
12.59146341 218.06097561
76.98170732 228.30487805
124.78658537 236.10975610
144.78658537 232.69512195
157.46951220 259.03658537
197.95731707 247.81707317
261.37195122 274.15853659
287.71341463 274.15853659
260.39634146 326.35365854
349.66463415 293.67073171
360.88414634 279.52439024
417.46951220 277.57317073
366.73780488 188.79268293
364.78658537 249.28048780
316.98170732 268.79268293
320.39634146 229.28048780
331.61585366 226.84146341
343.81097561 206.35365854
348.68902439 196.59756098
382.34756098 192.20731707
259.90853659 254.15853659
272.10365854 218.06097561
258.44512195 204.89024390
226.25000000 223.91463415
187.71341463 218.06097561
196.00609756 200.50000000
203.32317073 199.52439024
211.12804878 208.30487805
219.90853659 200.50000000
137.95731707 197.57317073
129.17682927 200.98780488
112.10365854 212.69512195
80.39634146 204.89024390
67.71341463 215.13414634
56.00609756 200.98780488
55.51829268 185.37804878
81.85975610 184.40243902
37.95731707 169.28048780
67.22560976 162.45121951
100.39634146 178.06097561
33.07926829 149.76829268
17.95731707 161.96341463
2.34756098 162.93902439
51.61585366 134.15853659
73.56707317 140.01219512
92.10365854 154.64634146
108.20121951 166.35365854
122.83536585 151.71951220
138.93292683 144.40243902
161.85975610 161.96341463
157.95731707 185.86585366
184.29878049 183.42682927
145.27439024 167.32926829
164.78658537 147.32926829
156.49390244 135.62195122
137.46951220 129.76829268
177.46951220 134.15853659
193.07926829 145.86585366
185.76219512 164.89024390
94.05487805 131.23170732
82.34756098 130.74390244
209.66463415 156.10975610
223.32317073 138.54878049
205.76219512 134.64634146
219.42073171 157.08536585
237.46951220 150.25609756
245.27439024 160.50000000
238.44512195 176.59756098
258.44512195 158.54878049
271.12804878 164.40243902
277.46951220 152.20731707
301.37195122 166.84146341
297.46951220 187.32926829
278.44512195 187.32926829
259.90853659 190.25609756
320.88414634 186.35365854
334.05487805 179.03658537
348.20121951 170.25609756
351.61585366 150.25609756
321.37195122 148.79268293
326.73780488 136.59756098
290.64024390 143.42682927
298.44512195 145.86585366
302.34756098 128.30487805
263.32317073 136.59756098
372.10365854 158.54878049
364.29878049 145.37804878
396.98170732 156.10975610
388.20121951 134.15853659
397.46951220 139.03658537
407.71341463 154.64634146
418.44512195 138.54878049
400.88414634 129.76829268
420.88414634 167.32926829
430.64024390 181.96341463
406.25000000 190.74390244
444.78658537 165.86585366
525.55487805 267.32926829
477.26219512 276.10975610
483.11585366 261.96341463
559.21341463 244.40243902
576.77439024 235.62195122
624.09146341 247.32926829
583.60365854 215.62195122
591.89634146 193.67073171
619.21341463 200.50000000
643.60365854 212.69512195
645.06707317 245.37804878
699.21341463 245.37804878
714.33536585 238.54878049
731.40853659 230.74390244
687.01829268 223.42682927
694.33536585 204.89024390
702.14024390 203.42682927
661.65243902 198.06097561
636.28658537 192.69512195
655.31097561 184.89024390
694.33536585 181.47560976
681.65243902 177.57317073
706.53048780 179.52439024
680.67682927 165.86585366
683.60365854 156.59756098
719.70121951 150.25609756
717.75000000 177.57317073
744.09146341 179.52439024
745.55487805 197.08536585
755.79878049 221.96341463
731.40853659 193.67073171
761.65243902 174.15853659
764.57926829 190.25609756
791.89634146 199.52439024
783.60365854 228.79268293
806.53048780 202.45121951
833.84756098 236.59756098
864.57926829 239.52439024
874.82317073 256.10975610
899.70121951 228.79268293
887.99390244 201.47560976
874.82317073 202.45121951
891.40853659 173.18292683
844.09146341 198.06097561
858.72560976 189.28048780
849.45731707 174.64634146
808.48170732 175.13414634
792.38414634 170.74390244
832.87195122 206.84146341
847.50609756 161.47560976
859.70121951 162.45121951
866.04268293 150.74390244
856.28658537 137.08536585
871.40853659 129.28048780
878.72560976 135.13414634
886.04268293 135.13414634
899.21341463 147.81707317
883.60365854 153.18292683
899.21341463 133.18292683
887.01829268 124.89024390
877.75000000 122.45121951
895.31097561 113.67073171
879.70121951 113.18292683
860.67682927 119.52439024
830.43292683 136.10975610
835.31097561 126.35365854
837.26219512 118.54878049
827.01829268 117.57317073
844.09146341 115.62195122
820.18902439 123.91463415
810.43292683 141.47560976
822.14024390 155.13414634
791.89634146 139.52439024
789.94512195 125.37804878
800.67682927 117.57317073
770.92073171 145.86585366
747.50609756 156.59756098
749.45731707 140.01219512
757.75000000 135.13414634
763.11585366 122.93902439
643.11585366 167.32926829
628.48170732 172.20731707
649.94512195 144.40243902
745.55487805 120.50000000
733.84756098 126.35365854
713.35975610 132.69512195
696.77439024 142.45121951
704.09146341 126.84146341
712.38414634 119.52439024
724.57926829 114.15853659
699.21341463 115.13414634
680.18902439 128.79268293
685.06707317 119.52439024
682.62804878 138.06097561
668.96951220 136.10975610
658.23780488 132.69512195
661.16463415 118.54878049
671.89634146 114.15853659
634.33536585 139.52439024
616.77439024 135.13414634
625.55487805 123.91463415
640.67682927 115.13414634
606.53048780 135.13414634
597.26219512 143.91463415
594.33536585 153.67073171
609.94512195 160.50000000
606.04268293 120.50000000
621.16463415 114.15853659
589.45731707 128.30487805
581.16463415 117.57317073
595.79878049 115.62195122
564.09146341 116.10975610
557.26219512 122.93902439
564.57926829 144.40243902
577.75000000 132.69512195
550.92073171 169.28048780
554.33536585 150.25609756
557.26219512 139.52439024
545.06707317 136.10975610
538.72560976 131.23170732
531.89634146 112.20731707
510.43292683 117.57317073
490.92073171 117.57317073
515.31097561 127.32926829
509.45731707 136.10975610
510.43292683 154.15853659
513.35975610 184.89024390
528.96951220 175.13414634
537.26219512 182.93902439
492.38414634 196.10975610
494.33536585 174.64634146
475.79878049 188.30487805
484.57926829 163.91463415
495.79878049 144.40243902
495.31097561 130.74390244
477.75000000 138.54878049
456.77439024 194.64634146
532.97560976 148.30487805
548.58536585 104.89024390
460.29268293 142.93902439
458.82926829 169.28048780
434.43902439 136.10975610
432.48780488 149.28048780
417.36585366 123.42682927
401.26829268 118.54878049
408.09756098 111.23170732
452.48780488 120.01219512
445.17073171 124.40243902
458.34146341 101.47560976
462.24390244 113.67073171
468.09756098 115.62195122
477.36585366 114.15853659
32.59146341 112.93902439
20.88414634 134.40243902
31.12804878 130.50000000
12.59146341 126.10975610
2.83536585 126.10975610
32.10365854 97.81707317
48.20121951 115.37804878
48.68902439 103.67073171
65.76219512 115.37804878
8.20121951 73.91463415
3.81097561 90.01219512
8.68902439 60.25609756
12.59146341 52.93902439
3.32317073 50.98780488
11.61585366 38.30487805
19.90853659 33.42682927
12.59146341 32.45121951
22.83536585 23.67073171
18.93292683 29.52439024
31.61585366 27.08536585
26.73780488 19.28048780
27.71341463 12.93902439
30.64024390 8.54878049
19.90853659 4.15853659
11.61585366 15.37804878
3.32317073 13.91463415
27.71341463 37.32926829
30.15243902 50.01219512
37.46951220 43.18292683
47.71341463 45.62195122
43.32317073 56.84146341
44.78658537 63.67073171
41.37195122 80.25609756
19.42073171 67.08536585
56.49390244 85.62195122
66.73780488 89.03658537
67.71341463 99.28048780
76.98170732 90.01219512
88.68902439 104.15853659
102.34756098 119.76829268
103.32317073 102.20731707
110.64024390 126.59756098
114.05487805 97.81707317
121.85975610 93.42682927
136.98170732 104.15853659
136.49390244 118.79268293
150.64024390 113.42682927
166.73780488 112.93902439
166.73780488 122.20731707
155.03048780 97.81707317
171.12804878 99.28048780
178.44512195 93.42682927
186.25000000 108.54878049
203.32317073 110.01219512
206.25000000 122.20731707
214.54268293 125.62195122
219.42073171 119.76829268
191.12804878 94.40243902
205.27439024 101.23170732
228.68902439 125.13414634
120.39634146 82.69512195
131.12804878 81.23170732
117.46951220 66.10975610
143.32317073 73.91463415
136.49390244 72.45121951
133.07926829 63.18292683
144.78658537 62.20731707
154.54268293 69.52439024
167.22560976 68.06097561
175.03048780 73.91463415
186.25000000 81.71951220
203.81097561 82.69512195
215.51829268 83.67073171
228.68902439 102.20731707
239.90853659 99.28048780
244.78658537 114.40243902
256.00609756 118.79268293
250.15243902 104.15853659
269.17682927 111.96341463
280.88414634 123.18292683
274.54268293 129.52439024
300.39634146 116.35365854
311.61585366 108.06097561
321.85975610 104.15853659
331.12804878 106.59756098
332.59146341 120.74390244
88.20121951 82.69512195
71.61585366 69.52439024
103.32317073 72.45121951
105.76219512 62.69512195
90.15243902 65.62195122
92.59146341 56.35365854
81.85975610 58.79268293
59.42073171 60.74390244
62.34756098 49.52439024
55.51829268 38.79268293
64.78658537 38.79268293
62.83536585 28.06097561
71.12804878 28.06097561
72.59146341 16.35365854
62.34756098 13.91463415
56.00609756 17.32926829
47.71341463 12.93902439
54.05487805 25.13414634
78.93292683 49.52439024
107.71341463 50.50000000
116.98170732 54.40243902
127.22560976 47.08536585
99.42073171 42.20731707
103.81097561 36.84146341
107.22560976 27.08536585
115.03048780 33.42682927
124.29878049 27.08536585
113.56707317 23.67073171
87.71341463 23.67073171
136.98170732 45.62195122
147.22560976 40.25609756
163.32317073 35.86585366
153.07926829 32.45121951
149.66463415 29.03658537
145.27439024 23.67073171
137.95731707 30.50000000
130.64024390 36.84146341
220.88414634 3.18292683
214.05487805 8.54878049
207.71341463 9.03658537
201.85975610 13.42682927
197.46951220 9.03658537
189.66463415 13.42682927
172.59146341 17.32926829
159.42073171 17.32926829
151.61585366 4.15853659
168.68902439 28.54878049
156.49390244 23.67073171
173.56707317 26.10975610
184.78658537 29.03658537
184.78658537 20.74390244
197.46951220 23.67073171
185.76219512 34.89024390
179.90853659 39.76829268
171.61585366 51.47560976
189.66463415 62.20731707
181.37195122 55.86585366
186.25000000 44.64634146
193.07926829 71.47560976
199.42073171 69.52439024
197.46951220 45.62195122
213.07926829 71.47560976
216.49390244 60.74390244
225.27439024 68.06097561
207.71341463 59.76829268
218.44512195 54.40243902
207.22560976 44.64634146
235.03048780 81.23170732
434.54268293 104.15853659
423.81097561 102.20731707
422.83536585 90.01219512
441.85975610 82.69512195
448.68902439 76.84146341
442.34756098 61.71951220
446.25000000 53.91463415
442.83536585 42.69512195
435.51829268 46.59756098
420.88414634 54.89024390
416.00609756 71.47560976
423.81097561 64.64634146
435.03048780 35.37804878
415.51829268 91.47560976
410.64024390 90.01219512
400.39634146 93.42682927
406.73780488 98.79268293
398.44512195 104.64634146
374.05487805 100.25609756
379.90853659 104.64634146
362.83536585 105.62195122
366.25000000 118.79268293
360.39634146 113.42682927
351.61585366 126.10975610
345.76219512 105.62195122
340.39634146 97.81707317
347.71341463 93.42682927
362.34756098 93.42682927
378.44512195 89.03658537
391.12804878 90.50000000
399.90853659 81.23170732
397.46951220 70.50000000
388.20121951 56.35365854
376.98170732 71.47560976
377.46951220 58.79268293
299.42073171 97.81707317
276.49390244 97.81707317
284.78658537 98.79268293
266.25000000 97.81707317
267.71341463 84.64634146
259.42073171 78.30487805
267.22560976 74.89024390
285.27439024 87.08536585
287.71341463 72.45121951
280.39634146 68.06097561
276.00609756 62.20731707
301.85975610 80.25609756
311.61585366 77.32926829
306.73780488 68.06097561
315.03048780 71.47560976
300.88414634 64.64634146
301.85975610 52.93902439
289.17682927 61.71951220
288.68902439 52.93902439
312.10365854 51.47560976
317.46951220 57.32926829
326.73780488 90.01219512
320.39634146 94.89024390
324.29878049 82.69512195
337.95731707 83.67073171
346.25000000 86.10975610
356.00609756 84.64634146
355.51829268 76.84146341
361.85975610 65.62195122
349.66463415 56.35365854
354.54268293 54.89024390
354.54268293 44.15853659
367.71341463 42.69512195
369.17682927 16.35365854
376.00609756 28.06097561
383.32317073 30.50000000
379.90853659 10.50000000
352.10365854 6.10975610
344.78658537 12.93902439
342.83536585 44.64634146
329.17682927 50.50000000
343.32317073 62.69512195
339.42073171 54.89024390
243.32317073 63.67073171
232.10365854 63.67073171
244.78658537 54.89024390
238.93292683 49.03658537
230.15243902 44.15853659
224.78658537 32.93902439
233.07926829 13.42682927
250.64024390 50.50000000
259.42073171 48.06097561
243.81097561 39.28048780
237.95731707 40.74390244
246.73780488 32.45121951
249.66463415 22.20731707
248.68902439 12.93902439
254.05487805 13.91463415
263.32317073 13.42682927
268.20121951 11.47560976
280.88414634 11.96341463
270.15243902 26.10975610
276.00609756 22.20731707
279.90853659 19.28048780
263.32317073 40.25609756
261.37195122 30.50000000
275.03048780 41.23170732
279.90853659 49.52439024
284.29878049 44.15853659
283.81097561 30.50000000
296.98170732 37.32926829
295.03048780 32.45121951
294.05487805 20.25609756
314.05487805 22.20731707
308.20121951 32.45121951
320.88414634 29.03658537
307.22560976 44.64634146
318.93292683 41.23170732
350.15243902 67.57317073
335.03048780 70.50000000
345.76219512 74.89024390
456.58231707 32.45121951
463.89939024 30.50000000
485.85060976 19.28048780
477.55792683 28.06097561
473.16768293 37.81707317
481.94817073 38.30487805
499.50914634 39.76829268
514.63109756 19.76829268
513.65548780 28.06097561
530.24085366 34.89024390
536.09451220 28.06097561
541.94817073 37.32926829
567.31402439 32.45121951
566.33841463 45.62195122
557.07012195 49.03658537
544.38719512 51.47560976
524.38719512 49.03658537
503.89939024 51.47560976
498.04573171 49.03658537
487.31402439 47.08536585
473.65548780 49.03658537
465.85060976 52.45121951
459.02134146 48.54878049
455.60670732 60.25609756
458.53353659 58.30487805
467.31402439 67.08536585
458.04573171 80.25609756
458.04573171 70.50000000
439.99695122 70.50000000
449.26524390 95.86585366
464.38719512 87.08536585
480.97256098 85.62195122
474.63109756 79.28048780
479.02134146 69.52439024
480.97256098 64.64634146
488.28963415 62.20731707
504.87500000 65.62195122
490.24085366 80.25609756
481.46036585 74.89024390
488.77743902 102.20731707
470.24085366 105.62195122
502.43597561 112.93902439
498.53353659 103.18292683
502.43597561 95.86585366
515.11890244 84.64634146
509.26524390 90.01219512
511.70426829 79.28048780
514.63109756 100.25609756
530.24085366 95.86585366
523.89939024 107.57317073
518.04573171 110.98780488
541.94817073 88.06097561
538.53353659 99.28048780
554.63109756 83.67073171
524.38719512 81.71951220
523.89939024 68.54878049
517.07012195 72.45121951
514.63109756 64.15853659
519.50914634 55.37804878
528.28963415 54.89024390
533.16768293 59.76829268
543.41158537 68.06097561
535.60670732 71.47560976
557.07012195 65.62195122
574.14329268 61.23170732
577.55792683 77.32926829
588.77743902 56.84146341
584.87500000 66.59756098
587.80182927 37.32926829
593.16768293 32.45121951
598.04573171 26.10975610
597.55792683 43.18292683
598.04573171 73.91463415
599.99695122 60.25609756
612.19207317 59.76829268
615.11890244 51.47560976
585.85060976 83.67073171
589.26524390 98.79268293
578.04573171 103.18292683
568.77743902 90.01219512
584.87500000 107.57317073
628.28963415 81.23170732
623.41158537 93.42682927
608.28963415 90.01219512
604.87500000 98.79268293
619.99695122 104.15853659
604.87500000 80.25609756
638.04573171 102.20731707
632.67987805 108.54878049
667.31402439 104.15853659
691.21646341 105.62195122
699.99695122 103.18292683
711.70426829 110.01219512
683.41158537 85.62195122
669.75304878 90.50000000
655.60670732 76.84146341
651.70426829 69.52439024
652.67987805 91.47560976
647.80182927 80.25609756
642.92378049 89.03658537
640.97256098 80.25609756
633.16768293 72.93902439
630.72865854 60.25609756
620.97256098 41.71951220
627.31402439 28.06097561
644.38719512 34.89024390
658.53353659 40.25609756
644.38719512 45.13414634
637.07012195 41.71951220
650.24085366 44.64634146
688.28963415 34.89024390
672.19207317 49.52439024
683.41158537 50.50000000
689.75304878 59.28048780
656.09451220 58.79268293
665.36280488 66.10975610
686.33841463 68.54878049
677.07012195 76.84146341
700.48475610 87.08536585
706.33841463 76.84146341
697.55792683 75.86585366
719.50914634 87.08536585
708.77743902 84.64634146
723.89939024 79.28048780
728.28963415 87.08536585
727.80182927 98.79268293
719.99695122 96.84146341
739.99695122 112.45121951
749.26524390 106.59756098
743.89939024 95.86585366
744.38719512 88.06097561
751.21646341 81.71951220
761.94817073 84.64634146
771.70426829 77.32926829
766.82621951 100.25609756
777.55792683 104.15853659
778.04573171 94.40243902
785.36280488 85.62195122
793.16768293 73.91463415
811.21646341 81.23170732
809.26524390 88.06097561
809.26524390 95.86585366
798.04573171 103.18292683
786.82621951 105.62195122
788.28963415 116.35365854
834.14329268 103.18292683
824.38719512 96.84146341
838.04573171 79.28048780
829.26524390 80.25609756
842.92378049 92.45121951
832.19207317 90.01219512
866.82621951 105.62195122
842.92378049 103.18292683
859.50914634 90.01219512
873.65548780 86.10975610
879.99695122 92.45121951
864.38719512 60.74390244
869.75304878 79.28048780
854.63109756 54.40243902
847.80182927 55.86585366
833.16768293 49.03658537
805.85060976 47.08536585
784.38719512 51.96341463
778.53353659 50.50000000
791.70426829 47.57317073
758.53353659 39.76829268
767.80182927 56.35365854
743.41158537 47.57317073
739.02134146 43.67073171
732.19207317 44.15853659
724.87500000 42.20731707
713.16768293 50.98780488
893.80244755 56.68181818
900.56818182 57.13286713
900.11713287 72.46853147
866.28846154 72.01748252
896.05769231 97.27622378
