231.62824675 361.80275974
256.58766234 361.19399351
250.50000000 347.80113636
251.10876623 322.23295455
252.32629870 305.79626623
234.06331169 304.57873377
225.54058442 307.01379870
212.75649351 300.31737013
204.23376623 299.09983766
197.53733766 310.05762987
189.01461039 290.57711039
173.18668831 311.88392857
165.27272727 317.97159091
153.09740260 303.36120130
163.44642857 305.18750000
158.57629870 290.57711039
128.13798701 299.09983766
125.70292208 290.57711039
133.61688312 274.74918831
125.70292208 276.57548701
114.74512987 278.40178571
118.39772727 271.09659091
125.70292208 266.83522727
105.00487013 268.05275974
109.26623377 255.26866883
100.74350649 283.88068182
86.13311688 292.40340909
94.04707792 303.36120130
112.91883117 296.66477273
108.04870130 289.35957792
91.00324675 313.71022727
94.65584416 327.71185065
106.22240260 337.45211039
105.00487013 354.49756494
139.09577922 365.45535714
165.27272727 356.32386364
166.49025974 339.27840909
173.18668831 331.97321429
186.57954545 331.97321429
218.23538961 336.84334416
199.36363636 353.88879870
189.01461039 350.23620130
129.35551948 335.62581169
129.96428571 314.92775974
142.74837662 313.71022727
62.39123377 306.40503247
59.34740260 297.88230519
62.39123377 287.53327922
74.56655844 279.01055195
58.73863636 274.74918831
46.56331169 287.53327922
40.47564935 280.83685065
45.95454545 268.05275974
27.08279221 370.32548701
68.47889610 374.58685065
86.13311688 366.67288961
98.30844156 365.45535714
122.65909091 370.32548701
67.87012987 352.06250000
81.87175325 343.53977273
82.48051948 330.75568182
60.56493506 330.75568182
19.16883117 324.66801948
16.12500000 341.10470779
3.34090909 355.10633117
5.77597403 318.58035714
5.77597403 311.88392857
23.43019481 303.36120130
30.73538961 313.71022727
40.47564935 306.40503247
50.82467532 305.18750000
27.69155844 274.14042208
21.60389610 263.79139610
14.90746753 289.35957792
6.38474026 274.14042208
10.03733766 257.70373377
25.25649351 255.26866883
20.99512987 247.35470779
6.99350649 246.74594156
34.99675325 246.74594156
44.12824675 255.87743506
61.78246753 249.18100649
65.43506494 240.04951299
55.08603896 230.30925325
62.39123377 230.30925325
54.47727273 221.17775974
49.60714286 226.65665584
38.64935065 226.65665584
44.12824675 235.78814935
32.56168831 237.00568182
18.56006494 230.30925325
30.12662338 228.48295455
33.77922078 212.65503247
25.25649351 215.69886364
5.77597403 221.17775974
11.86363636 226.04788961
12.47240260 234.57061688
277.89448052 303.36120130
261.45779221 302.14366883
304.07142857 327.71185065
289.46103896 350.23620130
314.42045455 358.75892857
329.03084416 342.93100649
327.20454545 304.57873377
326.59577922 290.57711039
344.85876623 290.57711039
338.16233766 272.92288961
367.99188312 292.40340909
352.77272727 294.83847403
386.86363636 296.05600649
381.99350649 283.27191558
372.25324675 265.61769481
383.81980519 254.05113636
397.21266234 268.05275974
431.30357143 300.92613636
420.34577922 288.14204545
438.00000000 278.40178571
418.51948052 271.09659091
405.73538961 274.74918831
414.25811688 265.00892857
414.86688312 257.70373377
398.43019481 245.52840909
408.77922078 245.52840909
393.56006494 238.83198052
383.81980519 243.70211039
371.64448052 243.70211039
362.51298701 242.48457792
372.25324675 251.00730519
361.29545455 263.79139610
338.77110390 255.87743506
322.94318182 256.48620130
324.76948052 263.79139610
322.33441558 276.57548701
318.07305195 279.01055195
308.33279221 282.66314935
311.37662338 262.57386364
298.59253247 258.31250000
293.11363636 261.35633117
290.67857143 255.26866883
257.19642857 268.05275974
248.67370130 261.35633117
231.01948052 270.48782468
226.14935065 268.05275974
148.22727273 274.74918831
143.96590909 266.22646104
128.74675325 246.74594156
120.22402597 244.31087662
108.65746753 244.31087662
94.65584416 249.18100649
98.30844156 233.96185065
91.00324675 238.22321429
79.43668831 237.00568182
91.61201299 229.70048701
476.96103896 272.31412338
458.69805195 287.53327922
495.22402597 289.35957792
493.39772727 251.61607143
494.61525974 242.48457792
481.22240260 238.22321429
478.17857143 244.31087662
478.17857143 252.83360390
464.17694805 255.26866883
458.69805195 261.96509740
438.00000000 256.48620130
445.91396104 246.74594156
462.35064935 244.31087662
456.87175325 234.57061688
445.30519481 235.78814935
436.17370130 237.00568182
431.30357143 241.26704545
419.12824675 237.00568182
431.30357143 230.30925325
423.99837662 225.43912338
413.04058442 226.65665584
406.34415584 229.70048701
482.43993506 226.04788961
463.56818182 230.91801948
469.65584416 225.43912338
453.21915584 222.39529221
441.04383117 221.78652597
450.17532468 218.74269481
494.00649351 208.39366883
485.48376623 204.13230519
470.26461039 200.47970779
456.87175325 197.43587662
442.87012987 194.39204545
151.87987013 242.48457792
157.35876623 243.70211039
168.31655844 243.70211039
178.05681818 245.52840909
172.57792208 268.20495130
188.10146104 268.20495130
201.79870130 276.72767857
213.36525974 277.33644481
200.88555195 255.42086039
196.31980519 248.72443182
186.88392857 244.46306818
159.79383117 258.76907468
150.35795455 258.46469156
224.01866883 247.81128247
248.67370130 233.20089286
227.06250000 235.94034091
220.97483766 231.07021104
210.93019481 230.76582792
197.84172078 238.37540584
187.18831169 225.28693182
193.58035714 233.80965909
175.31737013 232.28774351
176.53490260 225.89569805
180.18750000 216.15543831
159.48944805 226.50446429
159.48944805 208.24147727
166.79464286 211.28530844
138.48701299 226.80884740
128.44237013 211.58969156
121.44155844 211.28530844
111.09253247 228.02637987
106.22240260 226.50446429
98.91720779 223.46063312
108.04870130 216.76420455
112.00568182 235.94034091
123.26785714 235.33157468
91.91639610 226.20008117
78.82792208 209.45900974
73.04464286 209.45900974
63.60876623 213.72037338
52.65097403 217.06858766
115.65827922 197.89245130
121.74594156 195.76176948
110.78814935 196.37053571
104.70048701 202.76258117
93.74269481 207.02394481
96.17775974 203.06696429
89.17694805 199.71875000
80.34983766 197.89245130
153.40178571 199.71875000
158.57629870 191.19602273
217.01785714 207.32832792
204.53814935 207.02394481
187.79707792 205.19764610
259.63149351 195.45738636
266.32792208 195.45738636
247.76055195 197.58806818
239.23782468 196.37053571
262.67532468 206.11079545
262.37094156 217.37297078
278.19886364 219.80803571
278.19886364 202.76258117
275.45941558 188.45657468
245.62987013 212.50284091
224.93181818 219.19926948
212.45211039 221.93871753
214.58279221 212.80722403
232.84577922 216.76420455
275.76379870 235.94034091
272.11120130 261.81290584
265.71915584 246.59375000
274.85064935 240.81047078
264.50162338 238.37540584
253.84821429 214.63352273
288.24350649 210.98092532
259.02272727 279.46712662
242.89042208 281.59780844
177.44805195 284.33725649
67.36282468 133.05884740
57.92694805 128.79748377
45.75162338 128.79748377
37.22889610 129.71063312
20.79220779 131.84131494
29.01055195 131.84131494
13.48701299 130.92816558
4.65990260 129.71063312
90.49594156 129.40625000
97.19237013 129.40625000
100.84496753 126.66680195
116.36850649 129.71063312
120.32548701 127.57995130
126.10876623 128.18871753
141.93668831 128.49310065
216.51055195 106.88189935
204.33522727 114.49147727
198.55194805 120.27475649
207.68344156 132.75446429
192.46428571 130.31939935
174.50568182 130.31939935
140.41477273 210.06777597
147.71996753 207.93709416
128.23944805 234.11404221
184.55032468 193.93547078
181.50649351 185.10836039
177.24512987 193.63108766
174.50568182 199.41436688
167.20048701 181.15137987
216.81493506 196.67491883
206.46590909 194.54423701
193.37743506 190.89163961
284.89529221 280.07589286
303.46266234 308.38352273
347.59821429 209.15462662
338.46672078 209.15462662
356.72970779 198.80560065
324.76948052 193.02232143
301.94074675 222.85186688
305.59334416 212.50284091
326.59577922 212.19845779
320.20373377 229.54829545
313.50730519 237.76663961
308.63717532 250.55073052
286.72159091 237.76663961
290.37418831 223.76501623
348.51136364 226.20008117
336.03165584 224.98254870
367.07873377 223.46063312
384.42857143 221.63433442
371.64448052 216.45982143
359.77353896 217.98173701
379.86282468 235.94034091
408.17045455 203.06696429
409.69237013 194.23985390
399.95211039 193.93547078
390.51623377 199.41436688
381.08035714 197.28368506
359.46915584 211.28530844
299.81006494 194.54423701
423.38961039 209.45900974
420.65016234 221.02556818
420.95454545 200.32751623
421.86769481 192.71793831
350.94642857 245.07183442
329.03084416 245.68060065
432.41964286 208.85024351
487.51298701 181.45576299
460.42288961 185.71712662
448.85633117 185.71712662
431.50649351 198.80560065
220.67045455 102.46834416
224.93181818 101.25081169
231.62824675 95.77191558
240.15097403 85.42288961
264.50162338 79.33522727
278.50324675 60.46347403
287.63474026 57.41964286
307.72402597 37.93912338
467.82954545 184.04301948
475.13474026 184.04301948
378.34090909 27.59009740
369.81818182 27.59009740
364.33928571 23.32873377
359.46915584 23.32873377
350.94642857 31.85146104
339.98863636 28.19886364
334.50974026 23.93750000
324.76948052 23.93750000
311.98538961 25.15503247
306.50649351 25.15503247
234.06331169 22.11120130
163.44642857 30.02516234
175.01298701 28.19886364
138.48701299 29.41639610
123.87662338 30.02516234
119.00649351 28.19886364
112.91883117 28.19886364
103.78733766 27.59009740
100.74350649 28.19886364
97.09090909 28.19886364
90.39448052 28.19886364
85.52435065 28.19886364
75.78409091 29.41639610
67.87012987 30.02516234
61.78246753 27.59009740
56.30357143 28.19886364
48.38961039 26.37256494
38.64935065 27.59009740
31.95292208 27.59009740
24.64772727 29.41639610
16.73376623 29.41639610
3.94967532 29.41639610
9.42857143 29.41639610
153.09740260 33.67775974
150.05357143 31.85146104
144.57467532 30.63392857
148.83603896 25.15503247
202.40746753 29.41639610
288.85227273 33.67775974
287.02597403 30.02516234
282.76461039 29.41639610
277.28571429 28.19886364
268.76298701 30.02516234
262.06655844 30.02516234
255.37012987 29.41639610
251.10876623 29.41639610
248.06493506 29.41639610
243.19480519 29.41639610
218.84415584 31.85146104
250.50000000 140.82061688
287.63474026 137.16801948
52.04220779 199.87094156
44.73701299 199.87094156
36.21428571 199.87094156
46.56331169 190.13068182
33.77922078 188.91314935
38.04058442 184.04301948
38.04058442 181.60795455
27.08279221 181.60795455
14.90746753 196.82711039
11.25487013 187.69561688
3.34090909 184.65178571
120.22402597 184.65178571
98.91720779 174.30275974
109.26623377 166.38879870
94.65584416 180.39042208
96.48214286 183.43425325
82.48051948 184.04301948
84.91558442 179.78165584
144.57467532 178.56412338
142.74837662 184.65178571
141.53084416 195.60957792
134.22564935 204.13230519
161.01136364 174.30275974
198.14610390 182.82548701
391.12500000 181.60795455
441.04383117 182.82548701
438.00000000 170.65016234
472.09090909 142.64691558
476.35227273 140.82061688
482.43993506 140.82061688
498.26785714 137.16801948
400.86525974 143.25568182
414.25811688 137.16801948
424.60714286 134.73295455
441.04383117 134.73295455
497.05032468 191.95698052
8.61688312 208.85024351
15.31331169 215.24228896
23.22727273 206.11079545
25.05357143 196.97930195
158.98214286 184.19521104
233.45454545 208.39366883
285.19967532 194.39204545
302.24512987 190.13068182
310.76785714 178.56412338
307.72402597 176.12905844
463.26379870 192.71793831
498.87662338 151.77840909
490.35389610 154.21347403
481.22240260 158.47483766
475.74350649 160.30113636
469.65584416 162.73620130
464.17694805 162.73620130
490.35389610 164.56250000
464.17694805 139.60308442
457.48051948 138.99431818
321.72564935 174.91152597
403.30032468 183.89082792
390.21185065 173.84618506
256.89204545 182.97767857
332.07467532 167.60633117
343.64123377 165.17126623
321.11688312 166.38879870
314.42045455 160.30113636
273.02435065 157.86607143
252.93506494 170.04139610
241.97727273 170.04139610
240.75974026 165.17126623
240.15097403 162.12743506
234.06331169 162.12743506
229.80194805 160.90990260
99.32305195 188.15219156
150.45941558 182.36891234
282.15584416 178.71631494
328.72646104 186.63027597
339.98863636 198.19683442
326.59577922 203.67573052
333.29220779 202.15381494
59.95616883 178.56412338
55.08603896 177.34659091
45.34577922 174.91152597
52.65097403 170.04139610
47.78084416 170.04139610
42.30194805 170.04139610
36.21428571 170.04139610
71.52272727 176.12905844
78.21915584 178.56412338
78.21915584 164.56250000
69.69642857 162.12743506
88.56818182 167.60633117
84.30681818 171.86769481
99.52597403 170.04139610
166.49025974 171.25892857
165.88149351 168.82386364
175.01298701 165.17126623
189.01461039 166.38879870
192.05844156 160.90990260
207.88636364 173.08522727
200.58116883 171.25892857
244.41233766 188.30438312
246.23863636 181.60795455
237.71590909 181.60795455
234.67207792 177.34659091
228.58441558 167.60633117
224.32305195 180.39042208
295.54870130 171.25892857
327.81331169 151.16964286
323.55194805 154.21347403
321.72564935 147.51704545
313.20292208 148.12581169
307.72402597 149.34334416
304.07142857 149.34334416
400.86525974 162.12743506
418.51948052 168.82386364
421.56331169 173.08522727
413.04058442 147.51704545
274.24188312 168.82386364
282.15584416 170.04139610
288.85227273 171.25892857
261.45779221 174.91152597
364.94805195 132.90665584
371.03571429 138.99431818
355.81655844 136.55925325
348.51136364 135.34172078
339.98863636 137.16801948
353.38149351 156.64853896
141.53084416 170.65016234
127.52922078 175.52029221
385.03733766 163.95373377
366.16558442 173.08522727
373.47077922 171.86769481
370.42694805 168.82386364
370.42694805 162.73620130
398.43019481 17.24107143
399.64772727 297.88230519
411.21428571 310.66639610
444.08766234 339.27840909
294.93993506 230.30925325
272.41558442 212.50284091
115.96266234 146.90827922
30.12662338 353.28003247
28.90909091 323.45048701
452.61038961 170.04139610
218.84415584 149.95211039
223.71428571 149.34334416
187.18831169 160.90990260
133.61688312 191.34821429
314.42045455 191.34821429
307.72402597 204.74107143
246.84740260 248.57224026
151.27110390 214.48133117
46.66477273 205.80641234
41.49025974 206.71956169
36.31574675 206.11079545
66.75405844 218.89488636
72.23295455 217.37297078
57.31818182 188.15219156
60.66639610 171.10673701
17.74837662 161.36647727
22.00974026 156.49634740
26.27110390 161.36647727
53.66558442 155.88758117
66.44967532 156.49634740
84.71266234 149.19115260
82.27759740 153.45251623
135.24025974 162.27962662
167.20048701 145.53855519
168.72240260 140.97280844
133.71834416 133.97199675
139.50162338 150.10430195
180.59334416 155.58319805
170.24431818 152.23498377
175.11444805 147.66923701
185.15909091 144.32102273
210.72727273 149.49553571
215.29301948 142.19034091
6.18181818 172.62865260
183.84009740 173.54180195
218.23538961 189.06534091
231.62824675 194.23985390
250.80438312 175.36810065
262.97970779 154.06128247
270.58928571 143.10349026
284.59090909 143.10349026
278.80762987 143.40787338
296.46185065 140.05965909
289.15665584 148.27800325
296.46185065 152.84375000
282.15584416 153.14813312
300.11444805 166.84537338
322.63879870 158.32264610
319.59496753 161.97524351
330.24837662 156.80073052
188.71022727 147.66923701
168.01217532 158.32264610
157.66314935 159.84456169
158.88068182 140.05965909
245.93425325 157.10511364
217.01785714 158.01826299
217.01785714 164.41030844
205.45129870 162.58400974
201.49431818 200.63189935
197.84172078 196.67491883
210.01704545 181.45576299
212.45211039 186.93465909
204.53814935 179.62946429
451.90016234 152.84375000
464.68425325 152.23498377
468.64123377 153.14813312
480.20779221 167.14975649
486.59983766 169.28043831
497.25324675 174.45495130
465.29301948 174.15056818
431.50649351 161.36647727
412.93912338 158.62702922
437.89853896 140.36404221
429.98457792 139.14650974
435.15909091 135.18952922
439.72483766 152.23498377
480.81655844 145.84293831
489.94805195 147.06047078
490.25243506 142.49472403
496.34009740 141.27719156
499.38392857 144.62540584
493.90503247 167.75852273
388.58847403 136.40706169
379.15259740 140.36404221
374.89123377 137.62459416
374.58685065 144.62540584
375.50000000 150.10430195
331.66883117 137.62459416
309.44886364 157.71387987
338.36525974 174.15056818
344.75730519 178.41193182
335.62581169 176.89001623
361.19399351 190.28287338
365.45535714 191.19602273
374.28246753 183.58644481
386.15340909 183.58644481
388.89285714 190.28287338
396.19805195 175.06371753
414.46103896 176.28125000
405.63392857 169.88920455
438.20292208 178.71631494
431.50649351 180.54261364
425.41883117 181.45576299
492.38311688 176.89001623
331.06006494 172.01988636
366.67288961 182.97767857
356.32386364 180.84699675
353.28003247 188.45657468
340.49594156 187.84780844
337.14772727 188.45657468
374.58685065 207.63271104
381.58766234 209.45900974
395.58928571 208.85024351
399.24188312 220.11241883
402.89448052 229.54829545
432.72402597 219.50365260
489.03490260 220.11241883
480.20779221 194.84862013
462.85795455 213.72037338
447.94318182 208.85024351
439.42045455 208.24147727
464.37987013 248.72443182
448.34902597 358.15016234
31.34415584 159.69237013
35.60551948 159.69237013
39.86688312 151.77840909
35.60551948 149.34334416
31.34415584 151.77840909
24.03896104 151.77840909
13.08116883 151.77840909
6.99350649 149.34334416
58.12987013 146.90827922
56.91233766 153.60470779
46.56331169 151.16964286
51.43344156 149.95211039
77.61038961 143.86444805
73.95779221 149.34334416
73.95779221 157.86607143
70.30519481 153.60470779
200.58116883 160.30113636
203.62500000 156.64853896
193.27597403 170.65016234
189.01461039 174.30275974
189.01461039 181.60795455
170.14285714 196.82711039
168.31655844 201.08847403
184.75324675 210.21996753
179.88311688 257.09496753
84.91558442 262.57386364
78.82792208 255.26866883
66.04383117 266.22646104
34.38798701 266.83522727
154.31493506 166.38879870
263.89285714 165.17126623
255.97889610 164.56250000
251.71753247 165.17126623
258.41396104 162.73620130
280.93831169 160.30113636
287.63474026 160.30113636
293.72240260 160.30113636
306.50649351 164.56250000
316.24675325 214.48133117
357.64285714 176.12905844
350.33766234 178.56412338
340.59740260 157.86607143
343.64123377 157.86607143
343.64123377 149.95211039
338.16233766 145.69074675
313.20292208 141.42938312
318.68181818 141.42938312
133.00811688 181.60795455
126.92045455 167.60633117
133.61688312 156.03977273
118.39772727 162.12743506
106.83116883 152.38717532
95.26461039 163.95373377
86.74188312 162.12743506
93.43831169 159.69237013
97.09090909 154.21347403
100.13474026 151.77840909
101.96103896 149.34334416
106.22240260 147.51704545
108.65746753 145.08198052
105.00487013 143.25568182
98.91720779 147.51704545
95.26461039 149.34334416
102.56980519 143.86444805
110.48376623 140.82061688
59.95616883 162.12743506
47.17207792 162.73620130
60.56493506 157.86607143
61.78246753 197.43587662
69.08766234 204.74107143
69.69642857 184.04301948
63.00000000 180.39042208
83.69805195 190.13068182
94.04707792 198.65340909
151.27110390 223.00405844
120.22402597 218.74269481
119.61525974 226.04788961
164.66396104 152.38717532
157.35876623 151.77840909
151.27110390 156.03977273
193.58035714 214.93790584
199.05925325 227.41761364
112.91883117 176.28125000
108.35308442 183.28206169
102.56980519 176.28125000
107.74431818 170.49797078
126.31168831 162.27962662
121.74594156 164.41030844
44.43262987 217.06858766
144.57467532 218.89488636
216.40909091 174.75933442
21.70535714 171.71550325
15.92207792 171.71550325
34.48944805 179.02069805
3.74675325 164.71469156
103.88879870 163.80154221
358.55600649 231.98336039
354.29464286 165.62784091
351.55519481 165.93222403
347.29383117 168.97605519
394.77759740 149.49553571
389.60308442 148.58238636
388.68993506 141.27719156
449.56655844 146.45170455
445.91396104 149.49553571
445.91396104 141.58157468
472.39529221 151.62621753
385.03733766 178.10754870
433.73863636 188.15219156
149.10139860 144.54345654
153.09740260 138.04995005
143.60689311 139.04895105
50.20029970 142.54545455
53.69680320 138.04995005
49.70079920 131.05694306
16.73376623 142.54545455
14.23626374 146.04195804
25.72477522 144.04395604
29.22127872 144.54345654
29.22127872 139.54845155
37.71278721 143.04495504
44.70579421 144.54345654
177.57292707 136.05194805
171.07942058 136.05194805
166.08441558 136.55144855
187.56293706 26.16183816
192.55794206 29.15884116
195.05544456 25.66233766
190.55994006 33.65434565
290.95954046 29.15884116
296.45404595 29.15884116
419.33116883 152.53546454
427.82267732 152.53546454
426.82367632 158.52947053
445.30519481 157.03096903
442.30819181 161.52647353
438.31218781 160.02797203
438.81168831 165.02297702
412.33816184 164.52347652
429.82067932 173.51448551
448.80169830 163.52447552
454.29620380 157.53046953
459.79070929 154.53346653
459.29120879 147.54045954
300.45004995 290.39760240
326.92357642 325.86213786
358.39210789 300.38761239
99.65084915 210.47752248
47.82767233 316.83991009
132.24325674 359.54720280
89.78571429 277.62912088
72.30319680 225.43131868
