35.05657492 349.62844037
30.16360856 330.05657492
14.26146789 319.04740061
17.31957187 303.75688073
5.08715596 291.52446483
7.53363914 273.78746177
3.86391437 255.43883792
8.75688073 214.46024465
3.86391437 230.97400612
3.25229358 189.99541284
11.20336391 184.49082569
15.48470948 164.91896024
4.47553517 158.80275229
25.88226300 153.29816514
13.64984709 122.71712538
3.25229358 130.66819572
8.14525994 111.09633028
3.86391437 96.41743119
9.98012232 84.18501529
19.15443425 97.02905199
24.65902141 101.31039755
25.88226300 116.60091743
19.76605505 56.66207951
11.20336391 49.93425076
7.53363914 21.18807339
23.43577982 37.09021407
22.82415902 19.35321101
37.50305810 13.84862385
32.61009174 30.97400612
47.28899083 32.19724771
57.07492355 15.07186544
63.80275229 26.08103976
72.97706422 21.18807339
57.68654434 45.04128440
49.73547401 47.48776758
41.78440367 46.87614679
42.39602446 62.16666667
31.99847095 64.00152905
44.23088685 79.90366972
38.11467890 89.07798165
44.23088685 109.26146789
54.62844037 98.86391437
65.02599388 98.25229358
33.83333333 136.78440367
52.79357798 135.56116208
65.02599388 150.24006116
38.11467890 154.52140673
41.78440367 167.36544343
48.51223242 173.48165138
37.50305810 184.49082569
31.99847095 197.33486239
43.61926606 197.94648318
61.35626911 199.78134557
71.14220183 194.27675841
41.78440367 223.02293578
50.34709480 239.53669725
25.88226300 223.63455657
30.16360856 253.60397554
34.44495413 265.22477064
59.52140673 253.60397554
74.20030581 242.59480122
79.70489297 221.18807339
66.24923547 218.12996942
69.30733945 256.66207951
67.47247706 273.78746177
87.65596330 262.16666667
90.71406728 244.42966361
83.37461774 287.24311927
57.68654434 288.46636086
60.74464832 306.20336391
61.96788991 333.11467890
109.06269113 329.44495413
79.70489297 337.39602446
90.71406728 328.83333333
89.49082569 367.97706422
90.10244648 386.93730887
115.79051988 382.04434251
128.02293578 365.53058104
106.61620795 361.86085627
129.24617737 347.18195719
138.42048930 338.00764526
145.75993884 317.82415902
146.37155963 297.02905199
104.16972477 300.69877676
111.50917431 283.57339450
94.38379205 283.57339450
133.52752294 275.01070336
146.98318043 264.00152905
107.22782875 252.38073394
131.08103976 239.53669725
139.03211009 230.97400612
110.89755352 219.35321101
126.79969419 210.17889908
118.84862385 202.22782875
102.94648318 191.21865443
88.87920489 183.26758410
144.53669725 201.61620795
149.42966361 189.38379205
150.04128440 173.48165138
134.75076453 172.25840979
126.79969419 189.99541284
115.79051988 172.25840979
95.60703364 174.09327217
96.21865443 161.24923547
79.09327217 158.80275229
87.04434251 148.40519878
109.06269113 135.56116208
99.88837920 145.34709480
90.71406728 126.38685015
77.87003058 120.88226300
90.71406728 100.69877676
109.06269113 123.32874618
118.23700306 118.43577982
111.50917431 105.59174312
99.88837920 85.40825688
85.82110092 78.06880734
71.14220183 77.45718654
60.13302752 62.77828746
70.53058104 66.44801223
71.75382263 52.38073394
81.53975535 35.25535168
90.10244648 46.87614679
94.38379205 54.21559633
93.77217125 64.00152905
104.78134557 54.21559633
110.89755352 75.62232416
123.12996942 94.58256881
136.58562691 89.07798165
146.37155963 98.86391437
143.31345566 108.03822630
145.75993884 117.82415902
137.19724771 126.38685015
129.24617737 145.95871560
122.51834862 155.13302752
134.13914373 155.13302752
145.75993884 139.84250765
175.72935780 150.24006116
108.45107034 30.36238532
124.96483180 19.35321101
120.07186544 53.60397554
113.95565749 45.04128440
125.57645260 34.03211009
125.57645260 62.16666667
138.42048930 65.22477064
139.03211009 30.36238532
145.75993884 13.84862385
150.65290520 34.03211009
160.43883792 42.59480122
149.42966361 46.87614679
154.93425076 57.88532110
146.37155963 75.01070336
156.15749235 90.91284404
167.16666667 65.22477064
170.83639144 26.69266055
167.77828746 19.35321101
193.46636086 16.90672783
180.62232416 12.62538226
191.01987768 34.03211009
181.23394495 37.09021407
186.73853211 46.87614679
206.31039755 34.64373089
198.97094801 46.87614679
180.01070336 52.38073394
184.90366972 66.44801223
175.11773700 75.01070336
183.68042813 83.57339450
180.62232416 95.19418960
172.05963303 99.47553517
157.38073394 107.42660550
167.16666667 134.94954128
179.39908257 139.23088685
194.07798165 140.45412844
198.35932722 130.66819572
170.83639144 113.54281346
194.07798165 159.41437309
189.79663609 178.37461774
198.97094801 178.98623853
213.64984709 152.68654434
211.20336391 186.93730887
195.91284404 197.33486239
182.45718654 191.21865443
175.11773700 205.28593272
188.57339450 213.84862385
159.82721713 218.12996942
159.21559633 239.53669725
161.05045872 264.00152905
195.30122324 240.14831804
207.53363914 238.31345566
172.67125382 268.28287462
180.62232416 280.51529052
202.02905199 269.50611621
213.64984709 265.83639144
207.53363914 292.13608563
193.46636086 315.37767584
175.72935780 328.22171254
167.77828746 341.67737003
165.33180428 377.15137615
177.56422018 369.81192661
180.62232416 384.49082569
203.86391437 364.30733945
216.70795107 384.49082569
235.05657492 375.31651376
246.67737003 350.24006116
271.75382263 366.75382263
265.02599388 381.43272171
305.39296636 375.92813456
302.33486239 357.57951070
284.59785933 336.17278287
270.53058104 323.32874618
230.16360856 342.28899083
220.98929664 328.83333333
233.22171254 306.81498471
240.56116208 274.39908257
255.24006116 278.68042813
266.86085627 296.41743119
225.88226300 287.85474006
274.81192661 274.39908257
298.05351682 278.06880734
287.04434251 246.87614679
272.36544343 252.38073394
258.29816514 248.09938838
243.00764526 248.09938838
233.83333333 243.81804281
239.33792049 221.18807339
173.28287462 246.87614679
225.88226300 212.62538226
225.88226300 195.50000000
230.77522936 178.98623853
240.56116208 178.98623853
253.40519878 178.98623853
265.02599388 167.36544343
280.31651376 174.09327217
265.63761468 189.99541284
258.29816514 209.56727829
270.53058104 219.35321101
298.66513761 223.02293578
288.87920489 231.58562691
313.95565749 229.75076453
326.18807339 226.69266055
339.03211009 234.03211009
291.93730887 204.06269113
324.96483180 207.12079511
298.05351682 185.10244648
319.46024465 177.76299694
337.19724771 185.10244648
225.27064220 164.91896024
236.89143731 154.52140673
236.27981651 140.45412844
225.27064220 134.94954128
210.59174312 136.17278287
210.59174312 122.10550459
216.09633028 105.59174312
231.38685015 101.31039755
194.68960245 106.20336391
219.15443425 83.57339450
207.53363914 72.56422018
211.81498471 53.60397554
224.04740061 47.48776758
221.60091743 13.23700306
227.71712538 24.24617737
248.51223242 30.97400612
251.57033639 13.84862385
238.72629969 41.37155963
252.79357798 38.31345566
264.41437309 28.52752294
239.94954128 54.21559633
242.39602446 66.44801223
254.62844037 64.61314985
266.24923547 82.35015291
274.20030581 64.00152905
269.30733945 43.81804281
282.76299694 43.81804281
293.77217125 36.47859327
280.92813456 26.08103976
302.94648318 37.09021407
312.12079511 18.12996942
321.90672783 32.19724771
302.94648318 55.43883792
293.16055046 64.00152905
310.89755352 73.78746177
286.43272171 81.12691131
299.88837920 89.68960245
296.83027523 100.69877676
291.32568807 109.87308869
275.42354740 103.14525994
250.34709480 104.98012232
245.45412844 115.98929664
264.41437309 124.55198777
253.40519878 135.56116208
281.53975535 126.99847095
271.14220183 152.07492355
299.27675841 154.52140673
307.22782875 132.50305810
315.79051988 112.31957187
323.12996942 106.20336391
335.97400612 103.14525994
331.69266055 87.85474006
312.73241590 96.41743119
347.59480122 70.72935780
332.91590214 68.28287462
324.35321101 51.76911315
339.64373089 51.15749235
333.52752294 40.75993884
313.95565749 62.77828746
343.31345566 19.35321101
370.83639144 16.90672783
380.62232416 19.35321101
367.77828746 29.75076453
345.14831804 29.75076453
351.87614679 35.25535168
354.32262997 56.05045872
367.77828746 51.15749235
375.72935780 38.31345566
386.73853211 38.31345566
376.34097859 58.49694190
398.35932722 38.31345566
393.46636086 64.00152905
364.10856269 76.23394495
350.04128440 92.74770642
352.48776758 103.75688073
373.28287462 92.13608563
375.11773700 109.26146789
356.76911315 117.82415902
347.59480122 130.66819572
340.86697248 137.39602446
319.46024465 141.67737003
326.18807339 163.69571865
337.80886850 167.97706422
353.71100917 150.85168196
366.55504587 152.07492355
377.56422018 143.51223242
372.05963303 126.38685015
389.18501529 122.10550459
397.74770642 137.39602446
401.41743119 103.75688073
391.63149847 84.79663609
383.68042813 103.75688073
391.01987768 148.40519878
409.98012232 169.81192661
403.25229358 152.68654434
419.76605505 147.79357798
421.60091743 163.69571865
356.15749235 171.64678899
369.00152905 188.16055046
385.51529052 180.20948012
359.82721713 212.62538226
348.81804281 202.22782875
355.54587156 229.75076453
386.73853211 215.68348624
396.52446483 201.00458716
373.28287462 213.84862385
407.53363914 216.90672783
428.94036697 202.22782875
433.83333333 193.66513761
447.28899083 205.89755352
427.71712538 227.91590214
398.97094801 242.59480122
384.29204893 238.31345566
346.37155963 255.43883792
324.96483180 266.44801223
345.75993884 292.13608563
337.80886850 310.48470948
315.79051988 338.00764526
309.06269113 319.04740061
301.11162080 302.53363914
286.43272171 311.09633028
323.74159021 353.90978593
337.19724771 362.47247706
355.54587156 377.76299694
344.53669725 344.73547401
389.18501529 353.90978593
353.71100917 332.50305810
378.17584098 314.76605505
397.74770642 299.47553517
392.85474006 330.66819572
428.94036697 376.53975535
438.72629969 379.59785933
390.40825688 369.81192661
433.22171254 341.06574924
455.85168196 353.90978593
480.31651376 369.81192661
517.01376147 369.81192661
553.09938838 372.25840979
571.44801223 374.09327217
546.37155963 350.85168196
500.50000000 358.80275229
497.44189602 334.94954128
477.87003058 319.04740061
447.28899083 320.88226300
428.94036697 311.09633028
421.60091743 287.85474006
424.04740061 271.95259939
443.61926606 279.90366972
458.29816514 284.79663609
475.42354740 289.07798165
490.71406728 295.19418960
506.00458716 280.51529052
508.45107034 309.26146789
527.41131498 317.82415902
556.15749235 319.04740061
567.16666667 328.22171254
586.73853211 331.89143731
561.05045872 295.19418960
595.30122324 289.68960245
569.00152905 274.39908257
540.25535168 275.62232416
521.29510703 265.83639144
501.11162080 264.00152905
458.90978593 256.66207951
458.90978593 242.59480122
432.61009174 238.31345566
452.18195719 221.18807339
468.08409786 222.41131498
483.37461774 218.12996942
499.27675841 211.40214067
505.39296636 229.75076453
496.83027523 244.42966361
540.86697248 210.79051988
523.74159021 205.28593272
551.87614679 199.78134557
556.15749235 183.26758410
573.28287462 188.77217125
595.91284404 186.93730887
580.01070336 170.42354740
567.16666667 163.08409786
558.60397554 150.85168196
586.73853211 158.80275229
578.17584098 149.01681957
593.46636086 146.57033639
534.75076453 163.08409786
513.95565749 175.92813456
496.83027523 177.76299694
487.65596330 169.81192661
506.00458716 156.96788991
521.29510703 163.08409786
528.02293578 150.85168196
515.79051988 139.23088685
535.36238532 141.06574924
553.09938838 130.66819572
542.70183486 120.27064220
521.90672783 119.65902141
504.16972477 122.10550459
570.22477064 105.59174312
580.01070336 120.88226300
586.12691131 136.17278287
597.13608563 106.20336391
468.08409786 188.77217125
449.73547401 178.37461774
461.96788991 167.36544343
449.12385321 165.53058104
436.89143731 155.13302752
476.03516820 143.51223242
458.90978593 140.45412844
432.61009174 134.94954128
419.15443425 128.22171254
432.61009174 119.04740061
415.48470948 105.59174312
417.31957187 92.13608563
407.53363914 89.07798165
421.60091743 81.12691131
430.16360856 75.01070336
436.27981651 87.85474006
441.17278287 101.92201835
443.00764526 114.15443425
455.24006116 112.31957187
449.73547401 92.13608563
466.86085627 117.82415902
484.59785933 117.82415902
503.55810398 104.98012232
518.23700306 99.47553517
528.63455657 89.07798165
547.59480122 99.47553517
559.21559633 85.40825688
575.11773700 75.62232416
537.80886850 77.45718654
512.73241590 83.57339450
494.99541284 89.07798165
482.15137615 98.86391437
468.69571865 82.35015291
453.40519878 70.72935780
439.94954128 58.49694190
413.64984709 60.33180428
417.31957187 42.59480122
436.27981651 30.97400612
452.18195719 24.24617737
437.50305810 15.07186544
448.51223242 45.04128440
471.75382263 43.20642202
475.42354740 35.25535168
461.35626911 13.23700306
476.64678899 15.07186544
483.98623853 23.63455657
501.11162080 22.41131498
501.11162080 38.31345566
493.16055046 25.46941896
489.49082569 42.59480122
496.83027523 53.60397554
485.82110092 75.01070336
499.27675841 71.34097859
523.12996942 66.44801223
521.90672783 37.09021407
524.96483180 23.63455657
540.86697248 21.79969419
575.11773700 17.51834862
572.67125382 43.81804281
556.15749235 43.81804281
585.51529052 51.15749235
555.54587156 75.01070336
540.25535168 43.81804281
249.73547401 81.12691131
386.12691131 80.51529052
406.92201835 386.32568807
536.58562691 244.42966361
554.93425076 240.75993884
575.11773700 230.97400612
589.18501529 218.12996942
577.56422018 252.38073394
477.87003058 130.66819572
485.20948012 152.68654434
596.52446483 126.38685015
83.98623853 208.34403670
112.28821179 10.88461538
102.69780220 19.87562438
75.12537463 13.88161838
45.75474525 23.47202797
132.06843157 292.60289710
567.23326673 25.27022977
586.41408591 4.89060939
548.05244755 9.68581419
524.67582418 6.08941059
513.88661339 17.47802198
431.16933067 7.88761239
414.98551449 6.68881119
401.19930070 6.08941059
401.79870130 15.08041958
380.22027972 6.68881119
365.83466533 6.08941059
333.46703297 23.47202797
328.67182817 3.69180819
300.50000000 6.08941059
168.03246753 6.68881119
196.20429570 6.08941059
374.22627373 255.98701299
376.32417582 272.17082917
