63.85666382 502.86449633
90.88305678 486.84885606
121.91335981 489.85178861
143.93486519 494.85667619
149.94073029 465.82832820
122.91433733 462.82539565
78.87132658 451.81464296
57.85079872 430.79411510
29.82342824 435.79900269
71.86448396 398.76283455
92.88501182 394.75892448
124.91629236 358.72373387
138.92997760 388.75305938
176.96712325 408.77260972
221.01013401 370.73546407
203.99351622 384.74914931
218.00720146 415.77945234
252.04043704 405.76967717
201.99156118 466.82930572
222.01111152 491.85374364
242.03066187 512.87427150
271.05900986 509.87133895
281.06878503 467.83028323
313.10006558 463.82637316
327.11375082 505.86742888
359.14503137 504.86645137
361.14698640 472.83517082
384.16946929 498.86058626
432.21639012 486.84885606
404.18901964 449.81268792
414.19879481 423.78727248
437.22127770 437.80095772
448.23203039 463.82637316
453.23691798 488.85081109
471.25451328 473.83614834
497.27992873 494.85667619
510.29263645 440.80389027
522.30436666 406.77065469
485.26819852 396.76087952
454.23789549 361.72666642
427.21150253 351.71689125
387.17240185 359.72471138
381.16653674 382.74719428
401.18608709 347.71298118
378.16360419 331.69734091
353.13916626 336.70222849
326.11277330 309.67583553
341.12743606 287.65433015
325.11179579 238.60643182
412.19683977 187.55657844
388.17337936 186.55560093
365.15089647 185.55462341
522.30436666 189.55853348
585.36595023 200.56928617
553.33466969 189.55853348
476.25940087 186.55560093
467.25060321 171.54093817
441.22518777 187.55657844
524.30632169 270.63771236
478.26135590 274.64162243
457.24082804 286.65335264
487.27015356 312.67876808
471.25451328 328.69440835
430.21443508 319.68561070
127.91922492 333.69929594
77.87034906 328.69440835
95.88794437 359.72471138
37.83124838 310.67681305
15.80974300 330.69636339
14.80876548 349.71493621
24.81854065 410.77456476
724.50182511 498.86058626
746.52333049 496.85863123
799.57513889 480.84299095
858.63281240 467.83028323
880.65431778 451.81464296
919.69244095 431.79509262
936.70905874 419.78336241
922.69537350 498.86058626
943.71590136 465.82832820
958.73056411 501.86351881
1006.77748494 433.79704765
987.75891211 417.78140738
963.73545170 381.74621676
917.69048591 359.72471138
887.66116040 384.74914931
880.65431778 415.77945234
262.05021221 213.58199389
313.10006558 203.57221872
178.96907829 233.60154423
144.93584271 237.60545430
124.91629236 214.58297140
256.04434711 368.73350904
265.05314476 314.68072312
228.01697663 333.69929594
296.08344779 284.65139760
307.09420048 293.66019526
374.15969412 296.66312781
399.18413205 303.66997043
392.17728943 272.63966740
539.32098445 391.75599193
567.34835493 391.75599193
589.36986030 368.73350904
628.40798347 342.70809359
613.39332071 328.69440835
632.41189354 319.68561070
694.47249960 344.71004863
716.49400497 387.75208186
708.48618484 371.73644159
669.44806167 385.75012683
692.47054456 456.81953054
670.44903919 428.79216007
743.52039794 435.79900269
820.59566675 406.77065469
820.59566675 374.73937414
787.56340869 359.72471138
783.55949862 308.67485801
860.63476744 356.72177883
860.63476744 382.74719428
980.75206949 336.70222849
958.73056411 326.69245332
940.71296881 305.67192546
954.72665405 294.66117277
979.75109197 279.64651002
997.76868728 302.66899291
75.86839403 45.41777101
88.88110175 53.42559115
101.89380947 53.42559115
112.90456216 80.45198411
92.88501182 88.45980425
63.85666382 73.44514149
44.83809100 103.47446701
32.82636079 115.48619721
70.86350644 113.48424218
131.92313498 127.49792742
113.90553968 129.49988245
91.88403430 129.49988245
88.88110175 148.51845528
75.86839403 165.53507307
85.87816920 176.54582575
107.89967457 193.56244355
136.92802257 182.55169086
170.96125815 152.52236534
172.96321319 120.49108480
205.99547125 76.44807404
170.96125815 62.43438880
163.95441553 20.39333309
199.98960615 32.40506329
198.98862863 49.42168108
239.02772931 41.41386095
252.04043704 59.43145625
286.07367262 49.42168108
298.08540282 66.43829887
306.09322296 85.45687170
270.05803234 98.46957942
295.08247027 139.50965762
304.09126793 123.49401735
221.01013401 116.48717473
223.01208904 161.53116300
177.96810077 173.54289320
207.99742628 187.55657844
36.83027086 167.53702810
20.81463059 80.45198411
39.83320341 48.42070356
54.84786617 42.41483846
55.84884368 134.50477004
56.84982120 196.56537610
71.86448396 193.56244355
35.82929334 224.59274658
5.79996783 242.61034188
96.88892189 228.59665664
76.86937154 210.57906134
228.01697663 208.57710630
280.06780752 189.55853348
284.07171758 166.53605058
299.08638034 153.52334286
411.19586226 133.50379252
70.86350644 284.65139760
95.88794437 252.62011705
58.85177624 238.60643182
31.82538327 267.63477981
54.84786617 217.58590396
28.82245072 141.51161266
125.91726988 42.41483846
258.04630214 34.40701833
243.03163938 24.39724315
285.07269510 13.38649047
312.09908806 27.40017571
333.11961592 27.40017571
348.13427868 41.41386095
334.12059344 53.42559115
321.10788572 56.42852370
311.09811055 49.42168108
333.11961592 80.45198411
358.14405385 73.44514149
392.17728943 67.43927639
382.16751426 56.42852370
370.15578406 56.42852370
360.14600888 31.40408577
395.18022198 24.39724315
433.21736763 63.43536632
414.19879481 60.43243377
466.24962570 80.45198411
476.25940087 63.43536632
499.28188376 60.43243377
510.29263645 45.41777101
551.33271465 52.42461363
177.96810077 319.68561070
185.97592091 301.66801539
164.95539305 293.66019526
159.95050546 275.64259995
138.92997760 284.65139760
135.92704505 305.67192546
97.88989940 301.66801539
92.88501182 321.68756573
51.84493362 298.66508284
40.83418093 379.74426173
6.80094535 444.80780034
33.82733831 189.55853348
76.86937154 85.45687170
129.92117995 151.52138783
192.98276353 108.47935459
165.95637057 84.45589418
301.08833537 412.77651979
321.10788572 419.78336241
333.11961592 401.76576710
312.09908806 375.74035166
296.08344779 385.75012683
278.06585248 416.78042986
376.16164916 433.79704765
576.35715258 435.79900269
614.39429823 454.81757551
634.41384857 447.81073289
625.40505092 400.76478959
628.40798347 378.74328421
632.41189354 365.73057649
709.48716235 307.67388050
709.48716235 307.67388050
664.44317408 310.67681305
652.43144388 330.69636339
743.52039794 298.66508284
743.52039794 268.63575733
711.48911739 242.61034188
709.48716235 225.59372409
734.51160028 225.59372409
754.53115062 240.60838685
751.52821807 221.58981402
751.52821807 200.56928617
732.50964525 196.56537610
758.53506069 180.54973582
746.52333049 168.53800562
723.50084759 169.53898313
702.48031973 169.53898313
712.49009491 151.52138783
743.52039794 138.50868010
767.54385835 143.51356769
771.54776842 120.49108480
773.54972345 95.46664687
737.51453283 74.44611901
710.48813987 62.43438880
652.43144388 34.40701833
621.40114085 41.41386095
611.39136568 67.43927639
601.38159051 66.43829887
587.36790527 64.43634384
590.37083782 38.41092839
593.37377037 10.38355791
555.33662472 22.39528812
468.25158073 17.39040053
458.24180556 39.41190591
444.22812032 38.41092839
444.22812032 20.39333309
373.15871661 143.51356769
387.17240185 129.49988245
354.14014378 129.49988245
335.12157096 141.51161266
338.12450351 155.52529790
326.11277330 165.53507307
349.13525620 200.56928617
659.43828650 233.60154423
628.40798347 207.57612878
648.42753381 183.55266837
626.40602843 179.54875831
600.38061299 173.54289320
577.35813010 137.50770259
596.37670292 134.50477004
585.36595023 116.48717473
603.38354554 103.47446701
810.58589158 80.45198411
823.59859930 73.44514149
803.57904896 64.43634384
803.57904896 45.41777101
812.58784662 34.40701833
425.20954750 102.47348949
137.92900009 106.47739956
127.91922492 96.46762439
5.79996783 38.41092839
116.90847223 7.38062536
234.02284173 11.38453543
198.98862863 15.38844550
146.93779774 50.42265860
200.99058366 140.51063514
351.13721123 105.47642204
335.12157096 112.48326466
266.05412228 129.49988245
494.27699618 137.50770259
453.23691798 124.49499486
440.22421025 104.47544452
667.44610664 179.54875831
828.60348689 322.68854325
850.62499227 315.68170063
807.58295903 173.54289320
787.56340869 175.54484824
825.60055434 143.51356769
802.57807145 123.49401735
847.62205972 122.49303983
840.61521710 111.48228714
933.70612619 62.43438880
946.71883391 95.46664687
928.70123860 105.47642204
905.67875571 99.47055694
871.64552013 91.46273680
873.64747516 76.44807404
874.64845268 55.42754618
887.66116040 35.40799584
896.66995805 17.39040053
970.74229432 71.44318646
989.76086714 61.43341129
1001.77259735 77.44905156
1001.77259735 98.46957942
992.76379970 130.50085997
1013.78432755 154.52432038
934.70710370 210.57906134
917.69048591 225.59372409
924.69732853 267.63477981
894.66800302 273.64064491
892.66604798 258.62598216
892.66604798 245.61327443
862.63672247 210.57906134
858.63281240 182.55169086
833.60837448 179.54875831
828.60348689 207.57612878
812.58784662 197.56635361
817.59273420 224.59274658
800.57611641 231.59958920
784.56047614 235.60349926
776.55265600 200.56928617
782.55852110 246.61425195
795.57122883 258.62598216
812.58784662 270.63771236
839.61423958 266.63380229
805.58100400 295.66215029
838.61326206 298.66508284
858.63281240 289.65628519
871.64552013 277.64455498
990.76184466 194.56342106
975.74718190 144.51454521
953.72567653 113.48424218
884.65822785 127.49792742
1010.78139500 38.41092839
970.74229432 27.40017571
966.73838425 13.38649047
938.71101377 21.39431060
920.69341846 32.40506329
1018.78921514 507.86938392
893.66702550 433.79704765
903.67680067 476.83908089
952.72469901 270.63771236
946.71883391 203.57221872
955.72763156 182.55169086
943.71590136 155.52529790
926.69928357 141.51161266
913.68657584 125.49597238
914.68755336 194.56342106
891.66507047 193.56244355
875.64943019 186.55560093
902.67582316 168.53800562
902.67582316 155.52529790
874.64845268 146.51650024
883.65725033 160.53018548
759.53603821 338.70418353
742.51942042 358.72373387
716.49400497 342.70809359
704.48227477 328.69440835
762.53897076 389.75403690
782.55852110 419.78336241
797.57318386 405.76967717
766.54288083 454.81757551
726.50378015 468.83126075
850.62499227 514.87622654
1002.77357487 363.72862145
782.55852110 20.39333309
793.56927379 7.38062536
715.49302746 17.39040053
721.49889256 10.38355791
736.51355532 38.41092839
722.49987008 38.41092839
675.45392677 11.38453543
641.42069119 8.38160288
655.43437643 96.46762439
683.46174691 108.47935459
667.44610664 110.48130963
625.40505092 115.48619721
635.41482609 98.46957942
583.36399520 90.46175928
558.33955727 69.44123142
549.33075962 81.45296163
553.33466969 94.46566935
551.33271465 119.49010728
525.30729921 81.45296163
504.28677135 101.47251197
498.28090624 95.46664687
532.31414183 131.50183748
552.33369217 138.50868010
537.31902941 189.55853348
522.30436666 157.52725293
543.32489451 153.52334286
513.29556900 145.51552272
427.21150253 165.53507307
451.23496294 157.52725293
383.16849178 158.52823045
356.14209882 165.53507307
301.08833537 186.55560093
251.03945952 183.55266837
236.02479676 87.45882673
525.30729921 7.38062536
507.28970390 22.39528812
856.63085737 34.40701833
833.60837448 24.39724315
858.63281240 17.39040053
775.55167848 52.42461363
778.55461103 76.44807404
898.67191309 307.67388050
879.65334026 344.71004863
635.41482609 486.84885606
621.40114085 516.87818157
654.43339891 515.87720405
565.34639989 515.87720405
571.35226499 496.85863123
502.28481631 470.83321578
468.25158073 417.78140738
437.22127770 391.75599193
402.18706460 378.74328421
401.18608709 398.76283455
421.20563743 399.76381207
639.41873616 61.43341129
639.41873616 61.43341129
639.41873616 76.44807404
507.28970390 351.71689125
523.30534417 342.70809359
582.36301768 293.66019526
562.34346734 286.65335264
600.38061299 363.72862145
587.36790527 342.70809359
564.34542237 342.70809359
545.32684955 352.71786877
662.44121905 356.72177883
281.10178429 325.99946889
106.17271336 423.18228607
748.60228379 321.90756079
105.14973634 32.91655180
86.73614993 37.00845989
45.81706901 19.61785050
112.31057550 167.94951884
208.47041566 293.77569266
204.37850757 281.49996839
181.87301306 286.61485350
218.70018589 281.49996839
113.33355252 281.49996839
641.18969638 155.67379456
645.28160447 134.19127708
676.99389218 136.23723112
735.30358249 117.82364471
690.29259348 153.62784051
466.26062545 102.47898937
444.77810797 90.20326509
416.13475132 84.06540295
477.51337270 116.80066769
496.94993614 115.77769066
478.53634973 287.63783052
413.06582026 312.18927908
306.67620987 349.01645190
296.44643964 365.38408427
866.24464143 430.85461374
712.79808799 445.17629206
853.96891716 140.32913922
938.87601007 44.16929906
893.86502105 58.49097738
902.04883724 77.92754081
891.81906701 94.29517318
903.07181426 47.23823012
967.51936671 128.05341494
1012.53035572 134.19127708
178.80408199 97.36410425
199.26362245 91.22624211
215.63125482 96.34112723
710.75213394 122.93852982
683.13175432 90.20326509
771.10777830 518.83063772
954.22066541 521.89956879
