3.09444444 524.10185185
51.45000000 441.61296296
16.36851852 365.76111111
72.30925926 396.10185185
154.79814815 470.05740741
306.50185185 511.77592593
326.41296296 431.18333333
192.72407407 386.62037037
421.22777778 691.92407407
476.22037037 611.33148148
631.71666667 415.06481481
900.99074074 529.79074074
810.91666667 495.65740741
792.90185185 404.63518519
819.45000000 396.10185185
934.17592593 444.45740741
897.19814815 375.24259259
558.70925926 421.70185185
472.42777778 424.54629630
379.50925926 447.30185185
273.31666667 387.56851852
127.30185185 371.45000000
93.16851852 369.55370370
72.30925926 371.45000000
103.59814815 375.24259259
195.56851852 343.95370370
221.16851852 339.21296296
265.73148148 355.33148148
318.82777778 355.33148148
343.47962963 368.60555556
361.49444444 351.53888889
396.57592593 389.46481481
494.23518519 357.22777778
508.45740741 361.96851852
548.27962963 352.48703704
562.50185185 375.24259259
594.73888889 383.77592593
616.54629630 347.74629630
578.62037037 338.26481481
650.67962963 358.17592593
706.62037037 374.29444444
712.30925926 351.53888889
668.69444444 348.69444444
691.45000000 352.48703704
728.42777778 352.48703704
762.56111111 361.02037037
796.69444444 354.38333333
827.03518519 349.64259259
856.42777778 348.69444444
884.87222222 332.57592593
911.42037037 322.14629630
925.64259259 329.73148148
926.59074074 365.76111111
952.19074074 353.43518519
962.62037037 350.59074074
948.39814815 334.47222222
961.67222222 318.35370370
933.22777778 310.76851852
681.91666667 324.75000000
658.91666667 325.08333333
643.58333333 338.08333333
642.58333333 322.75000000
701.91666667 333.08333333
690.25000000 309.75000000
697.91666667 303.75000000
683.25000000 301.08333333
670.91666667 307.75000000
650.58333333 304.08333333
639.91666667 309.08333333
641.25000000 299.08333333
631.58333333 317.41666667
603.58333333 319.08333333
589.91666667 343.08333333
595.91666667 329.08333333
568.25000000 325.75000000
587.58333333 316.41666667
599.58333333 308.75000000
613.25000000 301.08333333
615.25000000 294.75000000
619.25000000 297.08333333
625.91666667 297.41666667
634.25000000 303.08333333
620.58333333 303.75000000
616.91666667 315.75000000
624.91666667 314.41666667
621.25000000 314.41666667
598.58333333 289.08333333
602.58333333 297.08333333
593.91666667 298.75000000
589.58333333 305.75000000
574.58333333 305.08333333
559.25000000 319.08333333
546.25000000 311.08333333
528.25000000 328.08333333
546.25000000 331.75000000
515.91666667 341.75000000
495.25000000 335.41666667
476.25000000 338.41666667
446.58333333 346.08333333
455.91666667 310.08333333
487.25000000 315.75000000
524.91666667 317.75000000
532.58333333 310.75000000
600.25000000 304.41666667
608.91666667 308.41666667
582.25000000 293.08333333
588.58333333 297.75000000
586.91666667 292.08333333
575.25000000 297.75000000
592.91666667 292.75000000
561.91666667 303.08333333
546.25000000 299.08333333
553.25000000 304.41666667
554.91666667 295.75000000
558.58333333 291.08333333
563.91666667 293.41666667
539.25000000 297.75000000
540.91666667 289.41666667
539.58333333 285.75000000
546.58333333 288.75000000
534.58333333 298.75000000
527.25000000 296.75000000
531.58333333 289.08333333
518.58333333 295.41666667
517.25000000 288.41666667
519.58333333 286.08333333
521.25000000 290.75000000
510.91666667 287.75000000
505.91666667 296.41666667
515.25000000 303.75000000
515.58333333 317.41666667
495.91666667 310.08333333
496.58333333 299.75000000
486.91666667 301.41666667
491.25000000 295.08333333
493.25000000 286.75000000
501.91666667 291.08333333
507.58333333 292.41666667
555.58333333 311.41666667
573.58333333 313.41666667
677.91666667 304.08333333
672.91666667 301.41666667
522.91666667 303.41666667
473.91666667 295.08333333
468.25000000 298.75000000
475.58333333 320.75000000
456.58333333 301.08333333
475.25000000 309.75000000
478.58333333 312.41666667
555.91666667 285.75000000
559.91666667 297.75000000
556.58333333 302.75000000
439.58333333 318.75000000
405.91666667 352.08333333
417.25000000 332.41666667
427.91666667 346.75000000
456.25000000 341.41666667
396.91666667 330.08333333
405.25000000 310.75000000
420.91666667 314.75000000
385.91666667 316.08333333
395.25000000 308.41666667
322.25000000 333.91666667
331.58333333 333.91666667
308.25000000 335.25000000
346.25000000 325.91666667
358.91666667 316.58333333
366.25000000 303.25000000
306.91666667 313.91666667
322.25000000 319.25000000
294.91666667 318.58333333
293.58333333 311.91666667
258.91666667 315.91666667
236.91666667 321.25000000
211.58333333 327.91666667
266.25000000 304.58333333
270.25000000 311.91666667
323.58333333 311.25000000
350.91666667 309.25000000
349.58333333 295.25000000
442.91666667 311.91666667
440.91666667 302.58333333
375.91666667 304.08333333
374.58333333 309.08333333
356.25000000 298.08333333
358.58333333 288.75000000
364.58333333 289.75000000
370.58333333 287.41666667
368.25000000 295.41666667
376.25000000 293.41666667
372.25000000 292.75000000
380.91666667 294.08333333
385.58333333 293.41666667
386.25000000 295.41666667
389.58333333 291.41666667
388.58333333 289.41666667
394.25000000 289.08333333
399.91666667 289.75000000
401.91666667 296.75000000
395.91666667 300.41666667
407.58333333 304.08333333
428.58333333 316.41666667
434.58333333 310.08333333
427.58333333 309.41666667
418.58333333 300.08333333
430.58333333 298.08333333
430.25000000 292.41666667
439.25000000 297.08333333
444.91666667 299.08333333
448.25000000 298.08333333
445.91666667 293.08333333
442.25000000 295.08333333
461.91666667 291.75000000
468.58333333 284.75000000
488.25000000 290.08333333
481.58333333 296.08333333
478.58333333 289.75000000
455.58333333 288.08333333
459.58333333 539.91666667
422.25000000 292.75000000
411.25000000 290.08333333
414.91666667 286.41666667
418.25000000 291.08333333
420.25000000 286.75000000
427.25000000 288.08333333
431.91666667 285.08333333
435.25000000 283.75000000
429.91666667 282.08333333
425.25000000 282.08333333
426.25000000 283.75000000
409.91666667 283.41666667
404.25000000 281.41666667
403.91666667 284.08333333
411.91666667 285.75000000
449.25000000 288.75000000
450.58333333 284.41666667
439.58333333 291.41666667
438.25000000 287.75000000
420.91666667 282.75000000
414.58333333 283.41666667
401.58333333 286.75000000
438.58333333 284.41666667
387.25000000 305.75000000
463.91666667 306.41666667
424.91666667 287.75000000
674.25000000 403.25000000
987.93431568 346.39985015
984.86538462 320.82542458
1002.25599401 327.98626374
1015.55469530 324.91733267
1019.64660340 348.44580420
1003.27897103 499.84640360
720.93731269 309.57267732
745.48876124 309.57267732
724.00624376 302.41183816
761.85639361 308.54970030
770.04020979 322.87137862
751.62662338 327.98626374
725.02922078 332.07817183
785.38486513 334.12412587
784.36188811 315.71053946
808.91333666 320.82542458
816.07417582 304.45779221
799.70654346 303.43481518
856.99325674 306.50374625
842.67157842 339.23901099
828.34990010 327.98626374
828.34990010 315.71053946
898.93531469 315.71053946
906.09615385 308.54970030
708.66158841 301.38886114
703.54670330 308.54970030
428.38852814 642.13311688
866.48376623 529.57900433
