608.89418993 548.13842957
566.42414385 521.00478901
697.37345261 411.29050330
660.80202404 446.68220837
778.77437427 427.80663233
844.83889039 548.13842957
949.83428210 433.70524984
972.24902864 394.77437427
994.66377519 190.68220837
927.41953556 201.29971989
879.05087196 227.25363694
856.63612542 215.45640192
805.90801482 230.79280745
807.08773832 288.59925906
729.22598717 234.33197795
638.38727749 289.77898256
625.41031897 260.28589500
567.60386735 299.21677058
608.89418993 223.71446643
650.18451251 226.07391344
552.26746182 221.35501943
513.33658625 217.81584892
488.56239270 242.59004247
443.73289961 230.79280745
421.31815307 268.54395952
334.01861390 263.82506551
299.80663233 267.36423602
236.10156321 285.06008855
205.42875215 298.03704708
115.76976597 433.70524984
109.87114846 370.00018072
56.78359086 227.25363694
72.11999639 217.81584892
23.75133279 206.31354477
63.27207012 160.30432818
84.50709316 159.12460468
97.48405169 161.48405169
108.69142496 164.43336044
164.13842957 177.41031897
151.75133279 152.04626367
189.50248486 186.25824523
234.33197795 181.53935122
269.13382127 181.53935122
223.71446643 227.54856781
284.47022680 199.23520376
297.44718533 189.20755399
345.81584892 202.77437427
401.26285353 193.92644800
355.25363694 164.43336044
311.60386735 159.12460468
254.97713924 149.68681666
277.39188579 125.50248486
190.09234662 140.24902864
197.76054938 127.86193187
134.64534201 138.47944339
118.12921298 136.70985814
100.43336044 123.73289961
67.99096413 143.19833740
74.47944339 121.96331436
60.32276136 121.37345261
43.80663233 110.75594109
65.63151712 97.18912081
87.45640192 104.85732357
96.89418993 96.59925906
108.10156321 104.85732357
122.25824523 108.98635583
151.16147104 113.70524984
138.18451251 97.18912081
35.54856781 61.20755399
28.47022680 101.31815307
19.03243878 90.11077980
2.51630975 92.47022680
16.08313003 117.83428210
9.59465076 124.32276136
26.11077980 144.37806090
13.13382127 143.19833740
3.10617150 152.63612542
29.64995030 164.43336044
194.81124063 106.03704708
204.83889039 104.85732357
207.78819915 93.06008855
201.29971989 80.08313003
218.40571067 89.52091804
225.48405169 96.59925906
229.02322219 84.80202404
237.28128671 100.72829132
243.76976597 93.64995030
253.20755399 99.54856781
244.94948947 144.96792265
276.80202404 90.11077980
261.46561851 83.03243878
288.59925906 97.77898256
298.92183970 99.84349869
311.60386735 99.84349869
316.61769224 98.36884431
329.88958164 111.64073371
323.40110238 134.64534201
368.52552634 121.96331436
376.19372910 110.75594109
386.81124063 124.61769224
427.51170145 114.88497334
349.94488118 80.08313003
293.31815307 67.99096413
297.74211620 82.44257703
285.94488118 83.32736966
461.72368302 135.53013463
505.07852173 113.70524984
493.57621758 104.85732357
482.36884431 76.83889039
519.23520376 126.68220837
549.31815307 132.58082588
579.99096413 114.88497334
427.51170145 191.86193187
505.96331436 76.54395952
651.36423602 113.11538809
682.62690883 130.81124063
712.70985814 147.03243878
727.45640192 118.42414385
718.90340652 109.57621758
708.28589500 85.39188579
702.97713924 76.83889039
755.47483510 69.17068763
777.59465076 69.17068763
808.56239270 120.19372910
793.81584892 116.94948947
749.87114846 93.35501943
752.52552634 129.33658625
830.68220837 137.15225445
876.10156321 103.23520376
893.20755399 98.81124063
872.56239270 76.69142496
924.47022680 79.64073371
931.25363694 67.54856781
947.76976597 62.82967381
960.15686275 74.33197795
939.80663233 122.99557242
1015.89879823 123.88036505
1013.24442035 76.39649408
1002.92183970 57.22598717
977.55778440 68.13842957
992.59925906 15.64073371
920.63612542 67.54856781
147.62230053 277.98174754
