155.00564323 415.37637494
296.11783835 527.76661884
477.19100909 537.75686275
45.11296031 316.72271640
31.37637494 289.24954567
22.63491153 181.85442372
83.82515543 136.89832616
126.28369201 199.33735055
138.77149689 181.85442372
147.51296031 158.12759445
218.69344811 240.54710665
273.63978957 229.30808226
382.28369201 266.77149689
465.95198470 320.46905787
455.96174079 193.09344811
403.51296031 190.59588714
548.37149689 193.09344811
588.33247250 193.09344811
665.75686275 161.87393592
628.29344811 134.40076518
627.04466762 115.66905787
589.58125299 103.18125299
558.36174079 108.17637494
391.02515543 166.86905787
387.27881396 131.90320421
424.74222860 110.67393592
462.20564323 93.19100909
110.04954567 81.01539933
119.41539933 78.51783835
135.02515543 97.87393592
174.98613104 110.98613104
194.96661884 145.95198470
235.55198470 168.43003348
269.89344811 151.57149689
288.00076518 174.04954567
239.29832616 134.71296031
221.81539933 106.61539933
262.40076518 102.24466762
309.85442372 123.47393592
322.96661884 103.49344811
344.82027738 89.75686275
372.91783835 120.97637494
377.28857006 58.53735055
379.78613104 42.92759445
411.63003348 69.77637494
431.61052128 87.25930177
436.60564323 72.89832616
444.09832616 20.44954567
460.33247250 35.43491153
500.29344811 45.42515543
500.29344811 35.43491153
520.89832616 64.15686275
542.12759445 62.28369201
557.11296031 59.16174079
607.06417982 47.92271640
626.42027738 46.67393592
660.76174079 35.43491153
652.02027738 10.45930177
675.12271640 12.95686275
668.87881396 29.81539933
696.97637494 32.93735055
696.35198470 54.16661884
682.61539933 45.42515543
727.57149689 27.94222860
735.68857006 12.95686275
728.82027738 8.58613104
746.30320421 32.93735055
756.29344811 74.14710665
785.01539933 88.50808226
766.28369201 21.69832616
756.91783835 4.83978957
796.87881396 16.70320421
909.89344811 291.12271640
1012.29344811 298.61539933
998.55686275 278.63491153
780.64466762 165.62027738
819.98125299 14.83003348
844.33247250 18.57637494
863.06417982 17.32759445
876.17637494 2.96661884
912.39100909 14.83003348
926.75198470 17.32759445
959.84466762 69.15198470
936.74222860 112.23491153
976.07881396 120.35198470
980.44954567 92.87881396
1002.92759445 107.86417982
1018.53735055 124.72271640
987.94222860 32.93735055
964.21539933 25.44466762
958.59588714 35.43491153
974.83003348 17.32759445
982.32271640 16.07881396
997.93247250 25.44466762
1013.54222860 21.69832616
528.21037445 3.68863532
