268.17564209 197.86578293
232.11930406 96.90803645
44.62634631 21.18972659
19.38690969 84.88925711
254.95498481 64.45733223
289.80944490 345.69676885
358.31648716 432.23198012
454.46672190 556.02540735
460.47611157 400.98315382
541.00193317 316.85169843
609.50897542 131.76249655
876.32587683 290.41038387
968.87047777 369.73432753
885.94090030 480.30709749
866.71085336 108.92681580
643.16155758 54.84230875
590.27892847 39.21789561
429.82822425 13.67798951
469.49019608 22.09113505
550.01601767 13.07705054
509.45263739 5.41507871
877.35965995 7.18982978
