583.22179781 629.14387573
442.33868093 657.81920041
401.19582378 487.01400560
293.97504456 576.78023937
158.07894067 589.24777184
119.42959002 521.92309651
13.45556404 585.50751210
249.09192768 506.96205755
176.78023937 487.01400560
311.42959002 437.14387573
313.61140820 440.41660300
273.40361599 436.67634326
295.53348612 423.27374586
283.06595365 413.29971989
234.44257703 481.87114846
200.15686275 538.59842119
212.00101859 417.66335625
143.11790171 376.05296664
226.65036924 375.42959002
295.84517443 339.89712249
310.80621339 319.94907054
53.97504456 377.92309651
48.36465495 356.10491469
9.71530430 371.06595365
10.96205755 327.42959002
3.48153807 297.50751210
19.68933028 240.15686275
55.84517443 230.18283677
57.09192768 262.59842119
47.11790171 262.59842119
83.27374586 262.59842119
74.54647313 297.50751210
108.20881080 270.07894067
105.71530430 258.85816145
135.63738223 280.05296664
155.58543417 276.31270690
151.84517443 266.33868093
246.59842119 275.06595365
269.03997963 278.80621339
260.31270690 251.37764197
280.26075885 217.71530430
297.71530430 236.41660300
306.44257703 226.44257703
313.92309651 207.74127833
2.85816145 281.76725236
96.98803158 274.28673287
114.13088872 272.41660300
217.61140820 244.67634326
402.44257703 112.05296664
380.00101859 150.70231729
383.74127833 155.68933028
373.14387573 166.28673287
356.93608352 150.70231729
409.29971989 150.70231729
352.57244716 217.40361599
333.87114846 220.52049911
323.89712249 239.84517443
385.61140820 230.49452508
394.33868093 234.85816145
394.33868093 254.18283677
411.16984976 265.40361599
414.28673287 272.88413547
412.41660300 284.72829132
384.36465495 300.31270690
409.92309651 310.28673287
491.58543417 337.71530430
492.20881080 353.29971989
529.61140820 353.29971989
520.26075885 301.55946015
552.67634326 294.07894067
580.10491469 278.49452508
427.06595365 232.20881080
414.59842119 230.65036924
423.94907054 223.79322638
390.59842119 251.84517443
463.84517443 237.19582378
457.92309651 232.83218742
437.03997963 237.19582378
442.33868093 225.03997963
460.72829132 217.87114846
465.09192768 220.67634326
471.32569391 218.49452508
485.03997963 213.19582378
472.57244716 211.94907054
481.61140820 197.61140820
499.68933028 209.45556404
517.14387573 220.67634326
524.62439521 222.85816145
522.75426534 213.50751210
518.07894067 243.74127833
506.85816145 239.37764197
498.75426534 237.19582378
485.35166794 231.27374586
528.98803158 247.16984976
526.18283677 250.28673287
552.05296664 244.67634326
574.49452508 247.16984976
586.96205755 255.27374586
567.01400560 225.35166794
547.68933028 196.98803158
534.91010950 203.22179781
551.74127833 194.18283677
591.32569391 211.01400560
571.06595365 199.79322638
623.11790171 402.23478482
640.57244716 356.10491469
655.53348612 278.80621339
633.09192768 276.31270690
725.35166794 322.44257703
842.54647313 328.67634326
863.74127833 347.37764197
889.92309651 347.37764197
776.46855106 238.91010950
675.79322638 173.61140820
663.01400560 177.66335625
655.53348612 180.46855106
652.72829132 178.91010950
658.96205755 186.39062898
644.62439521 195.42959002
632.78023937 192.31270690
615.32569391 187.94907054
603.79322638 183.27374586
682.65036924 200.41660300
673.92309651 185.76725236
682.65036924 179.22179781
686.70231729 182.33868093
693.87114846 177.66335625
706.96205755 178.28673287
703.53348612 183.27374586
702.91010950 192.31270690
694.18283677 193.24777184
700.72829132 198.54647313
698.85816145 196.36465495
695.74127833 213.50751210
714.75426534 202.59842119
715.37764197 217.87114846
730.96205755 195.42959002
720.67634326 178.28673287
725.35166794 177.97504456
734.39062898 180.15686275
737.19582378 178.91010950
738.75426534 182.65036924
742.80621339 180.46855106
746.54647313 182.33868093
750.59842119 175.79322638
754.96205755 180.15686275
768.05296664 186.70231729
762.75426534 203.22179781
793.61140820 242.18283677
810.44257703 233.14387573
809.50751210 225.97504456
817.29971989 217.87114846
822.59842119 196.36465495
826.02699262 196.36465495
826.96205755 229.09192768
840.67634326 202.75426534
871.22179781 207.74127833
876.20881080 222.70231729
883.06595365 206.49452508
909.55946015 212.57244716
923.27374586 197.92309651
920.46855106 239.68933028
912.05296664 240.93608352
908.31270690 246.23478482
902.39062898 250.28673287
910.18283677 251.22179781
919.53348612 264.93608352
935.74127833 255.58543417
944.15686275 268.05296664
960.36465495 250.59842119
969.40361599 250.59842119
488.46855106 463.32569391
240.31739786 379.87592629
