9.09192768 180.78023937
7.53348612 169.87114846
164.62439521 280.52049911
81.71530430 284.26075885
64.88413547 290.18283677
58.33868093 277.71530430
21.87114846 213.19582378
45.55946015 185.76725236
68.00101859 198.85816145
90.44257703 191.68933028
100.10491469 194.18283677
90.44257703 244.98803158
121.92309651 238.44257703
174.28673287 240.62439521
178.33868093 224.72829132
176.78023937 212.57244716
140.62439521 200.72829132
134.70231729 193.24777184
122.23478482 192.00101859
74.54647313 154.91010950
63.94907054 150.54647313
42.44257703 148.67634326
35.58543417 144.00101859
24.05296664 144.93608352
15.01400560 144.00101859
136.88413547 186.39062898
148.72829132 190.75426534
164.93608352 186.39062898
173.97504456 196.05296664
186.13088872 205.71530430
199.53348612 215.37764197
200.46855106 200.72829132
221.35166794 201.03997963
232.88413547 199.48153807
245.35166794 213.81920041
239.11790171 216.93608352
253.45556404 206.02699262
239.42959002 308.88413547
284.83218742 292.98803158
274.85816145 264.62439521
273.92309651 216.93608352
282.02699262 217.87114846
293.24777184 218.18283677
311.01400560 217.87114846
325.66335625 215.68933028
344.05296664 209.76725236
359.32569391 218.49452508
341.24777184 240.00101859
367.42959002 225.66335625
377.40361599 227.84517443
390.49452508 216.93608352
394.85816145 240.00101859
374.91010950 243.11790171
367.11790171 271.48153807
350.28673287 301.40361599
337.50751210 315.11790171
411.37764197 229.71530430
419.79322638 229.09192768
431.32569391 237.19582378
440.36465495 230.02699262
449.71530430 237.19582378
468.41660300 234.07894067
485.55946015 235.63738223
488.36465495 271.48153807
527.42959002 240.31270690
553.29971989 255.27374586
557.03997963 239.68933028
574.49452508 237.50751210
572.31270690 257.14387573
581.03997963 270.85816145
588.52049911 277.71530430
556.10491469 307.32569391
611.58543417 315.42959002
600.67634326 339.74127833
648.67634326 283.32569391
621.24777184 272.41660300
613.45556404 256.20881080
627.48153807 245.29971989
640.57244716 259.01400560
648.98803158 266.80621339
666.44257703 265.55946015
677.03997963 257.14387573
686.39062898 290.49452508
705.40361599 257.14387573
730.33868093 270.23478482
728.46855106 256.83218742
742.80621339 271.79322638
750.91010950 258.07894067
726.59842119 369.66335625
626.85816145 365.61140820
782.07894067 349.71530430
789.55946015 314.18283677
796.72829132 331.01400560
802.65036924 274.59842119
790.80621339 272.41660300
820.10491469 275.84517443
834.13088872 286.75426534
853.14387573 278.02699262
870.28673287 288.93608352
884.62439521 281.14387573
911.42959002 287.68933028
938.23478482 308.88413547
958.80621339 284.57244716
1008.36465495 293.29971989
813.87114846 345.97504456
404.93608352 452.10491469
467.27374586 371.06595365
371.27374586 331.16984976
180.52049911 337.40361599
138.13088872 452.10491469
45.87114846 408.46855106
15.94907054 347.37764197
33.40361599 336.15686275
649.29971989 443.37764197
894.91010950 440.88413547
872.46855106 437.14387573
1004.62439521 464.57244716
