699.90939368 425.04775138
604.30534418 261.48419683
434.98250954 213.10624407
438.43807759 172.79128344
341.68217208 511.43695273
228.80028232 539.08149717
44.50331944 374.36608659
299.06349942 302.95101348
259.90039480 195.82840380
149.32221708 217.71366814
5.34021483 64.51681775
76.75528794 3.46844880
60.62930369 10.37958490
142.41108097 12.68329694
158.53706522 16.13886499
408.48982113 71.42795386
337.07474801 103.67992236
258.74853879 33.41670526
233.40770639 87.55393811
223.04100223 112.89477051
951.01400560 223.47294823
978.65855003 165.88014733
937.19173339 108.28734643
967.13998985 52.99825757
863.47294823 29.96113721
827.76541168 31.11299323
826.61355566 62.21310571
856.56181213 101.37621033
747.13549042 173.94313946
673.41670526 44.93526544
312.88577163 23.05000110
309.14223957 94.53706522
782.22279681 83.40161799
829.27973987 147.84917044
17.03598362 49.09991969
77.39162798 74.16285675
74.57844117 156.86415545
37.23977983 172.20881080
68.44057903 126.68633327
52.07294666 93.95106854
22.91810151 120.03698263
11.66535425 121.57144816
105.26775186 106.22679282
86.63177913 441.52141124
123.87592629 166.47124402
42.53813365 50.99298315
60.08997311 47.14014034
90.05652830 17.38763198
12.57157846 10.53813365
38.04315037 3.90268214
113.17358515 36.43779920
121.73545806 22.31070890
123.66187947 10.96622729
175.46121057 28.30401994
172.03646141 3.90268214
188.94616040 0.90602662
340.70535773 79.46121057
362.96622729 19.52810020
331.92943800 13.96288281
378.80569218 12.46455505
290.19030756 33.44114368
300.67860188 26.80569218
439.80903666 146.99298315
523.92943800 231.54147813
468.06321726 208.42442127
256.58495639 174.17692963
257.44114368 321.44114368
199.22040790 336.42442127
265.14682930 247.38094301
514.08328415 12.03646141
570.80569218 23.16689619
610.40435438 32.15686275
630.31070890 100.43779920
707.36756509 64.15686275
724.06321726 52.59833432
680.82575907 19.63512361
693.24047479 22.20368549
714.64515706 15.78228081
747.18027412 20.49131091
889.73545806 62.44448816
948.81238114 139.07325070
892.30401994 128.79900321
989.05318382 49.17358515
737.33412027 35.90268214
