268.93363226 601.59424931
25.01348706 550.02256147
6.89370485 583.47446710
90.52346892 605.77573752
108.64325113 474.75577382
72.40368670 466.39279741
38.95178108 346.52346892
66.82836910 361.85559233
184.02619124 402.27664496
213.29660866 405.06430376
241.87011138 354.88644532
263.47446710 350.00804242
269.04978471 332.58517490
476.03345077 375.79388634
255.80840539 266.37827835
120.60695349 313.07156329
142.90822391 315.16230739
83.67047436 279.61965766
90.63962137 276.13508416
33.49261592 267.77210775
13.97900431 227.35105512
46.73399523 221.07882282
71.12600975 253.13689904
92.73036547 257.31838725
108.06248888 251.74306964
131.75758870 244.07700794
121.36194441 248.60695349
164.22219850 245.47083734
188.26575567 243.72855059
190.00804242 235.36557418
182.34198071 235.36557418
216.14234369 241.28934913
219.97537454 232.57791538
210.56702608 207.14052881
201.15867763 214.10967581
199.41639088 206.79207146
194.53798797 204.35287000
238.44361411 231.53254333
243.32201701 240.59243443
253.42728017 237.80477563
231.82292445 181.00622754
224.50532010 210.27664496
247.50350521 186.93000249
244.01893171 180.30931284
253.77573752 180.30931284
249.94270667 178.56702608
290.13145440 231.53254333
284.20767944 230.83562863
303.37283371 234.32020213
294.66139995 200.51983915
286.99533824 207.48898616
279.32927654 205.39824206
265.04252518 208.18590086
268.17864133 202.61058325
259.46720757 186.58154514
260.16412227 176.82473933
287.69225294 175.77936728
411.45268852 239.54706238
457.62328743 225.95722572
443.33653607 192.50532010
420.33835095 174.03708053
473.30386819 161.14415857
470.16775204 166.37101882
479.92455784 209.92818761
503.96811501 199.12600975
502.57428561 212.36738906
545.78299705 215.50350521
520.69406783 190.41457599
522.78481193 181.70314224
532.19316039 185.88463044
490.72673570 172.99170848
569.12963951 155.22038362
572.26575567 165.67410412
581.67410412 161.14415857
597.35468489 160.79570122
603.27845984 162.18953062
584.46176293 178.91548343
594.91548343 175.43090993
588.64325113 175.43090993
588.99170848 206.44361411
621.39824206 201.21675385
637.42728017 177.17319668
629.76121846 174.03708053
634.29116402 171.94633643
620.35287000 180.30931284
625.92818761 179.61239814
617.56521120 267.42365040
618.95904060 206.09515676
775.47446710 320.73762500
748.29479378 325.61602790
756.65777019 299.83018398
914.16049251 308.19316039
698.81385004 262.89370485
797.07882282 241.28934913
799.16956692 220.38190812
838.19679015 237.10786093
932.97718942 226.65414042
951.79388634 209.23127291
992.21493897 218.98807872
1020.78844169 221.07882282
1009.63780648 216.20041991
1020.09152699 227.35105512
1003.36557418 350.70495712
959.45994804 340.94815131
942.03708053 325.61602790
926.00804242 315.85922209
912.06974841 289.37646347
976.18590086 308.89007509
785.52165403 217.94270667
852.42546529 213.76121846
844.06248888 213.06430376
902.95178108 205.74669941
886.22582826 208.18590086
927.69225294 196.33835095
945.11512046 202.26212590
861.83381374 209.92818761
808.17138180 212.36738906
820.36738906 161.49261592
810.26212590 158.35649977
832.56339632 152.08426746
867.40913135 154.87192627
874.37827835 151.73581011
883.43816946 155.22038362
923.85922209 205.74669941
956.61421302 149.29660866
971.59787908 155.22038362
960.79570122 144.41820576
974.18227109 144.76666311
976.62147255 140.41094623
984.81022028 145.81203516
993.87011138 151.21312409
1006.58880467 147.90277926
995.26394079 160.96992990
1011.98989360 143.72129106
1021.74669941 143.54706238
997.70314224 136.22945803
944.04071030 131.52528380
937.76847799 143.19860503
929.23127291 141.80477563
940.38190812 148.25123661
934.63236184 146.16049251
931.84470304 152.78118216
926.09515676 156.78844169
914.42183552 158.00804242
923.83018398 151.03889541
897.52165403 160.62147255
983.59061955 141.97900431
991.08245258 138.14597345
1010.24760685 129.60876837
1002.75577382 144.24397708
886.66139995 150.16775204
893.28208961 145.98626383
889.79751610 145.28934913
657.17319668 216.54887726
653.68862318 203.65595530
669.02074659 204.35287000
679.82292445 206.09515676
689.23127291 212.01893171
691.67047436 198.77755240
706.30568307 197.03526565
731.39461229 193.89914950
743.24216220 192.15686275
727.56158144 186.58154514
749.86285186 165.67410412
763.10423117 157.65958507
768.33109142 150.69043806
777.39098253 164.62873207
775.64869578 158.00804242
751.95359596 152.08426746
759.96811501 140.58517490
768.67954877 141.63054696
774.60332373 145.11512046
777.04252518 137.44905875
803.52528380 152.08426746
794.37827835 141.80477563
813.02074659 153.47809686
809.01348706 150.69043806
803.96085549 146.68317853
790.37101882 139.36557418
822.25486637 145.81203516
806.57428561 141.45631828
807.44542899 135.53254333
796.99170848 138.49443080
213.56154502 192.58495639
270.49799987 172.46455505
267.92943800 172.67860188
292.33077579 175.78228081
784.85251492 138.00301659
