90.28530311 403.97337651
81.47796366 216.37704623
47.12933981 212.85411045
9.25778018 207.56970678
30.39539486 169.69814715
66.50548660 86.90915632
62.98255082 98.35869761
209.18438568 418.06511963
331.60640403 439.20273430
416.15686275 475.31282605
581.73484440 449.77154164
678.61557834 340.56053247
494.54218385 309.73484440
439.93667926 312.37704623
468.12016550 270.98255082
417.03759669 271.86328476
382.68897284 274.50548660
353.62475265 241.91833064
324.56053247 233.99172513
255.86328476 246.32200036
247.93667926 221.66144990
230.32200036 215.49631229
199.49631229 198.76236733
12.19355999 71.71649577
25.40456917 49.25778018
45.66144990 48.37704623
52.70732146 51.45961504
7.34952330 52.34034898
72.52383522 160.67062421
103.78989027 155.82658752
111.27612880 172.56053247
139.89998201 135.12933981
169.84493614 141.29447742
199.34952330 136.45044073
234.13851412 136.45044073
222.68897284 173.00089944
233.25778018 196.34034898
246.90915632 180.92750495
253.95502788 183.56970678
260.56053247 144.37704623
261.00089944 128.08346825
271.56970678 120.15686275
298.87245908 117.07429394
291.82658752 146.57888109
309.44126641 188.85411045
328.37704623 159.78989027
325.29447742 126.32200036
330.57888109 117.51466091
353.47796366 111.34952330
357.00089944 145.25778018
356.12016550 124.12016550
384.74401871 144.37704623
397.95502788 115.75319302
368.01007375 107.82658752
374.61557834 106.94585357
386.06511963 104.74401871
389.14768843 99.45961504
396.63392697 100.34034898
403.67979852 98.57888109
410.72567008 92.85411045
425.25778018 96.37704623
435.38622054 90.21190862
465.77154164 113.99172513
508.92750495 125.00089944
444.63392697 88.01007375
453.00089944 86.68897284
458.72567008 83.16603706
463.56970678 81.84493614
469.73484440 77.44126641
487.34952330 81.84493614
516.63392697 120.92750495
560.01007375 149.55135816
555.60640403 92.08346825
583.12933981 90.32200036
562.87245908 76.89080770
547.89998201 78.43209210
547.67979852 68.96420219
559.78989027 69.40456917
537.77154164 66.32200036
528.52383522 74.90915632
444.19355999 75.56970678
448.15686275 76.01007375
439.56970678 74.90915632
431.20273430 57.29447742
441.33117467 51.34952330
432.30365174 37.03759669
426.35869761 31.97337651
434.50548660 30.87245908
438.46878935 30.87245908
447.49631229 31.75319302
458.06511963 33.29447742
453.22108293 32.41374348
474.13851412 38.57888109
476.78071596 39.67979852
456.74401871 60.37704623
468.19355999 67.86328476
465.77154164 60.15686275
477.66144990 67.64310128
462.90915632 60.37704623
489.11099119 64.34034898
489.77154164 57.95502788
497.47796366 65.00089944
506.72567008 67.42291779
512.01007375 63.23943155
513.77154164 69.62475265
513.33117467 53.33117467
515.09264256 52.01007375
520.81741320 57.95502788
523.23943155 52.89080770
505.18438568 44.08346825
510.90915632 44.74401871
503.42291779 50.90915632
499.67979852 36.37704623
493.29447742 34.83576183
488.89080770 35.93667926
483.16603706 35.93667926
476.34034898 29.77154164
484.92750495 31.75319302
488.67062421 31.97337651
491.31282605 31.09264256
495.49631229 30.87245908
533.14768843 52.67062421
535.78989027 54.87245908
535.12933981 44.08346825
547.67979852 47.82658752
561.77154164 48.92750495
562.21190862 60.59722972
569.47796366 55.75319302
576.30365174 53.55135816
571.45961504 38.79906458
584.67062421 51.34952330
594.35869761 53.33117467
601.18438568 57.07429394
597.00089944 59.49631229
607.78989027 59.49631229
613.07429394 62.57888109
605.58805541 54.87245908
603.16603706 49.36787192
609.77154164 49.80823889
585.99172513 40.34034898
615.49631229 47.16603706
619.67979852 42.76236733
603.16603706 95.82658752
638.61557834 48.04677100
640.37704623 48.70732146
638.39539486 54.87245908
634.65227559 50.24860586
631.56970678 48.92750495
628.92750495 47.16603706
626.28530311 47.38622054
624.52383522 46.28530311
624.08346825 44.08346825
620.78071596 47.16603706
632.23025724 43.42291779
635.09264256 43.64310128
643.89998201 46.72567008
648.96420219 49.80823889
652.04677100 46.28530311
655.78989027 47.38622054
649.40456917 41.66144990
645.88163339 43.42291779
642.57888109 38.79906458
646.76236733 36.37704623
589.29447742 38.13851412
555.60640403 56.41374348
553.40456917 42.54218385
851.97337651 94.28530311
861.22108293 93.84493614
845.58805541 102.65227559
905.62475265 207.01924807
931.38622054 218.24860586
943.49631229 256.78071596
1020.12016550 280.56053247
459.09264256 75.56970678
452.92750495 65.66144990
