45.34770244 595.94312229
7.24083221 462.56907649
172.85915282 326.26373297
222.69121389 364.37060320
237.34770244 475.75991618
259.33243526 332.12632839
350.20266427 329.19503068
376.58434366 540.24846580
408.82861847 462.56907649
558.32480168 609.13396198
495.30190091 415.66831313
550.99655740 332.12632839
556.85915282 282.29426733
514.35533603 280.82861847
663.85151923 415.66831313
593.50037420 355.57671007
659.45457267 267.63777878
690.23319862 277.89732076
798.69121389 406.87442000
766.44693908 280.82861847
838.26373297 304.27900015
828.00419099 200.21793145
874.90495435 187.02709175
958.44693908 109.34770244
992.15686275 103.48510702
990.69121389 137.19503068
973.10342763 329.19503068
893.95838946 496.27900015
1011.21029786 553.43930549
612.18739710 154.41640473
586.53854213 141.22556504
520.58434366 136.09579404
544.76754977 183.72938183
1016.45117713 199.22040790
