851.27374586 452.10491469
919.84517443 304.98803158
550.80621339 302.49452508
579.48153807 287.53348612
104.46855106 460.83218742
14.70231729 399.74127833
98.23478482 414.70231729
0.98803158 467.06595365
60.83218742 368.57244716
104.46855106 331.16984976
134.39062898 364.83218742
130.65036924 318.70231729
129.40361599 282.54647313
183.01400560 261.35166794
191.74127833 236.41660300
230.39062898 204.00101859
267.79322638 197.76725236
305.19582378 271.32569391
328.88413547 256.36465495
351.32569391 196.52049911
433.61140820 196.52049911
422.39062898 204.00101859
466.02699262 156.62439521
488.46855106 169.09192768
525.87114846 184.05296664
517.14387573 149.14387573
557.03997963 175.32569391
585.71530430 156.62439521
572.00101859 225.19582378
601.92309651 169.09192768
663.01400560 177.81920041
689.19582378 112.98803158
852.52049911 114.23478482
878.70231729 110.49452508
867.48153807 88.05296664
988.41660300 59.37764197
1018.33868093 43.16984976
848.57244716 4.83218742
823.01400560 14.80621339
779.37764197 0.46855106
790.59842119 36.62439521
773.76725236 26.65036924
781.24777184 58.44257703
751.32569391 85.24777184
726.39062898 90.85816145
680.88413547 106.44257703
703.32569391 43.48153807
726.39062898 47.84517443
746.33868093 35.37764197
760.05296664 39.74127833
735.74127833 6.07894067
708.31270690 15.42959002
707.68933028 1.71530430
689.61140820 6.07894067
679.01400560 2.33868093
665.29971989 1.71530430
688.98803158 30.39062898
658.44257703 32.88413547
651.58543417 21.66335625
634.75426534 21.03997963
632.88413547 10.44257703
647.84517443 36.62439521
649.09192768 49.71530430
612.93608352 17.29971989
589.24777184 7.94907054
603.58543417 34.13088872
596.72829132 43.48153807
591.74127833 39.11790171
568.05296664 38.49452508
563.68933028 12.93608352
566.18283677 49.71530430
546.85816145 14.80621339
553.09192768 16.67634326
528.78023937 19.16984976
534.39062898 73.40361599
290.23478482 131.37764197
296.46855106 122.65036924
305.81920041 124.52049911
318.28673287 120.15686275
325.76725236 128.26075885
337.61140820 122.65036924
338.85816145 133.24777184
355.68933028 133.24777184
366.28673287 107.06595365
377.50751210 103.94907054
356.31270690 91.48153807
351.32569391 80.88413547
341.97504456 87.74127833
324.52049911 88.98803158
298.96205755 100.20881080
307.06595365 109.55946015
290.85816145 113.29971989
380.62439521 83.37764197
382.49452508 73.40361599
404.31270690 72.15686275
421.14387573 58.44257703
428.62439521 67.16984976
446.07894067 100.20881080
476.00101859 81.50751210
504.05296664 80.88413547
512.15686275 59.68933028
501.55946015 52.20881080
495.94907054 54.07894067
477.24777184 55.94907054
471.63738223 50.33868093
446.70231729 59.68933028
439.84517443 54.07894067
439.84517443 49.71530430
453.55946015 54.07894067
447.94907054 43.48153807
454.18283677 36.62439521
458.54647313 44.10491469
467.27374586 32.88413547
463.53348612 27.89712249
478.49452508 22.28673287
466.65036924 8.57244716
473.50751210 6.07894067
474.75426534 0.46855106
481.61140820 16.67634326
479.11790171 10.44257703
483.48153807 3.58543417
489.71530430 9.19582378
492.20881080 16.67634326
501.55946015 8.57244716
497.19582378 4.20881080
503.42959002 1.71530430
511.53348612 26.65036924
510.91010950 16.67634326
489.71530430 34.13088872
479.74127833 32.26075885
472.88413547 27.89712249
439.22179781 65.92309651
393.09192768 85.87114846
725.35166794 25.40361599
685.74883599 26.80569218
729.20034101 1.12007345
1022.87258181 91.12676241
