311.14945534 447.20871460
250.46797386 388.42352941
143.32723312 354.29019608
14.37908497 425.40130719
19.11982571 213.96427015
127.20871460 202.58649237
167.97908497 175.09019608
437.25315904 132.42352941
603.17908497 235.77167756
669.54945534 254.73464052
654.37908497 159.91982571
921.75686275 569.51982571
937.87538126 683.29760349
677.13464052 114.17167756
571.41612200 93.78649237
596.54204793 69.60871460
559.56427015 77.19389978
530.17167756 98.52723312
489.87538126 80.03834423
430.14204793 97.57908497
394.11241830 107.06056645
851.59389978 69.13464052
901.37167756 99.00130719
884.30501089 103.26797386
969.16427015 176.27538126
954.46797386 315.65315904
747.77167756 47.68278867
777.63834423 50.52723312
652.95686275 29.13464052
663.50501089 24.27538126
573.31241830 41.75686275
244.90411549 59.16984976
221.88713248 39.73328632
186.08293667 41.77924037
284.28873088 24.54847114
421.62339621 12.48053907
474.17884077 9.66735226
381.21580380 10.69032928
796.70760471 36.40765291
728.32654721 10.00442178
1011.36964996 18.95406554
1013.41560400 437.35166794
757.02642796 3.79565873
