932.31270690 723.89712249
889.92309651 425.92309651
855.01400560 292.52049911
936.05296664 213.97504456
974.70231729 207.74127833
997.14387573 147.89712249
932.31270690 119.22179781
963.48153807 116.72829132
237.87114846 283.79322638
285.24777184 318.70231729
320.15686275 331.16984976
338.85816145 353.61140820
357.55946015 293.76725236
368.78023937 373.55946015
394.96205755 382.28673287
432.36465495 397.24777184
453.55946015 339.89712249
459.79322638 423.42959002
548.31270690 453.35166794
558.28673287 353.61140820
522.13088872 306.23478482
664.26075885 344.88413547
614.39062898 293.76725236
648.05296664 257.61140820
629.35166794 221.45556404
599.42959002 221.45556404
690.44257703 556.83218742
752.78023937 258.85816145
782.70231729 256.36465495
817.61140820 216.46855106
858.75426534 212.72829132
818.85816145 170.33868093
666.75426534 208.98803158
651.79322638 200.26075885
707.89712249 192.78023937
739.06595365 195.27374586
817.61140820 94.28673287
778.96205755 108.00101859
87.01400560 252.62439521
85.76725236 265.09192768
98.23478482 270.07894067
111.94907054 287.53348612
128.15686275 296.26075885
144.36465495 309.97504456
288.98803158 201.50751210
250.33868093 200.26075885
286.49452508 186.54647313
350.07894067 177.81920041
365.03997963 165.35166794
391.22179781 162.85816145
461.03997963 166.59842119
418.65036924 108.00101859
397.45556404 117.97504456
375.01400560 121.71530430
365.03997963 127.94907054
147.68933028 201.19582378
168.88413547 189.97504456
179.48153807 175.63738223
152.67634326 182.49452508
137.09192768 182.49452508
128.98803158 175.63738223
140.83218742 170.02699262
163.27374586 161.29971989
167.01400560 148.20881080
184.46855106 143.84517443
196.93608352 137.61140820
206.91010950 158.80621339
255.53348612 159.42959002
267.37764197 144.46855106
248.05296664 140.10491469
226.23478482 119.53348612
217.50751210 87.74127833
176.98803158 106.44257703
155.79322638 110.80621339
54.80621339 175.01400560
79.74127833 167.53348612
93.45556404 173.76725236
90.33868093 144.46855106
51.06595365 152.57244716
46.70231729 116.41660300
315.37764197 108.93608352
332.20881080 122.02699262
122.75426534 133.24777184
99.06595365 128.88413547
130.23478482 93.35166794
116.52049911 107.06595365
112.78023937 97.71530430
108.41660300 103.32569391
104.05296664 102.07894067
100.31270690 108.31270690
95.94907054 97.71530430
92.20881080 88.98803158
117.76725236 88.98803158
62.91010950 105.19582378
58.54647313 103.94907054
67.27374586 98.33868093
72.26075885 99.58543417
72.26075885 90.23478482
76.00101859 79.01400560
44.62439521 106.59842119
36.20881080 106.59842119
31.22179781 104.41660300
45.87114846 99.42959002
35.27374586 94.44257703
33.09192768 99.42959002
61.14387573 91.63738223
56.15686275 83.84517443
52.41660300 84.15686275
79.84517443 100.05296664
82.65036924 86.33868093
74.54647313 86.96205755
60.52049911 85.09192768
62.39062898 78.54647313
39.63738223 82.91010950
33.40361599 76.36465495
47.11790171 72.93608352
40.88413547 76.36465495
43.37764197 87.89712249
334.80621339 157.40361599
324.20881080 148.05296664
320.15686275 130.91010950
297.09192768 133.40361599
291.48153807 117.50751210
272.78023937 114.07894067
256.57244716 90.70231729
258.44257703 81.03997963
263.42959002 79.79322638
243.16984976 75.42959002
230.70231729 75.42959002
262.18283677 43.94907054
272.15686275 42.70231729
278.70231729 41.45556404
283.06595365 41.45556404
285.24777184 77.61140820
303.63738223 75.11790171
305.19582378 88.52049911
296.15686275 91.63738223
323.89712249 102.54647313
331.06595365 98.80621339
363.79322638 105.97504456
404.31270690 82.91010950
396.83218742 65.76725236
399.01400560 56.41660300
408.67634326 60.78023937
490.96205755 119.68933028
498.75426534 119.06595365
497.81920041 105.35166794
475.37764197 102.23478482
464.78023937 102.54647313
469.45556404 95.06595365
502.18283677 89.14387573
509.35166794 89.76725236
516.20881080 97.24777184
524.00101859 97.87114846
556.10491469 104.41660300
560.46855106 108.78023937
575.42959002 105.97504456
576.98803158 115.63738223
599.11790171 111.58543417
597.24777184 100.05296664
620.31270690 96.31270690
616.57244716 102.85816145
609.09192768 68.88413547
612.52049911 62.33868093
607.22179781 56.72829132
631.22179781 54.85816145
642.44257703 47.68933028
644.00101859 61.09192768
650.54647313 48.00101859
648.05296664 35.84517443
649.92309651 23.68933028
659.58543417 35.84517443
667.68933028 37.40361599
673.29971989 30.54647313
677.35166794 24.93608352
674.85816145 19.94907054
680.78023937 27.74127833
686.39062898 24.31270690
698.54647313 18.39062898
706.02699262 22.75426534
709.14387573 18.70231729
758.07894067 119.68933028
775.53348612 91.32569391
875.06595365 69.19582378
887.84517443 75.42959002
842.33868093 61.09192768
832.36465495 64.52049911
833.61140820 33.97504456
829.87114846 33.97504456
828.00101859 41.76725236
836.72829132 30.54647313
862.91010950 35.84517443
856.36465495 47.68933028
870.07894067 47.06595365
869.45556404 53.29971989
877.24777184 39.27374586
913.71530430 66.70231729
915.89712249 53.92309651
909.03997963 57.66335625
502.80621339 68.57244716
498.13088872 72.31270690
513.09192768 67.63738223
516.83218742 62.02699262
516.83218742 62.02699262
608.78023937 49.87114846
643.06595365 28.36465495
179.17784177 73.52349611
59.87592629 116.91940455
71.43445472 112.85251492
79.99632763 114.77893632
42.75218047 69.18696308
