36.56053247 225.18438568
88.52383522 210.21190862
242.65227559 172.34034898
299.89998201 188.19355999
247.93667926 324.70732146
276.12016550 373.14768843
409.11099119 287.71649577
366.83576183 160.01007375
424.08346825 136.23025724
481.33117467 155.60640403
638.10181687 198.76236733
651.31282605 305.33117467
560.59722972 363.45961504
603.75319302 418.06511963
514.79906458 525.51466091
712.96420219 334.39539486
869.73484440 305.33117467
949.00089944 314.13851412
1013.29447742 398.68897284
921.69814715 548.41374348
978.06511963 626.79906458
1001.84493614 204.92750495
904.96420219 232.23025724
929.62475265 174.10181687
818.65227559 133.58805541
794.87245908 123.89998201
707.67979852 93.95502788
675.97337651 86.90915632
592.30365174 81.84493614
650.43209210 67.75319302
692.26695449 63.78989027
729.25778018 53.22108293
762.28530311 40.01007375
786.06511963 35.60640403
814.68897284 26.68897284
808.96420219 17.00089944
933.80823889 74.24860586
969.47796366 62.57888109
994.28530311 11.66144990
768.83576183 8.60640403
782.37704623 12.07429394
825.58805541 12.10181687
