578.23478482 755.06595365
523.37764197 624.15686275
403.68933028 571.79322638
224.15686275 475.79322638
3.06595365 315.89712249
1.81920041 282.23478482
42.96205755 277.87114846
63.53348612 321.50751210
86.59842119 245.45556404
134.59842119 250.44257703
153.92309651 289.71530430
171.37764197 290.96205755
183.84517443 246.07894067
216.26075885 241.09192768
236.83218742 243.58543417
257.40361599 237.97504456
264.26075885 291.58543417
256.78023937 310.28673287
343.42959002 311.53348612
350.28673287 304.05296664
371.48153807 294.07894067
374.59842119 262.91010950
434.44257703 322.75426534
479.32569391 314.02699262
471.84517443 235.48153807
435.68933028 241.09192768
364.62439521 208.67634326
349.03997963 210.54647313
324.72829132 218.02699262
324.10491469 206.18283677
312.26075885 201.81920041
296.05296664 228.00101859
124.00101859 127.16984976
150.49452508 128.10491469
155.79322638 134.33868093
147.37764197 138.07894067
165.14387573 160.20881080
197.55946015 124.36465495
206.91010950 133.71530430
210.33868093 131.53348612
225.29971989 134.33868093
228.10491469 127.16984976
229.35166794 126.54647313
240.26075885 129.66335625
244.62439521 150.54647313
253.03997963 156.46855106
261.76725236 152.10491469
275.16984976 157.09192768
292.93608352 154.28673287
263.32569391 129.66335625
266.44257703 128.10491469
256.78023937 129.35166794
250.23478482 127.16984976
284.20881080 129.97504456
299.48153807 142.44257703
302.91010950 177.97504456
303.84517443 182.96205755
307.58543417 193.24777184
358.07894067 182.96205755
384.26075885 167.06595365
368.05296664 194.18283677
383.63738223 203.22179781
417.61140820 181.71530430
452.52049911 166.75426534
464.98803158 168.93608352
472.15686275 180.15686275
480.88413547 171.11790171
458.75426534 163.63738223
486.80621339 182.96205755
492.10491469 159.27374586
494.28673287 170.18283677
499.27374586 159.58543417
499.89712249 175.79322638
504.88413547 173.92309651
515.16984976 167.06595365
518.28673287 167.06595365
516.41660300 159.58543417
520.46855106 183.27374586
524.83218742 183.27374586
536.36465495 179.53348612
542.91010950 188.88413547
547.89712249 178.59842119
556.00101859 174.85816145
551.01400560 167.06595365
551.01400560 159.58543417
569.40361599 164.88413547
650.44257703 119.06595365
651.68933028 104.72829132
648.57244716 163.63738223
643.58543417 171.11790171
632.36465495 167.06595365
613.35166794 178.59842119
600.57244716 177.97504456
646.70231729 183.27374586
654.80621339 177.97504456
647.94907054 173.61140820
662.28673287 185.14387573
656.05296664 246.54647313
625.19582378 248.10491469
572.20881080 230.33868093
579.37764197 219.42959002
566.59842119 209.14387573
683.16984976 119.06595365
699.37764197 101.61140820
715.58543417 104.72829132
719.32569391 104.72829132
733.03997963 168.00101859
705.29971989 170.18283677
683.79322638 182.02699262
768.88413547 121.24777184
769.19582378 106.91010950
760.15686275 108.46855106
781.35166794 126.54647313
883.58543417 99.42959002
885.45556404 94.75426534
889.81920041 88.52049911
883.58543417 90.39062898
906.02699262 95.06595365
912.88413547 97.24777184
915.06595365 97.24777184
925.97504456 98.49452508
903.53348612 128.72829132
835.89712249 112.52049911
851.79322638 145.24777184
926.59842119 132.15686275
877.35166794 151.79322638
841.81920041 151.79322638
818.44257703 157.09192768
791.01400560 158.96205755
784.46855106 157.71530430
776.67634326 153.03997963
767.32569391 151.79322638
793.19582378 170.80621339
942.91010950 95.37764197
960.36465495 103.16984976
971.89712249 98.80621339
968.46855106 106.91010950
973.14387573 115.01400560
981.24777184 115.01400560
1012.10491469 103.16984976
1017.09192768 124.67634326
1022.70231729 106.91010950
975.94907054 94.44257703
964.72829132 139.01400560
952.26075885 125.29971989
940.72829132 127.48153807
935.42959002 159.89712249
979.06595365 160.83218742
993.40361599 164.26075885
1017.50751210 239.22179781
760.67634326 234.85816145
786.85816145 298.44257703
835.48153807 312.15686275
878.49452508 342.70231729
592.36465495 324.62439521
557.45556404 337.71530430
536.26075885 317.14387573
138.85920388 439.80903666
791.27391960 222.97960522
938.21706341 95.51472228
949.77559184 96.79900321
886.41773231 121.73545806
819.68863532 100.49131091
878.17692963 97.65519050
855.16689619 115.20702997
