153.75686275 709.84575163
444.83834423 460.48278867
264.69019608 230.08278867
307.35686275 196.89760349
369.93464052 149.49019608
447.68278867 227.23834423
522.58649237 266.11241830
542.49760349 153.28278867
818.88278867 89.87538126
886.91241830 109.07538126
895.31241830 2.19389978
432.51241830 74.46797386
453.13464052 106.46797386
497.46056645 34.88278867
549.84575163 56.21612200
349.54945534 61.90501089
254.73464052 119.38649237
462.73464052 14.82352941
432.82167756 0.43371460
62.49760349 55.50501089
154.46797386 87.97908497
127.68278867 41.28278867
178.17167756 63.32723312
100.42352941 32.98649237
218.88278867 13.77167756
254.67538126 8.42352941
296.69019608 4.40871460
331.06056645 2.38649237
