762.48597667 539.09357161
825.67585009 471.04293869
976.35939439 350.73914123
989.72648300 661.82774882
722.38471085 181.82774882
758.84040705 151.44800199
733.32141971 105.27078680
497.57458426 142.94167287
523.09357161 108.91635642
604.51129312 114.99230578
653.11888806 105.27078680
640.96698933 37.22015388
588.71382477 21.42268553
674.99230578 10.48597667
695.65053363 12.91635642
715.09357161 50.58724249
668.91635642 40.86572350
783.14420452 53.01762224
763.70116654 18.99230578
837.82774882 91.90369819
926.53660958 168.46066021
740.61255895 280.25812857
983.65053363 49.37205262
1015.24547034 89.47331844
925.32141971 42.08091338
913.16952097 18.99230578
815.95433110 10.48597667
826.89103996 10.48597667
853.62521718 214.63787540
751.54926781 6.84040705
607.19365204 0.79900321
