771.00130719 622.61612200
943.56427015 464.27538126
853.49019608 310.67538126
888.57167756 294.55686275
828.83834423 195.94945534
832.63093682 146.64575163
795.65315904 144.74945534
903.74204793 171.29760349
650.58649237 166.55686275
499.83093682 277.49019608
479.91982571 229.13464052
435.35686275 161.81612200
556.71982571 463.32723312
485.60871460 419.71241830
403.11982571 367.56427015
308.30501089 347.65315904
295.03093682 314.46797386
243.83093682 304.03834423
218.23093682 289.81612200
169.87538126 271.80130719
148.06797386 249.04575163
120.57167756 232.92723312
97.81612200 233.87538126
72.21612200 223.44575163
58.94204793 208.27538126
29.54945534 134.31982571
624.03834423 91.41612200
677.13464052 93.31241830
707.00130719 70.08278867
717.43093682 66.29019608
722.17167756 52.66056645
767.68278867 59.29760349
997.13464052 164.30501089
991.44575163 136.09760349
910.85315904 46.49760349
359.03093682 122.70501089
350.02352941 110.85315904
436.77908497 80.98649237
469.96427015 66.76427015
301.43093682 38.20130719
306.88278867 36.77908497
388.89760349 56.21612200
412.12723312 43.41612200
335.59389978 7.07538126
342.76427015 4.20130719
102.08278867 122.70501089
65.57908497 100.42352941
39.97908497 113.69760349
116.06797386 66.40871460
95.91982571 60.71982571
7.14945534 60.06797386
23.11982571 12.29760349
1017.50751210 342.21480480
382.23878083 9.04397563
417.53148812 4.44057903
673.54816709 158.76555840
3.15351826 219.55485606
0.79900321 55.91606007
66.08328415 1.97626074
127.30067545 3.90268214
148.70535773 0.47793298
