104.45315904 578.05315904
29.54945534 382.73464052
82.64575163 359.97908497
180.30501089 426.34945534
228.66056645 474.70501089
263.74204793 425.40130719
260.89760349 403.59389978
402.17167756 476.60130719
426.82352941 367.56427015
409.75686275 339.11982571
391.74204793 310.67538126
350.97167756 376.09760349
281.75686275 370.40871460
290.29019608 343.86056645
318.73464052 347.65315904
617.40130719 392.21612200
627.83093682 363.77167756
758.67538126 397.90501089
781.43093682 394.11241830
768.15686275 300.24575163
735.91982571 284.12723312
671.44575163 300.24575163
612.66056645 324.89760349
592.74945534 331.53464052
521.63834423 309.72723312
551.03093682 274.64575163
579.47538126 272.74945534
557.66797386 296.45315904
559.56427015 222.49760349
479.91982571 228.18649237
477.07538126 216.80871460
441.04575163 250.94204793
222.02352941 287.91982571
180.30501089 309.72723312
151.86056645 308.77908497
126.26056645 301.19389978
141.43093682 306.88278867
687.56427015 225.34204793
698.94204793 201.63834423
729.28278867 217.75686275
735.91982571 200.69019608
799.44575163 203.53464052
844.95686275 217.75686275
825.04575163 259.47538126
825.04575163 244.30501089
823.14945534 297.40130719
906.58649237 309.72723312
763.41612200 287.91982571
933.13464052 283.17908497
921.75686275 266.11241830
923.65315904 172.24575163
702.26056645 175.80130719
697.99389978 167.74204793
717.90501089 166.31982571
831.20871460 157.31241830
828.36427015 119.86056645
854.91241830 123.17908497
870.08278867 121.28278867
864.39389978 116.06797386
852.06797386 117.96427015
874.34945534 171.53464052
888.09760349 167.26797386
834.05315904 206.61612200
975.32723312 268.71982571
976.27538126 351.20871460
989.07538126 335.56427015
115.83093682 299.06056645
144.74945534 279.62352941
149.49019608 287.20871460
152.33464052 270.61612200
170.34945534 259.23834423
179.35686275 254.97167756
188.36427015 267.77167756
190.73464052 255.44575163
211.59389978 262.55686275
195.00130719 252.60130719
206.85315904 247.38649237
219.17908497 245.49019608
215.38649237 237.90501089
228.66056645 229.37167756
233.87538126 243.59389978
225.34204793 255.91982571
240.03834423 249.75686275
247.14945534 244.54204793
243.83093682 235.06056645
252.83834423 235.53464052
255.20871460 236.00871460
270.37908497 241.69760349
288.86797386 241.22352941
295.50501089 232.69019608
289.34204793 229.37167756
300.24575163 222.26056645
304.03834423 228.42352941
300.24575163 231.26797386
309.25315904 224.63093682
315.89019608 227.00130719
323.00130719 222.73464052
339.11982571 230.31982571
346.70501089 244.06797386
363.29760349 228.42352941
363.29760349 223.20871460
397.90501089 223.20871460
404.06797386 225.57908497
110.85315904 278.55686275
106.58649237 264.33464052
94.97167756 268.12723312
96.86797386 262.67538126
114.64575163 249.40130719
114.88278867 244.89760349
121.28278867 247.74204793
124.12723312 244.18649237
130.05315904 247.50501089
135.74204793 238.26056645
143.56427015 235.65315904
150.43834423 238.02352941
166.31982571 227.11982571
161.81612200 225.22352941
171.77167756 237.78649237
182.43834423 243.71241830
89.04575163 250.82352941
93.78649237 256.27538126
96.63093682 251.29760349
81.93464052 263.86056645
81.22352941 256.27538126
71.26797386 262.91241830
71.26797386 281.40130719
56.80871460 257.22352941
63.44575163 250.34945534
65.34204793 253.43093682
68.89760349 257.22352941
63.20871460 243.00130719
68.66056645 243.47538126
53.96427015 248.45315904
43.06056645 257.93464052
35.23834423 258.64575163
53.25315904 272.63093682
54.91241830 265.99389978
46.37908497 281.16427015
26.94204793 288.03834423
28.83834423 280.21612200
32.39389978 274.76427015
19.83093682 273.10501089
22.91241830 257.69760349
15.56427015 258.88278867
26.70501089 254.85315904
30.49760349 249.63834423
21.96427015 263.86056645
25.99389978 265.75686275
20.06797386 267.41612200
15.09019608 266.23093682
16.27538126 291.59389978
39.74204793 277.60871460
3.71241830 279.26797386
5.84575163 266.23093682
8.69019608 256.51241830
13.66797386 247.97908497
18.17167756 255.32723312
6.55686275 250.82352941
57.04575163 246.79389978
45.19389978 254.61612200
69.13464052 275.47538126
81.46056645 272.15686275
1016.48453507 516.12089871
1021.59942019 485.43158802
5.52749212 280.32469491
124.73211358 231.54147813
746.11004000 80.74549151
800.69197980 69.40100990
