56.64512566 635.34935101
89.09582988 437.03949185
453.26484397 445.45263739
358.31648716 566.84230875
579.46202706 550.01601767
961.65921016 373.33996134
940.02540735 338.48550124
1010.93620547 321.65921016
610.71085336 202.67329467
419.61226181 209.88456228
323.46202706 233.92212096
275.38690969 209.88456228
3.76249655 122.44794256
24.19442143 136.87047777
39.21789561 168.72024303
18.78597073 200.57000829
164.81413974 96.00662800
190.65451533 100.21320077
185.84700359 118.24136979
153.39629936 156.70146368
254.95498481 120.04418669
283.80005523 88.19442143
306.63573598 95.40568904
342.09113505 64.15686275
318.05357636 133.86578293
346.89864678 135.06766087
323.46202706 166.91742613
401.58409279 154.89864678
453.86578293 134.46672190
412.40099420 118.24136979
387.16155758 117.03949185
385.95967965 58.74841204
406.99254350 58.74841204
399.18033692 83.98784866
387.76249655 88.79536040
437.64043082 26.29770782
455.66859983 23.29301298
458.67329467 46.12869373
467.08644021 48.53244960
450.86108810 46.72963270
461.07705054 34.10991439
475.49958575 68.36343552
501.33996134 71.36813035
486.31648716 95.40568904
458.67329467 97.80944490
518.76719138 65.35874068
524.17564209 76.77658105
528.38221486 86.99254350
562.63573598 85.18972659
557.82822425 75.57470312
568.04418669 63.55592378
607.70615852 87.59348246
617.92212096 77.97845899
645.56531345 80.98315382
648.57000829 57.54653411
732.10052472 91.19911627
754.93620547 83.38690969
521.17094725 23.44324772
531.68737918 22.54183927
534.09113505 36.96437448
547.61226181 32.75780171
541.30240265 10.82352941
551.81883458 12.92681580
568.34465617 24.34465617
576.15686275 23.74371721
585.77188622 35.76249655
593.88456228 32.75780171
609.20850594 33.05827120
622.42916321 48.08174537
614.91742613 45.37752002
626.93620547 44.47611157
661.18972659 32.75780171
663.29301298 24.64512566
649.77188622 28.55122894
644.06296603 27.95028998
627.23667495 26.44794256
625.13338857 20.13808340
612.21320077 20.13808340
602.59817730 17.13338857
604.70146368 9.62165148
586.37282519 12.62634631
576.45733223 7.51836509
566.54183927 9.02071251
615.51836509 10.52305993
626.63573598 11.12399890
641.65921016 8.41977354
657.28362331 14.12869373
663.29301298 10.52305993
668.70146368 16.83291908
673.80944490 27.34935101
673.50897542 36.06296603
684.92681580 29.45263739
698.74841204 30.05357636
712.87047777 34.26014913
706.56061861 21.33996134
699.64982049 15.93151063
684.62634631 14.72963270
674.71085336 9.62165148
678.91742613 9.02071251
697.24606462 6.31648716
690.93620547 6.91742613
703.55592378 7.81883458
714.97376415 14.72963270
717.97845899 8.72024303
726.69207401 8.41977354
729.99723833 15.33057167
731.80005523 10.82352941
738.41038387 17.43385805
742.01601767 12.62634631
723.68737918 24.34465617
722.78597073 14.72963270
729.99723833 35.76249655
740.51367026 30.65451533
746.52305993 28.85169843
754.03479702 29.45263739
765.15216791 31.55592378
763.64982049 26.44794256
760.94559514 22.54183927
753.73432753 7.81883458
743.21789561 7.51836509
778.97376415 18.93620547
782.87986744 27.64982049
790.99254350 33.65921016
795.49958575 30.05357636
791.89395195 19.53714444
783.48080641 14.12869373
778.97376415 9.62165148
774.46672190 5.71554819
787.08644021 9.62165148
803.61226181 8.72024303
806.91742613 12.02540735
818.63573598 16.83291908
819.23667495 35.76249655
656.08174537 4.43855289
663.29301298 3.38690969
692.28831814 13.90334162
718.12869373 4.58878763
729.24606462 5.49019608
635.34935101 3.98784866
646.01601767 4.28831814
641.80944490 3.98784866
614.76719138 3.53714444
608.30709749 3.98784866
568.11930406 3.64982049
591.93151063 4.10052472
583.14277824 1.99723833
595.91273129 1.84700359
737.35874068 5.03949185
747.42446838 5.94090030
797.60287213 6.99254350
761.99723833 10.59817730
760.34465617 3.83761392
166.01601767 669.00193317
745.78896977 19.58161191
