104.10989601 511.90637351
170.23905453 492.36821304
225.84766509 420.22731284
239.37408388 372.13337938
170.23905453 357.10402517
143.18621695 436.75960247
120.64218564 330.05118760
18.44257703 480.34472967
300.99443613 489.36234220
389.66762595 327.04531676
514.41126588 245.88680404
741.35451441 507.39756725
1004.36821304 396.18034611
972.80656920 396.18034611
1004.36821304 203.80461226
995.35060051 146.69306627
1014.88876098 61.02574729
1016.39169640 21.94942635
959.28015042 21.94942635
921.70676490 36.97878055
827.02183339 41.48758682
828.52476881 164.72829132
825.51889797 206.81048310
747.36625609 172.24296842
756.38386862 85.07271402
742.85744983 17.44062008
696.26645179 86.57564944
699.27232263 15.93768466
657.19013085 53.51107018
655.68719543 20.44649093
582.04335981 59.52281186
586.55216607 121.14316411
604.58739112 106.11380991
654.18426001 196.28993515
454.29384905 146.69306627
458.80265531 121.14316411
431.74981774 103.10793907
485.85549288 59.52281186
446.77917194 65.53455355
461.80852615 53.51107018
512.90833046 64.03161813
530.94355550 89.58152028
562.50519934 41.48758682
532.44649093 21.94942635
476.83788036 17.44062008
454.29384905 11.42887840
428.74394689 26.45823261
404.69698016 58.01987644
406.19991558 30.96703887
365.62065922 11.42887840
347.58543417 36.97878055
319.02966118 15.93768466
227.35060051 5.41713672
225.84766509 82.06684318
294.98269445 80.56390775
310.01204866 182.76351637
284.46214650 259.41322282
198.79482752 209.81635394
198.79482752 272.93964161
110.12163770 248.89267488
7.92202909 202.30167684
18.44257703 262.41909366
13.93377077 175.24883926
40.98660834 113.62848701
24.45431871 101.60500365
54.51302713 116.63435785
116.13337938 95.59326196
149.19795864 122.64609954
182.26253789 157.21361421
243.88289014 137.67545374
174.74786079 59.52281186
189.77721500 85.07271402
379.14707801 49.00226392
208.58843118 14.41460500
242.34667293 39.47754207
244.39262698 58.91410550
184.03698263 70.16685276
103.22179781 98.29872089
430.06295665 5.20781180
502.18283677 75.79322638
359.47754207 52.77624336
360.50051909 39.47754207
329.81120840 35.89712249
793.47554406 692.58443517
105.03980589 165.18696308
209.92274903 128.37090957
273.70870221 89.94950489
260.00970555 64.26388616
225.33412027 33.65519050
249.94950489 16.31739786
257.44114368 1.97626074
300.46455505 44.78562529
318.01639452 103.00636107
772.00970555 228.54482261
694.73880254 52.27726408
783.99632763 47.35418716
599.48796642 13.64181258
629.45452161 23.38094301
669.90937111 29.37425405
957.37425405 304.53144468
423.11338448 244.59833432
484.75886943 503.16689619
291.68863532 196.65184602
393.57492295 19.31405338
