142.08052687 187.02709175
18.96602305 459.63777878
60.00419099 675.08816046
202.17212992 134.26373297
253.46983984 74.17212992
282.78281694 78.56907649
339.94312229 19.94312229
315.02709175 126.93548870
342.87442000 261.77518336
367.79045053 96.15686275
424.95075587 104.95075587
530.47747343 75.63777878
539.27136656 2.35533603
577.37823679 43.39350397
550.99655740 103.48510702
624.27900015 50.72174824
641.86678641 295.48510702
726.87442000 365.83625206
776.70648107 285.22556504
855.85151923 257.37823679
899.82098488 175.30190091
828.00419099 575.42403832
921.80571771 529.98892381
932.06525969 81.50037420
918.87442000 58.04999252
854.38587038 17.01182458
829.46983984 3.82098488
1002.41640473 33.13396198
1018.53854213 66.84388565
455.72938183 743.97365664
