793.92309651 296.26075885
817.61140820 293.76725236
853.76725236 213.97504456
822.59842119 212.72829132
828.83218742 175.32569391
828.83218742 154.13088872
815.11790171 151.63738223
840.05296664 151.63738223
856.26075885 151.63738223
734.07894067 206.49452508
710.39062898 196.52049911
737.81920041 182.80621339
669.24777184 187.79322638
579.48153807 204.00101859
558.28673287 200.26075885
431.11790171 221.45556404
370.02699262 231.42959002
298.96205755 265.09192768
251.58543417 258.85816145
244.10491469 282.54647313
148.10491469 233.92309651
128.15686275 208.98803158
119.42959002 197.76725236
272.78023937 210.23478482
300.20881080 218.96205755
325.14387573 206.49452508
376.26075885 205.24777184
317.66335625 186.85816145
307.06595365 186.85816145
356.93608352 196.83218742
371.89712249 195.58543417
395.58543417 156.93608352
392.46855106 140.72829132
342.59842119 151.94907054
556.41660300 193.09192768
543.94907054 171.27374586
515.27374586 163.16984976
540.83218742 146.96205755
567.63738223 133.87114846
9.92309651 98.96205755
21.76725236 97.71530430
24.88413547 102.07894067
28.62439521 105.19582378
9.29971989 108.31270690
46.07894067 115.16984976
43.58543417 131.37764197
54.18283677 128.88413547
31.74127833 141.35166794
20.52049911 172.52049911
73.50751210 128.26075885
79.74127833 125.76725236
79.74127833 132.62439521
83.48153807 135.11790171
109.03997963 125.76725236
119.63738223 126.39062898
131.48153807 130.13088872
153.92309651 133.24777184
164.52049911 119.53348612
156.41660300 127.01400560
150.18283677 103.94907054
173.24777184 119.53348612
161.40361599 113.29971989
137.71530430 95.84517443
146.44257703 93.97504456
153.92309651 95.84517443
159.53348612 93.97504456
168.88413547 97.71530430
185.71530430 98.33868093
179.48153807 100.83218742
203.79322638 115.16984976
186.33868093 123.89712249
205.66335625 128.26075885
211.27374586 117.66335625
221.24777184 129.50751210
212.52049911 145.71530430
214.39062898 151.32569391
235.58543417 115.79322638
242.44257703 115.79322638
249.92309651 143.84517443
269.87114846 152.57244716
277.35166794 148.20881080
287.94907054 139.48153807
299.79322638 133.24777184
304.78023937 137.61140820
328.46855106 128.26075885
322.23478482 128.26075885
321.61140820 111.42959002
342.80621339 139.48153807
357.14387573 141.35166794
363.37764197 135.11790171
374.59842119 136.98803158
393.92309651 129.50751210
406.39062898 135.74127833
400.15686275 108.93608352
407.63738223 109.55946015
415.74127833 102.07894067
390.18283677 100.20881080
392.67634326 93.35166794
382.70231729 97.71530430
368.98803158 99.58543417
365.87114846 124.52049911
354.65036924 107.06595365
355.27374586 100.83218742
349.66335625 97.71530430
339.06595365 102.07894067
340.31270690 98.33868093
329.09192768 99.58543417
399.01400560 121.24777184
400.57244716 103.16984976
394.02699262 75.42959002
386.85816145 79.79322638
383.74127833 81.97504456
372.20881080 78.54647313
366.28673287 77.92309651
374.07894067 76.36465495
360.05296664 86.96205755
362.23478482 82.91010950
359.42959002 78.85816145
355.37764197 85.09192768
344.78023937 88.52049911
355.06595365 81.66335625
370.33868093 77.61140820
378.13088872 78.54647313
411.16984976 75.11790171
461.35166794 87.27374586
468.52049911 85.71530430
456.98803158 98.18283677
470.39062898 92.88413547
457.61140820 91.32569391
485.66335625 89.14387573
485.66335625 97.24777184
482.23478482 99.42959002
499.68933028 81.97504456
509.35166794 87.89712249
514.96205755 81.97504456
520.88413547 81.66335625
516.52049911 73.24777184
523.37764197 86.33868093
519.94907054 88.52049911
528.05296664 90.70231729
523.37764197 100.67634326
508.41660300 101.61140820
506.54647313 109.09192768
523.06595365 115.32569391
520.88413547 120.31270690
514.65036924 90.70231729
543.01400560 102.23478482
553.92309651 102.85816145
551.11790171 86.65036924
535.22179781 88.20881080
552.98803158 83.53348612
561.40361599 83.53348612
566.70231729 78.54647313
573.24777184 81.35166794
581.03997963 82.28673287
598.49452508 81.35166794
604.72829132 78.23478482
621.55946015 72.93608352
627.79322638 66.39062898
629.35166794 64.83218742
630.28673287 75.74127833
636.20881080 79.16984976
645.24777184 72.62439521
648.98803158 71.68933028
629.03997963 91.63738223
620.93608352 90.07894067
635.58543417 132.78023937
677.03997963 137.14387573
696.05296664 133.71530430
680.78023937 87.27374586
674.85816145 86.02699262
679.22179781 76.98803158
666.44257703 73.55946015
671.74127833 73.87114846
663.32569391 75.11790171
663.94907054 64.83218742
666.13088872 62.02699262
672.67634326 66.07894067
680.78023937 65.45556404
682.33868093 61.09192768
687.63738223 69.50751210
690.75426534 64.83218742
700.10491469 71.37764197
703.22179781 69.81920041
697.61140820 89.14387573
706.65036924 100.67634326
820.72829132 125.14387573
842.54647313 121.40361599
775.22179781 122.02699262
775.22179781 113.29971989
769.61140820 106.44257703
765.87114846 100.83218742
747.79322638 122.02699262
711.63738223 115.16984976
717.24777184 95.22179781
724.72829132 80.26075885
713.50751210 82.75426534
707.89712249 74.65036924
716.00101859 69.66335625
720.98803158 65.29971989
733.45556404 64.05296664
730.96205755 70.28673287
739.06595365 62.80621339
767.74127833 80.88413547
777.09192768 82.75426534
777.71530430 77.76725236
790.18283677 69.66335625
800.15686275 83.37764197
779.58543417 93.35166794
813.87114846 93.97504456
833.81920041 95.84517443
837.55946015 91.48153807
834.44257703 82.75426534
853.14387573 87.74127833
868.10491469 83.37764197
853.76725236 72.78023937
843.79322638 68.41660300
830.70231729 67.16984976
819.48153807 65.92309651
879.32569391 65.29971989
869.97504456 64.67634326
928.57244716 80.26075885
892.41660300 77.76725236
923.58543417 67.16984976
936.05296664 69.66335625
934.80621339 75.89712249
940.41660300 59.68933028
941.03997963 86.49452508
946.65036924 80.88413547
942.91010950 96.46855106
920.46855106 112.67634326
915.48153807 58.44257703
684.52049911 69.81920041
705.71530430 87.58543417
696.05296664 43.01400560
702.28673287 41.14387573
705.71530430 42.39062898
706.02699262 39.58543417
689.81920041 42.39062898
692.00101859 41.76725236
686.39062898 43.01400560
710.07894067 40.83218742
1021.87114846 113.29971989
1023.11790171 92.10491469
1021.87114846 58.44257703
1021.87114846 51.58543417
1016.26075885 54.07894067
1005.66335625 75.89712249
1007.53348612 70.28673287
1006.28673287 54.70231729
985.09192768 81.50751210
986.96205755 77.14387573
976.98803158 70.28673287
957.66335625 45.35166794
963.89712249 38.49452508
976.36465495 40.98803158
986.33868093 42.85816145
942.70231729 45.97504456
938.96205755 39.11790171
935.22179781 47.22179781
930.23478482 44.10491469
920.26075885 59.06595365
928.98803158 62.80621339
932.31270690 63.58543417
926.07894067 60.78023937
923.89712249 44.88413547
810.13088872 74.18283677
807.63738223 59.84517443
811.06595365 56.72829132
818.23478482 57.66335625
821.35166794 50.18283677
826.65036924 54.85816145
852.83218742 31.48153807
861.24777184 35.84517443
813.87114846 32.10491469
817.92309651 31.48153807
953.19582378 33.66335625
956.62439521 31.79322638
988.41660300 31.48153807
968.46855106 54.23478482
972.52049911 57.66335625
814.91010950 183.74127833
575.74127833 106.44257703
572.00101859 95.84517443
583.84517443 98.96205755
587.58543417 74.02699262
317.66335625 262.59842119
712.40461499 64.54047913
698.08293667 65.05196764
811.92943800 32.53144468
812.99967211 44.83913699
814.28395305 58.32408683
887.70201325 75.50134435
969.03980589 40.93278248
980.27726408 38.68529084
982.73880254 36.33077579
977.17358515 53.72208014
855.27391960 60.78562529
978.67191291 78.23044134
960.15686275 57.57492295
956.19699652 58.32408683
934.68529084 58.85920388
