489.71530430 732.62439521
323.89712249 692.72829132
599.42959002 602.96205755
557.03997963 505.71530430
527.11790171 444.62439521
677.97504456 376.05296664
696.67634326 322.44257703
261.55946015 462.07894067
123.16984976 425.92309651
53.35166794 428.41660300
22.18283677 419.68933028
14.70231729 339.89712249
72.05296664 391.01400560
72.05296664 362.33868093
123.16984976 364.83218742
145.61140820 382.28673287
51.34256016 122.34475278
62.81835709 126.17001842
83.03761835 125.07708538
45.33142844 140.37814795
30.57683239 153.49334445
39.86676323 167.15500746
55.71429233 193.38540044
16.36870285 213.05819518
18.55456894 249.12498553
21.28690154 289.56350805
44.23849540 292.84230717
88.50228356 257.86844986
81.94468531 283.55237632
110.90741090 241.47445424
146.97420125 314.15450147
114.73267654 367.70822048
197.79558766 331.64143013
201.62085330 308.68983627
179.76219248 273.16951243
171.56519467 256.77551682
158.44999818 227.81279123
101.61748005 143.11048056
121.83674131 140.37814795
133.31253824 126.71648494
154.07826602 108.68308976
150.79946689 129.99528406
183.58745812 123.98415234
198.34205418 170.43380658
176.48339336 172.61967266
190.69152289 195.57126652
200.52792026 215.24406126
199.43498722 202.67533129
205.99258546 251.85731813
211.45725067 273.16951243
241.51290930 272.07657939
254.62810579 284.64530936
250.80284014 310.32923583
245.88464146 358.41828963
280.31203225 359.51122267
236.04824409 109.22955629
215.28251631 122.34475278
231.13004541 131.63468363
249.16344058 137.64581535
261.73217055 153.49334445
244.24524190 195.02480000
261.18570403 203.22179781
268.83623532 246.93911945
289.60196310 224.53399211
360.09614424 377.54461785
392.33766895 368.80115352
400.53466676 304.86457062
383.59420462 285.73824240
403.81346588 257.86844986
356.27087860 220.16225995
362.82847685 207.59352997
421.84686106 198.85006565
316.37882260 189.56013480
305.44949219 180.27020395
344.24861515 173.16613918
358.45674468 162.23680877
411.46399717 160.59740921
422.93979410 115.24068801
416.92866237 117.42655409
434.41559103 104.85782412
389.60533635 133.82054971
372.66487421 115.24068801
348.07388079 112.50835541
330.04048562 141.47108099
319.65762173 129.99528406
312.00709044 132.18115015
304.90302567 102.12549152
201.93186696 42.26210815
213.72947195 32.90538695
184.03205249 65.45050417
220.64530936 41.44848022
239.76556573 36.56671264
261.73351985 29.65087523
288.17642760 20.29415403
339.84180118 2.39433955
295.09226501 25.58273557
284.92191587 42.26210815
265.80165951 36.56671264
244.64733331 44.29617798
275.15838071 61.78917848
286.54917173 66.67094606
318.68747499 93.92748174
336.58728946 75.62085330
336.18047550 59.34829469
352.85984807 55.28015504
374.42098823 58.12785279
373.60736030 67.07776003
391.10036081 69.51864382
424.05229199 97.99562139
435.84989698 81.72306278
424.05229199 54.46652711
411.84787303 52.43245728
402.89796580 8.49654903
405.74566355 5.24203731
423.23866406 4.02159542
422.83185010 16.63282834
442.76573439 8.08973507
454.15652542 34.12582884
461.88599076 28.83724730
475.71766558 26.80317747
487.10845661 30.05768919
481.81987506 47.14387573
472.86996782 59.34829469
445.61343215 51.21201538
475.71766558 137.04976205
489.54934040 133.38843637
468.80182817 189.12194961
451.30882766 197.66504288
487.92208454 189.52876357
457.00422318 244.44864888
525.96020226 195.91938594
511.53348612 188.30528575
514.33868093 167.06595365
507.92680709 17.98988686
500.31270690 30.41289243
507.12532286 40.43144531
531.16984976 15.18469206
547.60027647 19.59285532
561.62625050 13.58172360
542.39062898 29.21066608
525.15871803 48.84702972
548.80250282 42.43515588
588.87671432 20.79508167
590.07894067 29.21066608
598.89526720 42.03441377
600.49823566 74.09378297
542.79137109 95.33311506
561.62625050 113.76725236
587.67448798 140.21623195
586.87300375 217.15871803
667.02142675 148.23107425
663.01400560 188.30528575
697.87856961 145.42587944
622.93979410 3.16242861
630.95463640 11.57801302
539.58543417 12.37949725
640.97318928 44.83960857
633.75983121 40.43144531
660.20881080 52.45370876
661.81177926 9.57430245
679.44443232 8.77281822
682.24962712 13.58172360
698.27931172 18.39062898
699.08079595 2.36094438
716.31270690 24.80250282
726.33125978 37.62625050
766.80621339 32.41660300
734.74684419 8.77281822
805.55254498 3.65956135
844.89054465 3.12068464
869.13999649 14.43709550
999.54815976 38.14767064
999.00928305 66.70813615
960.74903680 41.91980759
959.13240668 84.49106750
954.82139302 109.27939606
965.59892717 136.22323144
988.77062561 108.74051935
846.50717477 100.65736873
792.08062729 58.08610882
510.91010950 247.63738223
488.46855106 270.07894067
473.50751210 278.80621339
459.79322638 332.41660300
457.29971989 318.70231729
452.31270690 362.33868093
988.86415545 7.18982978
547.26054167 251.66187947
579.79565873 88.55820054
831.94281592 3.36756509
