28.41660300 652.83218742
24.67634326 561.81920041
30.91010950 218.96205755
291.48153807 373.55946015
256.57244716 195.27374586
269.03997963 165.35166794
194.23478482 146.65036924
246.59842119 110.49452508
247.84517443 100.52049911
416.15686275 206.49452508
473.50751210 243.89712249
604.41660300 273.81920041
606.91010950 199.01400560
745.29971989 362.33868093
773.97504456 217.71530430
776.46855106 142.91010950
755.27374586 121.71530430
818.85816145 149.14387573
793.92309651 121.71530430
878.70231729 353.61140820
914.85816145 536.88413547
801.40361599 574.28673287
4.93608352 167.53348612
36.10491469 150.70231729
11.79322638 45.97504456
57.29971989 45.97504456
64.78023937 60.31270690
82.85816145 55.32569391
72.26075885 52.83218742
97.19582378 58.44257703
119.01400560 42.85816145
129.61140820 38.49452508
141.45556404 1.71530430
150.18283677 93.97504456
137.71530430 106.44257703
105.29971989 130.13088872
82.85816145 137.61140820
182.59842119 79.01400560
209.40361599 77.76725236
231.22179781 71.53348612
218.13088872 60.31270690
284.83218742 44.10491469
224.98803158 82.13088872
160.78023937 3.58543417
105.92309651 63.58543417
178.85816145 23.68933028
187.58543417 18.70231729
192.88413547 19.32569391
194.13088872 30.54647313
208.78023937 11.22179781
219.37764197 12.15686275
228.10491469 32.72829132
228.72829132 51.11790171
254.28673287 71.06595365
262.39062898 1.87114846
241.50751210 1.87114846
284.83218742 4.67634326
312.88413547 20.88413547
309.14387573 9.97504456
198.49452508 14.02699262
353.40361599 58.44257703
337.19582378 3.58543417
378.33868093 15.42959002
401.40361599 60.93608352
416.36465495 9.19582378
443.16984976 1.71530430
477.45556404 17.29971989
467.48153807 72.15686275
466.85816145 47.22179781
506.13088872 49.71530430
507.37764197 21.66335625
557.66335625 39.11790171
533.97504456 6.70231729
623.74127833 2.33868093
644.93608352 6.07894067
677.35166794 68.41660300
693.55946015 12.31270690
674.23478482 3.58543417
710.39062898 6.07894067
744.67634326 25.40361599
763.37764197 15.42959002
775.22179781 15.42959002
800.15686275 28.52049911
808.26075885 52.83218742
832.57244716 44.10491469
881.81920041 98.33868093
897.19582378 59.06595365
924.62439521 22.28673287
948.31270690 12.31270690
990.07894067 34.75426534
971.37764197 24.15686275
1000.05296664 4.20881080
975.11790171 2.33868093
1020.62439521 4.83218742
1021.87114846 27.89712249
1020.62439521 90.23478482
1018.13088872 63.42959002
884.38428749 1.12007345
837.93612696 12.03646141
