161.24954567 641.40564323
208.70320421 507.78613104
634.53735055 670.12759445
720.70320421 713.83491153
814.36174079 507.78613104
738.18613104 392.89832616
966.71296031 442.84954567
971.70808226 376.66417982
1012.91783835 341.69832616
870.55686275 305.48369201
823.10320421 275.51296031
798.12759445 253.03491153
675.74710665 266.77149689
648.27393592 264.27393592
619.55198470 226.81052128
560.85930177 185.60076518
503.41539933 184.35198470
475.94222860 195.59100909
510.90808226 229.30808226
520.89832616 221.81539933
518.40076518 260.52759445
528.39100909 302.98613104
419.74710665 230.55686275
322.34222860 238.04954567
309.85442372 314.22515543
316.09832616 344.19588714
282.38125299 269.26905787
269.89344811 188.09832616
243.66905787 171.86417982
261.15198470 150.63491153
289.87393592 164.37149689
362.30320421 168.11783835
427.23978957 154.38125299
408.50808226 149.38613104
140.02027738 206.83003348
125.03491153 218.06905787
111.29832616 224.31296031
10.14710665 213.07393592
18.88857006 258.03003348
2.65442372 276.76174079
11.39588714 129.09344811
22.01052128 131.59100909
32.00076518 144.07881396
41.36661884 117.85442372
55.10320421 119.10320421
65.71783835 119.10320421
80.70320421 116.60564323
86.94710665 113.48369201
96.31296031 117.85442372
123.78613104 104.11783835
89.44466762 142.83003348
76.95686275 140.33247250
213.69832616 115.35686275
214.94710665 91.00564323
212.44954567 84.76174079
209.32759445 79.76661884
225.56174079 82.26417982
228.05930177 94.12759445
235.55198470 95.37637494
244.91783835 85.38613104
260.52759445 100.99588714
260.52759445 80.39100909
259.27881396 71.02515543
267.39588714 74.77149689
273.01539933 79.76661884
283.00564323 89.75686275
289.24954567 78.51783835
309.23003348 102.24466762
322.96661884 96.62515543
299.86417982 68.68369201
309.54222860 72.43003348
311.72759445 79.92271640
317.03491153 87.72759445
304.85930177 96.78125299
317.97149689 72.43003348
326.08857006 68.05930177
336.70320421 77.73735055
339.20076518 84.29344811
339.20076518 94.90808226
353.24954567 74.30320421
343.88369201 64.00076518
352.93735055 61.81539933
364.17637494 70.24466762
370.73247250 70.24466762
375.10320421 68.68369201
380.72271640 70.24466762
384.78125299 66.18613104
388.52759445 70.24466762
398.83003348 89.91296031
371.66905787 114.26417982
401.32759445 114.26417982
422.86905787 59.63003348
439.72759445 63.37637494
444.41052128 48.39100909
451.27881396 56.82027738
456.58613104 51.20076518
465.63978957 46.20564323
465.95198470 49.01539933
477.19100909 47.14222860
479.37637494 65.24954567
489.05442372 47.14222860
493.11296031 33.40564323
498.42027738 34.34222860
511.22027738 44.33247250
514.96661884 39.33735055
509.03491153 32.78125299
522.77149689 33.71783835
524.95686275 42.77149689
499.98125299 82.73247250
506.84954567 84.29344811
458.45930177 115.82515543
814.98613104 35.43491153
788.76174079 48.54710665
772.52759445 31.68857006
826.22515543 65.40564323
854.32271640 97.87393592
834.96661884 123.47393592
821.85442372 123.47393592
803.12271640 123.47393592
841.21052128 158.43978957
854.94710665 164.05930177
911.76661884 130.34222860
929.87393592 96.62515543
976.07881396 137.21052128
711.96174079 94.12759445
753.79588714 105.36661884
758.16661884 113.48369201
763.47393592 1.56174079
693.85442372 4.68369201
687.61052128 8.11783835
685.73735055 17.17149689
677.30808226 9.36661884
678.86905787 5.30808226
672.00076518 8.11783835
670.75198470 19.66905787
664.19588714 97.40564323
569.60076518 148.44954567
582.08857006 122.22515543
562.73247250 102.24466762
649.52271640 88.50808226
650.14710665 116.60564323
636.41052128 67.90320421
613.30808226 62.28369201
612.68369201 75.39588714
578.96661884 75.39588714
556.48857006 67.27881396
535.25930177 29.97149689
536.82027738 35.90320421
558.98613104 32.15686275
595.82515543 29.97149689
658.88857006 24.35198470
655.76661884 20.60564323
647.33735055 25.91296031
