45.65517546 577.09274576
128.58880875 362.84752641
98.64055228 279.91389312
145.86664902 275.30646904
250.68554666 373.21423057
390.06012484 405.46619908
484.51231831 423.89589537
557.07924745 301.79915746
725.25022607 381.27722270
831.22097973 155.51344317
630.79803260 167.03200335
665.35371314 146.29859503
578.96451179 155.51344317
607.76091224 137.08374688
608.91276826 111.74291449
576.66079975 130.17261078
583.57193586 103.67992236
557.07924745 82.94651404
535.19398311 86.40208209
512.15686275 100.22435431
489.11974239 148.60230706
469.53819008 108.28734643
436.13436556 120.95776263
385.45270077 114.04662652
291.00050729 117.50219458
248.38183462 150.90601910
198.85202585 160.12086724
211.52244205 120.95776263
229.95213834 111.74291449
196.54831381 104.83177838
197.70016983 77.18723395
181.57418558 80.64280200
998.24010234 115.19848254
1017.82165465 161.27272326
879.59893249 131.32446679
881.90264452 109.43920245
881.90264452 86.40208209
885.35821258 76.03537793
934.88802135 112.89477051
1007.45495048 23.05000110
998.24010234 28.80928119
929.12874126 21.89814508
910.69904497 28.80928119
898.02862877 29.96113721
812.79128344 25.35371314
745.98363440 29.96113721
735.61693024 43.78340943
735.61693024 65.66867377
777.08374688 95.61693024
801.27272326 99.07249829
816.24685150 77.18723395
705.66867377 63.36496173
640.01288074 71.42795386
613.52019233 63.36496173
546.71254329 32.26484925
562.83852754 24.20185712
479.90489424 77.18723395
521.37171089 69.12424182
720.64280200 28.80928119
690.69454553 34.56856128
687.23897748 2.31659278
847.34696398 18.44257703
847.34696398 4.62030481
826.61355566 13.83515296
800.12086724 6.92401685
992.48082225 10.37958490
409.64167714 25.35371314
386.60455678 6.92401685
377.38970864 6.92401685
329.01175588 2.31659278
305.97463552 4.62030481
287.54493924 6.92401685
256.44482675 2.31659278
239.16698648 46.08712146
182.72604160 13.83515296
149.32221708 26.50556916
133.19623282 39.17598535
8.79578288 97.92064227
43.35146342 102.52806634
56.02187962 17.29072101
89.42570414 19.59443305
823.15798760 316.77328569
459.17148592 51.84640155
535.19398311 19.59443305
508.70129469 4.62030481
499.48644655 6.92401685
67.54043980 118.65405060
945.25472551 58.75753766
752.89477051 8.07587287
743.67992236 14.98700898
97.48869627 32.26484925
634.25360065 18.44257703
608.91276826 5.77216083
623.88689649 5.77216083
41.33168792 24.38863098
17.80321639 19.78523437
11.66535425 18.25076884
12.68833128 10.57844117
21.38363597 14.15886075
57.18783178 6.99802159
12.17684277 3.41760201
16.26875086 90.37064896
71.50951010 11.08992968
75.08992968 5.97504456
5.52749212 4.44057903
108.33668292 3.41760201
110.89412548 12.11290670
118.05496464 14.15886075
122.14687274 23.36565395
151.81320640 42.29072888
114.47454506 5.97504456
120.61240720 2.90611349
124.19282678 16.71630330
139.53748213 5.46355605
143.62939022 2.39462498
149.25576384 6.99802159
159.48553407 4.44057903
163.06595365 10.06695266
45.42359601 2.39462498
171.76125835 8.02099861
170.22679282 2.90611349
178.41060900 2.90611349
192.22079881 4.95206754
199.89312648 4.44057903
207.05396564 3.41760201
211.65736225 3.41760201
217.28373587 11.08992968
231.09392568 2.39462498
228.02499461 11.08992968
242.34667293 8.02099861
247.46155805 5.46355605
242.85816145 2.39462498
281.21979981 3.41760201
281.73128832 10.57844117
300.65636324 3.92909052
334.92609351 2.90611349
340.55246714 2.39462498
384.54047913 2.90611349
399.37364596 10.06695266
401.41960001 3.92909052
466.37864097 22.34267693
536.19682279 70.42259701
551.54147813 15.18183777
540.28873088 6.99802159
552.05296664 2.90611349
559.72529431 10.57844117
586.32269691 5.97504456
605.24777184 3.92909052
633.89112848 5.46355605
698.85016944 5.46355605
703.96505455 3.92909052
709.07993967 8.02099861
713.17184776 17.73928033
707.54547413 13.64737224
717.77524436 6.48653307
724.93608352 8.53248712
732.09692269 7.50951010
722.89012948 3.92909052
744.37264696 5.46355605
764.83218742 5.46355605
821.09592368 8.02099861
831.83718243 10.06695266
833.88313647 3.92909052
856.38863098 6.48653307
863.03798163 6.48653307
881.96305655 2.90611349
895.77324636 3.41760201
933.62339621 11.60141819
940.78423537 14.15886075
944.87614346 16.71630330
63.45356604 32.34867094
47.08593367 33.37164796
651.02599361 8.78823138
75.28729753 65.76221392
37.18696308 33.86923733
11.28729753 26.16355171
25.41438783 20.81238114
53.45452161 12.03646141
79.99632763 33.44114368
81.49465539 24.45117713
73.14682930 24.45117713
112.42442127 21.07993967
87.38094301 2.77893632
101.07993967 5.77559184
132.65184602 6.84582596
45.96288281 10.48462194
65.76221392 11.76890288
32.15686275 13.16020723
194.93947144 18.72542462
200.61171224 16.47793298
158.65853499 23.96957178
174.49799987 28.99967211
139.18027412 19.58161191
122.16355171 12.41104335
315.23378582 121.09331759
231.22040790 21.29398649
255.94281592 16.79900321
270.49799987 10.16355171
261.40100990 43.87592629
268.78562529 48.04983933
397.85585940 375.38094301
368.10335104 99.90268214
400.85251492 78.71204669
498.45786609 69.29398649
497.17358515 20.49131091
486.47124402 10.64515706
479.51472228 7.27391960
485.07993967 1.17358515
493.74883599 2.02977244
464.74549151 3.42107679
474.80569218 3.74214703
520.50468883 9.73545806
535.80903666 11.23378582
540.08997311 36.06321726
521.03980589 40.02308348
527.67525739 88.39766542
453.72208014 0.42442127
558.17692963 64.26388616
590.71204669 65.76221392
598.20368549 52.49131091
597.98963866 2.83244803
565.13345137 1.49465539
558.71204669 1.06656174
617.46789953 28.14348482
669.05318382 25.94950489
679.32743131 15.88930422
782.28395305 16.31739786
788.70535773 16.31739786
829.16020723 25.94950489
846.06990622 30.44448816
868.54482261 12.73211358
882.88595974 14.23044134
868.43779920 31.24716375
884.38428749 29.42776576
934.79231425 20.33077579
942.60502328 30.17692963
984.77224736 27.66187947
984.13010689 50.35084268
1000.39766542 47.14014034
698.16355171 79.46121057
635.66187947 65.76221392
535.27391960 129.33412027
775.54147813 7.16689619
771.36756509 6.41773231
798.33746475 262.79231425
878.39097646 225.97626074
922.48462194 209.70870221
699.01973900 246.52475572
625.81572562 211.42107679
1020.51806676 37.29398649
854.41773231 12.67860188
658.13679586 32.79900321
579.58161191 8.18361860
566.95284937 7.32743131
538.48462194 2.24381927
526.06990622 0.31739786
620.03646141 3.47458850
668.19699652 4.17024067
674.61840121 7.05987278
684.67860188 8.23713030
698.59164535 11.76890288
701.26723064 18.40435438
809.46789953 10.48462194
735.51472228 8.66522395
357.40100990 33.44114368
322.93947144 28.51806676
160.69197980 82.56488950
