89.50751210 626.65036924
232.88413547 606.70231729
303.94907054 666.54647313
562.02699262 715.16984976
441.09192768 510.70231729
200.46855106 434.65036924
78.28673287 453.35166794
124.41660300 359.84517443
23.42959002 337.40361599
134.39062898 291.27374586
467.27374586 382.28673287
610.65036924 278.80621339
513.40361599 258.85816145
317.66335625 302.49452508
327.63738223 275.06595365
219.16984976 260.10491469
204.20881080 217.71530430
94.49452508 200.26075885
57.09192768 230.18283677
14.70231729 256.36465495
25.92309651 155.37764197
72.05296664 161.61140820
98.23478482 142.91010950
111.94907054 129.19582378
138.13088872 152.88413547
190.49452508 147.89712249
199.22179781 108.00101859
146.85816145 109.24777184
269.03997963 127.94907054
279.01400560 146.65036924
277.76725236 96.78023937
335.11790171 95.53348612
365.03997963 116.72829132
413.66335625 127.94907054
408.67634326 201.50751210
503.42959002 191.53348612
666.75426534 248.88413547
641.81920041 175.32569391
716.62439521 177.81920041
664.26075885 127.94907054
785.19582378 204.00101859
833.81920041 266.33868093
871.22179781 341.14387573
1014.59842119 556.83218742
1003.37764197 271.32569391
965.97504456 154.13088872
1018.33868093 112.98803158
995.89712249 109.24777184
972.20881080 88.05296664
963.48153807 74.33868093
937.29971989 142.91010950
924.83218742 59.37764197
860.00101859 94.28673287
874.96205755 59.37764197
841.29971989 111.74127833
793.92309651 117.97504456
805.14387573 162.85816145
802.65036924 94.28673287
810.13088872 68.10491469
831.32569391 70.59842119
772.72829132 94.28673287
750.28673287 88.05296664
721.61140820 95.53348612
717.87114846 73.09192768
725.35166794 55.63738223
685.45556404 64.36465495
702.91010950 38.18283677
672.98803158 64.36465495
658.02699262 38.18283677
633.09192768 50.65036924
615.63738223 48.15686275
594.44257703 90.54647313
576.98803158 121.71530430
564.52049911 99.27374586
586.96205755 59.37764197
583.22179781 34.44257703
568.26075885 46.91010950
538.33868093 94.28673287
532.10491469 73.09192768
542.07894067 38.18283677
524.62439521 48.15686275
527.11790171 41.92309651
499.68933028 51.89712249
492.20881080 38.18283677
488.46855106 29.45556404
471.01400560 51.89712249
461.03997963 18.23478482
437.35166794 29.45556404
418.65036924 24.46855106
432.36465495 99.27374586
418.65036924 81.81920041
408.67634326 76.83218742
402.44257703 68.10491469
408.67634326 38.18283677
391.22179781 26.96205755
386.23478482 33.19582378
386.23478482 46.91010950
346.33868093 50.65036924
380.00101859 73.09192768
279.01400560 68.10491469
276.52049911 55.63738223
295.22179781 43.16984976
311.42959002 70.59842119
310.18283677 55.63738223
316.41660300 35.68933028
337.61140820 29.45556404
348.83218742 29.45556404
402.44257703 7.01400560
3.06595365 109.55946015
24.88413547 107.68933028
54.80621339 100.83218742
41.09192768 81.50751210
15.53348612 68.41660300
3.68933028 34.13088872
39.84517443 51.58543417
33.61140820 26.65036924
8.67634326 6.07894067
33.61140820 4.20881080
42.96205755 11.06595365
62.28673287 45.35166794
85.35166794 58.44257703
70.39062898 34.13088872
79.74127833 12.93608352
63.53348612 9.19582378
93.45556404 17.29971989
91.58543417 6.07894067
122.75426534 12.31270690
142.07894067 45.97504456
132.10491469 40.98803158
130.85816145 61.55946015
183.22179781 39.74127833
190.70231729 51.58543417
186.33868093 65.29971989
229.97504456 34.13088872
253.66335625 42.85816145
276.72829132 23.53348612
259.89712249 19.79322638
261.14387573 6.07894067
292.31270690 6.07894067
318.49452508 12.93608352
329.71530430 8.57244716
350.28673287 7.94907054
379.58543417 3.58543417
224.98803158 14.80621339
155.16984976 12.93608352
155.16984976 29.76725236
132.10491469 2.33868093
280.46855106 6.70231729
589.45556404 41.92309651
550.80621339 41.92309651
676.85616344 448.09292668
400.63846810 21.45452161
426.11004000 17.81572562
430.39097646 41.36087612
444.51806676 66.83244803
469.77559184 32.79900321
386.29733097 288.26388616
263.86254836 379.87592629
189.58830087 9.46789953
292.97291626 27.87592629
783.99632763 74.75218047
