861.24777184 615.42959002
754.02699262 570.54647313
7.22179781 531.89712249
60.83218742 530.65036924
274.02699262 488.26075885
217.92309651 453.35166794
391.22179781 495.74127833
473.50751210 462.07894067
520.88413547 376.05296664
609.40361599 443.37764197
100.72829132 419.68933028
20.93608352 314.96205755
67.06595365 328.67634326
62.07894067 302.49452508
196.72829132 353.61140820
438.59842119 357.35166794
337.61140820 296.26075885
422.39062898 297.50751210
492.20881080 256.36465495
604.41660300 248.88413547
604.41660300 287.53348612
671.74127833 283.79322638
802.65036924 226.44257703
702.91010950 189.03997963
695.42959002 169.09192768
752.78023937 177.81920041
771.48153807 139.16984976
451.06595365 200.26075885
347.58543417 226.44257703
240.36465495 243.89712249
174.28673287 275.06595365
52.10491469 233.92309651
144.36465495 235.16984976
40.88413547 221.45556404
14.70231729 145.40361599
47.11790171 126.70231729
57.09192768 125.45556404
50.85816145 169.09192768
69.55946015 170.33868093
89.50751210 177.81920041
2.99039285 132.55355696
9.79086511 81.55001505
34.86760655 120.65273051
136.02463134 21.19582378
147.92545779 20.77079427
153.02581198 22.04588282
157.27610714 17.37055814
160.67634326 20.34576475
168.75190407 18.22061717
178.95261245 13.12026298
193.40361599 38.62203394
192.12852744 29.27138459
147.07539875 37.77197491
130.92427715 23.74600088
120.29853925 74.74954279
116.47327361 74.32451328
102.87232910 72.62439521
106.27256522 112.15214019
96.07185684 120.65273051
75.24541056 113.42722874
60.79440702 167.40597727
138.57480844 101.10137278
130.49924763 77.72474940
120.29853925 115.97740584
127.09901151 130.42840938
130.07421812 141.47917679
146.65036924 138.50397018
137.72474940 127.45320277
156.85107762 105.77669746
147.50042827 104.07657939
159.40125472 93.87587101
170.45202213 99.40125472
178.95261245 97.27610714
171.30208116 129.57835035
155.57598907 172.08130194
202.32923583 101.10137278
192.97858648 137.65391115
211.67988518 145.72947195
199.77905873 168.25603630
214.23006227 182.28201032
110.52286038 188.23242355
203.60432437 51.79794893
212.52994421 54.77315554
224.43077066 56.47327361
228.25603630 72.62439521
175.55237632 58.17339167
157.70113665 64.97386393
180.65273051 67.52404102
187.45320277 69.64918860
40.81801977 129.57835035
265.65863370 178.88177420
329.41306109 185.68224645
310.71176239 172.50633146
335.36347432 131.70349793
304.33631965 128.30326180
264.38354515 141.47917679
245.25721694 143.17929486
332.81329722 112.15214019
285.20999143 110.02699262
251.20763016 106.20172697
317.08720513 81.55001505
310.71176239 78.57480844
305.18637868 70.92427715
287.33513901 82.82510360
286.06005047 93.87587101
242.70703984 75.59960182
238.88177420 57.74836215
229.10609533 44.14741764
222.30562308 23.32097136
229.53112485 27.99629604
234.63147904 23.74600088
241.43195129 26.29617798
243.55709887 39.89712249
237.60668565 45.84753571
250.35757113 45.84753571
258.43313193 41.17221103
262.25839757 35.64682733
270.33395838 20.77079427
277.13443063 19.07067620
276.70940112 35.22179781
270.33395838 39.89712249
286.48507998 43.29735861
291.16040466 38.19700442
289.46028659 32.24659120
284.78496192 18.22061717
303.48626062 29.27138459
292.86052272 26.29617798
316.66217561 24.17103040
319.63738223 25.02108943
322.61258884 29.27138459
318.78732319 29.27138459
311.98685094 30.12144362
325.58779545 31.39653217
331.11317916 27.99629604
337.48862190 26.29617798
345.56418270 27.14623701
342.58897609 25.02108943
346.41424173 35.22179781
346.83927125 46.69759474
339.61376947 50.94788990
334.93844480 40.32215200
334.51341528 48.82274232
323.03761835 36.92191587
314.11199852 39.89712249
310.28673287 41.17221103
304.76134917 37.34694539
297.53584740 41.17221103
331.53820867 56.04824409
315.81211658 68.37410005
848.65374249 93.39771280
881.85158361 80.28251631
866.27728777 57.33092245
901.11452846 47.08467519
901.11452846 27.00203056
910.95092582 13.06713429
913.00017528 2.82088703
924.88582210 1.59133736
899.88497878 2.41103714
888.81903174 14.70653385
881.85158361 11.83758462
885.54023262 28.23158024
864.22803832 39.70737717
840.86659457 9.78833517
833.07944665 5.27998637
821.60364972 27.00203056
843.73554380 47.08467519
825.70214863 62.65897103
792.91415740 69.21656927
794.96340685 33.96947870
813.40665192 13.88683407
816.27560115 2.41103714
797.42250619 12.65728440
790.86490795 5.68983627
783.89745981 2.82088703
779.38911102 6.91938594
780.20881080 16.75578331
769.96256354 38.47782749
759.71631628 16.75578331
761.35571584 4.05043670
754.38826770 2.41103714
747.83066946 39.70737717
721.19042658 54.87182311
722.82982615 44.62557585
707.66538020 49.13392464
689.22213514 61.83927125
662.58189226 86.02041478
621.59690322 94.62726248
631.84315048 68.80671938
656.84399380 66.34762004
613.80975531 57.74077234
620.36735355 36.01872815
640.04014829 35.60887826
655.20459423 36.42857804
670.77889007 40.52707695
674.46753908 28.64143013
686.76303579 27.00203056
694.14033382 22.90353166
699.05853250 15.52623363
697.00928305 11.83758462
702.74718152 24.13308133
706.02598064 31.92022925
717.91162746 22.90353166
719.14117713 14.70653385
730.61697406 11.01788484
739.22382176 8.14893561
727.74802483 2.41103714
707.25553031 1.59133736
707.66538020 10.19818506
715.45252812 9.78833517
695.77973338 1.59133736
687.58273557 2.41103714
684.71378634 9.78833517
676.51678853 15.93608352
665.86069138 1.18148747
655.61444412 6.91938594
651.51594522 5.27998637
646.18789665 2.41103714
631.02345070 5.27998637
619.13780388 25.36263100
617.49840432 3.23073692
475.91365141 342.80730970
358.97318928 116.85023431
361.46264787 98.80165951
358.97318928 80.75308470
353.99427209 80.13072006
365.81920041 54.61376947
372.04284689 71.41761498
371.42048224 83.24254330
377.64412873 78.88599076
384.49013986 93.20037767
394.44797423 100.66875345
404.40580860 83.24254330
394.44797423 65.19396850
417.47546622 57.10322807
421.20965411 91.33328373
421.83201876 106.27003529
448.59369864 106.27003529
448.59369864 86.97673119
572.44426366 119.33969290
536.34711405 111.24895247
541.94839589 93.82274232
520.78799784 88.84382513
570.57716971 72.66234428
602.31776678 78.88599076
596.09412029 63.32687455
586.75865057 67.06106244
579.91263944 60.83741596
415.29668396 19.38793038
409.35537852 28.76893898
427.49199515 13.44662493
432.49519973 9.06882092
438.43650518 8.75612063
440.93810747 4.06561633
448.13021407 1.87671432
455.32232066 3.12751547
459.70012468 5.62911776
467.83033213 1.87671432
466.26683070 6.25451834
471.89543586 2.18941461
455.00962038 9.06882092
452.19531780 11.88312350
453.13341866 15.32282665
445.94131206 13.44662493
444.37781063 8.44342034
448.44291436 18.44982952
436.24760317 15.32282665
435.93490289 22.82763353
420.92528912 40.65154988
432.18249945 36.89914644
443.12700948 43.77855274
434.99680203 43.15315217
424.05229199 47.84365647
427.49199515 45.02935389
436.24760317 50.65795905
443.75241005 74.42318084
449.38101522 60.66436823
461.88902669 40.33884959
465.95413041 35.02294472
465.64143013 51.28335962
472.83353672 11.25772292
470.95733500 16.26092751
474.39703815 31.89594185
470.64463471 47.53095618
481.90184504 39.71344902
485.34154819 46.90555561
471.27003529 69.41997625
457.19852238 74.42318084
481.90184504 8.44342034
478.46214188 2.50211490
502.22736367 0.93861346
512.85917342 1.87671432
526.61798604 0.93861346
534.43549321 1.25131375
531.93389091 5.31641748
532.24659120 12.82122436
527.86878718 6.25451834
526.61798604 15.32282665
509.10676998 9.69422149
515.04807543 27.83083812
524.74178432 22.82763353
529.11958833 22.20223296
551.94670926 20.01333095
556.63721356 2.50211490
581.34053621 5.62911776
589.47074367 3.44021576
596.35014998 5.62911776
600.72795399 3.44021576
607.29466001 1.25131375
616.36296833 27.20543755
609.48356202 30.95784099
603.85495686 30.01974013
586.96914138 12.82122436
587.59454195 33.77214357
572.27222790 28.76893898
576.65003191 32.83404271
577.90083306 43.15315217
583.21673793 39.71344902
601.04065428 40.33884959
596.35014998 42.52775160
555.07371213 51.28335962
547.25620496 41.27695045
554.13561127 39.08804844
551.00860840 30.64514070
541.00219923 34.08484385
486.59234934 28.14353841
477.83674131 26.26733669
496.59875851 23.14033382
491.90825421 28.76893898
491.90825421 40.33884959
483.77804676 67.23107425
495.66065765 58.78816651
501.91466339 47.84365647
512.85917342 40.33884959
513.79727428 49.71985819
515.04807543 70.98347769
544.75460267 57.85006565
470.33193443 103.50430751
485.02884790 96.93760149
428.74279629 35.33564500
423.73959170 17.19902837
746.21252137 22.44814289
854.91382007 46.99359744
642.52049911 14.43330059
859.08012130 8.63620159
41.33168792 25.15586374
8.59642318 30.78223737
3.99302658 32.31670290
494.76625335 8.30871090
491.18583377 1.91510450
627.75326634 2.17084876
631.84517443 1.91510450
1.44114368 108.57157846
1.44114368 146.88595974
201.14682930 24.50468883
255.83579251 38.95284937
281.52141124 47.19365204
286.12341793 72.82575907
475.76890288 266.21706341
941.74883599 1.54816709
