288.44724387 522.14597345
257.78299705 750.73399523
334.44361411 459.42365040
567.21312409 332.58517490
643.87374115 446.87918579
691.26394079 342.34198071
779.07519305 471.96811501
719.14052881 530.50894986
878.03708053 731.22038362
883.61239814 274.04434006
910.09515676 226.65414042
986.75577382 207.14052881
1010.45087363 215.50350521
872.46176293 223.86648162
787.43816946 201.56521120
784.65051066 159.75032917
486.37101882 303.31475748
571.39461229 229.44179922
430.61784278 244.77392264
117.00622754 297.73943988
9.68136365 262.89370485
47.31475748 198.77755240
28.61421302 212.71584641
121.30386819 220.38190812
85.06430376 199.47446710
170.08789723 230.83562863
111.54706238 189.71766129
122.69769759 129.08608235
100.39642717 135.35831465
37.67410412 140.93363226
59.97537454 120.72310594
49.52165403 92.84651792
20.94815131 96.33109142
35.58336002 52.42546529
57.88463044 60.78844169
72.51983915 55.91003879
80.18590086 53.81929469
84.36738906 96.33109142
97.60876837 91.45268852
8.81022028 101.20949432
41.21675385 49.98626383
116.83199886 49.98626383
134.25486637 55.21312409
158.64688089 43.01711683
181.99352336 43.01711683
203.94633643 34.30568307
219.62691719 29.77573752
222.41457599 25.24579196
239.83744351 11.65595530
244.71584641 37.44179922
241.92818761 31.16956692
250.29116402 31.16956692
214.05159959 26.98807872
123.45268852 53.12237999
75.36557418 108.52709868
122.75577382 96.67954877
142.61784278 103.64869578
153.76847799 103.64869578
163.17682645 101.90640902
175.02437636 111.31475748
180.94815131 99.81566492
188.26575567 85.87737091
196.28027472 97.37646347
208.12782463 83.43816946
216.49080104 93.19497527
209.87011138 129.78299705
241.23127291 125.94996619
232.51983915 117.58698979
239.83744351 83.43816946
248.20041991 75.07519305
281.82655422 173.34016583
328.51983915 157.31112772
511.11149069 163.58336002
566.16775204 151.03889541
573.13689904 107.13326928
544.56339632 102.25486637
518.08063770 112.01167218
489.50713498 124.55613679
456.75214405 115.49624569
419.81566492 92.49806057
380.09152699 98.07337817
259.69951247 94.93726202
269.10786093 90.05885912
283.39461229 102.25486637
304.30205331 107.83018398
322.07337817 114.79933098
330.08789723 91.80114587
300.46902245 87.61965766
292.10604605 91.10423117
282.69769759 80.99896801
259.35105512 68.45450340
272.94089178 70.89370485
270.15323298 59.04615494
255.51802427 41.62328743
257.95722572 29.42728017
257.95722572 22.10967581
265.27483008 35.00259777
278.51620939 53.12237999
285.48535639 47.89551973
290.36375930 43.36557418
303.60513861 41.62328743
270.50169033 35.69951247
265.27483008 43.01711683
278.16775204 60.43998434
315.45268852 50.33472118
342.28390449 31.86648162
355.17682645 41.62328743
353.78299705 25.94270667
370.50894986 35.69951247
362.84288815 42.32020213
372.94815131 26.98807872
382.70495712 28.38190812
381.31112772 38.13871392
389.32564677 35.00259777
324.86103697 79.60513861
338.10241628 85.18045621
357.26757055 87.61965766
364.23671755 89.36194441
375.03889541 85.52891356
383.05341447 72.98444895
372.59969396 78.55976656
410.23308779 80.65051066
416.85377745 75.77210775
414.41457599 62.87918579
445.07882282 72.28753425
429.04978471 51.03163588
409.88463044 43.36557418
400.47628198 41.62328743
397.34016583 34.65414042
415.80840539 28.73036547
401.52165403 21.41276111
429.74669941 39.18408598
437.06430376 43.01711683
440.20041991 31.86648162
449.95722572 39.53254333
453.79025657 33.60876837
210.13145440 17.49261592
216.75214405 18.71221665
243.75758870 19.58336002
254.55976656 12.26575567
256.30205331 7.91003879
260.13508416 12.26575567
247.76484823 14.70495712
475.04615494 93.02074659
476.09152699 72.46176293
493.51439451 59.56884097
506.05885912 85.70314224
539.85922209 52.94815131
561.46357781 79.77936728
608.15686275 89.88463044
621.39824206 78.73399523
641.95722572 95.45994804
641.60876837 39.35831465
619.30749795 40.75214405
607.80840539 41.44905875
583.76484823 36.57065585
557.97900431 30.64688089
540.55613679 33.08608235
526.26938543 33.08608235
498.74125476 34.13145440
483.40913135 39.70677200
457.27483008 43.19134550
462.15323298 36.91911320
473.30386819 39.70677200
483.40913135 32.38916765
488.98444895 34.13145440
495.95359596 25.76847799
567.38735276 31.69225294
413.45631828 14.18227109
402.82836910 10.34924024
413.10786093 9.47809686
416.24397708 6.16775204
420.94815131 5.47083734
429.65958507 4.25123661
442.02982100 1.81203516
455.61965766 3.72855059
462.58880467 2.68317853
465.55069215 10.00078289
474.26212590 1.46357781
481.75395893 18.01530195
487.50350521 18.36375930
485.58698979 9.82655422
503.35831465 20.97718942
498.82836910 14.70495712
496.56339632 6.86466674
504.22945803 4.42546529
510.32746166 1.98626383
518.16775204 4.25123661
528.96992990 4.59969396
508.06248888 33.87011138
504.05522935 36.83199886
507.88826020 26.90096438
555.62691719 6.69043806
567.30023843 2.50894986
559.80840539 17.49261592
549.70314224 26.55250703
545.52165403 22.19679015
572.87555603 15.05341447
573.74669941 23.93907690
582.10967581 9.82655422
576.18590086 1.28934913
597.09334187 5.47083734
592.91185367 1.46357781
604.58517490 1.81203516
596.39642717 20.80296075
593.08608235 23.24216220
603.88826020 24.46176293
614.16775204 18.01530195
615.91003879 10.34924024
695.61965766 108.35287000
666.69769759 49.46357781
662.51620939 44.58517490
645.79025657 11.48172663
632.54887726 26.81385004
636.38190812 32.73762500
623.14052881 12.17864133
656.94089178 9.73943988
671.22764314 7.30023843
746.49443080 12.52709868
740.91911320 35.17682645
751.72129106 64.79570122
