338.56782165 293.98073750
194.28602126 131.66371206
182.26253789 38.48171597
89.08054181 158.71654963
56.01596255 185.76938721
320.53259660 492.36821304
416.72046353 405.19795864
252.90050267 644.16469053
603.08445570 266.92789993
591.06097233 188.77525805
595.56977860 64.03161813
530.94355550 91.08445570
485.85549288 85.07271402
398.68523848 74.55216607
404.69698016 44.49345766
499.38191167 5.41713672
646.66958290 6.92007214
747.36625609 5.41713672
759.38973946 58.01987644
712.79874141 41.48758682
645.16664748 89.58152028
708.28993515 133.16664748
669.21361421 196.28993515
861.58934807 128.65784122
933.73024826 122.64609954
884.13337938 188.77525805
900.66566901 259.41322282
854.07467096 280.45431871
786.44257703 354.09815433
15.43670619 5.41713672
33.12007345 1.65519050
3.15351826 15.46121057
616.18361860 13.21371893
880.31739786 105.68194636
700.51806676 88.77224736
636.51806676 52.49131091
542.12341793 4.33077579
239.46121057 133.50803331
