330.72567008 694.61557834
497.18438568 513.18438568
435.53300953 472.67062421
661.88163339 433.03759669
552.67062421 326.46878935
552.67062421 219.89998201
578.21190862 213.73484440
596.70732146 221.66144990
561.47796366 192.59722972
577.33117467 163.53300953
529.77154164 133.58805541
528.89080770 102.76236733
551.78989027 120.37704623
674.21190862 169.69814715
711.20273430 182.02842238
727.93667926 198.76236733
775.49631229 203.16603706
788.70732146 256.01007375
885.58805541 152.08346825
964.85411045 129.18438568
1000.08346825 133.58805541
746.43209210 108.04677100
313.99172513 212.85411045
122.87245908 163.53300953
79.71649577 160.01007375
84.12016550 135.34952330
48.01007375 135.34952330
17.18438568 182.02842238
63.86328476 145.91833064
78.90915632 107.49631229
54.02842238 25.14768843
74.50548660 19.64310128
104.45044073 97.36787192
100.92750495 103.53300953
141.22108293 99.56970678
159.93667926 105.73484440
214.98255082 107.49631229
212.78071596 59.05594531
195.82658752 66.32200036
167.86328476 67.86328476
148.48713797 68.30365174
231.93667926 79.09264256
249.33117467 64.78071596
232.59722972 44.74401871
217.62475265 57.95502788
274.21190862 61.03759669
279.05594531 51.78989027
396.52383522 65.71649577
383.97337651 36.10181687
355.01924807 45.45961504
345.88163339 49.09264256
324.30365174 45.23943155
310.98255082 45.23943155
302.06511963 9.89998201
362.94585357 9.01924807
400.48713797 93.34952330
438.85411045 96.07429394
422.50548660 70.72567008
428.34034898 53.88163339
456.19355999 58.06511963
458.61557834 76.89080770
447.60640403 49.53300953
449.03759669 36.87245908
421.51466091 42.48713797
417.22108293 31.80823889
438.57888109 15.62475265
433.95502788 11.33117467
452.01007375 21.78989027
468.19355999 10.67062421
479.31282605 40.72567008
488.45044073 41.38622054
461.09264256 9.21190862
516.19355999 26.74401871
502.21190862 31.36787192
504.30365174 14.52383522
524.56053247 15.51466091
508.15686275 12.54218385
512.34034898 9.01924807
532.04677100 74.08346825
388.15686275 55.03759669
534.90915632 13.97337651
447.60640403 52.28530311
535.89998201 23.00089944
541.29447742 26.30365174
545.25778018 14.85411045
559.67979852 14.74401871
555.27612880 28.83576183
562.10181687 36.43209210
572.56053247 50.08346825
557.36787192 69.01924807
573.66144990 81.78989027
592.70732146 49.31282605
575.20273430 18.81741320
578.94585357 28.28530311
586.54218385 33.67979852
589.62475265 28.28530311
601.67979852 14.49631229
596.83576183 11.41374348
611.20273430 16.69814715
609.99172513 24.45961504
616.15686275 24.67979852
618.30365174 5.35869761
599.78071596 2.56511963
584.56053247 2.67521137
604.98255082 15.95502788
633.27612880 68.79906458
628.76236733 62.63392697
627.11099119 54.15686275
631.29447742 32.46878935
629.86328476 23.99172513
642.96420219 24.21190862
644.94585357 45.56970678
637.12933981 35.33117467
656.50548660 61.31282605
665.42291779 73.64310128
682.48713797 94.12016550
694.37704623 83.11099119
709.67979852 81.56970678
674.45044073 57.67979852
686.34034898 34.67062421
679.84493614 30.15686275
669.16603706 17.27612880
663.22108293 14.41374348
652.21190862 18.04677100
633.93667926 18.70732146
690.85411045 14.96420219
678.74401871 13.20273430
701.75319302 36.21190862
705.49631229 19.47796366
708.35869761 14.41374348
717.16603706 15.18438568
716.39539486 23.33117467
715.18438568 39.18438568
719.80823889 37.97337651
697.40456917 9.43209210
660.13851412 6.67979852
654.24860586 9.76236733
738.74401871 42.12933981
745.29447742 38.82658752
739.23943155 33.32200036
744.52383522 29.46878935
759.71649577 36.78989027
769.84493614 25.39539486
779.80823889 22.23025724
792.79906458 18.26695449
801.38622054 14.52383522
776.50548660 71.44126641
757.12933981 71.77154164
739.18438568 78.92750495
662.45044073 54.92750495
827.80823889 46.45044073
822.63392697 36.32200036
809.09264256 36.10181687
810.74401871 25.97337651
799.40456917 34.23025724
810.85411045 88.50548660
857.42291779 51.62475265
868.54218385 45.56970678
857.75319302 36.76236733
844.21190862 37.31282605
836.39539486 31.69814715
849.82658752 27.95502788
828.24860586 32.13851412
820.10181687 29.49631229
808.10181687 18.59722972
803.20273430 9.81741320
765.35869761 3.61099119
756.52383522 2.78530311
782.31282605 3.33576183
716.72567008 111.23943155
946.26695449 61.20273430
969.93667926 27.51466091
987.55135816 26.52383522
1013.09264256 24.76236733
1004.83576183 55.36787192
1015.07429394 51.40456917
995.80823889 12.10181687
1000.54218385 13.97337651
987.77154164 10.12016550
950.78071596 9.01924807
914.23025724 5.64768843
1023.25778018 114.23943155
1014.67062421 9.59722972
702.83576183 99.01924807
746.43209210 88.45044073
970.57888109 3.45961504
716.48713797 2.13851412
705.47796366 3.89998201
648.67062421 3.45961504
729.69814715 2.13851412
744.23025724 3.01924807
667.76890288 6.31070890
604.83913699 55.91606007
605.90937111 66.40435438
591.99632763 68.75886943
816.31739786 14.97960522
813.53478917 33.44114368
767.51472228 63.83579251
940.89264870 1.12007345
944.74549151 1.97626074
924.30401994 0.85251492
932.54482261 0.95953833
954.27057512 1.06656174
966.57826743 4.27726408
988.62509017 5.77559184
