394.37827835 469.18045621
434.79933098 449.66684460
505.88463044 483.11875022
537.94270667 471.96811501
163.81566492 393.91366855
143.60513861 373.70314224
46.73399523 352.09878652
45.34016583 329.10060140
16.06974841 312.37464859
7.00985730 294.25486637
55.09697164 304.01167218
85.06430376 305.40550158
110.15323298 299.13326928
119.21312409 314.46539269
132.45450340 283.10423117
149.18045621 314.46539269
155.45268852 301.92092808
174.96630013 290.77029287
200.75214405 283.80114587
227.93181737 279.61965766
252.32383189 269.16593716
264.86829650 287.98263407
279.50350521 285.89188997
286.47265222 271.25668126
296.22945803 267.77210775
308.77392264 283.80114587
332.46902245 267.77210775
383.34379559 343.73581011
287.16956692 331.88826020
418.18953062 313.07156329
450.24760685 297.04252518
468.36738906 292.86103697
455.12600975 341.64506601
319.05341447 268.46902245
313.47809686 255.92455784
321.84107327 250.69769759
341.70314224 246.86466674
352.50532010 253.48535639
353.20223480 283.80114587
361.21675385 272.99896801
365.04978471 251.04615494
358.77755240 237.80477563
373.41276111 246.86466674
377.94270667 239.19860503
393.62328743 238.85014768
401.98626383 248.60695349
404.07700794 234.66865948
403.72855059 271.95359596
424.63599160 240.24397708
416.62147255 245.12237999
412.78844169 229.79025657
420.80296075 225.95722572
433.34742536 233.62328743
450.07337817 230.48717128
464.70858688 228.04796982
468.19316039 237.80477563
482.47991175 228.74488452
491.19134550 221.07882282
442.75577382 271.25668126
592.88281556 459.42365040
532.25123661 379.27845984
593.57973026 384.85377745
673.72492082 410.63962137
567.09697164 305.40550158
632.60695349 309.58698979
684.87555603 317.94996619
675.11875022 297.73943988
709.96448525 261.49987545
732.26575567 267.07519305
757.35468489 288.67954877
817.28934913 257.31838725
879.31475748 248.95541084
504.31657236 225.95722572
517.55795167 229.44179922
527.31475748 229.44179922
534.28390449 226.30568307
547.17682645 222.47265222
524.17864133 251.04615494
563.90277926 268.46902245
563.90277926 252.78844169
584.81022028 273.69588271
600.14234369 285.19497527
565.29660866 228.04796982
577.49261592 222.47265222
595.61239814 217.24579196
596.30931284 230.83562863
602.23308779 227.35105512
606.76303334 220.73036547
610.94452155 216.20041991
628.36738906 221.42728017
645.09334187 227.00259777
645.09334187 214.80659051
662.51620939 208.53435821
650.66865948 203.65595530
674.71221665 243.03163588
679.47446710 208.53435821
687.14052881 208.53435821
671.45994804 209.92818761
701.07882282 202.61058325
688.53435821 199.82292445
696.20041991 195.29297890
723.72855059 239.19860503
779.83018398 239.19860503
800.38916765 245.12237999
735.22764314 208.53435821
752.30205331 208.53435821
774.95178108 213.41276111
790.98081919 207.14052881
708.65777019 204.17864133
712.83925839 197.55795167
731.13326928 200.86829650
733.04978471 195.11875022
740.19316039 191.11149069
741.58698979 198.77755240
747.33653607 200.86829650
750.29842354 191.98263407
761.62328743 193.55069215
763.19134550 199.12600975
773.64506601 194.77029287
779.22038362 194.07337817
786.18953062 194.77029287
725.38372300 200.17138180
719.45994804 201.73943988
896.67954877 234.66865948
886.92274296 219.68499342
869.84833280 216.54887726
828.03345077 206.79207146
814.09515676 209.92818761
852.42546529 209.23127291
797.45631828 198.42909505
797.97900431 186.40731647
807.73581011 185.01348706
822.89370485 188.67228924
827.59787908 180.30931284
854.25486637 184.83925839
859.30749795 179.26394079
865.05704423 175.95359596
845.19497527 175.95359596
840.31657236 182.40005694
834.56702608 185.18771574
822.02256147 179.61239814
816.79570122 187.27845984
875.33653607 180.13508416
877.60150884 186.40731647
884.91911320 186.05885912
896.76666311 179.08971211
877.60150884 205.57247073
873.59424931 197.90640902
850.77029287 195.11875022
906.61058325 188.32383189
903.82292445 180.65777019
904.17138180 175.08245258
918.45813316 182.40005694
927.51802427 179.96085549
922.29116402 201.91366855
940.06248888 181.70314224
954.00078289 191.45994804
962.36375930 186.58154514
954.00078289 206.09515676
918.10967581 197.03526565
933.79025657 194.94452155
922.98807872 192.15686275
966.37101882 215.15504786
971.24942173 188.32383189
977.52165403 185.88463044
981.00622754 187.27845984
994.24760685 181.00622754
1006.79207146 183.09697164
1012.36738906 192.50532010
1020.03345077 183.09697164
1022.47265222 196.68680830
998.08063770 230.83562863
997.73218035 215.15504786
997.03526565 202.61058325
817.23127291 179.61239814
901.94996619 227.41203516
792.66522395 197.82910355
1007.03311693 216.98629418
