8.37704623 213.73484440
21.58805541 314.13851412
18.94585357 153.84493614
78.83576183 129.18438568
134.32200036 182.90915632
128.15686275 344.96420219
247.93667926 377.55135816
369.47796366 297.40456917
348.34034898 142.39539486
427.60640403 221.66144990
470.76236733 174.10181687
487.49631229 325.58805541
672.45044073 231.34952330
707.67979852 276.26695449
735.86328476 90.43209210
702.39539486 75.45961504
658.35869761 71.05594531
579.97337651 75.45961504
407.34952330 100.12016550
382.68897284 95.71649577
368.59722972 79.86328476
959.56970678 71.93667926
966.61557834 211.09264256
906.72567008 256.01007375
3.38622054 91.09264256
72.52383522 60.70732146
227.53300953 49.69814715
253.51466091 63.34952330
343.78989027 35.60640403
46.24860586 24.70732146
71.56970678 19.42291779
126.17521137 21.62475265
153.47796366 19.42291779
224.81741320 28.23025724
539.45961504 27.78989027
591.64310128 20.08346825
621.58805541 44.74401871
703.27612880 17.88163339
867.97337651 26.24860586
744.45044073 16.72567008
949.66144990 37.03759669
1009.77154164 44.08346825
1022.35869761 38.30365174
1020.56053247 230.13851412
301.66144990 12.04677100
347.45961504 7.64310128
324.56053247 5.88163339
