730.49735861 625.34694539
528.65934208 328.30231729
814.27917679 474.28578836
829.51223465 393.04281316
928.52711068 485.71058175
133.86925944 285.14198671
151.64116027 226.74859828
33.58496192 162.00810241
5.65768919 141.69735861
122.44446605 87.11223465
149.10231729 88.38165613
138.94694539 45.22132556
3.11884622 26.18000324
17.08248258 17.29405283
25.75686275 25.22793713
15.60149084 1.74363960
133.65768919 3.64777184
295.50892886 55.69405283
346.28578836 85.52545779
310.74198671 113.45273051
334.22628423 51.25107762
369.77008589 12.53372225
482.11388754 16.34198671
391.98496192 166.76843299
434.51058175 159.78661481
415.46925944 128.05107762
474.49735861 106.47091233
570.55025117 238.17339167
614.98000324 272.44777184
698.76182142 240.71223465
631.48248258 186.12711068
547.70066440 144.23620159
513.42628423 108.69239994
566.74198671 141.69735861
581.97504456 156.93041646
509.61801977 29.98826770
541.35355696 43.95190407
564.20314374 45.22132556
612.44116027 51.56843299
543.89239994 10.94694539
651.79322638 8.40810241
651.79322638 101.07587101
720.34198671 162.00810241
738.11388754 127.73372225
734.30562308 87.11223465
693.68413547 78.22628423
725.41967266 66.80149084
707.64777184 10.94694539
796.50727597 292.75851564
801.58496192 216.59322638
791.42959002 174.70231729
824.43454870 144.23620159
815.54859828 97.26760655
772.38826770 94.72876357
834.58992060 98.53702803
900.59983795 162.00810241
938.68248258 173.43289580
995.80644952 229.28744126
1018.65603630 263.56182142
613.92215200 114.08744126
683.10562308 4.28248258
725.63124291 4.91719332
735.78661481 4.91719332
744.03785448 10.62959002
786.56347432 0.47421812
805.60479663 9.99487927
834.16678010 30.94033382
890.02132556 60.77173878
903.35025117 47.44281316
912.87091233 65.21471398
921.75686275 81.08248258
924.29570572 112.81801977
972.53372225 160.42132556
982.68909415 140.74529250
992.84446605 15.70727597
980.15025117 2.37835035
934.45107762 2.37835035
633.09331759 10.96622729
650.21706341 3.90268214
600.13010689 11.39432094
