5.97504456 366.07894067
2.23478482 218.96205755
47.11790171 204.00101859
1.81920041 172.52049911
19.27374586 152.57244716
44.20881080 143.84517443
56.67634326 137.61140820
64.78023937 136.98803158
73.50751210 107.68933028
104.67634326 119.53348612
129.61140820 84.62439521
109.03997963 67.16984976
152.05296664 106.44257703
145.19582378 108.31270690
171.37764197 107.06595365
171.37764197 98.33868093
193.19582378 97.71530430
197.55946015 64.05296664
207.53348612 51.58543417
194.44257703 139.48153807
179.48153807 130.75426534
202.54647313 153.19582378
192.57244716 156.93608352
155.16984976 157.55946015
132.10491469 168.78023937
112.15686275 175.63738223
99.06595365 168.15686275
107.16984976 208.67634326
161.40361599 226.13088872
223.11790171 216.15686275
299.16984976 249.19582378
334.07894067 272.26075885
385.81920041 256.67634326
447.53348612 327.11790171
407.01400560 189.97504456
349.66335625 148.83218742
293.55946015 111.42959002
261.76725236 113.29971989
280.46855106 85.24777184
257.40361599 79.01400560
226.85816145 146.33868093
234.96205755 137.61140820
231.22179781 127.01400560
236.20881080 105.19582378
248.05296664 49.71530430
221.87114846 23.53348612
275.48153807 47.22179781
288.57244716 86.49452508
312.88413547 30.39062898
314.75426534 55.94907054
326.59842119 49.71530430
340.31270690 85.24777184
352.78023937 76.52049911
374.59842119 71.53348612
407.01400560 112.67634326
463.11790171 150.70231729
455.63738223 87.74127833
426.33868093 77.76725236
421.97504456 84.62439521
386.44257703 62.80621339
481.19582378 105.19582378
502.39062898 91.48153807
509.87114846 87.11790171
489.29971989 62.80621339
419.48153807 64.67634326
431.94907054 52.83218742
448.78023937 36.62439521
466.23478482 37.24777184
468.72829132 25.40361599
454.39062898 26.65036924
445.03997963 26.65036924
416.98803158 27.89712249
411.37764197 26.65036924
408.88413547 17.92309651
400.15686275 12.31270690
399.53348612 34.13088872
380.20881080 37.24777184
360.26075885 55.94907054
359.01400560 39.11790171
353.40361599 47.22179781
79.11790171 45.97504456
82.23478482 34.75426534
61.03997963 49.71530430
59.16984976 42.85816145
37.35166794 40.98803158
45.45556404 23.53348612
2.44257703 45.35166794
17.40361599 34.13088872
102.18283677 2.33868093
103.42959002 29.76725236
127.11790171 12.93608352
85.97504456 12.93608352
145.19582378 1.71530430
188.83218742 3.58543417
210.65036924 1.71530430
226.23478482 2.33868093
205.66335625 12.31270690
330.33868093 32.88413547
340.93608352 29.76725236
346.54647313 31.01400560
341.55946015 21.03997963
340.31270690 10.44257703
352.78023937 21.03997963
355.89712249 17.29971989
349.03997963 12.31270690
359.01400560 6.07894067
380.83218742 22.28673287
375.84517443 14.80621339
375.84517443 8.57244716
406.39062898 4.20881080
428.83218742 12.31270690
446.28673287 4.20881080
453.14387573 15.42959002
499.27374586 25.40361599
504.26075885 6.07894067
489.92309651 16.67634326
495.53348612 4.83218742
481.19582378 4.20881080
475.58543417 10.44257703
475.58543417 14.80621339
430.49452508 4.20881080
542.70231729 39.11790171
525.24777184 47.84517443
539.58543417 21.66335625
524.00101859 10.44257703
512.78023937 3.58543417
533.97504456 1.71530430
538.96205755 6.07894067
548.93608352 4.83218742
557.03997963 10.44257703
555.79322638 6.07894067
563.89712249 3.58543417
579.48153807 6.07894067
590.07894067 36.62439521
585.09192768 47.22179781
563.27374586 39.74127833
549.55946015 48.46855106
541.45556404 50.33868093
542.07894067 64.67634326
550.18283677 77.14387573
562.65036924 62.80621339
601.29971989 62.80621339
610.02699262 48.46855106
595.06595365 45.35166794
614.39062898 16.67634326
625.61140820 8.57244716
638.07894067 10.44257703
643.06595365 14.80621339
656.15686275 7.94907054
661.14387573 4.83218742
667.37764197 14.80621339
646.80621339 29.76725236
661.14387573 35.37764197
660.52049911 47.22179781
652.41660300 38.49452508
658.65036924 59.06595365
646.18283677 59.68933028
638.70231729 75.89712249
626.85816145 75.89712249
621.24777184 69.66335625
644.93608352 93.35166794
633.09192768 82.75426534
652.41660300 87.74127833
670.49452508 93.97504456
679.22179781 82.13088872
676.72829132 69.03997963
676.10491469 34.13088872
687.32569391 17.29971989
681.09192768 13.55946015
678.59842119 8.57244716
701.66335625 12.31270690
716.62439521 44.10491469
718.49452508 32.26075885
729.09192768 27.89712249
720.98803158 16.67634326
716.62439521 25.40361599
714.13088872 16.67634326
696.05296664 3.58543417
674.85816145 12.31270690
666.13088872 3.58543417
722.85816145 78.39062898
709.14387573 93.35166794
708.52049911 78.39062898
745.92309651 118.28673287
788.93608352 80.26075885
796.41660300 107.68933028
811.37764197 111.42959002
793.29971989 145.71530430
771.48153807 223.63738223
734.70231729 213.03997963
721.61140820 206.18283677
658.02699262 141.97504456
646.80621339 138.23478482
557.66335625 189.97504456
551.42959002 145.71530430
525.24777184 119.53348612
509.66335625 17.92309651
489.71530430 6.70231729
547.68933028 372.00101859
808.88413547 45.97504456
797.03997963 27.89712249
795.79322638 16.67634326
740.31270690 2.33868093
730.33868093 9.19582378
717.24777184 6.07894067
740.31270690 16.67634326
752.78023937 7.94907054
757.14387573 15.42959002
753.40361599 34.13088872
745.29971989 23.53348612
772.72829132 16.67634326
792.67634326 8.57244716
751.53348612 59.06595365
752.15686275 47.84517443
847.94907054 60.93608352
833.61140820 39.11790171
839.22179781 11.06595365
842.96205755 23.53348612
856.67634326 45.97504456
840.46855106 45.35166794
885.35166794 74.02699262
894.70231729 63.42959002
900.93608352 88.98803158
920.26075885 118.28673287
869.76725236 203.06595365
852.31270690 140.10491469
971.37764197 109.55946015
991.94907054 123.89712249
969.50751210 188.10491469
991.32569391 249.81920041
892.20881080 47.22179781
890.96205755 26.65036924
862.28673287 16.67634326
854.80621339 6.70231729
874.13088872 12.93608352
876.00101859 6.70231729
882.23478482 6.07894067
884.10491469 10.44257703
869.14387573 21.66335625
879.11790171 29.76725236
902.18283677 22.28673287
905.29971989 12.93608352
909.66335625 12.93608352
917.76725236 7.94907054
925.87114846 14.80621339
924.00101859 22.28673287
928.36465495 21.03997963
912.78023937 23.53348612
941.45556404 27.89712249
947.06595365 38.49452508
960.78023937 30.39062898
960.78023937 19.16984976
962.65036924 45.35166794
972.62439521 54.07894067
950.80621339 57.19582378
943.32569391 59.06595365
989.45556404 74.65036924
978.85816145 74.02699262
1013.76725236 77.14387573
1023.11790171 82.75426534
1021.24777184 48.46855106
1011.89712249 47.22179781
997.55946015 39.74127833
975.74127833 38.49452508
974.49452508 30.39062898
1009.40361599 29.76725236
1021.87114846 32.26075885
1020.00101859 150.70231729
1020.62439521 182.49452508
867.48153807 650.33868093
896.15686275 620.41660300
841.29971989 397.24777184
725.35166794 452.10491469
600.64437523 30.78223737
23.91606007 30.28395305
25.52141124 42.37759853
76.99967211 5.77559184
110.28395305 5.56154502
120.77224736 9.52141124
152.77224736 17.54816709
165.07993967 26.21706341
173.21371893 26.96622729
162.40435438 3.42107679
219.76890288 12.51806676
194.93947144 26.80569218
241.38763198 68.97291626
286.65853499 63.51472228
306.88595974 79.24716375
229.61505673 161.33412027
459.07325070 367.88930422
391.00636107 5.18696308
514.93947144 66.83244803
547.26054167 15.24716375
549.93612696 20.81238114
513.33412027 11.39432094
588.03646141 29.80234769
443.44783264 127.51472228
443.87592629 106.32408683
597.66856843 5.77559184
851.63512361 50.13679586
810.75218047 6.68529084
851.74214703 5.34749820
864.26388616 9.30736442
867.58161191 4.17024067
858.80569218 33.17358515
898.72542462 37.24047479
910.17692963 37.66856843
920.45117713 35.74214703
927.94281592 36.27726408
936.71873565 28.14348482
