291.93181737 761.88463044
290.53798797 522.14597345
919.15504786 661.52891356
1022.29842354 357.67410412
87.03889541 357.67410412
113.52165403 324.22219850
121.88463044 244.77392264
163.69951247 209.92818761
192.96992990 283.80114587
252.90459414 322.82836910
173.45631828 176.47628198
192.96992990 94.24034732
241.75395893 88.66502971
231.99715313 147.20586456
271.02437636 186.23308779
311.44542899 162.53798797
374.16775204 250.34924024
383.92455784 304.70858688
466.16049251 244.77392264
524.70132735 285.19497527
509.36920394 230.83562863
528.88281556 200.17138180
403.43816946 166.71947618
378.34924024 137.44905875
413.19497527 66.36375930
443.85922209 46.85014768
481.49261592 59.39461229
517.73218035 69.15141810
545.60876837 59.39461229
587.42365040 90.05885912
618.08789723 123.51076474
637.60150884 159.75032917
668.26575567 117.93544714
654.32746166 264.28753425
703.11149069 186.23308779
739.35105512 163.93181737
782.55976656 133.26757055
834.13145440 119.32927654
852.25123661 92.84651792
889.88463044 129.08608235
881.52165403 66.36375930
921.94270667 176.47628198
944.24397708 147.20586456
1022.29842354 120.72310594
976.30205331 98.42183552
991.63417672 70.54524750
962.36375930 63.57610049
1015.32927654 44.06248888
2.47991175 39.53254333
12.93363226 22.10967581
56.83925839 24.89733461
40.81022028 54.86466674
27.56884097 42.32020213
38.71947618 83.43816946
84.01893171 63.92455784
101.44179922 12.35287000
197.61602790 27.68499342
182.98081919 42.32020213
183.67773389 62.53072844
217.82655422 44.41094623
301.45631828 102.95178108
290.30568307 83.43816946
334.21130921 94.58880467
341.18045621 43.01711683
336.30205331 13.04978471
365.57247073 24.89733461
420.62873207 10.26212590
404.59969396 44.41094623
495.89551973 32.56339632
516.10604605 20.01893171
562.10241628 31.86648162
622.03708053 40.22945803
631.79388634 36.74488452
688.01167218 49.28934913
683.83018398 10.95904060
658.04434006 7.47446710
615.53254333 13.04978471
830.87918579 15.83744351
867.11875022 29.77573752
923.56884097 64.62147255
937.50713498 41.62328743
193.22709686 57.73545806
154.27057512 17.49465539
185.94950489 2.08328415
228.75886943 18.77893632
250.59164535 2.93947144
298.11004000 40.18361860
0.58495639 68.43779920
340.91940455 1.22709686
358.47124402 0.79900321
715.07325070 160.47793298
239.03311693 228.54482261
809.25385271 30.76555840
693.24047479 35.90268214
531.42107679 83.84917044
221.48127746 252.94616040
442.80569218 149.77559184
336.63846810 119.38094301
367.46121057 72.71873565
373.45452161 56.45117713
311.38094301 45.74883599
148.27726408 325.93612696
