13.45556404 571.79322638
7.22179781 524.41660300
276.52049911 374.80621339
221.66335625 262.59842119
166.80621339 306.23478482
77.03997963 308.72829132
44.62439521 309.97504456
82.02699262 271.32569391
64.57244716 271.32569391
883.68933028 602.96205755
570.75426534 253.87114846
376.26075885 266.33868093
348.83218742 256.36465495
366.28673287 215.22179781
387.48153807 226.44257703
583.22179781 196.52049911
590.70231729 179.06595365
575.74127833 174.07894067
567.01400560 116.72829132
583.22179781 108.00101859
596.93608352 104.26075885
606.91010950 76.83218742
660.52049911 79.32569391
631.84517443 140.41660300
666.75426534 196.52049911
702.91010950 201.50751210
722.85816145 247.63738223
684.20881080 252.62439521
874.96205755 221.45556404
924.83218742 241.40361599
973.45556404 243.89712249
892.41660300 85.55946015
937.29971989 70.59842119
195.48153807 104.26075885
105.71530430 95.53348612
241.61140820 182.80621339
250.33868093 160.36465495
267.79322638 155.37764197
311.42959002 95.53348612
291.48153807 90.54647313
241.61140820 109.24777184
30.49452508 77.29971989
42.33868093 75.42959002
101.24777184 73.24777184
76.62439521 65.14387573
100.93608352 56.41660300
98.13088872 91.63738223
153.61140820 57.66335625
157.03997963 27.11790171
142.70231729 29.29971989
115.27374586 32.72829132
129.29971989 29.92309651
122.13088872 19.32569391
113.71530430 22.13088872
97.81920041 28.36465495
92.52049911 24.31270690
106.23478482 20.57244716
106.23478482 12.78023937
104.67634326 5.61140820
99.37764197 5.61140820
104.98803158 2.18283677
108.72829132 6.23478482
115.89712249 8.41660300
137.71530430 12.15686275
118.70231729 9.97504456
124.93608352 15.58543417
135.22179781 23.68933028
134.28673287 17.14387573
99.68933028 17.76725236
100.31270690 12.15686275
352.26075885 85.09192768
344.78023937 79.79322638
352.57244716 119.06595365
375.63738223 62.65036924
385.29971989 55.48153807
406.80621339 111.27374586
388.72829132 143.68933028
397.45556404 135.58543417
421.14387573 140.88413547
522.13088872 125.45556404
605.35166794 15.27374586
614.70231729 17.76725236
609.40361599 4.67634326
624.05296664 18.39062898
619.37764197 18.70231729
647.11790171 19.32569391
656.15686275 11.84517443
689.81920041 19.32569391
681.09192768 19.63738223
694.80621339 1.87114846
702.91010950 2.49452508
791.42959002 47.22179781
801.50751210 3.11790171
978.44257703 36.15686275
999.63738223 10.59842119
1009.61140820 8.41660300
