54.57397504 306.46702317
131.92156863 190.78787879
116.17825312 180.52049911
36.77718360 155.87878788
362.59536542 201.73975045
378.33868093 184.62745098
337.26916221 156.56327986
278.40285205 131.23707665
252.39215686 129.18360071
299.62210339 115.49376114
539.19429590 131.92156863
654.18894831 140.81996435
670.61675579 153.82531194
745.22638146 143.55793226
54.83065954 93.67557932
77.07664884 88.37076649
179.92156863 70.23172906
227.49376114 65.95365419
225.95365419 88.54188948
202.33868093 82.89483066
185.39750446 111.64349376
155.96434938 111.47237077
239.98573975 30.18894831
336.67023173 111.64349376
377.05525847 66.12477718
394.68092692 55.17290553
294.06060606 46.10338681
263.92156863 14.46702317
279.06595365 8.73440285
283.36541889 18.50980392
305.07664884 13.56862745
332.92691622 13.18360071
357.99643494 10.27450980
580.90552585 104.62745098
647.81461676 102.57397504
595.62210339 72.45632799
555.06595365 65.26916221
518.44563280 34.63814617
487.64349376 30.87344029
529.01247772 21.16221034
466.03921569 20.04991087
727.94295900 99.57932264
781.33333333 84.86274510
836.09269162 83.15151515
996.60606061 81.78253119
988.04991087 73.91087344
979.83600713 69.11942959
964.00713012 57.56862745
983.85739750 58.25311943
592.85251492 1.97626074
