80.76666311 572.32383189
57.07156329 515.17682645
84.94815131 476.14960322
114.21856873 442.69769759
235.48172663 439.91003879
176.94089178 336.76666311
482.18953062 456.63599160
563.03163588 473.36194441
631.32927654 736.79570122
638.29842354 533.29660866
915.67047436 612.74488452
628.54161774 364.64325113
873.85559233 352.09878652
968.63599160 384.15686275
871.06793353 283.80114587
777.68136365 204.35287000
196.10604605 288.67954877
238.61784278 304.70858688
289.49261592 299.13326928
289.49261592 270.55976656
370.33472118 216.89733461
193.31838725 244.77392264
232.34561048 224.56339632
265.10060140 218.98807872
283.22038362 177.17319668
347.33653607 196.68680830
346.63962137 267.77210775
215.61965766 133.26757055
243.49624569 127.69225294
196.80296075 110.96630013
196.10604605 94.93726202
179.38009324 82.39279741
187.04615494 59.39461229
221.89188997 59.39461229
249.07156329 88.66502971
125.02074659 62.18227109
134.08063770 76.81747980
93.65958507 78.90822391
101.32564677 65.66684460
68.57065585 67.06067400
72.05522935 92.14960322
56.02619124 83.78662681
16.99896801 76.81747980
28.84651792 108.87555603
39.99715313 115.84470304
289.49261592 64.27301520
313.88463044 102.60332373
373.12237999 67.75758870
340.36738906 78.90822391
350.12419487 62.18227109
324.33835095 62.18227109
403.78662681 67.75758870
435.84470304 60.09152699
466.50894986 55.91003879
483.23490267 58.00078289
448.38916765 99.11875022
502.74851429 96.33109142
497.87011138 83.78662681
23.44542899 34.82836910
56.89733461 27.16230739
243.32201701 1.72492082
253.42728017 49.81203516
285.94996619 48.76666311
268.17864133 39.35831465
295.35831465 27.51076474
314.52346892 10.78481193
333.68862318 8.34561048
340.30931284 4.16412227
360.17138180 9.73943988
311.38735276 29.25305149
301.63054696 56.08426746
311.03889541 48.76666311
335.77936728 47.37283371
357.03526565 41.44905875
387.00259777 38.31294260
407.91003879 44.58517490
408.60695349 37.61602790
427.42365040 32.73762500
464.36012953 30.29842354
459.13326928 10.78481193
457.04252518 2.42183552
422.19679015 10.78481193
389.44179922 9.73943988
500.25123661 7.30023843
517.67410412 12.17864133
265.91366855 11.65595530
263.30023843 53.64506601
330.90096438 24.37464859
341.70314224 17.05704423
362.26212590 25.76847799
361.56521120 51.20586456
205.80477563 93.02074659
972.70132735 291.81566492
940.64325113 187.27845984
873.73943988 201.91366855
965.03526565 121.76847799
997.09334187 118.28390449
993.60876837 66.01530195
969.91366855 48.59243443
993.60876837 43.71403153
985.94270667 14.44361411
1016.60695349 43.71403153
908.58517490 66.71221665
872.34561048 58.34924024
811.01711683 113.40550158
829.13689904 87.61965766
852.13508416 65.31838725
920.43272481 36.74488452
1021.42728017 55.03889541
968.46176293 22.98081919
941.97900431 24.37464859
948.25123661 11.48172663
929.78299705 5.90640902
930.82836910 28.20767944
901.90640902 38.31294260
903.99715313 7.30023843
891.80114587 3.46720757
894.24034732 19.49624569
857.30386819 18.45087363
853.12237999 3.81566492
832.91185367 9.73943988
822.80659051 29.25305149
840.57791538 25.07156329
823.50350521 3.46720757
796.67228924 9.04252518
784.82473933 18.10241628
770.88644532 43.19134550
777.15867763 79.77936728
824.20041991 75.94633643
872.28753425 4.86103697
821.06430376 16.36012953
532.01893171 165.67410412
557.80477563 155.91729832
561.28934913 90.40731647
626.10241628 82.74125476
716.17864133 84.30931284
684.81747980 89.53617309
713.04252518 45.63054696
693.52891356 48.76666311
705.37646347 20.89007509
701.54343262 7.64869578
736.38916765 10.78481193
751.37283371 23.32927654
599.67773389 68.62873207
643.93181737 54.34198071
670.06611864 48.06974841
645.67410412 27.85922209
678.77755240 4.86103697
643.93181737 12.52709868
633.12963951 33.43453970
630.34198071 2.42183552
578.07337817 17.05704423
570.05885912 47.72129106
596.19316039 44.58517490
532.77392264 50.50894986
558.21130921 14.61784278
525.80477563 3.46720757
562.16049251 44.23671755
665.30386819 3.46720757
176.10335104 301.53478917
174.17692963 92.94616040
287.83579251 0.69197980
346.27057512 5.82910355
400.63846810 50.99298315
823.38094301 174.17692963
772.43779920 7.96957178
1011.95619385 19.95619385
