357.61308394 529.26285353
341.09695491 452.58082588
322.22137887 353.48405169
411.88036505 375.89879823
529.85271528 263.82506551
598.27667841 293.31815307
680.85732357 482.07391344
698.55317611 549.31815307
758.71907473 594.14764616
927.41953556 387.69603325
899.10617150 347.58543417
985.22598717 161.18912081
993.48405169 72.70985814
962.81124063 79.78819915
948.65455860 93.94488118
889.66838348 91.58543417
844.83889039 97.48405169
666.70064155 172.98635583
620.69142496 162.36884431
615.97253095 141.13382127
588.83889039 123.43796874
522.77437427 221.35501943
494.46101021 235.51170145
498.00018072 168.26746182
464.96792265 139.95409777
441.37345261 195.40110238
403.62230053 231.97253095
330.47944339 156.47022680
299.80663233 145.85271528
225.48405169 162.36884431
167.67760007 185.96331436
153.52091804 314.55317611
109.87114846 288.59925906
63.86193187 252.02783049
4.87575675 346.40571067
23.75133279 210.73750791
102.79280745 213.09695491
151.16147104 176.52552634
90.99557242 105.74211620
65.04165537 105.74211620
90.99557242 73.88958164
175.93566459 64.45179362
231.38266920 52.65455860
269.13382127 83.32736966
326.94027288 126.97713924
345.81584892 138.77437427
352.89418993 122.25824523
372.94948947 93.94488118
391.82506551 99.84349869
336.37806090 82.14764616
355.25363694 47.93566459
426.03704708 98.66377519
436.65455860 75.06930514
395.36423602 73.88958164
411.88036505 85.68681666
496.82045722 96.30432818
42.62690883 65.92644800
47.34580284 41.74211620
27.29050330 74.77437427
2.51630975 47.05087196
72.11999639 7.53013463
40.85732357 15.78819915
228.43336044 28.76515768
240.82045722 26.99557242
270.90340652 32.30432818
280.93105629 39.97253095
319.86193187 38.79280745
306.88497334 24.04626367
358.20294569 84.21216228
341.68681666 35.25363694
368.82045722 25.22598717
356.43336044 32.89418993
374.71907473 39.38266920
384.15686275 30.53474293
380.61769224 20.50709316
393.00478901 53.53935122
381.20755399 65.92644800
382.38727749 47.05087196
390.05548026 65.92644800
481.48405169 33.48405169
504.48865998 26.40571067
743.38266920 73.59465076
706.22137887 58.25824523
668.47022680 75.95409777
674.36884431 117.24442035
665.52091804 110.75594109
643.69603325 91.29050330
868.43336044 78.90340652
874.33197795 30.53474293
884.94948947 31.12460468
900.87575675 75.95409777
910.90340652 60.61769224
945.11538809 52.35962772
971.65916689 60.02783049
986.40571067 47.64073371
970.47944339 10.47944339
954.55317611 11.65916689
844.83889039 19.91723141
833.63151712 21.09695491
809.44718533 19.91723141
795.88036505 60.02783049
782.31354477 74.77437427
774.05548026 67.69603325
771.69603325 53.53935122
746.33197795 8.11999639
716.24902864 6.35041113
663.16147104 57.07852173
669.64995030 30.53474293
657.26285353 30.53474293
599.45640192 75.95409777
585.88958164 80.08313003
531.62230053 61.79741574
539.29050330 100.72829132
513.92644800 52.35962772
535.75133279 52.35962772
649.00478901 1.63151712
1016.80551139 135.72443031
270.71204669 256.58495639
