167.23318368 575.02966118
201.80069836 651.67936764
350.59130502 420.22731284
452.79091363 505.89463183
586.55216607 689.25275316
529.44062008 427.74198995
506.89658877 388.66566901
470.82613867 346.58347723
446.77917194 333.05705844
428.74394689 296.98660834
326.54433828 251.89854572
304.00030697 301.49541460
141.68328153 316.52476881
86.07467096 346.58347723
74.05118760 293.98073750
30.46606040 287.96899582
42.48954376 238.37212693
92.08641265 251.89854572
90.58347723 220.33690188
16.93964161 151.20187253
0.40735198 220.33690188
176.25079621 203.80461226
180.75960247 178.25471010
221.33885883 196.28993515
207.81244004 151.20187253
240.87701930 143.68719543
264.92398603 154.20774337
270.93572772 178.25471010
288.97095276 143.68719543
325.04140286 64.03161813
379.14707801 70.04335981
338.56782165 127.15490580
370.12946548 146.69306627
401.69110932 139.17838916
415.21752811 116.63435785
434.75568858 158.71654963
442.27036568 127.15490580
460.30559073 121.14316411
455.79678447 140.68132458
400.18817390 71.54629523
415.21752811 59.52281186
407.70285100 53.51107018
391.17056138 53.51107018
377.64414259 59.52281186
454.29384905 74.55216607
496.37604083 101.60500365
493.37016999 80.56390775
514.41126588 50.50519934
545.97290971 70.04335981
568.51694102 65.53455355
562.50519934 91.08445570
562.50519934 106.11380991
544.46997429 112.12555159
527.93768466 101.60500365
508.39952419 95.59326196
603.08445570 74.55216607
610.59913280 92.58739112
648.17251832 59.52281186
679.73416216 64.03161813
672.21948505 49.00226392
687.24883926 6.92007214
778.92789993 5.41713672
760.89267488 30.96703887
768.40735198 8.42300756
873.61283143 36.97878055
872.10989601 18.94355550
848.06292928 21.94942635
846.55999386 33.97290971
830.02770423 17.44062008
822.51302713 55.01400560
912.68915237 2.41126588
938.23905453 11.42887840
954.77134415 15.93768466
1005.87114846 5.41713672
998.35647136 26.45823261
1007.37408388 38.48171597
1020.90050267 23.45236177
1022.40343809 49.00226392
999.85940678 80.56390775
996.85353593 68.54042439
978.81831089 53.51107018
944.25079621 64.03161813
929.22144200 49.00226392
933.73024826 33.97290971
888.64218564 74.55216607
875.11576685 64.03161813
849.56586470 53.51107018
846.55999386 82.06684318
808.98660834 82.06684318
819.50715629 74.55216607
786.44257703 74.55216607
769.91028740 50.50519934
786.44257703 61.02574729
762.39561030 80.56390775
751.87506235 64.03161813
721.81635394 64.03161813
736.84570815 76.05510149
747.36625609 110.62261617
702.27819347 106.11380991
696.26645179 89.58152028
682.74003300 85.07271402
669.21361421 107.61674533
637.65197038 101.60500365
595.56977860 121.14316411
553.48758682 122.64609954
646.66958290 134.66958290
643.66371206 151.20187253
636.14903496 175.24883926
615.10793907 178.25471010
708.28993515 169.23709758
884.13337938 131.66371206
933.73024826 190.27819347
888.64218564 202.30167684
694.76351637 235.36625609
693.26058094 211.31928936
634.64609954 227.85157899
556.49345766 295.48367292
604.58739112 309.01009171
703.78112889 284.96312498
580.54042439 363.11576685
551.98465139 363.11576685
696.26645179 427.74198995
774.41909366 336.06292928
825.51889797 493.87114846
896.15686275 617.11185296
939.74198995 342.07467096
942.74786079 238.37212693
1011.88289014 211.31928936
1020.90050267 283.46018956
184.29272688 58.91410550
178.15486474 62.49452508
171.50551409 52.77624336
254.87814147 48.17284676
245.67134826 27.20181779
267.66535425 48.17284676
281.47554406 54.31070890
307.56145815 51.75326634
300.91210750 61.47154806
369.96305655 50.21880081
377.12389571 41.01200760
404.74427533 61.47154806
413.95106854 77.32769192
369.45156804 118.24677284
372.52049911 131.54547413
638.49452508 64.54047913
654.86215745 50.73028932
668.16085875 37.43158802
713.68333627 3.67334626
709.07993967 35.89712249
725.44757204 33.85116844
731.58543417 32.31670290
747.44157803 33.85116844
740.28073887 43.56945016
783.75726235 14.41460500
771.99302658 15.94907054
768.92409551 26.69032928
862.01500460 4.18483477
920.83618342 23.10990970
862.01500460 51.75326634
884.00901060 6.23078882
697.05995965 70.16685276
780.43258702 94.71830131
907.28173787 76.81620340
938.48253707 98.29872089
972.75226734 116.71230730
775.31770191 105.97104856
760.99602358 98.29872089
778.89812149 211.84917044
830.55846115 194.45856105
783.50151809 168.88413547
843.34567393 156.60841120
952.80421539 73.23578382
987.07394566 7.76525435
986.56245715 32.82819142
955.87314646 7.25376584
944.62039921 4.18483477
317.79122838 218.94607353
306.53848113 229.17584376
506.01900061 269.07194766
385.30771190 191.32569391
242.09092868 177.00401559
312.67634326 63.51750211
424.18083877 49.19582378
345.92309651 125.40761200
425.20381579 146.89012948
368.94007953 252.25676284
528.52449511 68.12089871
518.29472488 73.74727234
508.06495465 86.53448512
555.63338622 73.23578382
562.28273687 75.28173787
567.90911050 81.41960001
578.13888073 83.97704257
630.82219741 93.18383577
353.08393567 69.65536424
345.41160800 55.33368592
336.20481479 45.61540420
501.92709252 80.39662298
288.12489471 176.55646314
383.77324636 64.54047913
464.58843118 101.36765196
630.31070890 57.37963997
552.05296664 165.75126834
856.64437523 12.36865096
839.76525435 14.41460500
821.86315645 12.88013947
930.29872089 26.69032928
954.85016944 36.40861100
901.14387573 179.11390570
835.67334626 50.21880081
810.61040920 160.18883078
818.79422538 138.19482478
665.34767194 72.21280680
645.91110850 82.95406554
1015.20581379 43.05796165
1017.76325635 16.46055905
696.03698263 45.61540420
691.43358602 43.05796165
758.43858103 109.55146814
370.98603357 69.65536424
364.33668292 62.49452508
405.76725236 114.66635325
263.22040790 60.41104335
242.45786609 59.76890288
253.48127746 53.88261525
271.03311693 62.76555840
335.56823398 55.91606007
358.89933766 83.95619385
328.07659519 104.50468883
278.84582596 130.40435438
90.48462194 175.67525739
137.14682930 214.63177913
111.88930422 338.35084268
208.63846810 279.27391960
256.15686275 170.96622729
317.37425405 156.62509017
360.18361860 155.34080923
388.00970555 331.92943800
560.95953833 170.75218047
467.63512361 211.84917044
408.98629418 262.36422060
492.67860188 49.28060856
895.94281592 7.96957178
892.94616040 2.83244803
897.65519050 50.13679586
936.39766542 60.19699652
842.00301659 65.33412027
807.54147813 39.32743131
783.78228081 28.41104335
771.47458850 37.82910355
