605.66335625 498.23478482
427.37764197 495.74127833
382.49452508 495.74127833
231.63738223 419.68933028
202.96205755 382.28673287
387.48153807 356.10491469
326.39062898 297.50751210
292.72829132 302.49452508
234.13088872 270.07894067
133.14387573 257.61140820
27.16984976 291.27374586
8.46855106 151.63738223
2.23478482 50.65036924
25.92309651 35.68933028
51.06595365 38.49452508
28.00101859 6.07894067
8.05296664 6.07894067
1.19582378 15.42959002
87.84517443 10.44257703
96.57244716 26.02699262
115.89712249 7.94907054
128.36465495 10.44257703
163.27374586 7.94907054
172.00101859 37.24777184
179.48153807 36.62439521
142.70231729 47.22179781
124.00101859 41.61140820
147.06595365 72.15686275
87.22179781 82.75426534
172.00101859 115.79322638
181.35166794 133.24777184
148.31270690 161.29971989
266.75426534 170.65036924
244.31270690 102.07894067
203.79322638 74.65036924
197.55946015 103.32569391
251.79322638 69.66335625
219.37764197 25.40361599
193.19582378 25.40361599
240.57244716 7.94907054
282.33868093 7.94907054
336.57244716 170.02699262
362.75426534 195.58543417
418.23478482 297.19582378
450.02699262 316.52049911
489.92309651 298.44257703
499.27374586 145.71530430
439.42959002 67.16984976
438.18283677 47.22179781
383.32569391 52.20881080
421.35166794 112.05296664
433.19582378 112.67634326
357.76725236 123.89712249
303.53348612 63.42959002
322.23478482 45.97504456
324.10491469 14.80621339
308.52049911 9.19582378
632.46855106 26.02699262
720.98803158 45.97504456
732.20881080 12.93608352
756.52049911 37.24777184
817.61140820 3.58543417
868.72829132 21.03997963
962.85816145 14.80621339
987.79322638 60.31270690
816.36465495 119.53348612
764.62439521 95.22179781
697.29971989 194.33868093
556.41660300 267.89712249
684.83218742 323.37764197
1014.59842119 44.41660300
1022.07894067 756.31270690
154.11490470 744.75626334
962.26675285 273.16385575
880.42859102 98.23478482
76.36865096 333.51950011
202.19482478 182.11890071
76.35753164 256.58495639
134.57826743 100.11672897
44.25050823 1.54816709
261.07993967 1.76221392
540.41104335 12.78562529
519.00636107 67.15351826
470.20368549 83.42107679
498.02977244 100.11672897
590.06990622 143.56823398
612.33077579 199.00636107
