565.00089944 644.41374348
603.75319302 342.32200036
477.80823889 297.40456917
460.19355999 269.22108293
466.35869761 237.51466091
435.53300953 232.23025724
461.95502788 180.26695449
440.81741320 184.67062421
415.27612880 160.89080770
801.03759669 468.26695449
959.56970678 354.65227559
978.94585357 492.92750495
940.19355999 241.91833064
893.51466091 213.73484440
862.68897284 157.36787192
845.07429394 118.61557834
779.89998201 118.61557834
883.82658752 95.71649577
876.78071596 137.11099119
919.93667926 126.54218385
981.58805541 138.87245908
29.51466091 227.82658752
63.86328476 215.49631229
72.67062421 215.49631229
46.24860586 155.60640403
23.34952330 149.44126641
418.79906458 112.45044073
411.75319302 123.01924807
400.30365174 108.04677100
386.21190862 86.02842238
166.76236733 151.42291779
150.02842238 145.69814715
178.65227559 141.29447742
181.73484440 118.83576183
207.27612880 125.44126641
212.56053247 115.75319302
213.00089944 105.18438568
190.10181687 75.67979852
179.09264256 91.09264256
172.04677100 91.09264256
163.67979852 83.60640403
157.07429394 77.88163339
150.90915632 80.08346825
153.99172513 68.63392697
170.28530311 61.58805541
174.68897284 69.51466091
197.14768843 64.67062421
207.27612880 58.94585357
112.15686275 68.63392697
128.89080770 73.03759669
125.36787192 77.44126641
119.64310128 95.49631229
141.22108293 94.17521137
152.23025724 101.66144990
131.53300953 102.10181687
97.62475265 120.15686275
93.22108293 98.57888109
68.12016550 89.77154164
72.08346825 108.26695449
36.41374348 103.42291779
25.84493614 95.49631229
2.94585357 98.57888109
8.23025724 115.75319302
9.55135816 148.78071596
225.77154164 181.80823889
261.88163339 181.36787192
284.78071596 194.57888109
299.75319302 182.68897284
302.39539486 200.74401871
311.20273430 158.02842238
320.89080770 143.49631229
280.81741320 99.01924807
273.77154164 129.40456917
255.71649577 105.62475265
235.45961504 109.58805541
229.73484440 91.09264256
235.01924807 80.08346825
234.57888109 76.12016550
227.09264256 76.12016550
220.04677100 77.88163339
217.40456917 87.12933981
223.12933981 54.10181687
236.78071596 56.30365174
237.22108293 63.34952330
259.23943155 44.85411045
253.51466091 47.93667926
258.79906458 51.01924807
255.71649577 59.38622054
268.04677100 51.45961504
263.64310128 62.02842238
276.41374348 54.10181687
283.45961504 49.25778018
283.01924807 53.22108293
279.05594531 49.25778018
288.74401871 44.85411045
305.47796366 43.09264256
300.19355999 41.77154164
294.90915632 52.34034898
304.15686275 57.18438568
287.86328476 71.27612880
278.17521137 82.28530311
257.91833064 78.76236733
300.19355999 77.00089944
312.96420219 72.59722972
319.56970678 63.34952330
325.73484440 74.79906458
312.96420219 83.60640403
320.45044073 90.21190862
338.06511963 99.45961504
379.45961504 175.20273430
367.56970678 157.58805541
378.13851412 148.34034898
447.71649577 111.78989027
496.15686275 153.18438568
471.93667926 107.82658752
425.69814715 94.17521137
411.16603706 77.44126641
427.01924807 77.00089944
417.77154164 80.52383522
360.74401871 39.01924807
364.92750495 37.25778018
381.00089944 24.04677100
353.69814715 33.29447742
342.46878935 45.84493614
331.45961504 43.42291779
323.97337651 44.96420219
325.29447742 39.67979852
313.84493614 40.12016550
325.51466091 52.89080770
317.58805541 53.33117467
334.54218385 49.80823889
343.56970678 67.20273430
357.88163339 58.83576183
350.17521137 58.61557834
365.58805541 49.36787192
369.55135816 55.53300953
370.87245908 46.28530311
377.03759669 44.74401871
373.95502788 48.26695449
383.20273430 49.36787192
385.62475265 72.92750495
417.33117467 53.99172513
403.89998201 50.24860586
396.63392697 48.70732146
390.90915632 41.00089944
389.14768843 30.87245908
384.74401871 33.95502788
398.17521137 35.49631229
412.48713797 30.43209210
408.52383522 44.08346825
414.90915632 35.71649577
420.41374348 35.71649577
420.63392697 30.21190862
418.87245908 26.24860586
424.37704623 24.70732146
432.74401871 23.16603706
437.14768843 20.96420219
435.60640403 31.31282605
437.36787192 28.23025724
437.80823889 33.95502788
429.00089944 38.57888109
432.08346825 54.21190862
416.67062421 44.74401871
443.97337651 45.62475265
438.68897284 50.90915632
443.53300953 38.13851412
204.63392697 117.40456917
445.51466091 71.82658752
454.10181687 75.12933981
466.21190862 61.69814715
473.03759669 57.95502788
472.81741320 49.58805541
469.51466091 37.47796366
466.21190862 41.00089944
459.82658752 38.79906458
454.32200036 42.54218385
452.34034898 37.03759669
452.34034898 24.70732146
456.74401871 29.33117467
458.28530311 25.14768843
456.08346825 20.52383522
464.67062421 24.92750495
461.14768843 31.97337651
475.89998201 29.55135816
467.75319302 23.16603706
450.90915632 15.29447742
450.02842238 12.43209210
466.76236733 11.00089944
465.22108293 18.26695449
473.25778018 16.83576183
480.08346825 13.97337651
481.95502788 19.36787192
485.14768843 24.87245908
479.64310128 30.92750495
495.27612880 30.70732146
499.56970678 20.24860586
491.64310128 19.03759669
492.52383522 25.31282605
486.79906458 14.74401871
484.70732146 11.33117467
480.96420219 10.12016550
496.92750495 13.64310128
503.42291779 12.54218385
501.11099119 14.41374348
505.62475265 13.20273430
507.71649577 16.72567008
512.12016550 12.43209210
516.19355999 15.51466091
518.28530311 14.19355999
521.91833064 12.21190862
522.02842238 17.05594531
518.50548660 20.24860586
528.41374348 18.37704623
522.90915632 22.23025724
515.75319302 26.08346825
522.24860586 30.59722972
523.45961504 25.64310128
529.73484440 27.07429394
510.46878935 47.66144990
519.49631229 50.30365174
493.51466091 46.89080770
473.58805541 38.41374348
483.16603706 47.11099119
490.87245908 61.97337651
481.95502788 66.48713797
481.84493614 72.32200036
473.69814715 83.77154164
510.02842238 74.30365174
519.16603706 85.09264256
515.64310128 68.90915632
509.25778018 56.90915632
526.87245908 63.62475265
489.44126641 93.34952330
388.04677100 61.75319302
571.78989027 59.44126641
578.06511963 82.56053247
608.01007375 83.99172513
600.19355999 89.05594531
542.61557834 68.46878935
530.17521137 46.78071596
547.45961504 36.98255082
554.50548660 42.92750495
554.39539486 62.08346825
563.31282605 54.92750495
573.22108293 44.46878935
571.01924807 37.20273430
567.16603706 36.76236733
560.23025724 32.46878935
554.39539486 37.86328476
583.89998201 38.63392697
584.23025724 54.59722972
596.34034898 51.18438568
603.05594531 39.07429394
611.20273430 44.79906458
593.03759669 32.24860586
593.80823889 24.54218385
585.99172513 25.97337651
582.68897284 19.80823889
573.44126641 20.68897284
564.96420219 25.20273430
556.59722972 23.22108293
545.25778018 21.67979852
539.42291779 25.97337651
535.34952330 23.22108293
537.99172513 19.80823889
531.82658752 14.19355999
526.43209210 12.10181687
543.27612880 13.75319302
540.52383522 10.12016550
554.50548660 10.56053247
556.81741320 13.64310128
552.30365174 17.93667926
565.84493614 15.95502788
565.51466091 9.01924807
573.99172513 9.78989027
568.59722972 11.66144990
579.60640403 12.43209210
584.34034898 12.98255082
588.52383522 16.83576183
591.27612880 13.42291779
591.49631229 16.72567008
596.23025724 18.70732146
601.18438568 18.04677100
605.69814715 17.05594531
603.93667926 10.56053247
599.42291779 11.33117467
608.01007375 10.67062421
610.98255082 17.82658752
612.85411045 34.78071596
618.57888109 32.13851412
606.46878935 21.67979852
616.15686275 21.67979852
618.13851412 16.72567008
625.51466091 17.05594531
626.28530311 25.64310128
622.76236733 23.22108293
632.45044073 17.82658752
632.89080770 13.42291779
638.39539486 24.43209210
634.32200036 26.30365174
647.64310128 21.45961504
648.08346825 27.84493614
647.86328476 37.09264256
643.89998201 34.45044073
631.34952330 42.92750495
627.82658752 35.99172513
634.54218385 56.35869761
622.76236733 54.59722972
619.12933981 90.04677100
635.86328476 64.61557834
656.67062421 51.40456917
653.58805541 43.03759669
662.50548660 32.90915632
656.67062421 26.08346825
661.29447742 23.22108293
667.01924807 24.76236733
663.27612880 17.60640403
657.44126641 19.80823889
659.97337651 13.31282605
667.89998201 18.26695449
678.79906458 28.06511963
677.91833064 36.98255082
668.78071596 52.61557834
664.48713797 62.30365174
673.29447742 60.54218385
678.35869761 52.39539486
678.90915632 83.44126641
692.01007375 57.34952330
697.73484440 40.61557834
699.93667926 33.45961504
694.43209210 26.08346825
691.34952330 23.33117467
688.48713797 19.47796366
696.63392697 17.60640403
704.34034898 20.68897284
708.52383522 23.33117467
700.81741320 21.78989027
733.40456917 61.97337651
721.40456917 39.95502788
711.16603706 42.15686275
717.11099119 38.41374348
713.69814715 28.28530311
717.77154164 22.89080770
713.03759669 18.59722972
723.27612880 13.42291779
719.75319302 14.52383522
722.94585357 25.31282605
736.92750495 18.37704623
730.76236733 11.66144990
743.42291779 16.28530311
746.39539486 20.24860586
751.34952330 18.37704623
751.34952330 14.52383522
762.13851412 11.77154164
759.49631229 21.34952330
740.23025724 31.14768843
738.79906458 42.26695449
743.86328476 46.01007375
748.59722972 42.59722972
748.81741320 48.76236733
770.83576183 39.51466091
765.22108293 40.83576183
758.50548660 28.61557834
770.94585357 24.43209210
770.94585357 16.72567008
774.90915632 17.16603706
794.72567008 35.55135816
787.23943155 26.08346825
766.65227559 86.96420219
803.97337651 31.91833064
792.63392697 14.41374348
798.24860586 12.98255082
802.43209210 13.42291779
786.57888109 10.89080770
775.34952330 12.43209210
713.50548660 2.86787192
719.86328476 3.72108293
733.54218385 4.29906458
737.75319302 7.18897284
769.32200036 11.84034898
780.08346825 3.08805541
788.53300953 5.56511963
792.77154164 5.56511963
779.89080770 33.76236733
804.90915632 6.11557834
809.80823889 10.73943155
816.13851412 12.61099119
823.87245908 13.34034898
820.73484440 8.11099119
833.01007375 11.57888109
831.19355999 24.45961504
818.14768843 26.99172513
809.72567008 34.53300953
839.17521137 8.99172513
851.72567008 8.99172513
854.58805541 26.00089944
848.31282605 28.14768843
858.16603706 27.59722972
863.28530311 16.69814715
867.35869761 25.06511963
862.78989027 30.56970678
868.62475265 33.26695449
876.99172513 20.49631229
887.28530311 16.53300953
884.25778018 23.96420219
878.09264256 27.92750495
885.63392697 29.79906458
905.72567008 33.78989027
907.04677100 12.65227559
900.99172513 15.18438568
903.74401871 9.34952330
912.00089944 12.65227559
906.60640403 22.89080770
896.58805541 30.59722972
897.46878935 44.46878935
880.62475265 60.98255082
884.36787192 91.47796366
912.00089944 63.40456917
920.47796366 70.67062421
922.67979852 45.23943155
940.67062421 15.62475265
928.34034898 13.20273430
946.17521137 16.28530311
943.64310128 30.59722972
955.53300953 27.18438568
950.79906458 46.89080770
955.64310128 57.12933981
972.70732146 41.05594531
970.61557834 25.53300953
965.88163339 12.87245908
985.25778018 13.97337651
983.93667926 26.08346825
991.86328476 32.46878935
999.23943155 21.34952330
1009.58805541 17.16603706
1017.62475265 14.41374348
1002.98255082 51.18438568
1005.18438568 61.20273430
979.77154164 9.98255082
990.61557834 5.19355999
1015.00089944 5.24860586
772.47796366 8.73025724
555.45961504 130.28530311
546.65227559 184.45044073
579.23943155 175.20273430
506.87245908 102.10181687
578.65227559 101.66144990
595.38622054 95.49631229
624.45044073 109.58805541
655.71649577 95.49631229
571.16603706 25.53300953
559.38622054 17.93667926
570.25778018 9.11557834
584.87245908 8.81282605
584.29447742 4.76695449
580.38622054 2.89539486
574.66144990 3.22567008
590.65227559 11.42750495
551.01924807 8.23484440
556.19355999 6.52842238
562.52383522 3.36328476
469.82658752 7.56053247
486.06511963 7.56053247
493.38622054 6.73484440
500.15686275 6.78989027
476.59722972 19.28530311
507.20273430 4.10640403
501.31282605 3.33576183
511.19355999 4.57429394
508.79906458 7.95961504
513.61557834 8.04218385
521.45961504 7.87704623
523.96420219 4.87704623
515.21190862 2.84034898
554.81741320 16.03759669
612.91833064 3.85869761
610.88163339 6.06053247
605.32200036 5.67521137
596.18438568 4.71190862
601.88163339 3.06053247
616.27612880 9.50089944
610.68897284 15.41833064
531.31282605 2.68897284
522.50548660 1.58805541
549.36787192 3.34952330
547.60640403 8.85411045
535.49631229 3.12933981
540.12016550 2.90915632
544.96420219 2.90915632
627.75319302 2.68897284
629.07429394 6.87245908
621.80823889 10.83576183
635.45961504 7.31282605
640.96420219 5.33117467
750.61557834 2.68897284
758.10181687 6.65227559
759.42291779 2.24860586
767.56970678 4.67062421
771.09264256 4.89080770
938.43209210 3.34952330
945.69814715 2.90915632
960.45044073 3.12933981
949.88163339 2.68897284
549.61505673 31.46121057
546.83244803 28.99967211
544.15686275 31.99632763
577.33412027 19.26054167
587.82241458 1.06656174
555.60836776 0.95953833
532.81238114 7.48796642
529.60167880 6.41773231
508.08997311 28.25050823
504.45117713 29.21371893
535.91606007 28.46455505
375.59498984 18.29733097
423.32743131 15.30067545
385.65519050 45.16020723
840.50468883 28.94616040
926.97960522 35.79565873
996.54482261 27.28729753
459.92943800 20.22375238
