355.06595365 709.63279857
151.77183601 545.35472371
127.13012478 443.36541889
105.91087344 340.69162210
178.46702317 389.29055258
453.63279857 417.35472371
476.90552585 505.65418895
616.54188948 587.79322638
713.73975045 618.59536542
825.31194296 630.91622103
768.49910873 476.90552585
932.77718360 357.11942959
768.49910873 301.67557932
718.53119430 309.88948307
822.57397504 280.45632799
869.11942959 202.42424242
518.65953654 257.18360071
554.93761141 233.91087344
615.17290553 251.02317291
654.18894831 238.70231729
478.27450980 255.81461676
450.89483066 226.38146168
470.06060606 142.87344029
452.26381462 149.03386809
587.10873440 143.55793226
715.79322638 157.24777184
761.65418895 149.71836007
850.63814617 138.76648841
329.05525847 159.30124777
298.93761141 159.30124777
251.02317291 174.36007130
217.48306595 177.78253119
118.91622103 117.54723708
126.44563280 123.70766488
97.69696970 123.70766488
70.31729055 128.49910873
57.31194296 133.97504456
44.99108734 131.23707665
261.80392157 74.93761141
350.78787879 80.75579323
373.03386809 68.43493761
390.48841355 80.75579323
409.65418895 73.22638146
432.92691622 74.93761141
433.95365419 64.67023173
449.35472371 71.85739750
458.93761141 67.40819964
449.01247772 84.17825312
471.94295900 73.56862745
479.13012478 79.72905526
489.05525847 78.01782531
488.71301248 68.77718360
505.14081996 82.80926916
516.09269162 72.54188948
506.16755793 62.27450980
531.83600713 65.69696970
529.78253119 85.54723708
545.18360071 82.80926916
552.02852050 64.32798574
574.27450980 60.22103387
583.85739750 57.14081996
580.09269162 73.56862745
628.00713012 71.85739750
644.77718360 65.69696970
673.18360071 72.19964349
366.27450980 47.64349376
378.42424242 53.80392157
388.69162210 33.61140820
392.11408200 41.48306595
402.03921569 41.65418895
413.16221034 40.45632799
397.07664884 55.17290553
434.21033868 50.03921569
431.98573975 35.32263815
455.94295900 40.62745098
480.07130125 40.62745098
515.49376114 42.33868093
526.61675579 28.64884135
437.95365419 19.85739750
649.48306595 29.84670232
646.40285205 52.26381462
661.80392157 30.53119430
679.42959002 51.40819964
696.54188948 34.46702317
709.37611408 46.10338681
703.72905526 56.37076649
695.17290553 72.45632799
748.90552585 55.51515152
747.87878788 37.71836007
778.16755793 51.57932264
809.48306595 77.59001783
819.06595365 69.88948307
832.75579323 75.53654189
838.40285205 65.26916221
837.54723708 46.10338681
813.41889483 52.26381462
850.72370766 33.78253119
864.07130125 50.21033868
871.42959002 32.41354724
663.04456328 15.08734403
636.52049911 20.39215686
628.99108734 14.83065954
692.81996435 17.22638146
710.18894831 18.08199643
727.64349376 26.55258467
623.90017825 53.80392157
826.36007130 27.60071301
848.94830660 15.45098039
862.72370766 15.36541889
847.06595365 8.13547237
882.16755793 58.59536542
892.09269162 43.70766488
904.92691622 50.03921569
910.40285205 55.34402852
921.69696970 50.03921569
955.57932264 44.39215686
974.01782531 26.72370766
948.94830660 26.89483066
981.63279857 21.16221034
989.24777184 19.27985740
996.94830660 42.46702317
1011.49376114 67.96434938
1012.60606061 21.16221034
804.50980392 7.22638146
90.94607353 94.71830131
96.57244716 59.93708253
107.31370590 55.33368592
38.77424536 32.31670290
50.02699262 32.31670290
56.67634326 9.81120840
110.89412548 26.69032928
129.81920041 20.55246714
138.00301659 21.57544416
197.33568392 66.07494466
238.25476484 3.67334626
248.99602358 5.71930031
424.94807154 5.20781180
447.45356604 5.20781180
1007.27774187 165.75126834
610.10691270 39.98903058
590.15886075 35.89712249
596.29672288 30.27074886
578.39462498 25.15586374
530.31470490 16.97204756
537.47554406 5.20781180
552.30871090 3.67334626
559.46955006 3.67334626
573.27973987 5.20781180
591.69332628 5.71930031
584.53248712 7.25376584
604.48053907 14.41460500
605.50351609 3.67334626
623.91710251 2.65036924
637.72729232 3.67334626
645.91110850 3.67334626
656.14087873 4.18483477
669.95106854 5.20781180
690.41060900 12.88013947
736.95606354 5.71930031
742.58243717 13.39162798
755.36964996 14.41460500
771.73728233 7.25376584
782.99002958 5.71930031
887.33368592 7.25376584
911.37364596 10.83418542
922.11490470 3.67334626
864.82819142 3.67334626
853.06395565 2.13888073
955.87314646 5.20781180
1021.34367593 38.45456504
1018.27474486 26.69032928
1018.78623337 6.23078882
997.30371589 2.65036924
88.77224736 31.67525739
80.85251492 21.07993967
18.99298315 8.55820054
139.92943800 13.05318382
191.94281592 32.47793298
