173.03997963 548.10491469
110.70231729 280.05296664
161.81920041 287.53348612
205.45556404 261.35166794
235.37764197 273.81920041
75.79322638 179.06595365
2.23478482 184.05296664
105.71530430 131.68933028
453.55946015 347.37764197
973.45556404 342.39062898
954.75426534 260.10491469
886.18283677 309.97504456
816.36465495 283.79322638
932.31270690 235.16984976
902.39062898 230.18283677
796.41660300 212.72829132
785.19582378 189.03997963
773.97504456 160.36465495
755.27374586 154.13088872
712.88413547 142.91010950
709.14387573 114.23478482
666.75426534 116.72829132
628.10491469 155.37764197
633.09192768 195.27374586
633.09192768 195.27374586
694.18283677 270.07894067
638.07894067 309.97504456
485.97504456 142.91010950
512.15686275 139.16984976
508.41660300 108.00101859
492.20881080 114.23478482
558.28673287 90.54647313
606.91010950 103.01400560
600.67634326 90.54647313
641.81920041 99.27374586
636.83218742 81.81920041
613.14387573 85.55946015
613.14387573 70.59842119
593.19582378 64.36465495
579.48153807 69.35166794
565.76725236 48.15686275
560.78023937 73.09192768
705.40361599 242.65036924
319.53348612 134.96205755
361.61140820 98.49452508
375.63738223 97.87114846
386.85816145 123.42959002
412.41660300 126.54647313
396.52049911 98.49452508
387.16984976 51.11790171
391.53348612 66.70231729
400.57244716 57.03997963
394.02699262 47.06595365
424.88413547 77.92309651
413.97504456 38.02699262
434.23478482 28.36465495
487.53348612 80.10491469
466.33868093 73.55946015
431.42959002 56.41660300
438.59842119 35.84517443
446.07894067 31.48153807
469.14387573 39.27374586
485.66335625 52.05296664
490.65036924 42.70231729
510.59842119 51.74127833
528.05296664 48.93608352
556.72829132 73.24777184
543.63738223 46.13088872
548.62439521 36.78023937
534.91010950 40.20881080
532.10491469 33.66335625
518.39062898 29.29971989
507.79322638 30.85816145
502.80621339 21.50751210
514.65036924 16.20881080
508.10491469 17.14387573
491.27374586 28.36465495
483.48153807 22.75426534
487.53348612 19.63738223
492.52049911 11.84517443
487.53348612 7.48153807
463.84517443 7.48153807
438.59842119 20.57244716
426.75426534 10.59842119
419.89712249 8.41660300
377.81920041 25.24777184
356.00101859 20.57244716
345.40361599 18.39062898
342.91010950 8.41660300
351.63738223 4.05296664
330.13088872 15.58543417
328.26075885 24.31270690
316.72829132 31.48153807
312.05296664 40.20881080
309.24777184 14.96205755
311.42959002 2.18283677
388.41660300 10.91010950
394.65036924 14.02699262
410.85816145 4.05296664
433.92309651 3.42959002
447.01400560 12.15686275
456.67634326 19.63738223
452.00101859 4.67634326
283.37764197 124.52049911
303.32569391 103.94907054
274.65036924 82.75426534
262.80621339 75.89712249
257.19582378 58.44257703
288.98803158 45.97504456
299.58543417 39.11790171
245.97504456 136.98803158
250.33868093 113.29971989
217.29971989 84.62439521
165.55946015 87.74127833
149.35166794 98.96205755
135.63738223 74.02699262
85.14387573 77.76725236
168.67634326 58.44257703
187.37764197 67.16984976
216.05296664 51.58543417
205.45556404 45.35166794
236.62439521 41.61140820
245.35166794 37.24777184
245.35166794 37.24777184
249.09192768 22.28673287
240.98803158 25.40361599
245.97504456 6.70231729
250.96205755 8.57244716
267.16984976 4.20881080
276.52049911 17.92309651
292.10491469 3.58543417
219.79322638 23.53348612
39.94907054 64.20881080
57.40361599 53.29971989
93.55946015 56.41660300
95.74127833 48.31270690
84.20881080 49.87114846
121.92309651 37.09192768
135.63738223 37.09192768
140.62439521 32.10491469
144.36465495 29.61140820
148.72829132 37.09192768
155.27374586 27.11790171
160.26075885 22.13088872
170.85816145 16.20881080
177.40361599 10.91010950
175.84517443 20.57244716
182.39062898 23.68933028
175.53348612 38.96205755
167.42959002 37.40361599
167.42959002 37.40361599
204.83218742 14.33868093
198.59842119 15.58543417
214.80621339 15.27374586
188.62439521 10.91010950
184.57244716 4.67634326
180.83218742 7.48153807
116.00101859 4.36465495
105.40361599 3.42959002
94.80621339 7.79322638
95.74127833 3.42959002
108.52049911 11.84517443
125.35166794 2.49452508
122.23478482 1.87114846
129.40361599 5.29971989
138.13088872 2.49452508
191.74127833 4.67634326
70.49452508 59.22179781
98.85816145 3.42959002
8.67634326 91.48153807
300.40061899 151.42959002
298.43111024 5.66856843
325.40100990 15.51472228
335.24716375 1.49465539
299.50134435 29.64181258
257.65519050 70.89933766
182.09666208 17.01305004
199.22040790 43.23378582
203.60836776 28.46455505
135.43445472 58.53813365
175.72876910 14.28395305
181.98963866 11.98294970
164.17024067 21.82910355
148.81238114 31.67525739
130.08328415 41.20034101
197.98963866 1.46789953
72.39766542 13.56154502
78.97960522 12.43779920
126.92609351 4.94616040
140.62509017 2.53813365
142.87258181 1.46789953
