4.72829132 746.33868093
113.19582378 742.59842119
174.28673287 716.41660300
52.10491469 605.45556404
124.41660300 594.23478482
209.19582378 579.27374586
175.53348612 496.98803158
190.49452508 473.29971989
287.74127833 521.92309651
394.96205755 536.88413547
386.23478482 544.36465495
285.24777184 583.01400560
315.16984976 611.68933028
290.23478482 632.88413547
287.74127833 667.79322638
567.01400560 531.89712249
555.79322638 501.97504456
548.31270690 480.78023937
575.74127833 470.80621339
539.58543417 460.83218742
479.74127833 463.32569391
468.52049911 472.05296664
442.33868093 427.16984976
424.88413547 419.68933028
113.19582378 418.44257703
932.31270690 495.74127833
933.55946015 452.10491469
975.94907054 469.55946015
937.29971989 434.65036924
904.88413547 440.88413547
881.19582378 437.14387573
833.81920041 469.55946015
876.20881080 487.01400560
989.66335625 443.37764197
1020.83218742 432.15686275
341.35166794 443.37764197
345.09192768 432.15686275
327.63738223 428.41660300
386.23478482 394.75426534
336.36465495 406.91010950
385.61140820 370.75426534
369.40361599 364.52049911
381.24777184 353.92309651
371.27374586 338.96205755
366.91010950 340.20881080
361.92309651 342.07894067
341.97504456 340.83218742
363.79322638 352.05296664
352.57244716 364.52049911
335.74127833 373.24777184
334.49452508 366.39062898
325.14387573 375.11790171
350.07894067 408.15686275
287.74127833 396.31270690
277.14387573 395.06595365
285.87114846 377.61140820
255.94907054 374.49452508
240.36465495 383.22179781
265.29971989 368.88413547
258.44257703 356.41660300
272.15686275 350.80621339
257.19582378 340.83218742
296.46855106 347.68933028
308.31270690 335.84517443
317.66335625 337.71530430
315.79322638 344.57244716
332.00101859 347.06595365
322.02699262 350.80621339
413.03997963 320.88413547
394.96205755 300.93608352
385.61140820 302.80621339
361.29971989 303.42959002
447.32569391 311.53348612
452.93608352 329.61140820
446.07894067 347.06595365
441.71530430 346.44257703
477.87114846 334.59842119
489.71530430 330.23478482
492.20881080 340.83218742
520.88413547 331.48153807
507.79322638 368.88413547
526.49452508 362.02699262
524.00101859 387.58543417
1003.16984976 352.67634326
995.68933028 353.29971989
1010.65036924 339.58543417
1003.16984976 330.85816145
1000.67634326 340.20881080
990.07894067 343.94907054
968.26075885 358.28673287
950.18283677 326.49452508
943.94907054 323.37764197
943.94907054 306.54647313
899.68933028 299.06595365
894.70231729 305.29971989
887.84517443 294.70231729
932.72829132 338.33868093
927.11790171 338.33868093
924.62439521 327.11790171
916.52049911 327.11790171
921.50751210 342.70231729
912.78023937 348.31270690
904.05296664 347.06595365
897.19582378 348.93608352
890.96205755 348.93608352
881.61140820 349.55946015
874.75426534 348.93608352
872.26075885 347.06595365
857.29971989 349.55946015
836.10491469 329.61140820
819.27374586 332.72829132
823.63738223 332.72829132
830.49452508 319.63738223
823.01400560 322.13088872
818.65036924 319.01400560
813.03997963 319.01400560
809.29971989 320.88413547
806.80621339 322.13088872
821.14387573 294.70231729
821.76725236 289.71530430
840.46855106 292.20881080
851.06595365 292.83218742
842.96205755 327.74127833
846.70231729 317.76725236
849.81920041 319.63738223
859.79322638 317.76725236
861.66335625 316.52049911
877.87114846 317.76725236
884.10491469 317.76725236
888.46855106 320.88413547
889.71530430 326.49452508
895.94907054 325.24777184
904.05296664 325.24777184
658.44257703 408.15686275
635.37764197 403.79322638
619.79322638 387.58543417
646.59842119 380.72829132
631.63738223 380.72829132
632.26075885 370.13088872
642.23478482 358.28673287
662.80621339 361.40361599
698.96205755 378.85816145
699.58543417 360.15686275
691.48153807 357.03997963
708.31270690 333.97504456
703.94907054 335.22179781
566.39062898 386.33868093
542.70231729 390.70231729
541.45556404 377.61140820
556.41660300 375.74127833
575.11790171 370.75426534
594.44257703 380.10491469
605.66335625 375.11790171
611.27374586 371.37764197
631.22179781 361.40361599
629.35166794 329.61140820
622.49452508 330.85816145
628.72829132 320.26075885
620.62439521 320.88413547
611.89712249 320.26075885
608.15686275 329.61140820
619.37764197 352.67634326
618.75426534 362.02699262
633.09192768 355.79322638
638.07894067 340.83218742
606.91010950 353.92309651
591.94907054 340.83218742
585.09192768 342.70231729
577.61140820 348.31270690
548.31270690 339.58543417
571.37764197 320.88413547
558.28673287 320.88413547
550.18283677 317.14387573
539.58543417 319.01400560
535.22179781 318.39062898
520.88413547 312.15686275
512.78023937 318.39062898
443.58543417 308.57244716
449.50751210 341.92309651
498.44257703 306.39062898
494.70231729 307.32569391
485.97504456 317.29971989
504.36465495 283.01400560
510.59842119 307.94907054
534.28673287 311.37764197
536.78023937 306.39062898
536.78023937 309.19582378
542.70231729 309.81920041
544.88413547 307.63738223
546.75426534 312.31270690
551.42959002 309.81920041
572.93608352 308.57244716
568.88413547 307.32569391
369.09192768 306.70231729
391.22179781 304.20881080
332.20881080 762.85816145
871.22179781 458.80621339
849.40361599 442.91010950
950.07894067 440.72829132
1023.01400560 457.55946015
946.96205755 359.68933028
497.83518442 292.15286674
493.23178782 292.08893068
492.97604356 289.27574386
286.44448816 304.95953833
290.61840121 302.39097646
