173.24492537 420.22731284
308.50911323 534.45040482
388.16469053 522.42692145
421.22926979 728.32907410
539.96116803 758.38778251
818.00422087 538.95921108
956.27427957 588.55607997
845.05705844 385.65979817
885.63631480 333.05705844
932.22731284 179.75764552
891.64805648 154.20774337
869.10402517 179.75764552
846.55999386 206.81048310
766.90441656 336.06292928
473.83200952 253.40148114
424.23514063 241.37799777
448.28210736 220.33690188
714.30167684 157.21361421
732.33690188 146.69306627
993.84766509 95.59326196
974.30950462 70.04335981
938.23905453 103.10793907
929.22144200 86.57564944
942.74786079 29.46410345
939.74198995 18.94355550
905.17447527 15.93768466
935.23318368 2.41126588
956.27427957 2.41126588
984.83005257 38.48171597
962.28602126 27.96116803
1004.36821304 6.92007214
863.09228349 47.49932850
870.60696059 53.51107018
848.06292928 68.54042439
839.04531676 15.93768466
866.09815433 9.92594298
851.06880012 9.92594298
888.64218564 2.41126588
884.13337938 15.93768466
875.11576685 2.41126588
760.89267488 6.92007214
684.24296842 65.53455355
711.29580599 70.04335981
721.81635394 65.53455355
736.84570815 71.54629523
693.26058094 85.07271402
643.66371206 92.58739112
651.17838916 59.52281186
643.66371206 42.99052224
642.16077664 23.45236177
613.60500365 26.45823261
586.55216607 12.93181382
592.56390775 15.93768466
293.47975903 235.36625609
278.45040482 370.63044396
119.13925022 307.50715629
18.44257703 346.58347723
40.98660834 112.12555159
107.11576685 122.64609954
116.13337938 167.73416216
159.71850658 137.67545374
413.71459269 133.16664748
442.27036568 122.64609954
598.57564944 59.52281186
574.52868271 53.51107018
573.02574729 21.94942635
574.52868271 5.41713672
562.50519934 2.41126588
551.98465139 2.41126588
544.46997429 5.41713672
521.92594298 5.41713672
431.74981774 30.96703887
481.34668662 61.02574729
407.70285100 100.10206822
383.65588427 82.06684318
398.68523848 20.44649093
209.31537547 80.56390775
179.25666705 95.59326196
13.93377077 39.98465139
62.02770423 36.97878055
81.56586470 47.49932850
78.55999386 26.45823261
180.75960247 30.96703887
207.81244004 15.93768466
227.35060051 17.44062008
240.87701930 15.93768466
281.45627566 17.44062008
290.47388819 15.93768466
350.59130502 9.92594298
379.14707801 15.93768466
395.67936764 2.41126588
419.72633437 0.90833046
427.24101147 5.41713672
439.26449484 5.41713672
291.97682361 26.45823261
261.91811519 39.98465139
597.06395565 253.72729232
76.62439521 39.47754207
145.67534426 50.21880081
166.13488472 26.69032928
186.59442518 27.20181779
195.80121839 26.69032928
220.86415545 19.52949012
252.57644316 39.47754207
253.08793168 26.69032928
246.43858103 21.57544416
234.16285675 28.73628332
258.20281679 20.55246714
284.28873088 28.73628332
299.12189771 24.13288672
307.30571389 25.15586374
78.15886075 188.83218742
86.34267693 154.56245715
328.78823138 27.20181779
328.27674286 7.25376584
336.97204756 9.81120840
342.08693268 7.25376584
351.29372588 3.67334626
338.50651309 3.67334626
365.61540420 14.92609351
366.63838123 2.65036924
358.96605355 2.65036924
376.35666294 5.71930031
351.80521439 19.52949012
342.08693268 26.69032928
377.37963997 25.15586374
391.18982978 59.93708253
356.92009951 62.49452508
410.62639321 68.12089871
430.06295665 14.92609351
496.04497463 13.39162798
486.32669291 10.83418542
499.62539421 6.23078882
509.85516444 1.62739222
492.46455505 111.59742219
489.90711250 202.13088872
459.98503457 2.65036924
589.39162798 5.20781180
593.99502458 2.13888073
619.05796165 18.50651309
611.38563397 16.97204756
642.07494466 11.34567393
666.62639321 30.27074886
654.86215745 17.99502458
774.55046914 9.81120840
834.39462498 46.63838123
850.76225735 51.75326634
832.86015945 16.46055905
798.07894067 55.33368592
522.89812149 15.94907054
532.61640320 5.20781180
911.37364596 8.78823138
922.11490470 14.41460500
890.91410550 18.50651309
906.77024936 23.10990970
947.17784177 21.57544416
953.82719242 39.47754207
625.96305655 12.88013947
621.35965995 5.71930031
634.65836125 3.67334626
661.76725236 39.98903058
768.66835126 37.94307653
904.72429531 51.75326634
932.34467493 60.96005955
955.36165795 87.55746215
984.51650310 102.39062898
1008.55646314 96.76425535
988.09692269 73.74727234
81.48353607 102.39062898
64.09292668 106.48253707
266.89812149 13.39162798
400.14087873 12.65636324
434.41060900 2.17084876
495.78923038 1.91510450
482.23478482 2.93808153
35.04649485 53.13345137
58.16355171 55.91606007
41.46789953 30.01639452
96.90602662 31.30067545
114.24381927 36.86589285
109.10669552 32.79900321
132.43779920 46.49799987
132.65184602 37.29398649
143.99632763 29.37425405
166.68529084 32.15686275
71.22040790 130.08328415
8.71873565 179.74214703
262.57826743 140.67860188
329.57492295 142.17692963
312.23713030 71.32743131
332.57157846 86.95284937
343.48796642 499.74214703
304.10335104 41.94950489
314.59164535 29.32074234
328.93278248 40.66522395
336.63846810 37.02642796
346.16355171 31.46121057
341.56154502 19.26054167
343.59498984 12.41104335
331.28729753 19.15351826
327.96957178 13.90937111
336.42442127 16.79900321
309.24047479 11.34080923
315.44783264 11.98294970
317.05318382 6.31070890
316.83913699 18.40435438
296.71873565 26.96622729
274.88595974 29.32074234
273.92274903 21.72208014
264.61171224 28.89264870
264.82575907 22.57826743
234.64515706 37.98963866
229.07993967 77.69532428
219.01973900 92.99967211
201.57492295 46.23044134
219.44783264 35.42107679
229.61505673 24.29064201
185.52141124 37.77559184
208.85251492 30.71204669
225.44114368 27.39432094
234.11004000 20.75886943
248.13010689 14.33746475
256.04983933 11.23378582
252.08997311 13.48127746
208.63846810 23.75552495
248.13010689 39.91606007
138.85920388 181.02642796
190.65853499 170.32408683
475.76890288 311.59498984
465.28060856 33.44114368
481.33412027 26.80569218
491.82241458 34.29733097
511.94281592 47.78228081
442.16355171 33.86923733
367.35418716 38.20368549
375.70201325 37.88261525
388.54482261 29.74883599
416.79900321 19.79565873
421.61505673 14.23044134
438.95284937 14.97960522
446.65853499 11.01973900
450.08328415 5.34749820
475.34080923 5.98963866
401.81572562 7.16689619
408.77224736 7.91606007
360.39766542 19.15351826
370.45786609 24.29064201
385.65519050 7.05987278
322.40435438 31.78228081
682.96622729 32.53144468
664.23713030 12.30401994
666.59164535 4.27726408
690.88595974 8.02308348
701.37425405 10.05652830
684.46455505 2.24381927
695.16689619 0.63846810
660.27726408 1.92274903
712.39766542 17.01305004
721.70870221 6.84582596
735.30067545 9.52141124
744.82575907 1.06656174
800.90602662 7.59498984
806.68529084 3.31405338
815.03311693 14.97960522
820.27726408 14.76555840
823.05987278 6.84582596
827.55485606 21.40100990
771.36756509 73.62843465
791.38094301 74.59164535
817.70870221 72.66522395
744.39766542 78.23044134
759.38094301 40.45117713
715.71539117 49.33412027
754.88595974 14.23044134
818.13679586 2.77893632
891.87592629 105.68194636
988.62509017 282.48462194
938.11004000 230.68529084
854.63177913 375.38094301
676.97291626 314.16355171
1018.37759853 35.36756509
995.47458850 22.52475572
982.31070890 11.23378582
855.59498984 77.69532428
874.53813365 70.47124402
558.60502328 13.96288281
505.52141124 9.03980589
557.10669552 108.67860188
590.49799987 109.10669552
616.61171224 109.53478917
424.82575907 298.53813365
