52.10491469 550.59842119
219.16984976 464.57244716
92.00101859 412.20881080
113.19582378 408.46855106
69.55946015 410.96205755
333.87114846 412.20881080
303.94907054 388.52049911
288.98803158 379.79322638
267.79322638 377.29971989
237.87114846 371.06595365
242.85816145 409.71530430
310.39062898 346.44257703
330.33868093 354.54647313
258.02699262 363.89712249
208.78023937 366.39062898
169.50751210 357.66335625
159.53348612 333.35166794
139.58543417 355.79322638
123.37764197 344.57244716
149.55946015 354.54647313
133.97504456 297.19582378
85.35166794 342.70231729
62.28673287 348.93608352
79.11790171 327.11790171
57.29971989 320.88413547
21.76725236 322.75426534
58.33868093 337.24777184
23.74127833 312.00101859
11.27374586 313.24777184
179.48153807 293.14387573
192.57244716 293.76725236
192.57244716 271.32569391
222.49452508 291.89712249
225.45556404 370.83218742
200.05296664 249.03997963
187.27374586 252.15686275
178.54647313 255.89712249
169.50751210 253.40361599
204.41660300 241.24777184
252.10491469 259.32569391
275.79322638 285.81920041
292.31270690 293.61140820
295.11790171 268.05296664
308.52049911 295.16984976
288.26075885 249.03997963
296.67634326 247.48153807
286.18283677 240.00101859
280.26075885 242.49452508
265.29971989 241.55946015
249.09192768 231.27374586
251.27374586 243.42959002
330.75426534 249.97504456
320.46855106 244.67634326
347.58543417 283.63738223
359.11790171 282.07894067
341.66335625 284.88413547
326.70231729 317.61140820
381.87114846 283.94907054
399.32569391 283.32569391
418.96205755 279.89712249
413.97504456 271.79322638
417.71530430 265.24777184
401.50751210 270.54647313
394.96205755 269.61140820
437.03997963 289.87114846
441.71530430 281.76725236
453.24777184 279.27374586
420.52049911 337.55946015
404.62439521 327.27374586
470.07894067 299.53348612
485.97504456 298.91010950
481.92309651 282.70231729
502.80621339 281.14387573
516.52049911 277.40361599
525.87114846 271.79322638
523.37764197 257.14387573
524.62439521 248.41660300
506.23478482 252.78023937
500.00101859 250.91010950
497.81920041 241.24777184
479.74127833 245.61140820
482.54647313 242.49452508
476.31270690 239.37764197
433.61140820 231.58543417
440.46855106 234.39062898
490.33868093 231.27374586
549.87114846 242.49452508
550.49452508 236.57244716
560.78023937 253.71530430
554.54647313 244.98803158
568.26075885 248.72829132
572.00101859 261.81920041
579.16984976 248.41660300
587.58543417 246.54647313
604.72829132 246.23478482
565.14387573 230.65036924
615.32569391 252.78023937
577.29971989 276.78023937
564.52049911 279.58543417
563.58543417 292.67634326
554.54647313 305.76725236
531.16984976 300.78023937
521.19582378 306.39062898
578.23478482 330.70231729
577.29971989 344.72829132
594.44257703 307.94907054
619.68933028 307.32569391
608.15686275 297.03997963
616.88413547 296.41660300
615.63738223 283.32569391
626.23478482 285.50751210
633.71530430 288.31270690
655.53348612 263.06595365
660.83218742 254.96205755
667.68933028 255.89712249
461.97504456 329.45556404
453.55946015 356.10491469
480.36465495 369.19582378
528.36465495 393.50751210
569.50751210 384.15686275
646.49452508 218.18283677
667.68933028 225.03997963
656.78023937 228.15686275
554.54647313 233.76725236
526.80621339 241.24777184
674.23478482 229.40361599
678.59842119 232.83218742
679.84517443 225.97504456
691.68933028 225.97504456
694.18283677 240.31270690
677.66335625 240.93608352
672.36465495 240.93608352
677.97504456 249.97504456
673.29971989 249.97504456
684.83218742 247.48153807
674.23478482 260.57244716
678.91010950 275.84517443
694.80621339 273.66335625
710.07894067 276.15686275
717.55946015 280.20881080
720.36465495 262.75426534
721.61140820 245.61140820
730.96205755 265.55946015
744.67634326 284.88413547
748.72829132 257.76725236
738.75426534 256.83218742
736.26075885 251.22179781
751.22179781 239.37764197
797.03997963 210.23478482
869.66335625 194.33868093
864.67634326 207.42959002
1022.33868093 187.87114846
1016.41660300 192.54647313
1010.65036924 190.98803158
1008.31270690 196.13088872
1003.79322638 199.09192768
999.58543417 191.76725236
996.15686275 188.49452508
995.84517443 191.92309651
996.00101859 195.03997963
991.63738223 194.72829132
991.48153807 192.85816145
989.61140820 190.67634326
986.65036924 191.14387573
986.49452508 198.31270690
991.63738223 197.53348612
980.41660300 195.19582378
977.92309651 195.35166794
967.94907054 198.31270690
965.14387573 194.10491469
957.35166794 194.26075885
952.52049911 193.63738223
951.11790171 190.67634326
949.09192768 191.45556404
948.46855106 196.28673287
951.89712249 199.09192768
945.81920041 199.55946015
939.74127833 192.54647313
936.78023937 191.45556404
951.89712249 207.81920041
959.06595365 207.50751210
964.36465495 199.09192768
968.57244716 203.45556404
969.81920041 205.63738223
964.67634326 211.55946015
973.24777184 210.31270690
979.94907054 207.81920041
980.26075885 202.67634326
996.62439521 222.62439521
1008.46855106 203.45556404
1005.03997963 202.36465495
1017.50751210 198.31270690
1021.24777184 201.74127833
1022.33868093 205.94907054
1017.97504456 203.76725236
1015.94907054 201.74127833
1004.41660300 231.81920041
990.70231729 235.55946015
987.11790171 239.45556404
982.75426534 226.36465495
968.26075885 224.65036924
971.84517443 220.44257703
960.93608352 222.93608352
950.65036924 226.83218742
949.09192768 217.94907054
945.81920041 210.93608352
940.83218742 210.31270690
936.00101859 214.98803158
936.78023937 218.72829132
944.26075885 225.27374586
936.15686275 232.44257703
933.19582378 209.53348612
926.65036924 214.05296664
930.39062898 191.76725236
924.00101859 225.11790171
918.70231729 228.07894067
916.52049911 220.75426534
911.68933028 225.42959002
910.91010950 234.00101859
904.83218742 230.72829132
903.11790171 225.11790171
900.15686275 229.48153807
909.81920041 193.94907054
890.54647313 226.91010950
887.42959002 222.23478482
896.46855106 207.58543417
895.53348612 193.24777184
898.65036924 191.68933028
893.03997963 193.87114846
891.48153807 194.80621339
888.36465495 204.78023937
885.24777184 248.72829132
897.71530430 256.20881080
908.00101859 241.55946015
916.10491469 253.09192768
920.78023937 243.42959002
930.13088872 246.54647313
936.05296664 255.89712249
985.61140820 273.35166794
988.72829132 286.44257703
1011.16984976 252.46855106
1013.66335625 249.35166794
1017.09192768 273.97504456
964.72829132 301.71530430
911.11790171 306.07894067
912.67634326 326.33868093
817.92309651 272.72829132
830.39062898 251.53348612
837.55946015 253.71530430
839.11790171 260.26075885
856.26075885 248.72829132
863.74127833 235.94907054
862.49452508 226.91010950
844.72829132 220.36465495
830.39062898 225.66335625
826.02699262 234.70231729
845.97504456 234.70231729
817.29971989 247.16984976
811.37764197 249.97504456
804.83218742 245.61140820
805.14387573 231.27374586
797.97504456 250.28673287
804.83218742 259.01400560
791.42959002 273.35166794
776.78023937 272.10491469
781.45556404 251.53348612
790.18283677 242.80621339
791.74127833 233.45556404
782.49452508 342.70231729
806.80621339 342.70231729
806.18283677 361.40361599
761.92309651 255.42959002
765.66335625 242.33868093
1017.50751210 342.70231729
942.70231729 416.26075885
783.74127833 423.11790171
716.41660300 384.46855106
684.00101859 393.81920041
685.87114846 421.24777184
637.87114846 368.26075885
620.41660300 433.09192768
1023.32569391 453.35166794
958.49452508 482.02699262
877.45556404 499.48153807
730.33868093 614.18283677
685.45556404 566.80621339
580.72829132 458.33868093
503.42959002 440.88413547
414.91010950 418.44257703
433.61140820 427.16984976
706.33868093 247.48153807
586.32408683 281.09331759
905.57492295 191.08662863
889.09331759 192.95953833
895.62174569 213.77559184
979.42107679 229.29398649
952.02308348 300.67860188
945.60167880 290.83244803
1020.99967211 198.79231425
877.64181258 230.79231425
890.16355171 320.15686275
