199.22179781 579.27374586
257.81920041 556.83218742
398.70231729 455.84517443
747.79322638 423.42959002
830.07894067 280.05296664
948.52049911 300.00101859
977.19582378 273.81920041
186.75426534 256.36465495
246.59842119 251.37764197
286.49452508 250.13088872
366.28673287 267.58543417
409.92309651 278.80621339
452.31270690 253.87114846
474.75426534 266.33868093
366.28673287 155.37764197
296.46855106 157.87114846
235.37764197 151.63738223
220.41660300 136.67634326
202.96205755 145.40361599
160.57244716 147.89712249
120.67634326 160.36465495
116.93608352 197.76725236
111.94907054 221.45556404
87.01400560 191.53348612
49.61140820 212.72829132
28.41660300 191.53348612
75.79322638 166.59842119
75.79322638 146.65036924
39.63738223 145.40361599
15.94907054 170.33868093
48.57244716 131.37764197
29.24777184 139.48153807
18.02699262 155.68933028
5.55946015 133.24777184
2.44257703 93.97504456
117.76725236 112.67634326
127.11790171 105.19582378
146.44257703 93.97504456
176.36465495 93.35166794
200.67634326 90.23478482
112.15686275 80.26075885
99.06595365 82.75426534
86.59842119 83.37764197
70.39062898 88.98803158
46.70231729 77.14387573
245.55946015 81.50751210
233.71530430 79.01400560
222.49452508 71.53348612
213.14387573 69.03997963
202.54647313 75.89712249
197.55946015 81.50751210
190.07894067 62.80621339
22.49452508 79.79322638
25.92309651 77.92309651
18.13088872 75.42959002
20.93608352 74.18283677
2.23478482 75.42959002
26.23478482 74.18283677
24.36465495 73.24777184
990.91010950 196.52049911
985.92309651 140.41660300
932.31270690 129.19582378
883.68933028 177.81920041
892.41660300 225.19582378
761.50751210 146.65036924
744.05296664 156.62439521
731.58543417 125.45556404
775.22179781 121.71530430
817.61140820 94.28673287
867.48153807 116.72829132
860.00101859 99.27374586
909.87114846 116.72829132
907.37764197 90.54647313
874.96205755 94.28673287
874.96205755 85.55946015
858.75426534 74.33868093
838.59842119 68.41660300
818.65036924 80.26075885
830.49452508 58.44257703
820.52049911 61.55946015
804.93608352 52.83218742
809.29971989 47.22179781
798.07894067 40.98803158
788.72829132 56.57244716
768.15686275 57.19582378
783.74127833 39.11790171
777.50751210 35.37764197
770.02699262 35.37764197
759.42959002 29.76725236
774.39062898 23.53348612
766.28673287 23.53348612
752.57244716 37.24777184
740.72829132 44.10491469
747.58543417 51.58543417
731.37764197 89.61140820
721.40361599 80.26075885
679.01400560 118.28673287
629.76725236 133.24777184
590.49452508 165.66335625
569.92309651 139.48153807
549.35166794 133.24777184
523.16984976 143.84517443
556.83218742 103.94907054
609.19582378 102.70231729
627.27374586 105.19582378
642.85816145 103.94907054
642.85816145 74.65036924
621.66335625 71.53348612
604.83218742 67.16984976
589.87114846 60.31270690
674.02699262 84.62439521
692.10491469 64.67634326
693.35166794 54.07894067
695.84517443 39.74127833
688.98803158 34.13088872
611.68933028 31.01400560
637.87114846 32.26075885
670.28673287 42.85816145
680.26075885 67.16984976
676.52049911 34.75426534
719.53348612 36.62439521
741.97504456 29.76725236
751.32569391 16.67634326
742.59842119 13.55946015
726.39062898 7.94907054
722.02699262 10.44257703
720.78023937 3.58543417
708.93608352 12.31270690
703.32569391 19.16984976
693.97504456 25.40361599
679.01400560 14.80621339
687.11790171 10.44257703
697.09192768 6.70231729
692.10491469 8.57244716
669.66335625 12.31270690
670.28673287 3.58543417
659.68933028 21.03997963
652.83218742 16.67634326
648.46855106 3.58543417
640.36465495 3.58543417
565.55946015 48.46855106
553.71530430 44.10491469
542.49452508 50.33868093
523.79322638 88.98803158
516.31270690 82.75426534
391.22179781 118.44257703
425.81920041 90.70231729
430.49452508 79.48153807
415.84517443 66.39062898
414.59842119 56.72829132
405.24777184 49.87114846
389.66335625 50.49452508
404.00101859 42.39062898
408.67634326 37.40361599
414.59842119 44.57244716
437.66335625 57.66335625
445.45556404 64.83218742
476.62439521 90.70231729
516.52049911 113.14387573
510.59842119 77.61140820
510.28673287 62.02699262
496.88413547 46.75426534
505.92309651 44.57244716
577.29971989 38.02699262
570.44257703 38.02699262
584.15686275 23.68933028
485.03997963 43.01400560
475.37764197 55.48153807
466.02699262 48.93608352
476.93608352 33.97504456
470.07894067 37.40361599
469.76725236 32.10491469
440.78023937 34.59842119
428.00101859 30.85816145
413.97504456 36.46855106
440.78023937 25.87114846
447.01400560 22.75426534
440.78023937 19.63738223
435.79322638 24.93608352
443.58543417 17.76725236
452.31270690 18.39062898
448.57244716 16.20881080
454.18283677 11.84517443
462.28673287 7.79322638
465.09192768 23.68933028
474.44257703 17.14387573
478.80621339 20.88413547
490.02699262 24.31270690
506.85816145 14.02699262
513.09192768 16.20881080
524.93608352 27.11790171
527.74127833 11.84517443
555.16984976 10.91010950
560.46855106 12.78023937
564.83218742 22.75426534
571.06595365 14.96205755
588.20881080 17.14387573
597.24777184 17.14387573
600.05296664 6.23478482
590.07894067 7.79322638
581.03997963 5.29971989
593.19582378 26.49452508
495.32569391 0.93608352
487.53348612 6.54647313
467.27374586 2.18283677
481.29971989 1.24777184
481.29971989 1.24777184
548.93608352 1.24777184
604.41660300 0.93608352
312.98803158 91.63738223
284.93608352 97.24777184
277.14387573 79.48153807
265.29971989 85.09192768
273.40361599 64.52049911
287.11790171 55.79322638
321.40361599 67.63738223
330.44257703 57.03997963
340.41660300 54.85816145
359.74127833 52.36465495
359.11790171 45.19582378
361.29971989 62.33868093
362.54647313 77.29971989
380.00101859 53.92309651
375.63738223 59.84517443
396.83218742 48.00101859
398.07894067 7.48153807
431.42959002 5.29971989
417.09192768 5.29971989
410.85816145 9.66335625
408.67634326 9.66335625
401.19582378 6.54647313
389.03997963 10.59842119
379.68933028 19.32569391
370.96205755 14.02699262
356.31270690 17.14387573
262.18283677 51.11790171
284.31270690 17.45556404
267.79322638 43.94907054
265.92309651 62.33868093
254.07894067 78.54647313
258.75426534 70.75426534
261.24777184 61.40361599
256.26075885 48.93608352
252.20881080 50.49452508
263.11790171 41.76725236
261.55946015 46.75426534
270.91010950 41.14387573
273.09192768 38.02699262
269.35166794 35.84517443
277.45556404 39.58543417
276.20881080 19.32569391
264.36465495 16.20881080
269.97504456 12.78023937
322.33868093 36.78023937
65.09192768 69.81920041
55.11790171 68.57244716
45.76725236 62.02699262
37.97504456 75.42959002
38.59842119 72.93608352
70.07894067 35.84517443
79.42959002 35.22179781
100.62439521 31.79322638
116.83218742 71.06595365
107.48153807 72.00101859
104.67634326 75.74127833
120.26075885 83.84517443
135.84517443 90.70231729
141.45556404 75.42959002
163.27374586 89.76725236
168.26075885 90.07894067
173.55946015 94.44257703
186.96205755 94.13088872
165.14387573 57.66335625
157.03997963 57.97504456
152.67634326 62.65036924
119.63738223 61.40361599
81.29971989 75.42959002
97.19582378 71.06595365
71.32569391 60.78023937
63.22179781 62.96205755
85.03997963 57.66335625
92.52049911 59.22179781
99.68933028 60.78023937
108.41660300 51.11790171
112.46855106 57.66335625
116.83218742 49.24777184
118.70231729 48.93608352
120.88413547 46.75426534
125.55946015 49.87114846
128.67634326 41.45556404
140.52049911 45.50751210
153.29971989 54.85816145
180.72829132 52.05296664
176.05296664 51.42959002
250.23478482 74.18283677
250.23478482 74.18283677
241.81920041 72.00101859
246.80621339 66.39062898
237.14387573 53.29971989
229.35166794 57.03997963
225.29971989 61.09192768
221.55946015 62.65036924
215.94907054 57.66335625
213.45556404 62.65036924
205.03997963 59.84517443
200.36465495 64.52049911
194.13088872 51.11790171
189.14387573 51.11790171
190.70231729 45.19582378
183.53348612 42.39062898
174.18283677 47.06595365
172.00101859 45.50751210
190.39062898 39.58543417
190.07894067 29.29971989
183.84517443 32.72829132
178.54647313 35.84517443
176.36465495 35.84517443
169.81920041 36.46855106
166.07894067 38.96205755
162.33868093 38.65036924
156.41660300 40.20881080
151.42959002 40.20881080
164.52049911 20.88413547
164.52049911 20.88413547
214.70231729 53.61140820
220.31270690 53.29971989
220.31270690 53.29971989
223.74127833 43.63738223
198.49452508 30.23478482
193.81920041 27.42959002
196.62439521 26.18283677
210.33868093 38.02699262
230.59842119 40.52049911
236.52049911 36.46855106
234.02699262 35.84517443
239.63738223 30.23478482
243.37764197 30.23478482
246.18283677 28.36465495
248.05296664 26.18283677
229.66335625 28.05296664
220.93608352 29.61140820
220.93608352 29.61140820
104.05296664 82.91010950
77.55946015 73.24777184
500.93608352 444.62439521
209.28060856 27.71539117
205.85585940 28.25050823
276.27726408 16.77224736
325.98963866 37.24047479
380.51806676 9.81572562
378.59164535 8.95953833
371.84917044 10.24381927
369.12007345 13.40100990
367.88930422 13.18696308
366.55151157 12.81238114
