422.73220521 451.78895668
314.52085492 363.11576685
260.41517977 272.93964161
156.71263574 193.28406431
123.64805648 179.75764552
107.11576685 190.27819347
71.04531676 146.69306627
53.01009171 167.73416216
59.02183339 140.68132458
210.81831089 143.68719543
219.83592341 112.12555159
170.23905453 91.08445570
252.90050267 36.97878055
365.62065922 39.98465139
379.14707801 26.45823261
385.15881969 36.97878055
288.97095276 185.76938721
323.53846744 182.76351637
275.44453398 122.64609954
294.98269445 80.56390775
317.52672576 70.04335981
382.15294885 76.05510149
502.38778251 193.28406431
437.76155942 116.63435785
412.21165727 112.12555159
431.74981774 80.56390775
452.79091363 85.07271402
470.82613867 95.59326196
502.38778251 97.09619738
550.48171597 118.13729327
585.04923065 175.24883926
628.63435785 133.16664748
487.35842830 596.07075707
591.06097233 414.21557116
639.15490580 388.66566901
661.69893711 346.58347723
694.76351637 379.64805648
727.82809562 415.71850658
819.50715629 400.68915237
903.67153985 441.26840873
1013.38582556 496.87701930
787.94551245 280.45431871
763.89854572 238.37212693
798.46606040 217.33103104
784.93964161 134.66958290
840.54825218 133.16664748
858.58347723 71.54629523
867.60108975 49.00226392
882.63044396 41.48758682
730.83396646 55.01400560
711.29580599 26.45823261
796.96312498 30.96703887
786.44257703 55.01400560
762.39561030 53.51107018
747.36625609 53.51107018
822.51302713 44.49345766
870.60696059 26.45823261
924.71263574 44.49345766
938.23905453 101.60500365
993.84766509 112.12555159
646.66958290 27.96116803
622.62261617 26.45823261
670.71654963 5.41713672
589.55803691 85.07271402
601.58152028 59.52281186
583.54629523 53.51107018
600.07858486 47.49932850
541.46410345 38.48171597
530.94355550 26.45823261
470.82613867 26.45823261
947.94507453 8.21280680
962.26675285 5.14387573
592.97204756 17.41960001
477.37564396 15.37364596
616.24477483 82.47454506
552.82019941 7.54147813
446.94207753 21.60741220
460.49652308 31.58143817
466.12289671 25.18783178
499.88113847 4.72829132
497.83518442 30.55846115
502.69432528 27.74527433
497.83518442 41.29971989
494.51050910 70.19882079
517.78323637 56.64437523
581.71930031 40.27674286
578.90611349 29.79122838
818.79422538 30.27074886
703.19782179 12.36865096
724.16885076 14.41460500
927.99702259 90.11490470
681.97104856 23.62139821
676.34467493 18.50651309
682.99402558 12.36865096
692.71230730 12.36865096
525.96705256 7.25376584
754.60241719 237.93508452
484.02499461 37.43158802
360.24477483 91.64937024
331.08992968 89.60341619
368.94007953 32.82819142
374.05496464 49.19582378
93.48127746 551.11338448
41.89599318 44.78562529
174.60502328 112.42442127
205.64181258 117.98963866
202.43111024 59.76890288
166.68529084 297.03980589
557.53478917 330.21706341
354.83244803 48.42442127
341.98963866 89.09331759
343.91606007 68.11672897
333.85585940 111.56823398
298.53813365 100.43779920
577.65519050 17.38763198
572.08997311 9.03980589
600.77224736 7.96957178
612.11672897 9.89599318
626.02977244 3.04649485
640.15686275 5.18696308
657.06656174 2.83244803
654.06990622 16.95953833
702.23044134 1.76221392
716.78562529 1.97626074
752.95953833 15.03311693
729.20034101 5.18696308
767.08662863 12.46455505
784.63846810 8.39766542
611.68863532 29.80234769
607.83579251 18.45786609
605.05318382 33.65519050
530.13679586 43.28729753
433.17358515 67.26054167
457.14682930 43.28729753
455.22040790 17.38763198
458.64515706 16.31739786
460.35753164 25.30736442
468.27726408 81.38763198
441.84248147 33.70870221
502.41773231 2.56488950
504.66522395 38.95284937
967.00636107 58.91271559
1019.44783264 61.69532428
1022.87258181 9.46789953
828.73211358 2.83244803
816.74549151 23.16689619
722.13679586 59.98294970
707.58161191 43.92943800
660.06321726 23.16689619
656.63846810 82.45786609
694.31070890 36.65184602
678.89933766 37.93612696
515.15351826 94.97960522
905.57492295 72.71873565
604.19699652 107.39432094
