58.97339167 747.21140820
175.76016853 313.06925944
543.89239994 418.43124291
514.69570572 297.83620159
554.04777184 211.51554043
627.67421812 311.79983795
711.45603630 377.80975531
122.44446605 135.35025117
166.87421812 95.99818506
193.53206936 18.56347432
210.03454870 9.67752390
225.26760655 14.75520985
278.58330903 56.64611894
292.54694539 32.52711068
298.89405283 87.11223465
364.90397018 5.86925944
414.41140820 33.79653217
432.18330903 55.37669746
455.03289580 41.41306109
466.45768919 17.29405283
559.12545779 41.41306109
548.97008589 50.29901151
581.97504456 8.40810241
654.33206936 134.08082969
752.07752390 78.22628423
891.71388754 160.73868093
884.09735861 38.87421812
932.33537514 21.10231729
950.10727597 18.56347432
852.36182142 4.59983795
823.16512721 3.33041646
1016.11719332 27.44942473
1019.92545779 36.33537514
