13.45556404 625.40361599
50.85816145 475.79322638
186.75426534 414.70231729
160.57244716 336.15686275
150.59842119 278.80621339
288.98803158 379.79322638
365.03997963 243.89712249
315.16984976 204.00101859
620.62439521 226.44257703
704.15686275 200.26075885
705.40361599 134.18283677
838.80621339 339.89712249
860.00101859 540.62439521
886.18283677 513.19582378
949.76725236 69.35166794
1019.58543417 81.81920041
494.70231729 99.27374586
578.23478482 79.32569391
372.52049911 88.05296664
266.54647313 171.58543417
212.93608352 177.81920041
215.42959002 110.49452508
271.53348612 95.53348612
281.50751210 64.36465495
211.68933028 56.88413547
188.00101859 81.81920041
155.58543417 81.81920041
22.39062898 107.06595365
46.07894067 98.33868093
59.16984976 85.24777184
71.01400560 86.49452508
95.32569391 69.66335625
107.16984976 37.24777184
111.53348612 129.50751210
84.72829132 161.92309651
59.16984976 161.29971989
131.48153807 21.66335625
141.45556404 15.42959002
194.44257703 32.88413547
204.41660300 21.66335625
215.01400560 19.16984976
241.81920041 16.67634326
265.50751210 6.07894067
279.84517443 28.52049911
287.94907054 17.92309651
314.75426534 24.15686275
333.45556404 14.80621339
364.00101859 10.44257703
370.23478482 6.07894067
378.96205755 26.02699262
354.65036924 47.22179781
387.06595365 17.29971989
412.00101859 8.57244716
438.80621339 52.83218742
463.74127833 27.89712249
463.74127833 6.70231729
493.03997963 12.31270690
509.24777184 27.89712249
189.24777184 59.37764197
82.02699262 90.54647313
532.10491469 7.01400560
548.31270690 20.72829132
658.02699262 4.52049911
677.97504456 3.27374586
707.89712249 16.98803158
716.62439521 8.26075885
818.85816145 3.27374586
867.48153807 3.27374586
949.76725236 16.98803158
963.89712249 26.02699262
581.97504456 0.78023937
687.08593367 334.54247713
16.42442127 173.32074234
205.32074234 13.05318382
523.07325070 13.96288281
428.89264870 7.32743131
442.37759853 24.87927077
869.61505673 44.89264870
727.48796642 64.15686275
734.76555840 39.75552495
768.15686275 14.49799987
843.50134435 77.85585940
803.26054167 26.91271559
803.26054167 26.91271559
803.68863532 26.91271559
731.76890288 114.67191291
449.22709686 248.66522395
508.30401994 204.57157846
367.03311693 318.01639452
729.20034101 15.78228081
759.59498984 122.80569218
572.08997311 498.88595974
804.11672897 140.99967211
444.51806676 135.00636107
