943.76016853 495.86595365
824.43454870 240.71223465
644.17669746 319.41636688
994.53702803 69.34033382
692.41471398 65.53206936
660.67917679 158.19983795
602.28578836 187.39653217
517.23454870 214.05438341
194.80149084 206.43785448
57.70397018 186.12711068
137.67752390 149.31388754
109.75025117 130.27256522
88.17008589 61.72380489
127.52215200 61.72380489
185.91554043 71.87917679
226.53702803 71.87917679
262.08082969 76.95686275
310.31884622 68.07091233
324.28248258 4.59983795
28.50727597 66.80149084
