31.98263407 630.86466674
691.26394079 715.88826020
450.13145440 495.66321483
335.83744351 491.48172663
130.94452155 444.09152699
55.67773389 432.94089178
5.49987545 364.64325113
44.52709868 336.76666311
110.03708053 342.34198071
176.94089178 332.58517490
222.93726202 347.91729832
270.32746166 393.91366855
154.63962137 410.63962137
444.55613679 395.30749795
578.36375930 385.55069215
681.50713498 308.89007509
791.61965766 317.25305149
327.47446710 346.52346892
307.96085549 304.70858688
365.10786093 313.07156329
401.34742536 321.43453970
436.19316039 308.89007509
490.55250703 287.98263407
514.24760685 322.82836910
512.85377745 265.68136365
554.66865948 250.34924024
586.72673570 317.25305149
635.51076474 239.19860503
673.14415857 243.38009324
696.83925839 216.89733461
706.59606420 269.86285186
802.77029287 239.19860503
843.19134550 223.86648162
917.06430376 240.59243443
961.66684460 172.29479378
971.42365040 145.81203516
1007.66321483 204.35287000
1009.05704423 279.61965766
1016.02619124 356.28027472
806.13871392 216.89733461
863.28571937 186.23308779
