245.54723708 413.93226381
410.50980392 303.72905526
233.91087344 276.34937611
214.06060606 195.57932264
193.52584670 196.26381462
129.18360071 285.24777184
11.45098039 236.64884135
120.96969697 162.72370766
143.55793226 168.88413547
281.82531194 162.03921569
332.47771836 159.30124777
665.14081996 717.16221034
758.23172906 184.62745098
869.11942959 210.63814617
780.81996435 136.71301248
847.90017825 141.50445633
873.91087344 122.33868093
643.92156863 141.50445633
596.86274510 106.42424242
632.79857398 74.93761141
664.28520499 98.55258467
804.60606061 75.27985740
503.08734403 65.35472371
518.83065954 62.61675579
530.55258467 52.26381462
557.07664884 50.03921569
597.63279857 33.78253119
411.49376114 26.55258467
437.41889483 26.46702317
468.64884135 28.00713012
586.80926916 21.67557932
843.32263815 21.67557932
824.32798574 20.39215686
799.68627451 21.93226381
792.58467023 16.88413547
949.29055258 123.27985740
976.58843118 54.24677284
626.73028932 7.18982978
441.57144816 8.21280680
375.07794167 14.35066894
352.57244716 12.30471489
334.15886075 14.35066894
314.72229731 60.38463497
