3.09264256 497.33117467
81.47796366 576.59722972
177.47796366 398.68897284
269.07429394 418.06511963
199.49631229 225.18438568
95.56970678 282.43209210
35.67979852 249.84493614
70.90915632 132.70732146
107.01924807 116.85411045
388.85411045 526.39539486
380.04677100 598.61557834
519.20273430 639.12933981
637.22108293 658.50548660
807.20273430 575.71649577
485.73484440 417.18438568
433.77154164 333.51466091
488.37704623 324.70732146
513.91833064 254.24860586
526.24860586 188.19355999
460.19355999 129.18438568
321.03759669 105.40456917
277.88163339 95.71649577
572.04677100 213.73484440
625.77154164 194.35869761
721.77154164 266.57888109
821.29447742 276.26695449
939.31282605 212.85411045
705.91833064 83.38622054
661.88163339 87.78989027
252.34034898 57.62475265
313.99172513 44.85411045
353.62475265 40.45044073
531.53300953 58.50548660
567.64310128 60.70732146
390.17521137 26.68897284
804.12016550 25.80823889
848.59722972 32.41374348
926.98255082 21.18438568
1000.08346825 46.28530311
444.34034898 5.00089944
613.44126641 12.92750495
641.62475265 5.00089944
859.16603706 6.76236733
417.33412027 12.46455505
463.46121057 1.81572562
