11.77210775 724.25123661
68.91911320 764.67228924
349.07882282 683.83018398
428.52709868 757.70314224
22.92274296 470.57428561
43.83018398 353.49261592
73.10060140 324.22219850
172.06248888 364.64325113
170.66865948 314.46539269
162.30568307 425.97174478
73.10060140 431.54706238
298.90096438 402.27664496
305.87011138 338.16049251
258.47991175 308.89007509
356.04796982 300.52709868
389.49987545 314.46539269
411.80114587 379.97537454
534.45813316 352.09878652
438.28390449 285.19497527
470.34198071 240.59243443
630.63236184 335.37283371
523.30749795 441.30386819
602.75577382 497.05704423
579.06067400 642.01530195
705.89914950 458.02982100
746.32020213 428.75940358
888.49080104 480.33109142
860.61421302 345.12963951
941.45631828 386.94452155
1009.75395893 244.77392264
1022.29842354 421.79025657
993.02800612 170.90096438
717.04978471 240.59243443
729.59424931 127.69225294
700.32383189 152.78118216
664.08426746 102.60332373
595.78662681 182.05159959
535.85196256 148.59969396
535.85196256 110.96630013
520.51983915 186.23308779
583.24216220 201.56521120
434.10241628 229.44179922
435.49624569 156.96267037
452.22219850 137.44905875
369.98626383 156.96267037
347.68499342 141.63054696
317.02074659 140.23671755
361.62328743 267.07519305
342.10967581 247.56158144
293.32564677 264.28753425
269.63054696 226.65414042
289.14415857 195.98989360
280.78118216 200.17138180
190.18227109 265.68136365
149.76121846 296.34561048
39.64869578 308.89007509
4.57065585 149.64506601
79.14052881 139.19134550
122.34924024 160.09878652
133.49987545 125.94996619
166.95178108 134.31294260
166.95178108 181.70314224
189.25305149 157.31112772
183.67773389 137.79751610
217.12963951 186.58154514
218.52346892 169.15867763
213.64506601 266.02982100
297.97174478 182.40005694
265.91366855 159.40187182
265.91366855 138.49443080
272.18590086 118.98081919
275.67047436 115.49624569
302.85014768 115.49624569
293.79025657 114.10241628
317.48535639 125.94996619
315.39461229 118.28390449
368.36012953 135.70677200
438.05159959 129.43453970
459.65595530 88.31657236
469.41276111 79.95359596
495.19860503 84.13508416
436.65777019 62.53072844
361.39098253 59.04615494
341.18045621 56.95541084
286.12419487 65.31838725
263.82292445 69.49987545
494.03708053 40.75214405
510.76303334 32.73762500
525.39824206 32.04071030
556.06248888 44.93363226
502.40005694 65.49261592
582.19679015 30.29842354
590.21130921 30.29842354
594.04434006 41.79751610
611.11875022 20.89007509
603.80114587 10.08789723
579.75758870 5.20949432
641.43453970 28.20767944
674.18953062 27.85922209
725.64506601 95.98263407
736.09878652 83.43816946
732.61421302 30.47265222
745.85559233 37.44179922
683.13326928 22.80659051
764.67228924 70.89370485
776.51983915 73.68136365
763.27845984 33.26031102
776.51983915 25.59424931
788.36738906 24.89733461
780.00441265 39.53254333
818.33472118 20.01893171
821.12237999 27.68499342
829.48535639 25.59424931
832.27301520 15.14052881
841.33290630 22.80659051
847.60513861 27.68499342
892.90459414 30.47265222
917.99352336 13.74669941
931.23490267 20.71584641
926.35649977 10.26212590
1014.86466674 59.04615494
963.29297890 49.28934913
938.90096438 45.10786093
1019.74306964 117.58698979
54.09666208 613.61505673
186.37759853 187.66187947
549.82910355 152.13010689
599.59498984 31.78228081
604.30401994 31.03311693
657.28060856 32.42442127
665.09331759 30.81907010
796.41104335 191.08662863
811.82241458 199.00636107
858.05652830 168.61171224
794.27057512 99.04649485
735.19365204 201.57492295
571.66187947 327.00636107
628.38428749 31.94281592
474.05652830 28.25050823
237.96288281 67.90268214
246.52475572 73.25385271
