628.10491469 596.72829132
651.79322638 605.45556404
695.42959002 453.35166794
655.53348612 392.26075885
549.55946015 332.41660300
443.58543417 410.96205755
250.33868093 425.92309651
194.23478482 408.46855106
2.23478482 432.15686275
573.24777184 261.35166794
542.07894067 256.36465495
746.54647313 336.15686275
993.40361599 275.06595365
382.49452508 165.35166794
146.85816145 139.16984976
130.65036924 142.91010950
1008.78023937 128.88413547
1015.01400560 72.15686275
1019.37764197 54.70231729
1010.02699262 36.62439521
1020.00101859 29.76725236
1021.24777184 67.79322638
1003.16984976 57.19582378
968.88413547 27.89712249
955.79322638 35.37764197
943.94907054 38.49452508
936.46855106 38.49452508
936.46855106 54.07894067
935.84517443 45.35166794
967.63738223 54.07894067
970.75426534 65.92309651
959.53348612 54.07894067
963.89712249 67.16984976
990.07894067 86.49452508
988.83218742 61.55946015
1010.65036924 67.16984976
980.10491469 89.61140820
940.83218742 84.62439521
919.01400560 59.06595365
933.35166794 119.53348612
917.76725236 98.33868093
894.70231729 97.71530430
876.62439521 107.68933028
873.50751210 97.71530430
864.15686275 75.89712249
864.78023937 65.92309651
846.70231729 80.88413547
844.20881080 67.79322638
815.53348612 82.13088872
812.41660300 72.15686275
779.37764197 80.26075885
765.03997963 52.20881080
754.44257703 35.37764197
761.92309651 31.01400560
743.22179781 25.40361599
740.10491469 34.13088872
700.83218742 25.40361599
797.45556404 34.75426534
803.68933028 38.49452508
818.65036924 34.13088872
847.32569391 32.26075885
864.78023937 47.84517443
881.61140820 30.39062898
677.76725236 32.26075885
663.42959002 63.42959002
640.98803158 64.05296664
634.13088872 107.68933028
611.06595365 96.46855106
609.81920041 77.76725236
604.20881080 64.67634326
600.46855106 76.52049911
588.62439521 62.80621339
576.15686275 62.80621339
568.67634326 62.80621339
588.00101859 86.49452508
524.41660300 78.39062898
516.93608352 67.16984976
793.24777184 27.81920041
506.33868093 32.72829132
511.32569391 45.19582378
535.32569391 34.59842119
605.14387573 37.09192768
607.94907054 28.67634326
595.79322638 21.81920041
626.65036924 24.93608352
617.61140820 21.50751210
612.62439521 6.23478482
601.09192768 4.67634326
597.97504456 7.48153807
620.41660300 10.59842119
617.61140820 12.15686275
714.23478482 49.87114846
712.36465495 24.31270690
720.78023937 34.91010950
633.50751210 20.88413547
475.06595365 28.05296664
488.78023937 25.24777184
504.67634326 27.74127833
460.10491469 38.65036924
392.46855106 15.58543417
387.16984976 86.33868093
357.24777184 91.32569391
351.94907054 64.20881080
352.57244716 38.02699262
336.36465495 58.59842119
322.96205755 46.75426534
301.45556404 20.88413547
297.71530430 8.41660300
314.23478482 80.10491469
268.10491469 58.59842119
222.28673287 93.35166794
227.27374586 75.89712249
234.75426534 64.67634326
174.28673287 34.75426534
170.54647313 67.79322638
161.19582378 54.07894067
75.37764197 82.75426534
90.96205755 99.58543417
68.52049911 17.92309651
118.39062898 44.10491469
917.66335625 31.48153807
1006.80621339 57.66335625
776.78023937 48.00101859
788.31270690 74.18283677
714.13088872 462.07894067
