415.28571937 523.53980285
512.85377745 471.96811501
852.94815131 510.99533824
936.57791538 628.07700794
721.92818761 478.93726202
820.89007509 340.94815131
958.87918579 462.21130921
147.08971211 363.24942173
184.72310594 313.76847799
282.98807872 386.24760685
317.83381374 413.42728017
368.70858688 279.61965766
479.51802427 384.85377745
341.52891356 268.46902245
333.86285186 217.59424931
291.35105512 216.89733461
221.65958507 216.89733461
167.99715313 213.41276111
163.81566492 255.22764314
138.72673570 283.10423117
138.02982100 216.20041991
108.06248888 232.22945803
39.76484823 196.68680830
11.19134550 294.25486637
21.64506601 148.59969396
6.31294260 98.07337817
48.82473933 109.92092808
64.85377745 116.89007509
85.76121846 126.64688089
169.39098253 84.13508416
192.38916765 86.22582826
243.96085549 95.28571937
276.71584641 126.64688089
302.50169033 136.40368670
379.85922209 112.70858688
404.94815131 92.49806057
411.91729832 127.34379559
406.34198071 231.88100068
460.70132735 231.18408598
493.45631828 286.24034732
479.51802427 144.06974841
677.20949432 293.55795167
584.51983915 309.58698979
697.42002064 261.49987545
747.59787908 330.49443080
844.46902245 294.25486637
739.93181737 243.38009324
746.20404968 212.71584641
774.77755240 216.20041991
801.26031102 228.74488452
878.61784278 258.71221665
928.09878652 252.43998434
1013.81929469 251.74306964
1016.60695349 425.27483008
981.76121846 200.86829650
1012.42546529 200.86829650
919.73581011 208.53435821
906.49443080 189.71766129
920.43272481 154.17501157
886.28390449 144.41820576
835.40913135 172.29479378
814.50169033 156.96267037
777.56521120 161.14415857
780.35287000 137.44905875
762.93000249 131.87374115
752.47628198 144.41820576
747.59787908 161.14415857
736.44724387 154.17501157
721.11512046 146.50894986
739.23490267 137.44905875
697.42002064 149.29660866
689.75395893 184.14234369
687.66321483 208.53435821
659.08971211 191.11149069
638.87918579 198.08063770
568.49080104 205.04978471
522.49443080 139.53980285
617.27483008 140.23671755
672.33109142 152.08426746
667.45268852 134.66139995
654.21130921 132.57065585
656.30205331 172.29479378
558.90822391 115.49624569
574.24034732 113.75395893
580.51257962 105.04252518
590.96630013 92.14960322
604.90459414 87.27120031
627.90277926 86.57428561
636.96267037 100.51257962
663.79388634 84.83199886
669.02074659 91.45268852
677.03526565 99.46720757
694.45813316 96.33109142
711.88100068 108.52709868
727.91003879 101.55795167
737.66684460 110.61784278
732.43998434 122.46539269
752.30205331 115.49624569
740.80296075 93.19497527
751.25668126 84.83199886
728.95541084 89.01348706
717.10786093 94.24034732
709.09334187 91.45268852
789.93544714 100.16412227
711.88100068 161.49261592
681.56521120 155.56884097
507.51076474 216.54887726
691.32201701 49.46357781
716.41094623 50.50894986
750.21130921 47.72129106
756.48354151 70.02256147
775.99715313 68.97718942
809.44905875 50.50894986
832.44724387 93.02074659
830.70495712 129.60876837
869.73218035 127.16956692
769.72492082 21.93544714
757.87737091 21.93544714
731.39461229 26.81385004
714.66865948 19.49624569
724.07700794 14.61784278
800.73762500 44.58517490
834.18953062 29.94996619
858.23308779 21.93544714
848.82473933 9.04252518
864.85377745 5.20949432
867.98989360 2.42183552
873.21675385 23.32927654
886.80659051 27.51076474
900.16412227 115.67047436
923.51076474 111.83744351
1015.15504786 152.25849614
998.42909505 160.27301520
1014.10967581 110.79207146
1012.01893171 72.46176293
1021.42728017 55.38735276
998.42909505 41.79751610
980.30931284 44.23671755
975.43090993 38.31294260
947.55432191 36.91911320
916.54161774 59.22038362
922.81385004 18.45087363
927.34379559 10.78481193
896.67954877 20.89007509
447.34379559 91.45268852
503.09697164 340.94815131
