486.37101882 743.76484823
922.63962137 745.15867763
450.13145440 332.58517490
11.19134550 347.22038362
129.66684460 308.19316039
174.26938543 272.65051066
103.88100068 279.61965766
170.08789723 246.86466674
195.87374115 246.86466674
180.54161774 208.53435821
154.75577382 232.92637273
144.30205331 218.29116402
124.09152699 228.74488452
93.42728017 230.83562863
39.06793353 238.50169033
10.49443080 240.59243443
292.04796982 255.22764314
349.89188997 262.89370485
338.74125476 247.56158144
372.19316039 336.06974841
423.06793353 279.61965766
462.09515676 297.04252518
475.33653607 295.64869578
479.51802427 267.07519305
455.12600975 205.74669941
439.79388634 212.71584641
423.76484823 196.68680830
304.59243443 200.17138180
335.25668126 191.11149069
345.71040177 200.17138180
360.34561048 198.77755240
420.28027472 179.26394079
462.09515676 190.41457599
503.21312409 201.56521120
259.00259777 107.13326928
261.44179922 107.83018398
261.44179922 113.05704423
265.97174478 116.89007509
271.89551973 132.57065585
283.74306964 124.20767944
285.48535639 100.86103697
311.27120031 130.13145440
285.83381374 161.14415857
293.15141810 160.44724387
296.28753425 170.20404968
319.63417672 170.20404968
346.81385004 162.88644532
364.58517490 171.59787908
373.29660866 169.15867763
394.55250703 173.68862318
425.91366855 156.96267037
446.82110957 138.49443080
474.69769759 138.84288815
448.56339632 154.52346892
443.68499342 151.73581011
454.48717128 166.02256147
474.69769759 174.03708053
483.75758870 153.82655422
147.67047436 141.97900431
498.74125476 137.44905875
492.46902245 154.17501157
516.51257962 177.87011138
525.92092808 162.88644532
533.58698979 166.71947618
540.55613679 147.20586456
535.67773389 139.53980285
573.31112772 148.59969396
537.07156329 183.44542899
542.29842354 195.98989360
522.43635458 202.61058325
584.11330558 187.97537454
593.17319668 187.97537454
641.60876837 134.66139995
558.32746166 278.92274296
603.27845984 281.01348706
638.82110957 251.39461229
683.07519305 256.27301520
687.60513861 232.57791538
673.66684460 172.64325113
667.74306964 132.22219850
666.00078289 98.07337817
677.49987545 103.30023843
686.21130921 100.86103697
688.65051066 121.07156329
654.85014768 84.65777019
660.07700794 82.91548343
688.30205331 73.50713498
672.27301520 75.94633643
669.48535639 75.94633643
703.28571937 76.99170848
725.23853244 91.27845984
741.61602790 76.99170848
663.99715313 77.16593716
723.75758870 104.69406783
715.04615494 103.82292445
702.32746166 99.64143625
696.57791538 96.85377745
740.13508416 89.71040177
715.04615494 120.37464859
711.73581011 125.94996619
693.44179922 125.25305149
725.15141810 129.78299705
746.40731647 122.81385004
755.11875022 124.90459414
759.30023843 113.57973026
763.83018398 115.14778833
601.27483008 126.29842354
805.29660866 66.88644532
817.49261592 65.66684460
797.80477563 80.12782463
774.10967581 91.27845984
802.50894986 88.49080104
814.00804242 84.30931284
821.15141810 98.24760685
801.46357781 105.91366855
794.14597345 109.22401338
788.57065585 110.61784278
788.57065585 117.58698979
801.11512046 118.80659051
809.82655422 116.54161774
807.91003879 129.43453970
784.38916765 129.60876837
865.92818761 118.80659051
857.56521120 83.43816946
873.59424931 74.20404968
868.54161774 60.61421302
867.84470304 55.73581011
872.54887726 58.87192627
873.24579196 65.49261592
783.08245258 138.66865948
798.06611864 145.98626383
710.25486637 168.63599160
625.92818761 120.54887726
728.72310594 166.19679015
739.87374115 186.05885912
836.04796982 168.28753425
833.60876837 215.67773389
873.68136365 169.33290630
868.45450340 142.50169033
881.34742536 142.50169033
885.87737091 121.59424931
909.92092808 104.17138180
902.60332373 155.04615494
904.69406783 140.06248888
923.51076474 164.45450340
926.99533824 180.83199886
937.79751610 183.27120031
937.10060140 173.16593716
929.08608235 141.10786093
937.79751610 132.04796982
927.34379559 152.95541084
934.66139995 71.06793353
925.60150884 64.79570122
883.17682645 68.97718942
878.12419487 64.27301520
901.12237999 66.71221665
908.09152699 67.75758870
906.00078289 63.40187182
919.24216220 68.97718942
942.24034732 64.96992990
946.42183552 70.02256147
947.98989360 62.18227109
957.74669941 65.14415857
959.14052881 74.90096438
962.45087363 71.24216220
967.32927654 59.56884097
965.23853244 55.91003879
914.10241628 67.58336002
957.28208961 115.67047436
960.94089178 104.17138180
978.71221665 104.86829650
986.02982100 109.04978471
995.43816946 103.82292445
1008.33109142 118.28390449
1022.79207146 117.06430376
1012.68680830 100.51257962
1018.08789723 93.19497527
1015.30023843 75.07519305
1011.11875022 71.06793353
998.57428561 70.19679015
992.82473933 75.24942173
1004.14960322 66.53798797
998.40005694 58.52346892
1020.00441265 63.40187182
1017.04252518 54.86466674
982.54524750 55.91003879
979.23490267 55.73581011
972.26575567 61.31112772
977.52165403 70.37101882
972.29479378 72.81022028
688.65051066 174.55976656
825.65232554 266.02982100
748.29479378 237.45631828
755.26394079 211.67047436
746.20404968 202.61058325
711.35831465 197.03526565
870.25486637 247.91003879
892.55613679 244.42546529
944.82473933 201.91366855
961.55069215 231.88100068
984.54887726 224.91185367
359.18408598 225.95722572
77.97900431 129.08608235
