594.39279741 600.20041991
675.23490267 515.17682645
983.27120031 570.93000249
1019.51076474 424.57791538
1022.29842354 368.82473933
940.06248888 424.57791538
903.82292445 315.85922209
835.52528380 332.58517490
790.92274296 324.22219850
690.56702608 349.31112772
612.51257962 386.94452155
587.42365040 294.95178108
533.06430376 373.00622754
92.61421302 354.88644532
137.21675385 308.89007509
85.64506601 276.83199886
172.06248888 402.27664496
255.69225294 363.24942173
329.56521120 294.95178108
386.71221665 310.28390449
439.67773389 258.71221665
517.73218035 318.64688089
547.00259777 237.80477563
679.41639088 222.47265222
1011.14778833 219.68499342
951.21312409 154.17501157
974.90822391 147.20586456
983.27120031 117.93544714
1013.93544714 112.36012953
913.57973026 195.98989360
885.70314224 156.96267037
809.04252518 168.11330558
818.79933098 152.78118216
721.23127291 130.47991175
24.78118216 223.16956692
10.14597345 154.87192627
5.96448525 134.66139995
19.90277926 131.17682645
65.89914950 154.87192627
42.20404968 138.84288815
75.65595530 145.11512046
62.41457599 138.14597345
66.59606420 125.60150884
51.96085549 120.02619124
40.11330558 123.51076474
54.05159959 110.96630013
65.89914950 99.11875022
42.90096438 96.33109142
44.99170848 84.48354151
26.17501157 94.93726202
20.59969396 79.60513861
7.35831465 82.39279741
1.08608235 91.45268852
19.90277926 103.30023843
94.47265222 121.42002064
101.44179922 117.93544714
101.44179922 110.96630013
108.41094623 116.54161774
97.95722572 159.75032917
125.13689904 164.62873207
146.04434006 156.96267037
154.40731647 143.02437636
176.01167218 132.57065585
164.16412227 113.75395893
168.34561048 98.42183552
153.01348706 101.90640902
143.25668126 113.75395893
134.19679015 113.05704423
122.34924024 99.11875022
232.46176293 155.56884097
233.15867763 138.84288815
232.46176293 124.90459414
221.31112772 116.54161774
238.03708053 103.30023843
228.97718942 90.75577382
238.73399523 78.90822391
194.13145440 122.81385004
201.79751610 94.93726202
198.31294260 103.30023843
192.73762500 98.42183552
206.67591901 152.78118216
265.21675385 176.47628198
283.33653607 154.87192627
266.61058325 120.02619124
270.09515676 98.42183552
286.82110957 97.02800612
293.79025657 113.05704423
306.33472118 91.45268852
326.54524750 94.93726202
322.36375930 108.87555603
329.33290630 123.51076474
341.87737091 113.05704423
358.60332373 94.93726202
366.26938543 113.05704423
385.78299705 106.08789723
370.45087363 88.66502971
387.17682645 96.33109142
367.66321483 98.42183552
384.38916765 78.90822391
405.29660866 81.69588271
413.65958507 84.48354151
415.75032917 77.51439451
339.08971211 145.11512046
323.06067400 155.56884097
307.03163588 164.62873207
330.02982100 219.68499342
378.81385004 200.17138180
379.51076474 149.99352336
401.11512046 132.57065585
408.08426746 122.81385004
387.17682645 122.81385004
399.72129106 108.17864133
410.17501157 108.17864133
412.96267037 97.02800612
442.93000249 118.63236184
437.35468489 104.69406783
447.80840539 83.78662681
450.59606420 75.42365040
470.10967581 92.14960322
495.19860503 80.99896801
493.10786093 147.20586456
457.56521120 133.96448525
433.87011138 142.32746166
536.54887726 127.34379559
524.70132735 125.25305149
526.79207146 107.83018398
529.57973026 82.04434006
521.91366855 79.95359596
549.79025657 89.01348706
540.73036547 81.34742536
544.21493897 110.61784278
557.45631828 109.92092808
578.36375930 125.94996619
594.39279741 121.07156329
597.87737091 148.25123661
627.84470304 142.67591901
625.05704423 127.34379559
616.69406783 113.40550158
629.93544714 105.04252518
606.93726202 100.16412227
616.69406783 86.92274296
604.84651792 83.43816946
587.42365040 103.64869578
663.38735276 114.79933098
661.29660866 94.58880467
672.44724387 75.07519305
692.65777019 70.19679015
698.93000249 99.46720757
737.95722572 122.46539269
752.59243443 104.34561048
767.22764314 114.10241628
840.40368670 104.34561048
19.08971211 116.01893171
52.54161774 78.38553788
55.67773389 71.76484823
60.20767944 84.65777019
67.52528380 82.21856873
72.75214405 87.09697164
84.94815131 98.94452155
81.11512046 88.49080104
91.22038362 73.50713498
102.71947618 82.21856873
111.08245258 77.34016583
103.06793353 74.90096438
111.08245258 62.35649977
126.41457599 69.67410412
135.82292445 76.29479378
141.74669941 67.23490267
149.76121846 72.46176293
120.83925839 113.57973026
157.42728017 66.18953062
163.35105512 68.62873207
160.21493897 76.29479378
171.36557418 78.73399523
165.44179922 79.77936728
179.72855059 79.77936728
185.30386819 73.85559233
176.59243443 61.31112772
183.91003879 56.43272481
160.91185367 55.73581011
168.22945803 50.16049251
190.53072844 47.72129106
201.33290630 46.67591901
190.87918579 57.47809686
189.83381374 65.49261592
195.75758870 67.93181737
194.71221665 77.34016583
197.84833280 85.00622754
219.80114587 89.53617309
217.01348706 74.90096438
205.86285186 66.18953062
210.74125476 58.87192627
208.99896801 52.94815131
210.04434006 44.23671755
217.71040177 42.49443080
226.77029287 41.10060140
218.40731647 52.25123661
222.93726202 57.12963951
229.55795167 65.49261592
238.61784278 63.05341447
243.14778833 70.37101882
247.32927654 78.73399523
223.28571937 68.62873207
211.43816946 71.41639088
257.55069215 76.12056510
265.56521120 74.02982100
280.89733461 81.34742536
295.70677200 68.28027472
299.36557418 62.53072844
287.51802427 62.70495712
261.55795167 62.00804242
266.95904060 57.65232554
257.37646347 54.16775204
260.33835095 47.19860503
247.79388634 56.60695349
247.27120031 49.63780648
239.25668126 47.89551973
241.52165403 38.13871392
237.68862318 39.00985730
250.05885912 30.12419487
251.80114587 21.76121846
234.55250703 29.60150884
256.85377745 21.23853244
260.51257962 21.58698979
263.47446710 32.73762500
255.63417672 28.90459414
255.45994804 36.04796982
267.65595530 40.75214405
272.88281556 34.65414042
274.79933098 23.67773389
278.10967581 20.36738906
285.94996619 23.67773389
283.51076474 31.34379559
287.16956692 29.77573752
289.26031102 19.84470304
295.35831465 30.12419487
298.32020213 24.02619124
301.45631828 21.76121846
292.22219850 25.42002064
295.00985730 24.02619124
293.09334187 33.95722572
289.78299705 39.53254333
283.33653607 41.79751610
281.24579196 38.48717128
289.95722572 45.10786093
293.61602790 49.81203516
294.83562863 41.79751610
306.68317853 37.44179922
301.80477563 41.79751610
305.46357781 22.80659051
311.21312409 21.76121846
317.65958507 21.58698979
315.91729832 43.36557418
323.93181737 43.71403153
322.53798797 35.00259777
324.10604605 28.55613679
326.71947618 26.46539269
328.81022028 55.91003879
332.46902245 48.59243443
333.16593716 39.70677200
330.55250703 38.31294260
327.41639088 39.35831465
314.00078289 63.92455784
320.62147255 61.48535639
309.12237999 53.64506601
311.03889541 47.89551973
310.86466674 43.01711683
310.34198071 72.81022028
326.54524750 80.12782463
345.71040177 83.96085549
342.40005694 66.36375930
345.18771574 56.60695349
345.71040177 42.14597345
350.76303334 37.44179922
345.36194441 32.04071030
341.35468489 36.91911320
335.95359596 24.02619124
342.57428561 22.45813316
346.40731647 25.42002064
358.60332373 64.44724387
359.47446710 47.19860503
370.45087363 45.80477563
369.92818761 37.79025657
361.39098253 27.68499342
379.16230739 31.34379559
357.38372300 21.23853244
386.13145440 11.65595530
384.56339632 25.07156329
380.38190812 27.33653607
379.16230739 78.73399523
384.56339632 67.40913135
381.07882282 60.43998434
374.98081919 63.40187182
371.32201701 66.88644532
370.45087363 55.56158144
377.07156329 46.50169033
378.98807872 41.10060140
383.16956692 36.04796982
384.73762500 41.62328743
390.31294260 48.41820576
397.28208961 68.10604605
404.77392264 59.74306964
400.24397708 53.64506601
405.64506601 68.97718942
410.34924024 63.22764314
414.70495712 56.08426746
403.55432191 41.62328743
397.10786093 39.70677200
397.10786093 32.91185367
419.06067400 38.31294260
415.05341447 42.84288815
411.22038362 44.93363226
427.24942173 33.43453970
428.46902245 27.33653607
429.16593716 40.22945803
426.02982100 44.06248888
432.30205331 58.69769759
423.76484823 56.08426746
422.71947618 67.75758870
407.03889541 12.70132735
415.92455784 12.70132735
423.76484823 10.78481193
463.14052881 54.69043806
468.01893171 49.81203516
475.68499342 57.47809686
469.41276111 74.90096438
483.00259777 70.37101882
499.38009324 74.90096438
489.62328743 47.02437636
483.35105512 44.93363226
489.97174478 19.84470304
497.98626383 17.40550158
512.62147255 49.81203516
528.30205331 52.94815131
529.34742536 44.58517490
536.31657236 44.23671755
528.30205331 35.87374115
522.02982100 32.73762500
533.87737091 26.11693534
527.60513861 69.67410412
537.71040177 71.06793353
546.77029287 61.31112772
555.13326928 54.69043806
547.46720757 47.02437636
553.04252518 42.14597345
567.67773389 40.05522935
572.90459414 49.81203516
579.87374115 39.70677200
587.19134550 42.84288815
595.55432191 39.70677200
602.52346892 49.46357781
603.56884097 57.47809686
605.31112772 67.93181737
592.06974841 72.46176293
592.76666311 63.75032917
626.21856873 62.70495712
616.81022028 53.99352336
627.61239814 51.90277926
629.00622754 44.93363226
637.36920394 46.67591901
650.26212590 57.12963951
613.67410412 40.40368670
244.19316039 19.19134550
242.53798797 14.22582826
248.89733461 12.48354151
245.41276111 12.48354151
256.82473933 15.88100068
257.95722572 19.10423117
261.79025657 16.92637273
263.18408598 11.87374115
265.88463044 9.69588271
264.75214405 7.51802427
265.36194441 2.29116402
262.22582826 3.68499342
261.79025657 1.15867763
257.69588271 0.81022028
256.73762500 2.98807872
254.12419487 7.25668126
257.34742536 7.25668126
268.93363226 16.05522935
271.19860503 9.95722572
268.75940358 6.29842354
271.45994804 5.51439451
272.85377745 2.46539269
277.73218035 4.73036547
279.21312409 1.76847799
282.00078289 2.46539269
280.51983915 7.69225294
280.25849614 17.62328743
282.34924024 11.78662681
284.70132735 12.04796982
284.43998434 7.16956692
288.88281556 7.34379559
287.22764314 4.12056510
294.71947618 6.55976656
294.45813316 2.63962137
291.14778833 1.76847799
293.41276111 16.05522935
298.02982100 19.27845984
299.59787908 8.25849614
305.34742536 5.81929469
300.99170848 3.20586456
304.65051066 1.98626383
308.83199886 3.55432191
311.44542899 3.38009324
314.23308779 1.46357781
317.02074659 4.42546529
320.33109142 1.63780648
326.25486637 4.42546529
318.76303334 8.78118216
313.53617309 10.52346892
312.31657236 16.09878652
315.62691719 16.96992990
333.04978471 12.96267037
330.61058325 3.38009324
297.68136365 12.09152699
272.24397708 13.31112772
348.55613679 7.03889541
401.69588271 10.69769759
439.32927654 10.17501157
442.46539269 17.49261592
452.39642717 15.40187182
452.04796982 9.47809686
457.27483008 13.65958507
466.16049251 11.91729832
471.38735276 15.05341447
474.52346892 16.09878652
473.65232554 9.47809686
505.88463044 10.00078289
507.80114587 16.44724387
504.49080104 1.46357781
510.76303334 1.11512046
518.08063770 11.74306964
514.24760685 26.20404968
492.81747980 46.06611864
527.31475748 12.96267037
526.44361411 23.41639088
532.01893171 12.96267037
525.22401338 16.62147255
528.88281556 4.42546529
537.42002064 1.98626383
548.74488452 11.74306964
539.51076474 11.22038362
544.04071030 1.11512046
552.92637273 2.85740721
549.44179922 3.55432191
564.59969396 2.16049251
560.94089178 5.29660866
572.78844169 0.76666311
582.19679015 2.68317853
606.24034732 3.55432191
626.97355966 5.81929469
629.06430376 1.63780648
631.67773389 0.76666311
628.19316039 14.87918579
630.10967581 23.06793353
622.96630013 19.93181737
640.38916765 6.25486637
652.23671755 10.08789723
648.05522935 2.07337817
663.38735276 23.32927654
682.20404968 5.20949432
693.35468489 6.60332373
696.83925839 11.83018398
689.52165403 24.72310594
685.68862318 47.37283371
674.53798797 53.99352336
662.16775204 67.75758870
670.87918579 61.65958507
679.59061955 64.79570122
680.46176293 75.07519305
708.68680830 39.00985730
713.04252518 32.21493897
704.50532010 49.98626383
709.90640902 62.87918579
722.62510231 63.22764314
726.45813316 55.56158144
740.57065585 46.50169033
733.60150884 20.01893171
725.23853244 24.37464859
699.45268852 20.54161774
762.69769759 44.93363226
756.77392264 43.19134550
724.71584641 6.25486637
876.29479378 9.39098253
868.28027472 20.89007509
874.20404968 26.46539269
876.99170848 33.78299705
853.99352336 35.87374115
860.61421302 49.81203516
875.59787908 51.55432191
838.31294260 46.67591901
824.72310594 46.67591901
830.29842354 37.61602790
878.03708053 81.17319668
880.12782463 89.53617309
880.47628198 100.68680830
863.40187182 95.80840539
905.91366855 97.55069215
918.10967581 96.85377745
916.36738906 103.12600975
926.47265222 88.83925839
908.35287000 78.73399523
907.30749795 67.58336002
904.17138180 63.75032917
914.97355966 63.75032917
896.85377745 52.94815131
894.41457599 37.61602790
902.77755240 37.96448525
913.23127291 45.97900431
925.07882282 27.51076474
934.13871392 42.14597345
939.71403153 40.05522935
948.77392264 25.07156329
956.78844169 22.28390449
963.75758870 17.40550158
975.25668126 6.60332373
993.37646347 27.16230739
1001.04252518 32.73762500
1002.43635458 43.53980285
1010.45087363 48.41820576
994.77029287 43.53980285
1021.25305149 25.76847799
980.48354151 42.84288815
979.78662681 34.47991175
980.13508416 49.11512046
962.36375930 60.26575567
951.56158144 72.46176293
939.36557418 68.62873207
958.53072844 106.26212590
957.48535639 95.80840539
991.63417672 90.93000249
1012.19316039 82.56702608
997.90640902 70.02256147
1013.23853244 73.50713498
1012.54161774 63.05341447
1018.46539269 49.11512046
335.99632763 16.79900321
325.72208014 14.97960522
305.70870221 16.79900321
309.34749820 13.16020723
335.56823398 9.84248147
335.78228081 2.35084268
343.59498984 3.74214703
265.57492295 15.72876910
239.56823398 30.71204669
542.87258181 28.89264870
561.70870221 18.08328415
652.57157846 39.80903666
664.45117713 2.67191291
623.99632763 80.85251492
630.31070890 80.85251492
586.75218047 65.22709686
561.06656174 80.95953833
564.59833432 70.36422060
558.71204669 70.04315037
578.93947144 82.24381927
515.79565873 63.62174569
502.95284937 74.32408683
485.82910355 110.28395305
477.48127746 86.09666208
436.59833432 92.08997311
446.23044134 38.36422060
454.57826743 32.79900321
651.71539117 75.82241458
766.12341793 49.17358515
769.97626074 46.49799987
842.21706341 184.02308348
924.62509017 53.98963866
993.54816709 59.76890288
835.58161191 131.26054167
861.69532428 113.92274903
776.71873565 125.80234769
804.97291626 141.42776576
687.88930422 109.96288281
