357.91833064 53.82658752
374.10181687 75.62475265
297.58805541 16.28530311
332.59722972 13.75319302
459.75319302 71.00089944
472.74401871 45.01924807
438.39539486 18.59722972
513.91833064 35.00089944
526.02842238 12.54218385
589.55135816 62.30365174
601.66144990 37.97337651
613.11099119 31.69814715
579.86328476 17.49631229
549.69814715 18.26695449
645.91833064 38.74401871
718.59874474 144.92043483
717.43520632 53.77659172
761.26182024 63.47274525
387.05493530 212.89047103
360.68139772 189.23185643
363.00847456 156.65278060
360.29355158 134.93339671
358.74216701 108.55985913
389.38201214 254.00216196
428.94231851 301.31939115
475.13910330 369.77423502
855.22832138 472.94130850
851.45961504 74.90915632
1006.90915632 96.92750495
1019.89998201 399.01924807
958.68897284 656.74401871
334.15886075 64.47654306
927.48553407 131.99302658
