370.12946548 556.99443613
443.77330110 447.28015042
379.14707801 266.92789993
278.45040482 161.72242048
388.16469053 131.66371206
469.32320325 30.96703887
562.50519934 15.93768466
630.13729327 26.45823261
505.39365335 116.63435785
544.46997429 217.33103104
681.23709758 361.61283143
918.70089406 575.02966118
957.77721500 372.13337938
1013.38582556 112.12555159
962.28602126 30.96703887
912.68915237 49.00226392
830.02770423 47.49932850
721.81635394 29.46410345
687.24883926 58.01987644
694.76351637 17.44062008
745.86332067 124.14903496
822.51302713 212.82222478
971.50134435 175.03311693
978.77893632 41.89599318
837.50803331 6.79231425
342.20368549 3.79565873
521.57492295 83.42107679
522.00301659 148.49131091
