103.06793353 731.22038362
156.03345077 667.10423117
381.83381374 650.37827835
404.13508416 693.58698979
412.49806057 747.94633643
381.83381374 760.49080104
735.75032917 484.51257962
749.68862318 474.05885912
670.24034732 458.02982100
680.69406783 354.18953062
631.91003879 406.45813316
575.45994804 411.33653607
716.23671755 413.42728017
811.71403153 428.06248888
828.43998434 407.85196256
917.64506601 388.33835095
940.64325113 389.73218035
967.12600975 421.09334187
906.49443080 490.78481193
864.67954877 460.12056510
1009.63780648 471.96811501
637.42728017 312.37464859
635.33653607 298.43635458
626.27664496 289.02800612
606.76303334 298.78481193
585.50713498 286.58880467
617.91366855 309.93544714
466.50894986 488.69406783
375.91003879 472.66502971
334.09515676 450.36375930
381.48535639 423.88100068
461.63054696 423.88100068
426.78481193 364.64325113
394.02982100 362.55250703
344.54887726 355.58336002
318.76303334 341.64506601
295.76484823 330.49443080
329.91366855 382.76303334
286.70495712 379.27845984
260.22219850 373.00622754
230.25486637 389.03526565
229.55795167 359.76484823
226.77029287 416.91185367
200.98444895 429.45631828
160.56339632 404.36738906
158.47265222 389.73218035
191.92455784 382.06611864
208.65051066 351.40187182
216.31657236 322.82836910
180.77392264 330.49443080
161.95722572 333.28208961
138.95904060 325.61602790
64.85377745 453.15141810
53.00622754 430.85014768
39.76484823 407.15504786
90.63962137 409.24579196
7.00985730 372.30931284
11.19134550 359.06793353
39.76484823 355.58336002
52.30931284 338.85740721
73.21675385 344.43272481
98.30568307 367.43090993
129.66684460 367.43090993
57.94270667 320.38916765
4.97718942 317.94996619
17.17319668 304.36012953
39.82292445 304.70858688
39.12600975 298.43635458
57.59424931 297.04252518
66.30568307 298.08789723
79.54706238 304.70858688
82.33472118 315.51076474
98.01530195 309.23853244
106.37827835 302.26938543
127.28571937 309.23853244
138.08789723 306.79933098
152.72310594 295.99715313
162.47991175 317.25305149
177.11512046 310.63236184
172.58517490 301.22401338
101.84833280 300.87555603
91.04615494 286.93726202
71.88100068 292.16412227
76.41094623 284.84651792
79.89551973 297.39098253
91.74306964 305.40550158
52.01893171 285.89188997
57.94270667 284.49806057
57.24579196 278.57428561
42.26212590 282.05885912
22.74851429 287.63417672
6.71947618 290.07337817
2.53798797 275.08971211
8.81022028 262.89370485
24.83925839 261.49987545
27.62691719 270.21130921
35.64143625 274.39279741
43.30749795 270.55976656
27.13326928 288.15686275
17.89914950 286.93726202
11.45268852 254.35649977
7.96811501 241.81203516
3.43816946 242.16049251
13.36920394 262.02256147
