244.77908497 415.91982571
234.34945534 337.22352941
98.76427015 270.85315904
235.29760349 229.13464052
219.17908497 227.23834423
491.29760349 602.70501089
411.65315904 646.31982571
620.24575163 670.02352941
710.31982571 725.96427015
948.30501089 559.09019608
894.26056645 472.80871460
827.89019608 433.93464052
811.77167756 249.99389978
759.62352941 217.75686275
679.03093682 220.60130719
549.13464052 261.37167756
497.93464052 218.70501089
441.99389978 190.26056645
417.34204793 184.57167756
371.83093682 176.98649237
337.69760349 168.45315904
642.05315904 206.37908497
664.80871460 194.05315904
528.27538126 141.90501089
870.55686275 169.40130719
852.30501089 85.84575163
867.23834423 82.52723312
877.90501089 83.00130719
903.26797386 82.76427015
904.45315904 71.14945534
971.29760349 72.57167756
996.18649237 87.26797386
886.67538126 117.13464052
857.28278867 114.05315904
1001.16427015 187.53464052
1022.14204793 51.66797386
1003.77167756 582.20130719
50.40871460 129.34204793
179.35686275 114.17167756
201.16427015 114.17167756
225.34204793 115.59389978
447.68278867 104.69019608
478.97167756 81.46056645
564.54204793 129.69760349
550.55686275 124.24575163
488.69019608 87.50501089
651.06056645 89.51982571
717.90501089 104.80871460
733.31241830 93.90501089
718.61612200 87.26797386
