919.84517443 348.62439521
894.91010950 247.63738223
973.45556404 164.10491469
1020.83218742 151.63738223
1012.10491469 129.19582378
942.28673287 90.54647313
902.39062898 95.53348612
853.76725236 147.89712249
815.11790171 137.92309651
389.97504456 208.98803158
315.16984976 156.62439521
242.85816145 152.88413547
135.63738223 165.35166794
136.88413547 73.09192768
169.29971989 70.59842119
221.66335625 76.83218742
262.80621339 99.27374586
379.37764197 32.26075885
411.16984976 65.29971989
472.88413547 7.94907054
635.58543417 17.92309651
209.81920041 2.33868093
753.19582378 49.71530430
779.37764197 50.33868093
807.42959002 54.07894067
753.81920041 6.70231729
765.66335625 1.71530430
552.05296664 355.00201759
671.74127833 396.94407553
668.67234726 280.32469491
731.07394566 284.41660300
851.78523437 571.87314646
959.19782179 493.10391569
299.37764197 631.20581379
243.11390570 620.97604356
