208.99896801 721.46357781
744.22945803 685.22401338
653.63054696 527.72129106
667.56884097 466.39279741
344.20041991 533.29660866
274.50894986 524.93363226
560.24397708 430.15323298
942.15323298 430.15323298
1009.05704423 416.21493897
284.26575567 430.15323298
331.65595530 384.15686275
303.77936728 374.40005694
268.93363226 377.18771574
220.14960322 368.82473933
52.89007509 416.21493897
108.64325113 416.21493897
142.09515676 393.91366855
77.97900431 381.36920394
77.97900431 352.09878652
79.37283371 332.58517490
7.06793353 343.38735276
4.97718942 326.31294260
98.71221665 312.37464859
142.61784278 304.01167218
137.39098253 349.31112772
204.23671755 282.40731647
266.95904060 293.55795167
300.41094623 274.04434006
470.45813316 323.52528380
469.76121846 306.10241628
494.85014768 267.77210775
476.90459414 237.80477563
491.53980285 233.62328743
457.39098253 229.44179922
469.93544714 222.82110957
484.57065585 190.76303334
531.61239814 235.01711683
545.89914950 236.75940358
559.83744351 217.94270667
549.03526565 200.86829650
549.03526565 323.87374115
518.02256147 324.91911320
613.15141810 210.62510231
628.48354151 213.41276111
591.89551973 268.46902245
644.51257962 244.07700794
676.91911320 249.65232554
694.34198071 258.71221665
702.00804242 223.51802427
696.08426746 216.54887726
683.88826020 219.68499342
661.58698979 193.89914950
725.00622754 209.23127291
697.47809686 170.90096438
682.14597345 143.72129106
751.14052881 154.52346892
757.76121846 175.77936728
766.12419487 179.26394079
755.32201701 167.41639088
791.91003879 175.43090993
794.69769759 185.18771574
797.48535639 196.33835095
789.47083734 201.91366855
797.48535639 210.97355966
765.42728017 205.04978471
752.18590086 209.92818761
731.27845984 236.41094623
761.59424931 286.58880467
664.89733461 298.43635458
706.01530195 300.52709868
820.13508416 199.47446710
822.22582826 188.32383189
837.20949432 206.79207146
881.81203516 207.48898616
896.79570122 198.77755240
887.03889541 190.41457599
895.05341447 185.88463044
884.94815131 170.55250703
912.47628198 171.59787908
811.07519305 169.85559233
810.72673570 161.84107327
806.54524750 162.53798797
817.34742536 163.58336002
828.84651792 159.40187182
837.20949432 160.44724387
839.30023843 152.08426746
845.57247073 164.62873207
872.05522935 163.23490267
860.55613679 152.78118216
868.91911320 151.03889541
890.26212590 169.33290630
903.67773389 167.06793353
899.67047436 159.57610049
900.36738906 152.78118216
896.88281556 149.64506601
919.35831465 169.15867763
915.17682645 165.67410412
918.13871392 162.71221665
932.25123661 163.93181737
948.62873207 160.79570122
941.65958507 148.42546529
946.88644532 143.37283371
956.99170848 135.00985730
962.21856873 134.83562863
959.43090993 147.55432191
967.27120031 149.29660866
972.49806057 139.71403153
986.08789723 138.14597345
885.90640902 148.42546529
894.09515676 144.76666311
901.23853244 140.93363226
896.18590086 130.82836910
911.69225294 144.24397708
915.69951247 149.64506601
921.27483008 149.99352336
921.10060140 146.33472118
931.20586456 147.03163588
935.21312409 128.91185367
944.27301520 135.88100068
999.12600975 183.09697164
1020.03345077 180.65777019
964.62873207 119.32927654
959.40187182 117.93544714
872.28753425 155.22038362
788.01893171 318.99533824
1020.09152699 288.33109142
675.93181737 424.57791538
686.44361411 200.51983915
654.03708053 168.11330558
879.60513861 148.94815131
925.60150884 124.20767944
930.47991175 128.38916765
978.91548343 131.17682645
954.26212590 156.96267037
979.35105512 123.85922209
983.00985730 121.76847799
991.72129106 121.24579196
984.40368670 114.10241628
1002.34924024 118.80659051
989.97900431 118.28390449
942.24034732 143.54706238
937.53617309 143.54706238
927.95359596 142.67591901
882.30568307 146.33472118
955.30749795 121.07156329
946.77029287 116.71584641
950.77755240 119.85196256
968.37464859 133.96448525
982.31294260 132.22219850
880.12782463 167.59061955
881.69588271 153.47809686
1014.95178108 125.25305149
1023.48898616 127.69225294
1018.95904060 120.89733461
1023.14052881 115.14778833
974.53072844 120.37464859
