128.15686275 390.84040705
112.35939439 496.56192604
305.57458426 237.72648300
363.90369819 217.06825515
568.05559692 336.15686275
606.94167287 324.00496401
598.43534376 166.03028047
582.63787540 138.08091338
461.11888806 91.90369819
435.59990072 71.24547034
421.01762224 63.95433110
408.86572350 55.44800199
378.48597667 49.37205262
362.68850831 57.87838173
334.73914123 61.52395135
303.14420452 57.87838173
266.68850831 74.89103996
249.67585009 57.87838173
218.08091338 76.10622983
244.81509059 88.25812857
213.22015388 108.91635642
226.58724249 140.51129312
321.37205262 104.05559692
355.39736907 84.61255895
133.01762224 117.42268553
105.06825515 91.90369819
94.13154629 44.51129312
113.57458426 37.22015388
50.38471085 57.87838173
7.85306528 80.96698933
41.87838173 130.78977414
11.49863490 146.58724249
188.91635642 83.39736907
164.61255895 83.39736907
158.53660958 67.59990072
169.47331844 57.87838173
174.33407793 42.08091338
182.84040705 59.09357161
711.44800199 234.08091338
673.77711591 145.37205262
707.80243237 127.14420452
704.15686275 89.47331844
662.84040705 71.24547034
640.96698933 79.75179945
621.52395135 78.53660958
609.37205262 100.41002730
582.63787540 45.72648300
566.84040705 45.72648300
557.11888806 59.09357161
537.67585009 53.01762224
530.38471085 40.86572350
532.81509059 18.99230578
616.66319186 23.85306528
690.78977414 4.41002730
751.54926781 15.34673616
773.42268553 53.01762224
803.80243237 66.38471085
856.05559692 40.86572350
870.63787540 70.03028047
852.41002730 100.41002730
825.67585009 142.94167287
849.97964756 172.10622983
832.96698933 190.33407793
825.67585009 206.13154629
857.27078680 263.24547034
928.96698933 213.42268553
939.90369819 168.46066021
887.65053363 132.00496401
913.16952097 100.41002730
927.75179945 57.87838173
969.06825515 44.51129312
983.65053363 63.95433110
1006.73914123 63.95433110
959.34673616 74.89103996
975.14420452 101.62521718
1014.03028047 97.97964756
1012.81509059 176.96698933
990.94167287 203.70116654
480.56192604 45.72648300
467.19483743 18.99230578
491.49863490 10.48597667
1.77711591 3.19483743
653.11888806 54.23281211
1006.73914123 343.44800199
988.51129312 472.25812857
1011.59990072 737.16952097
500.00496401 27.49863490
418.58724249 25.06825515
440.46066021 6.84040705
445.19259420 44.80283294
476.41355238 32.93886883
330.92388726 21.69932389
477.66239071 92.25868938
480.16006736 77.89704861
