27.87878788 740.43493761
159.98573975 525.50445633
22.40285205 481.01247772
52.52049911 459.10873440
203.79322638 395.45098039
188.04991087 346.85204991
217.48306595 343.42959002
302.36007130 353.01247772
376.96969697 292.77718360
349.59001783 218.85204991
390.65953654 178.46702317
509.07664884 180.52049911
487.85739750 128.49910873
516.60606061 120.96969697
534.40285205 116.86274510
571.36541889 118.23172906
585.73975045 128.49910873
612.43493761 124.39215686
631.60071301 120.28520499
626.12477718 116.86274510
645.29055258 151.08734403
694.57397504 216.79857398
697.99643494 146.98039216
719.21568627 147.66488414
711.00178253 136.71301248
669.93226381 140.81996435
667.87878788 122.33868093
682.93761141 120.96969697
700.04991087 125.76114082
707.57932264 128.49910873
758.91622103 159.30124777
754.80926916 150.40285205
773.97504456 120.28520499
791.77183601 143.55793226
780.81996435 155.87878788
791.77183601 153.82531194
826.68092692 205.16221034
849.26916221 175.72905526
870.48841355 192.84135472
874.59536542 151.08734403
865.01247772 131.92156863
843.79322638 131.23707665
821.88948307 131.23707665
803.40819964 127.81461676
836.94830660 111.38680927
849.95365419 116.86274510
884.17825312 120.28520499
893.76114082 140.13547237
896.49910873 159.30124777
920.45632799 168.19964349
920.45632799 159.30124777
932.77718360 159.30124777
969.05525847 174.36007130
971.10873440 187.36541889
956.04991087 201.73975045
938.25311943 134.65953654
956.73440285 135.34402852
967.00178253 125.07664884
980.00713012 146.98039216
914.29590018 129.18360071
198.31729055 167.51515152
164.77718360 158.61675579
6.48841355 96.15686275
21.88948307 87.94295900
63.64349376 86.23172906
74.93761141 82.46702317
89.99643494 94.78787879
125.59001783 82.46702317
153.99643494 74.93761141
208.07130125 86.91622103
220.39215686 87.25846702
227.57932264 84.17825312
234.76648841 84.17825312
119.85739750 31.04456328
130.80926916 38.23172906
248.71301248 45.24777184
251.79322638 49.18360071
19.19429590 35.19429590
17.05525847 28.60606061
62.57397504 25.44028520
529.86809269 84.77718360
537.22638146 74.68092692
575.90017825 83.75044563
571.45098039 109.41889483
592.32798574 103.60071301
589.41889483 77.93226381
576.92691622 71.77183601
550.06060606 45.24777184
580.86274510 36.69162210
618.16755793 45.59001783
634.76648841 43.19429590
648.96969697 46.61675579
647.94295900 29.67557932
634.42424242 30.01782531
674.46702317 58.93761141
670.53119430 66.80926916
677.88948307 72.11408200
661.80392157 81.35472371
658.89483066 88.19964349
627.75044563 85.11942959
615.94295900 91.27985740
606.87344029 85.97504456
612.00713012 100.86274510
695.34402852 90.08199643
703.38680927 74.50980392
720.49910873 66.98039216
732.64884135 55.85739750
716.39215686 39.08734403
747.87878788 77.41889483
757.97504456 75.36541889
764.13547237 67.15151515
754.03921569 50.72370766
764.99108734 46.95900178
768.92691622 77.76114082
574.48841355 23.13012478
577.91087344 18.08199643
589.20499109 19.70766488
591.94295900 15.42959002
597.76114082 15.51515152
558.38146168 14.29590018
568.04991087 10.10338681
572.24242424 9.76114082
576.86274510 12.45632799
587.08734403 9.11942959
599.06595365 7.70766488
609.59001783 8.04991087
596.45632799 11.98573975
825.39750446 73.14081996
825.22638146 65.95365419
808.28520499 52.09269162
809.14081996 47.13012478
781.24777184 42.85204991
771.49376114 57.39750446
769.44028520 51.75044563
777.48306595 41.48306595
788.09269162 75.87878788
826.25311943 43.70766488
845.93226381 54.31729055
848.32798574 48.32798574
853.63279857 47.13012478
858.08199643 49.18360071
856.37076649 77.41889483
855.34402852 91.27985740
855.34402852 95.90017825
859.27985740 100.52049911
873.65418895 90.59536542
837.37611408 91.45098039
835.66488414 82.89483066
880.67023173 78.95900178
887.34402852 75.87878788
868.86274510 82.21033868
900.00713012 79.81461676
894.70231729 59.10873440
897.44028520 54.31729055
901.20499109 52.09269162
915.23707665 58.93761141
908.90552585 85.97504456
935.60071301 82.89483066
942.95900178 81.01247772
953.56862745 81.69696970
949.63279857 76.73440285
951.00178253 73.14081996
889.73975045 106.16755793
897.61140820 105.99643494
987.10873440 107.53654189
1005.59001783 120.02852050
1009.01247772 132.34937611
1000.96969697 141.93226381
1009.86809269 145.52584670
1012.94830660 113.52584670
1012.43493761 104.45632799
997.03386809 100.52049911
999.08734403 94.87344029
1013.29055258 91.45098039
1008.67023173 79.13012478
1001.99643494 73.65418895
986.25311943 76.04991087
982.31729055 87.68627451
976.67023173 59.96434938
987.62210339 39.77183601
959.90017825 44.04991087
974.10338681 36.86274510
981.46167558 32.24242424
1002.33868093 36.17825312
1003.87878788 45.24777184
1005.76114082 50.03921569
996.52049911 46.61675579
991.90017825 29.67557932
974.48841355 23.90017825
970.72370766 15.51515152
991.08734403 22.70231729
985.86809269 28.26381462
1001.61140820 29.63279857
1008.79857398 22.36007130
1014.01782531 25.44028520
1017.35472371 28.43493761
1014.95900178 43.49376114
1015.81461676 53.84670232
1003.75044563 17.22638146
995.10873440 15.85739750
1016.15686275 16.54188948
978.25311943 15.34402852
1000.45632799 176.32798574
1008.15686275 162.63814617
186.85016944 17.41960001
116.26475485 14.35066894
308.58443517 12.30471489
202.70631329 21.57544416
260.50451509 26.69032928
326.48653307 27.71330630
296.30871090 48.68433527
316.25676284 43.05796165
349.50351609 29.24777184
343.87714247 7.76525435
378.14687274 24.13288672
387.86515445 25.15586374
360.75626334 12.36865096
405.76725236 22.08693268
412.92809152 31.29372588
419.06595365 20.55246714
701.91910051 29.24777184
707.54547413 25.15586374
700.38463497 14.41460500
680.94807154 15.94907054
559.72529431 3.70531429
544.89212748 3.70531429
569.95506454 1.14787174
592.20481479 6.51850111
603.45756205 4.47254706
608.06095865 5.49552408
616.50051909 7.28573387
612.66435525 3.96105855
618.03498462 1.40361599
629.28773188 10.86615345
638.23878083 10.35466494
638.75026934 1.91510450
633.63538422 0.89212748
641.81920041 2.93808153
646.93408552 7.28573387
652.30471489 5.75126834
651.28173787 12.65636324
662.27874087 9.07594366
657.41960001 3.19382578
659.72129831 9.07594366
668.67234726 7.28573387
665.60341619 2.68233727
673.78723238 3.70531429
673.78723238 15.21380580
682.22679282 7.28573387
684.01700261 2.93808153
677.36765196 2.17084876
691.43358602 6.26275685
702.68633327 9.84317643
711.12589371 3.70531429
717.00801160 15.72529431
719.82119841 2.17084876
970.32269691 10.09892069
964.44057903 2.93808153
959.32569391 3.70531429
950.63038922 2.17084876
974.92609351 2.93808153
984.38863098 11.63338622
988.22479481 11.12189771
988.22479481 2.93808153
996.40861100 5.49552408
1006.38263697 8.05296664
1013.03198762 7.28573387
1020.70431529 9.33168792
232.29064201 22.47124402
226.29733097 26.00301659
373.77559184 21.29398649
332.25050823 11.98294970
361.14682930 6.09666208
290.40435438 25.52141124
686.60502328 10.05652830
662.52475572 36.70535773
581.40100990 5.98963866
580.65184602 14.65853499
529.49465539 5.66856843
566.41773231 3.31405338
595.20702997 534.84582596
