838.80621339 695.22179781
952.26075885 575.53348612
855.01400560 475.79322638
810.13088872 484.52049911
466.02699262 605.45556404
144.36465495 501.97504456
8.46855106 519.42959002
234.13088872 377.29971989
257.81920041 364.83218742
543.32569391 371.06595365
644.31270690 373.55946015
669.24777184 266.33868093
737.81920041 278.80621339
939.79322638 374.80621339
962.23478482 297.50751210
977.19582378 267.58543417
957.24777184 225.19582378
840.05296664 157.87114846
351.32569391 213.97504456
265.29971989 227.68933028
265.29971989 207.74127833
252.83218742 200.26075885
242.85816145 166.59842119
191.74127833 170.33868093
144.36465495 213.97504456
180.52049911 278.80621339
256.57244716 292.52049911
115.68933028 256.36465495
69.55946015 205.24777184
29.66335625 199.01400560
24.67634326 171.58543417
79.53348612 182.80621339
756.31270690 152.57244716
751.32569391 115.16984976
694.59842119 100.83218742
1010.02699262 161.29971989
1023.11790171 102.07894067
1011.27374586 119.53348612
1001.92309651 96.46855106
1000.67634326 78.39062898
991.32569391 68.41660300
976.98803158 68.41660300
960.78023937 74.02699262
955.16984976 62.80621339
942.70231729 59.06595365
925.87114846 55.94907054
920.26075885 43.48153807
908.41660300 34.13088872
896.57244716 64.05296664
880.36465495 58.44257703
951.42959002 113.29971989
970.13088872 163.79322638
950.18283677 161.92309651
920.26075885 130.13088872
881.61140820 97.71530430
847.32569391 97.71530430
821.14387573 125.76725236
829.87114846 102.70231729
836.10491469 58.44257703
829.87114846 58.44257703
781.24777184 78.39062898
766.28673287 75.89712249
759.42959002 71.53348612
730.13088872 80.26075885
715.79322638 68.41660300
748.83218742 56.57244716
760.67634326 39.74127833
794.96205755 45.35166794
880.98803158 44.10491469
867.27374586 42.85816145
892.83218742 34.75426534
635.37764197 133.24777184
581.14387573 137.61140820
574.28673287 81.50751210
633.50751210 65.29971989
617.92309651 58.44257703
607.94907054 65.29971989
588.62439521 62.80621339
571.79322638 65.29971989
549.35166794 80.26075885
893.14387573 15.58543417
899.06595365 1.87114846
887.84517443 6.23478482
872.57244716 7.48153807
884.72829132 29.76725236
876.62439521 19.79322638
862.28673287 12.31270690
863.53348612 25.40361599
854.18283677 29.76725236
850.44257703 12.31270690
849.81920041 1.71530430
836.10491469 2.33868093
829.87114846 12.31270690
826.13088872 3.58543417
816.15686275 4.20881080
815.53348612 9.19582378
821.14387573 16.67634326
817.40361599 23.53348612
814.91010950 35.37764197
838.59842119 23.53348612
836.72829132 12.93608352
797.45556404 3.58543417
804.93608352 1.71530430
772.52049911 23.53348612
769.40361599 16.67634326
752.57244716 25.40361599
753.81920041 14.80621339
753.81920041 6.07894067
755.68933028 41.61140820
794.33868093 29.76725236
791.84517443 3.58543417
707.06595365 6.07894067
732.00101859 1.71530430
716.41660300 29.76725236
733.24777184 45.35166794
725.76725236 47.84517443
702.07894067 45.35166794
685.87114846 39.11790171
685.87114846 29.76725236
689.61140820 13.55946015
667.79322638 4.83218742
669.66335625 1.71530430
678.91010950 17.14387573
680.46855106 8.41660300
683.58543417 0.00101859
641.50751210 4.05296664
646.49452508 14.33868093
647.74127833 33.66335625
650.54647313 27.42959002
641.50751210 26.49452508
625.92309651 3.11790171
632.46855106 11.84517443
634.65036924 3.11790171
610.65036924 16.20881080
615.94907054 22.13088872
591.32569391 12.78023937
615.01400560 35.84517443
596.93608352 39.58543417
571.68933028 35.84517443
562.33868093 36.78023937
546.13088872 53.29971989
519.63738223 52.67634326
539.27374586 48.93608352
510.59842119 86.33868093
505.61140820 92.88413547
505.29971989 41.45556404
504.05296664 24.00101859
520.57244716 14.96205755
532.72829132 25.24777184
528.98803158 16.20881080
542.39062898 17.14387573
551.11790171 18.39062898
561.71530430 11.22179781
572.62439521 14.96205755
579.16984976 14.02699262
579.48153807 4.05296664
572.62439521 6.23478482
567.32569391 1.87114846
564.20881080 4.67634326
544.26075885 6.23478482
532.41660300 8.41660300
530.23478482 1.24777184
523.68933028 6.23478482
516.20881080 8.72829132
508.10491469 10.59842119
498.75426534 10.91010950
442.96205755 98.33868093
483.48153807 87.74127833
495.32569391 69.03997963
484.10491469 39.74127833
460.41660300 48.46855106
446.70231729 67.79322638
419.89712249 74.02699262
408.67634326 69.03997963
388.10491469 79.01400560
377.50751210 88.98803158
351.32569391 74.18283677
362.23478482 66.70231729
346.96205755 53.29971989
368.46855106 43.01400560
370.02699262 25.87114846
360.98803158 7.79322638
470.07894067 4.05296664
473.50751210 4.36465495
494.07894067 1.87114846
493.45556404 16.52049911
492.20881080 25.87114846
476.93608352 19.32569391
471.94907054 22.75426534
468.52049911 24.00101859
465.09192768 20.88413547
459.79322638 14.33868093
452.62439521 12.78023937
458.85816145 24.93608352
445.45556404 29.29971989
416.78023937 19.32569391
437.97504456 31.48153807
442.96205755 47.06595365
435.48153807 45.81920041
434.23478482 55.48153807
409.92309651 38.33868093
421.76725236 28.36465495
406.49452508 41.76725236
402.13088872 34.28673287
386.85816145 32.72829132
385.92309651 40.52049911
405.55946015 58.91010950
388.41660300 64.20881080
395.27374586 64.20881080
400.57244716 51.11790171
370.33868093 56.41660300
376.88413547 53.61140820
371.27374586 67.01400560
379.06595365 0.93608352
331.37764197 21.50751210
328.26075885 20.88413547
309.24777184 29.29971989
306.75426534 23.68933028
295.53348612 33.97504456
292.41660300 29.61140820
287.11790171 31.79322638
282.44257703 35.22179781
285.55946015 26.18283677
291.16984976 24.00101859
276.83218742 36.46855106
192.36465495 53.92309651
197.35166794 49.24777184
193.29971989 41.45556404
190.18283677 41.45556404
208.88413547 48.00101859
212.62439521 38.65036924
214.80621339 32.10491469
227.89712249 40.20881080
232.26075885 43.63738223
235.68933028 40.83218742
232.26075885 37.40361599
237.87114846 36.15686275
235.06595365 37.40361599
242.54647313 34.28673287
240.05296664 36.78023937
251.89712249 34.28673287
255.01400560 33.66335625
268.41660300 31.48153807
277.14387573 28.36465495
279.32569391 25.87114846
282.44257703 27.11790171
298.96205755 26.18283677
294.59842119 24.00101859
298.96205755 23.06595365
164.31270690 93.97504456
159.94907054 92.10491469
156.83218742 87.74127833
138.75426534 95.84517443
124.41660300 97.71530430
123.16984976 99.58543417
244.10491469 64.67634326
263.42959002 57.19582378
278.39062898 47.84517443
288.36465495 54.07894067
299.58543417 48.46855106
305.19582378 51.58543417
317.03997963 45.97504456
338.85816145 49.71530430
328.88413547 70.28673287
343.84517443 71.53348612
280.88413547 85.24777184
260.93608352 91.48153807
246.59842119 95.22179781
259.06595365 115.16984976
273.40361599 123.89712249
236.00101859 100.83218742
230.39062898 106.44257703
239.11790171 113.92309651
218.54647313 105.19582378
209.81920041 110.80621339
204.20881080 117.03997963
196.72829132 120.78023937
181.14387573 115.16984976
170.54647313 120.78023937
159.32569391 125.76725236
115.06595365 123.89712249
106.33868093 155.06595365
78.91010950 163.16984976
99.48153807 187.48153807
203.58543417 148.83218742
219.16984976 130.75426534
221.03997963 143.84517443
121.29971989 65.29971989
115.68933028 67.16984976
108.83218742 70.28673287
101.97504456 71.53348612
132.52049911 70.28673287
129.40361599 63.42959002
131.27374586 58.44257703
136.88413547 67.16984976
139.37764197 67.79322638
137.50751210 61.55946015
140.62439521 61.55946015
144.36465495 59.06595365
161.81920041 56.57244716
164.31270690 54.07894067
168.05296664 55.32569391
169.92309651 54.07894067
162.44257703 67.79322638
168.67634326 65.29971989
174.28673287 61.55946015
194.23478482 59.06595365
197.35166794 55.32569391
236.62439521 48.46855106
201.71530430 55.94907054
89.50751210 74.02699262
58.33868093 177.81920041
92.00101859 201.50751210
27.16984976 116.72829132
35.89712249 184.05296664
197.35166794 86.33868093
239.42959002 60.46855106
144.36465495 137.76725236
311.11790171 159.27374586
327.63738223 158.96205755
342.18283677 183.11790171
330.33868093 203.06595365
124.62509017 79.99632763
105.36087612 81.28060856
109.21371893 80.85251492
111.14014034 78.49799987
100.86589285 82.67191291
93.69532428 82.77893632
116.06321726 79.03311693
112.74549151 69.61505673
10.85920388 97.01305004
17.06656174 93.69532428
24.55820054 81.49465539
27.98294970 83.31405338
33.54816709 81.49465539
67.15351826 70.89933766
71.00636107 73.14682930
80.74549151 67.90268214
85.88261525 70.57826743
88.13010689 77.85585940
18.99298315 73.36087612
7.54147813 100.75886943
2.08328415 85.24047479
6.89933766 85.56154502
11.18027412 82.88595974
14.81907010 83.84917044
2.93947144 98.19030756
25.84248147 91.44783264
180.06321726 89.62843465
477.90937111 366.17692963
249.84248147 65.22709686
248.77224736 55.91606007
215.80903666 50.88595974
210.13679586 51.79565873
212.97291626 51.47458850
220.89264870 49.17358515
223.24716375 48.58495639
223.56823398 40.71873565
200.82575907 50.77893632
181.24047479 60.51806676
145.65519050 69.13345137
158.39097646 64.74549151
157.05318382 57.73545806
154.27057512 68.43779920
121.52141124 71.22040790
274.24381927 33.28060856
379.01973900 8.69197980
337.70870221 65.76221392
332.67860188 65.76221392
294.25719719 128.37090957
280.55820054 107.39432094
226.61840121 161.76221392
483.47458850 12.30401994
601.52141124 0.95953833
614.68529084 3.52810020
606.44448816 7.80903666
591.35418716 7.48796642
683.82241458 85.13345137
