666.75426534 336.15686275
608.15686275 311.22179781
590.70231729 273.81920041
19.68933028 111.74127833
29.66335625 90.54647313
33.40361599 70.59842119
10.96205755 50.65036924
24.67634326 46.91010950
53.35166794 33.19582378
75.79322638 43.16984976
65.81920041 29.45556404
98.23478482 76.83218742
62.07894067 119.22179781
39.22179781 62.80621339
98.44257703 122.65036924
124.62439521 122.65036924
119.01400560 78.39062898
163.27374586 118.28673287
206.28673287 136.98803158
248.05296664 135.11790171
213.14387573 93.35166794
221.24777184 93.97504456
184.46855106 71.53348612
163.27374586 63.42959002
153.92309651 48.46855106
104.05296664 42.85816145
96.57244716 26.02699262
122.13088872 39.11790171
136.46855106 45.35166794
153.92309651 36.62439521
171.37764197 34.13088872
185.09192768 39.11790171
183.22179781 27.89712249
201.29971989 24.15686275
211.27374586 19.16984976
246.18283677 21.66335625
253.66335625 44.10491469
220.62439521 42.85816145
218.75426534 54.07894067
208.78023937 56.57244716
228.72829132 60.31270690
279.22179781 82.13088872
278.59842119 57.19582378
297.29971989 60.31270690
296.67634326 78.39062898
322.23478482 175.63738223
352.15686275 170.65036924
370.23478482 223.01400560
384.57244716 170.65036924
433.81920041 168.78023937
496.15686275 173.76725236
498.02699262 79.01400560
465.61140820 45.97504456
428.83218742 59.68933028
389.55946015 71.53348612
355.89712249 96.46855106
334.07894067 63.42959002
529.61140820 181.55946015
605.66335625 187.79322638
654.28673287 208.98803158
717.87114846 191.53348612
782.70231729 186.54647313
558.28673287 74.33868093
573.24777184 74.33868093
636.83218742 73.09192768
624.36465495 52.20881080
653.66335625 50.33868093
660.52049911 21.66335625
628.72829132 13.55946015
694.80621339 13.55946015
704.15686275 1.71530430
666.13088872 22.28673287
730.96205755 80.88413547
664.26075885 65.29971989
644.93608352 9.19582378
773.97504456 129.50751210
826.33868093 170.02699262
858.75426534 173.76725236
897.40361599 173.76725236
878.70231729 152.57244716
850.65036924 116.41660300
834.44257703 70.28673287
856.88413547 49.71530430
864.98803158 51.58543417
871.84517443 55.94907054
472.88413547 47.22179781
922.75426534 155.68933028
912.78023937 146.96205755
913.40361599 130.75426534
932.72829132 117.66335625
975.11790171 137.61140820
950.18283677 112.05296664
970.13088872 102.70231729
990.07894067 107.06595365
1003.79322638 123.89712249
990.70231729 88.98803158
986.33868093 82.13088872
945.81920041 80.26075885
915.89712249 64.05296664
909.03997963 54.70231729
908.41660300 45.97504456
944.57244716 59.68933028
967.63738223 16.67634326
944.57244716 6.07894067
995.06595365 51.58543417
987.58543417 54.07894067
981.97504456 62.80621339
1002.54647313 63.42959002
1015.01400560 42.85816145
92.73628332 601.02799162
400.65236724 457.81120840
687.08593367 444.51250710
216.34415371 80.95953833
397.64181258 37.50803331
426.75218047 32.79900321
414.33746475 38.15017378
990.97960522 140.25050823
826.80569218 46.92609351
838.36422060 44.99967211
779.71539117 75.60836776
873.89599318 74.75218047
957.80234769 76.25050823
963.15351826 59.76890288
984.98629418 1.12007345
1018.37759853 1.76221392
