14.70231729 473.29971989
92.00101859 318.70231729
7.22179781 296.26075885
44.62439521 226.44257703
84.52049911 196.52049911
110.70231729 210.23478482
131.89712249 199.01400560
44.62439521 181.55946015
27.16984976 169.09192768
744.05296664 685.24777184
933.55946015 588.00101859
691.68933028 539.37764197
790.18283677 231.42959002
173.87114846 122.65036924
43.58543417 81.50751210
41.09192768 64.05296664
17.40361599 59.68933028
191.32569391 45.35166794
247.42959002 59.06595365
231.84517443 36.62439521
74.75426534 1.71530430
107.16984976 4.20881080
183.22179781 23.53348612
215.63738223 26.65036924
266.75426534 64.67634326
266.75426534 64.67634326
296.67634326 70.28673287
310.39062898 74.02699262
314.75426534 97.71530430
377.71530430 163.79322638
395.16984976 171.27374586
431.32569391 181.24777184
405.76725236 62.80621339
363.37764197 50.33868093
345.92309651 51.58543417
317.87114846 55.32569391
324.10491469 47.22179781
343.42959002 36.62439521
302.28673287 30.39062898
360.26075885 34.75426534
359.63738223 22.28673287
385.19582378 3.58543417
391.42959002 32.26075885
443.16984976 21.03997963
463.74127833 54.07894067
487.42959002 67.16984976
484.31270690 32.72829132
498.96205755 49.87114846
531.06595365 38.96205755
565.97504456 48.93608352
594.65036924 105.97504456
608.98803158 58.59842119
594.33868093 19.32569391
583.74127833 19.94907054
543.22179781 4.05296664
521.40361599 6.23478482
469.97504456 33.66335625
457.50751210 14.96205755
454.07894067 12.78023937
442.54647313 8.41660300
484.93608352 6.54647313
564.41660300 20.88413547
568.15686275 20.88413547
572.20881080 29.29971989
567.53348612 33.66335625
599.63738223 38.33868093
611.16984976 16.20881080
585.92309651 11.22179781
581.55946015 9.03997963
569.71530430 4.36465495
565.35166794 4.67634326
556.62439521 3.42959002
552.57244716 4.05296664
559.42959002 9.97504456
641.81920041 59.84517443
620.00101859 48.93608352
620.31270690 48.93608352
627.48153807 33.97504456
621.55946015 25.24777184
633.09192768 25.87114846
627.48153807 26.49452508
620.62439521 6.23478482
634.65036924 9.66335625
632.46855106 9.97504456
632.46855106 9.97504456
609.71530430 1.87114846
673.92309651 7.48153807
669.55946015 0.93608352
677.97504456 2.49452508
695.11790171 71.06595365
674.85816145 89.45556404
664.88413547 76.67634326
689.19582378 62.96205755
680.78023937 57.03997963
666.44257703 18.39062898
649.61140820 20.57244716
650.54647313 9.66335625
637.45556404 42.70231729
646.80621339 33.97504456
622.49452508 15.27374586
771.48153807 163.01400560
721.29971989 62.02699262
720.05296664 24.93608352
729.40361599 24.31270690
745.29971989 25.87114846
693.24777184 1.87114846
754.65036924 19.32569391
754.96205755 30.23478482
761.50751210 31.79322638
773.03997963 27.42959002
773.03997963 37.09192768
783.94907054 38.65036924
792.05296664 36.46855106
783.63738223 48.00101859
764.62439521 65.45556404
821.66335625 76.67634326
813.55946015 51.11790171
810.75426534 43.01400560
806.70231729 30.54647313
814.18283677 33.97504456
822.91010950 31.48153807
829.76725236 44.57244716
830.07894067 29.29971989
799.22179781 1.87114846
899.58543417 38.02699262
855.32569391 35.84517443
857.81920041 47.68933028
854.70231729 59.84517443
838.80621339 31.79322638
833.50751210 29.61140820
853.14387573 25.24777184
859.37764197 23.68933028
861.55946015 19.94907054
869.97504456 20.57244716
884.00101859 22.75426534
891.48153807 13.09192768
896.46855106 13.40361599
905.81920041 10.59842119
901.76725236 28.05296664
924.52049911 67.94907054
909.55946015 57.66335625
920.78023937 27.42959002
915.16984976 14.33868093
920.46855106 11.84517443
926.07894067 10.91010950
930.44257703 9.66335625
944.78023937 3.42959002
950.07894067 5.29971989
969.09192768 4.05296664
981.24777184 5.61140820
974.07894067 4.05296664
987.16984976 5.61140820
995.58543417 18.39062898
996.20881080 9.66335625
999.63738223 1.24777184
1007.74127833 11.84517443
834.44257703 103.16984976
847.53348612 100.67634326
848.15686275 87.89712249
877.76725236 71.06595365
862.49452508 141.81920041
885.87114846 170.18283677
921.40361599 116.26075885
960.67634326 130.59842119
960.98803158 116.26075885
945.71530430 114.70231729
978.44257703 108.15686275
986.54647313 118.44257703
981.87114846 171.42959002
1003.68933028 165.81920041
1020.52049911 117.50751210
1014.91010950 82.91010950
984.67634326 49.87114846
967.22179781 67.01400560
951.63738223 81.97504456
930.75426534 58.28673287
948.83218742 43.32569391
957.87114846 42.39062898
949.76725236 17.45556404
965.03997963 14.96205755
969.71530430 14.02699262
976.26075885 14.33868093
971.89712249 19.94907054
982.49452508 24.00101859
988.41660300 27.42959002
993.40361599 25.87114846
1018.96205755 2.49452508
1011.48153807 43.32569391
1019.58543417 16.20881080
961.92309651 57.66335625
900.52049911 13.09192768
879.94907054 17.76725236
974.71204669 37.29398649
979.42107679 36.43779920
977.28060856 53.77559184
872.82575907 33.38763198
934.47124402 1.06656174
874.21706341 22.57826743
