331.05314455 547.97682361
397.18230306 409.70676490
467.82026783 388.66566901
556.49345766 505.89463183
619.61674533 575.02966118
738.34864357 420.22731284
676.72829132 339.06880012
646.66958290 298.48954376
705.28406431 251.89854572
735.34277273 227.85157899
805.98073750 217.33103104
870.60696059 262.41909366
992.34472967 504.39169640
176.25079621 457.80069836
62.02770423 537.45627566
77.05705844 312.01596255
31.96899582 315.02183339
123.64805648 217.33103104
77.05705844 220.33690188
9.42496451 151.20187253
31.96899582 101.60500365
258.91224435 122.64609954
285.96508192 107.61674533
304.00030697 128.65784122
323.53846744 118.13729327
386.66175511 148.19600169
398.68523848 172.24296842
425.73807605 151.20187253
574.52868271 146.69306627
554.99052224 127.15490580
570.01987644 122.64609954
601.58152028 137.67545374
609.09619738 118.13729327
630.13729327 112.12555159
618.11380991 106.11380991
637.65197038 133.16664748
676.72829132 122.64609954
808.98660834 128.65784122
882.63044396 95.59326196
887.13925022 140.68132458
918.70089406 154.20774337
960.78308584 140.68132458
975.81244004 164.72829132
995.35060051 223.34277273
1019.39756725 212.82222478
54.51302713 70.04335981
28.96312498 70.04335981
107.11576685 79.06097233
138.67741069 74.55216607
167.23318368 59.52281186
143.18621695 26.45823261
119.13925022 26.45823261
123.64805648 8.42300756
198.79482752 39.98465139
195.78895668 64.03161813
197.29189210 49.00226392
230.35647136 49.00226392
243.88289014 38.48171597
281.45627566 59.52281186
258.91224435 65.53455355
285.96508192 47.49932850
331.05314455 65.53455355
365.62065922 70.04335981
380.65001343 41.48758682
356.60304670 30.96703887
359.60891754 15.93768466
419.72633437 9.92594298
413.71459269 29.46410345
431.74981774 32.46997429
439.26449484 55.01400560
433.25275316 92.58739112
401.69110932 53.51107018
403.19404474 85.07271402
457.29971989 38.48171597
449.78504278 26.45823261
446.77917194 6.92007214
500.88484709 44.49345766
512.90833046 65.53455355
505.39365335 11.42887840
529.44062008 36.97878055
539.96116803 29.46410345
538.45823261 5.41713672
565.51107018 20.44649093
547.47584513 65.53455355
542.96703887 82.06684318
557.99639308 95.59326196
579.03748897 76.05510149
586.55216607 59.52281186
610.59913280 27.96116803
592.56390775 21.94942635
598.57564944 5.41713672
622.62261617 29.46410345
663.20187253 20.44649093
627.13142243 59.52281186
693.26058094 85.07271402
712.79874141 85.07271402
538.45823261 97.09619738
745.86332067 113.62848701
742.85744983 92.58739112
769.91028740 112.12555159
769.91028740 101.60500365
768.40735198 68.54042439
744.36038525 65.53455355
720.31341852 58.01987644
703.78112889 17.44062008
679.73416216 11.42887840
678.23122674 38.48171597
793.95725413 26.45823261
799.96899582 32.46997429
805.98073750 15.93768466
831.53063965 15.93768466
851.06880012 26.45823261
848.06292928 5.41713672
903.67153985 33.97290971
872.10989601 30.96703887
864.59521891 61.02574729
843.55412302 50.50519934
813.49541460 79.06097233
787.94551245 101.60500365
902.16860443 80.56390775
902.16860443 55.01400560
884.13337938 55.01400560
954.77134415 53.51107018
987.83592341 39.98465139
944.25079621 29.46410345
933.73024826 26.45823261
956.27427957 20.44649093
965.29189210 30.96703887
981.82418173 11.42887840
984.83005257 26.45823261
1004.36821304 64.03161813
965.29189210 86.57564944
90.94607353 41.01200760
190.68633327 82.44257703
178.41060900 91.13788173
340.04097863 14.41460500
381.47154806 31.29372588
375.33368592 25.66735226
455.63738223 308.00901060
479.42159801 189.85516444
459.98503457 19.52949012
398.09492468 127.45356604
549.49552408 23.62139821
716.75226734 33.85116844
709.59142818 36.40861100
721.86715246 27.20181779
732.09692269 43.05796165
702.43058902 63.51750211
680.94807154 25.15586374
774.55046914 49.19582378
760.74027933 43.05796165
799.10191769 43.05796165
760.74027933 37.43158802
842.06695266 34.87414546
838.48653307 20.55246714
700.12889072 8.78823138
739.00201759 25.66735226
929.78723238 43.05796165
996.28073887 30.27074886
975.82119841 25.15586374
962.52249711 22.08693268
880.17284676 14.92609351
1020.32069891 77.32769192
655.11790171 27.71330630
976.58843118 54.24677284
997.04797164 51.17784177
945.64337623 10.83418542
66.93947144 22.31070890
82.77893632 37.29398649
92.41104335 22.31070890
77.21371893 3.47458850
85.77559184 1.76221392
32.69197980 0.90602662
16.85251492 37.29398649
35.26054167 17.38763198
19.42107679 14.39097646
6.36422060 115.84917044
78.06990622 114.77893632
210.35084268 113.06656174
203.28729753 99.58161191
182.95284937 190.44448816
215.48796642 186.16355171
212.49131091 227.68863532
311.38094301 248.66522395
87.91606007 276.70535773
148.38428749 17.54816709
152.02308348 11.23378582
171.28729753 4.91940455
178.99298315 19.15351826
183.80903666 15.72876910
141.96288281 13.80234769
122.16355171 37.29398649
217.84248147 8.82575907
225.12007345 31.94281592
277.34749820 33.44114368
276.27726408 47.99632763
284.19699652 22.31070890
292.75886943 31.94281592
307.52810020 41.36087612
311.80903666 44.99967211
327.22040790 33.86923733
347.12676241 42.43111024
304.10335104 15.67525739
330.85920388 14.81907010
306.02977244 3.47458850
294.04315037 10.32408683
328.29064201 0.69197980
263.00636107 21.88261525
268.99967211 23.80903666
253.37425405 12.46455505
249.94950489 58.69866877
370.88595974 49.28060856
361.89599318 50.77893632
393.78896977 17.81572562
394.64515706 5.40100990
368.31739786 17.17358515
421.82910355 2.19030756
485.18696308 4.33077579
491.82241458 29.16020723
460.14348482 50.99298315
419.26054167 46.49799987
433.60167880 42.43111024
526.92609351 20.38428749
459.07325070 74.75218047
520.29064201 167.32743131
809.68194636 274.56488950
794.91271559 86.31070890
843.28729753 85.45452161
823.16689619 91.44783264
908.99967211 107.82241458
926.12341793 80.85251492
936.82575907 292.33077579
929.33412027 58.37759853
859.12676241 50.88595974
822.95284937 26.91271559
765.48127746 12.51806676
771.68863532 26.75218047
780.67860188 7.27391960
788.17024067 16.58495639
725.98963866 5.77559184
731.98294970 30.71204669
650.64515706 9.68194636
659.42107679 4.33077579
569.94950489 4.33077579
512.37090957 28.30401994
917.56154502 24.45117713
915.20702997 16.53144468
904.71873565 22.52475572
1012.38428749 42.00301659
987.76890288 165.29398649
1012.38428749 131.47458850
993.33412027 3.68863532
1017.94950489 1.76221392
957.16020723 10.32408683
913.92274903 7.96957178
868.75886943 2.83244803
1019.23378582 29.37425405
1005.32074234 20.81238114
643.58161191 54.41773231
657.49465539 44.99967211
638.65853499 27.87592629
659.84917044 64.47793298
751.03311693 171.39432094
819.52810020 112.74549151
807.96957178 94.33746475
653.85585940 161.33412027
689.81572562 176.31739786
434.24381927 623.03311693
1019.87592629 317.37425405
320.37090957 305.81572562
401.28060856 299.82241458
121.73545806 117.88261525
704.79900321 128.37090957
