42.72567008 497.33117467
41.84493614 603.89998201
208.30365174 333.51466091
26.87245908 231.34952330
6.61557834 180.26695449
76.19355999 121.25778018
173.95502788 160.01007375
282.28530311 155.60640403
232.96420219 81.62475265
642.50548660 157.36787192
602.87245908 201.40456917
518.32200036 69.29447742
695.34952330 173.22108293
899.67979852 77.22108293
1003.60640403 357.29447742
161.62475265 51.78989027
101.07429394 11.44126641
186.28530311 10.12016550
278.10181687 10.89080770
367.38622054 15.95502788
413.18438568 69.67979852
406.02842238 9.34952330
461.40456917 13.75319302
613.22108293 22.72567008
788.70732146 36.37704623
861.14768843 40.12016550
919.71649577 23.16603706
