64.40113755 236.85915282
14.56907649 185.56144290
61.46983984 342.38587038
153.80571771 456.70648107
165.53090855 250.04999252
216.82861847 244.18739710
307.69884748 333.59197725
266.66067954 242.72174824
294.50800778 211.94312229
360.46220626 254.44693908
361.92785511 288.15686275
463.05762610 236.85915282
413.22556504 657.50037420
559.79045053 616.46220626
337.01182458 145.98892381
376.58434366 144.52327496
401.50037420 154.78281694
338.47747343 88.82861847
323.82098488 71.24083221
262.26373297 63.91258794
232.95075587 81.50037420
209.50037420 71.24083221
172.85915282 81.50037420
146.47747343 85.89732076
128.88968717 81.50037420
98.11106122 91.75991618
95.17976351 66.84388565
243.21029786 55.11869481
210.96602305 52.18739710
231.48510702 50.72174824
558.32480168 52.18739710
823.60724442 342.38587038
841.19503068 395.14922916
896.88968717 506.53854213
1011.21029786 403.94312229
948.18739710 247.11869481
830.93548870 244.18739710
857.31716809 170.90495435
729.80571771 222.20266427
697.56144290 239.79045053
605.22556504 206.08052687
577.37823679 228.06525969
558.32480168 144.52327496
577.37823679 122.53854213
590.56907649 77.10342763
625.74464900 72.70648107
636.00419099 47.79045053
677.04235893 40.46220626
659.45457267 21.40877114
614.01945816 30.20266427
709.28663374 55.11869481
759.11869481 87.36296962
747.39350397 115.21029786
801.62251160 62.44693908
864.64541236 25.80571771
911.54617572 78.56907649
864.64541236 91.75991618
934.99655740 55.11869481
995.08816046 14.08052687
952.58434366 6.75228259
929.13396198 14.08052687
