10.96205755 723.89712249
181.76725236 574.28673287
116.93608352 493.24777184
100.72829132 417.19582378
55.84517443 376.05296664
72.05296664 337.40361599
45.87114846 287.53348612
434.85816145 514.44257703
549.55946015 410.96205755
520.88413547 212.72829132
362.54647313 232.67634326
389.97504456 197.76725236
353.81920041 283.79322638
201.71530430 204.00101859
239.11790171 142.91010950
337.61140820 129.19582378
350.07894067 108.00101859
95.74127833 166.59842119
40.88413547 144.15686275
90.75426534 99.27374586
29.66335625 38.18283677
15.94907054 94.28673287
129.40361599 56.88413547
183.01400560 46.91010950
221.66335625 53.14387573
290.23478482 69.35166794
8.46855106 18.23478482
371.27374586 0.78023937
409.92309651 0.78023937
677.97504456 26.96205755
877.45556404 136.67634326
725.35166794 50.65036924
734.07894067 4.52049911
973.45556404 13.24777184
1010.85816145 33.19582378
947.06595365 23.53348612
727.63738223 76.52049911
14.91010950 1.71530430
12.41660300 254.18283677
44.25050823 3.36756509
514.51137780 0.69197980
523.50134435 3.04649485
561.38763198 220.41104335
646.57826743 425.25385271
921.41438783 416.69197980
987.34080923 414.97960522
908.99967211 3.47458850
