418.65036924 632.88413547
38.39062898 297.50751210
9.71530430 164.10491469
7.22179781 90.54647313
54.59842119 83.06595365
9.71530430 29.45556404
22.18283677 4.52049911
57.09192768 12.00101859
190.49452508 46.91010950
271.53348612 50.65036924
295.22179781 4.52049911
346.33868093 53.14387573
190.49452508 104.26075885
241.61140820 120.46855106
261.55946015 186.54647313
382.49452508 144.15686275
356.31270690 103.01400560
471.01400560 103.01400560
472.26075885 59.37764197
513.40361599 9.50751210
532.10491469 41.92309651
549.55946015 7.01400560
631.84517443 523.16984976
822.59842119 550.59842119
947.27374586 192.78023937
798.91010950 85.55946015
752.78023937 79.32569391
783.94907054 33.19582378
817.61140820 55.63738223
1014.59842119 130.44257703
949.76725236 12.00101859
921.09192768 7.01400560
877.45556404 21.97504456
793.92309651 3.27374586
761.50751210 20.72829132
171.50551409 411.26575385
277.89512448 478.78223737
424.18083877 325.33568392
554.09892069 296.69232728
738.23478482 204.62439521
839.50951010 381.59942019
863.03798163 100.28073887
886.56645315 47.08593367
90.69032928 15.37364596
109.74883599 203.92943800
72.50468883 204.78562529
326.79231425 4.22375238
