169.87538126 695.62352941
332.00871460 731.65315904
364.24575163 487.03093682
277.01612200 501.25315904
267.53464052 442.46797386
121.51982571 523.06056645
16.27538126 517.37167756
7.74204793 468.06797386
809.87538126 315.41612200
895.20871460 299.29760349
711.26797386 205.43093682
649.63834423 219.65315904
421.13464052 261.37167756
363.29760349 262.31982571
207.80130719 223.44575163
125.31241830 245.25315904
73.16427015 220.60130719
44.71982571 228.18649237
45.66797386 158.97167756
69.37167756 147.59389978
90.23093682 152.33464052
127.20871460 162.76427015
153.75686275 167.50501089
185.99389978 145.69760349
229.60871460 168.45315904
261.84575163 158.02352941
303.56427015 154.23093682
336.74945534 146.64575163
458.11241830 148.54204793
497.93464052 151.38649237
476.12723312 138.11241830
624.98649237 155.17908497
895.20871460 133.37167756
764.36427015 108.95686275
748.24575163 104.69019608
739.23834423 95.20871460
716.00871460 97.57908497
682.34945534 108.48278867
651.53464052 89.51982571
635.89019608 91.41612200
640.63093682 84.77908497
596.54204793 95.68278867
569.04575163 90.46797386
588.00871460 81.93464052
627.35686275 91.41612200
661.49019608 84.77908497
645.84575163 79.56427015
714.11241830 85.72723312
717.90501089 73.87538126
739.23834423 74.34945534
759.62352941 69.13464052
807.50501089 75.29760349
824.57167756 76.24575163
835.47538126 83.35686275
846.37908497 91.41612200
855.38649237 72.45315904
865.81612200 66.29019608
893.31241830 73.40130719
906.11241830 66.76427015
870.08278867 121.28278867
985.75686275 123.17908497
648.69019608 62.61612200
707.71241830 60.95686275
746.58649237 49.81612200
764.36427015 44.36427015
766.02352941 57.63834423
785.57908497 61.25315904
785.93464052 47.03093682
792.33464052 65.16427015
838.55686275 64.98649237
895.32723312 46.67538126
911.44575163 51.41612200
919.97908497 54.85315904
922.58649237 46.31982571
933.13464052 57.46056645
910.61612200 41.34204793
871.38649237 46.67538126
828.48278867 38.37908497
846.02352941 38.85315904
860.95686275 48.45315904
872.69019608 32.80871460
867.83093682 24.27538126
853.72723312 27.59389978
849.81612200 21.54945534
851.47538126 31.26797386
881.10501089 23.91982571
873.63834423 20.48278867
898.88278867 25.34204793
906.11241830 20.36427015
886.02352941 11.86056645
902.08278867 11.32723312
907.06056645 10.26056645
892.00871460 23.94945534
913.46056645 13.57908497
914.05315904 9.43093682
917.84575163 9.78649237
922.05315904 14.46797386
924.89760349 11.62352941
938.31982571 6.45315904
941.75686275 13.41612200
927.14945534 5.89019608
922.52723312 5.35686275
950.31982571 10.26056645
953.63834423 37.69760349
965.78649237 32.57167756
961.99389978 21.90501089
943.38649237 52.36427015
961.75686275 45.37167756
967.09019608 50.58649237
971.83093682 40.86797386
970.52723312 62.79389978
980.60130719 20.12723312
976.21612200 18.58649237
984.74945534 48.60130719
981.31241830 42.67538126
991.44575163 34.85315904
1009.34204793 55.77167756
988.83834423 26.52723312
996.66056645 24.15686275
1018.29019608 23.89019608
14.85315904 180.06797386
26.23093682 134.55686275
33.81612200 137.87538126
146.64575163 104.69019608
181.25315904 125.54945534
265.63834423 132.66056645
267.53464052 126.02352941
296.92723312 133.60871460
341.01612200 96.63093682
351.44575163 91.89019608
361.87538126 127.44575163
369.46056645 130.29019608
409.75686275 126.97167756
410.70501089 118.43834423
431.09019608 111.80130719
142.85315904 165.37167756
149.49019608 153.04575163
9.63834423 139.77167756
465.22352941 125.54945534
475.65315904 119.38649237
461.90501089 117.49019608
382.73464052 73.04575163
397.19389978 69.49019608
402.17167756 77.54945534
411.65315904 71.62352941
374.43834423 83.00130719
368.98649237 72.33464052
1000.88413547 186.01900061
986.49852109 13.37564396
959.77324636 10.69032928
973.19981979 10.56245715
1003.79322638 6.31870091
1016.77224736 4.40061899
950.75826135 2.39462498
955.87314646 2.39462498
942.06990622 4.49131091
932.65184602 4.06321726
969.14682930 5.56154502
990.65853499 4.49131091
997.93612696 3.52810020
993.86923733 5.24047479
1007.35418716 14.33746475
1011.52810020 4.06321726
899.26054167 5.98963866
854.95284937 12.51806676
877.64181258 14.65853499
837.40100990 13.05318382
979.52810020 2.24381927
970.75218047 0.63846810
