153.82531194 687.72905526
127.13012478 658.29590018
131.92156863 556.30659537
10.08199643 455.00178253
105.91087344 369.44028520
186.68092692 383.81461676
158.61675579 333.84670232
207.21568627 305.09803922
277.71836007 298.93761141
253.76114082 235.27985740
269.50445633 278.40285205
338.63814617 376.96969697
365.33333333 326.31729055
481.01247772 432.41354724
366.70231729 505.65418895
502.91622103 322.89483066
551.51515152 322.21033868
567.94295900 648.02852050
405.03386809 736.32798574
830.78787879 617.91087344
786.98039216 300.30659537
743.17290553 290.72370766
782.18894831 214.74509804
904.71301248 286.61675579
357.80392157 243.49376114
399.55793226 220.90552585
446.10338681 192.84135472
461.16221034 180.52049911
380.39215686 146.98039216
418.72370766 162.03921569
446.10338681 140.81996435
461.84670232 135.34402852
439.94295900 114.80926916
8.02852050 175.72905526
51.15151515 159.30124777
17.61140820 134.65953654
98.38146168 117.54723708
71.68627451 118.91622103
30.36007130 40.45632799
63.90017825 61.67557932
73.82531194 50.89483066
89.73975045 62.87344029
131.32263815 63.90017825
154.76648841 50.72370766
181.63279857 81.35472371
181.80392157 67.49376114
206.61675579 90.59536542
220.64884135 85.97504456
213.97504456 74.50980392
121.22638146 108.90552585
149.11942959 117.46167558
45.07664884 100.86274510
30.87344029 89.05525847
20.81996435 20.30659537
10.63814617 20.39215686
282.68092692 109.16221034
305.61140820 105.73975045
319.64349376 110.18894831
329.22638146 107.45098039
374.74509804 94.10338681
296.37076649 93.41889483
300.47771836 78.01782531
267.62210339 84.86274510
261.11942959 99.57932264
254.95900178 76.99108734
311.77183601 60.56327986
453.80392157 87.60071301
524.30659537 102.65953654
580.77718360 67.75044563
616.02852050 120.79857398
655.04456328 106.42424242
695.77183601 77.67557932
710.48841355 85.88948307
275.79322638 23.47237077
283.83600713 25.69696970
361.95365419 36.64884135
483.57932264 37.88948307
589.50445633 63.72905526
369.44028520 149.97504456
368.07130125 128.41354724
762.16755793 96.15686275
874.42424242 98.21033868
927.13012478 88.62745098
931.23707665 190.27450980
965.11942959 257.69696970
996.60606061 233.73975045
745.99643494 30.70231729
764.30659537 30.01782531
790.48841355 31.72905526
793.22638146 48.15686275
817.01247772 43.02317291
894.01782531 50.72370766
721.01247772 29.50445633
880.26381462 13.31194296
908.37076649 10.10338681
860.49910873 7.70766488
550.00701260 6.23078882
513.17983977 5.20781180
574.04697264 10.83418542
672.76425535 7.25376584
690.15486474 5.20781180
701.91910051 5.20781180
715.21780181 15.94907054
740.79222738 18.50651309
740.79222738 8.78823138
734.14287673 3.67334626
776.08493467 23.10990970
792.45256704 12.36865096
785.80321639 3.67334626
836.44057903 3.67334626
333.85585940 1.97626074
