13.45556404 583.01400560
231.63738223 475.79322638
267.79322638 435.89712249
346.33868093 364.83218742
216.67634326 265.09192768
175.53348612 258.85816145
179.27374586 226.44257703
77.03997963 169.09192768
3.48153807 217.71530430
93.24777184 142.91010950
54.59842119 78.07894067
38.39062898 76.83218742
47.11790171 59.37764197
37.14387573 34.44257703
7.22179781 83.06595365
88.26075885 7.01400560
136.88413547 8.26075885
173.03997963 94.28673287
249.09192768 103.01400560
217.92309651 12.00101859
181.76725236 3.27374586
168.05296664 7.01400560
251.58543417 15.74127833
288.98803158 15.74127833
279.01400560 3.27374586
310.18283677 125.45556404
368.78023937 129.19582378
391.22179781 152.88413547
387.48153807 108.00101859
401.19582378 64.36465495
426.13088872 59.37764197
442.33868093 34.44257703
468.52049911 78.07894067
466.02699262 114.23478482
453.55946015 125.45556404
529.61140820 94.28673287
547.06595365 91.79322638
550.80621339 243.89712249
458.54647313 238.91010950
406.18283677 260.10491469
383.74127833 296.26075885
649.29971989 382.28673287
638.07894067 323.68933028
669.24777184 506.96205755
929.81920041 531.89712249
959.74127833 484.52049911
956.00101859 204.00101859
1017.09192768 270.07894067
964.72829132 169.09192768
958.49452508 139.16984976
882.44257703 122.96205755
888.67634326 86.80621339
832.57244716 90.54647313
812.62439521 103.01400560
759.01400560 126.70231729
751.53348612 187.79322638
715.37764197 120.46855106
691.68933028 131.68933028
754.02699262 100.52049911
765.24777184 85.55946015
778.96205755 81.81920041
650.54647313 83.06595365
616.88413547 86.80621339
596.93608352 83.06595365
643.06595365 53.14387573
610.65036924 76.83218742
621.87114846 61.87114846
666.75426534 41.92309651
682.96205755 50.65036924
740.31270690 34.44257703
835.06595365 15.74127833
812.62439521 7.01400560
956.00101859 95.53348612
931.06595365 41.92309651
926.07894067 35.68933028
952.26075885 7.01400560
1004.62439521 50.65036924
993.40361599 4.52049911
984.67634326 119.22179781
747.79322638 61.87114846
1.81920041 12.31270690
278.59842119 11.06595365
261.14387573 11.06595365
856.05296664 12.93608352
953.29971989 295.94907054
704.57244716 99.58543417
796.83218742 34.75426534
785.61140820 12.93608352
782.49452508 36.62439521
772.52049911 24.15686275
906.54647313 113.92309651
33.54816709 175.03311693
392.29064201 32.47793298
453.07993967 100.11672897
877.96288281 1.54816709
894.01639452 1.76221392
943.03311693 16.31739786
