167.03093682 607.44575163
6.79389978 359.97908497
57.99389978 261.37167756
26.70501089 236.71982571
113.93464052 188.36427015
139.53464052 198.79389978
166.08278867 203.53464052
135.74204793 176.98649237
225.81612200 206.37908497
234.34945534 193.10501089
220.12723312 186.46797386
203.06056645 249.99389978
261.84575163 276.54204793
254.26056645 339.11982571
293.13464052 299.29760349
344.33464052 304.98649237
402.17167756 318.26056645
472.33464052 337.22352941
489.40130719 375.14945534
433.46056645 234.82352941
346.23093682 213.96427015
377.51982571 191.20871460
393.63834423 182.67538126
452.42352941 209.22352941
460.95686275 231.03093682
592.74945534 212.06797386
605.07538126 189.31241830
703.68278867 239.56427015
671.44575163 301.19389978
684.71982571 349.54945534
797.54945534 321.10501089
798.49760349 508.83834423
815.56427015 198.79389978
918.91241830 176.98649237
893.31241830 155.17908497
928.39389978 141.90501089
947.35686275 348.60130719
171.77167756 159.68278867
391.74204793 83.83093682
341.96427015 69.60871460
414.02352941 63.32723312
423.74204793 60.71982571
432.03834423 47.20871460
419.00130719 36.77908497
403.35686275 38.43834423
392.21612200 36.77908497
386.76427015 35.35686275
385.57908497 41.51982571
379.65315904 44.12723312
358.79389978 48.39389978
348.83834423 46.97167756
341.96427015 43.65315904
348.36427015 39.86056645
344.57167756 34.40871460
358.08278867 35.83093682
363.77167756 33.69760349
370.40871460 34.88278867
375.86056645 36.06797386
458.34945534 43.89019608
442.94204793 37.96427015
449.81612200 35.83093682
469.72723312 34.40871460
435.35686275 37.49019608
485.60871460 66.82352941
485.25315904 76.54204793
505.75686275 79.26797386
529.22352941 61.84575163
535.26797386 45.72723312
541.78649237 46.31982571
505.22352941 29.57908497
488.74945534 28.39389978
963.23834423 90.11241830
985.75686275 99.11982571
941.66797386 86.55686275
919.38649237 51.71241830
913.22352941 37.72723312
771.47538126 32.51241830
562.88278867 33.22352941
568.33464052 45.54945534
574.26056645 48.63093682
604.60130719 43.41612200
622.14204793 53.60871460
629.72723312 43.17908497
637.31241830 37.96427015
650.58649237 50.29019608
695.86056645 98.40871460
693.25315904 35.83093682
681.51982571 20.95686275
725.72723312 8.30501089
724.89760349 118.91241830
955.89019608 20.48278867
910.97167756 16.92723312
905.04575163 10.14204793
855.26797386 20.00871460
973.19389978 467.23834423
1002.11241830 273.51982571
464.07694267 17.38763198
472.77224736 23.52549411
478.14287673 19.17784177
525.71130830 20.20081879
537.73128832 18.66635325
555.37764197 27.87314646
445.91910051 14.27074886
437.47954007 18.36265695
465.22779182 13.11989971
469.06395565 9.79522438
475.96905056 14.14287673
460.62439521 10.05096864
394.13088872 27.95306654
413.43958003 23.47754207
457.49152808 4.78423537
425.01200760 6.57444516
346.30671289 27.10591369
392.59642318 40.91610350
831.70931030 20.96805156
514.20281679 4.63238722
788.36065895 4.63238722
444.19699652 1.81572562
436.38428749 1.60167880
596.81238114 0.34415371
