2.23478482 267.58543417
64.57244716 304.98803158
62.07894067 257.61140820
108.20881080 256.36465495
119.42959002 230.18283677
178.02699262 256.36465495
282.75426534 217.71530430
302.70231729 499.48153807
338.85816145 526.91010950
725.35166794 504.46855106
801.40361599 600.46855106
904.88413547 544.36465495
633.09192768 440.88413547
442.33868093 367.32569391
408.67634326 349.87114846
393.71530430 383.53348612
388.72829132 278.80621339
358.80621339 292.52049911
368.78023937 282.54647313
373.76725236 242.65036924
357.55946015 204.00101859
338.85816145 207.74127833
456.05296664 302.49452508
499.68933028 302.49452508
463.53348612 231.42959002
492.20881080 240.15686275
508.41660300 236.41660300
528.36465495 206.49452508
552.05296664 200.26075885
648.05296664 231.42959002
681.71530430 230.18283677
759.01400560 238.91010950
788.93608352 235.16984976
948.52049911 241.40361599
967.22179781 262.59842119
1009.61140820 285.03997963
134.39062898 123.89712249
103.84517443 299.06595365
149.97504456 327.11790171
145.61140820 112.05296664
186.13088872 144.46855106
232.26075885 141.97504456
249.09192768 110.80621339
270.28673287 110.80621339
284.62439521 110.80621339
303.32569391 112.67634326
307.68933028 112.67634326
321.40361599 139.48153807
286.49452508 139.48153807
321.40361599 161.29971989
323.89712249 170.02699262
381.24777184 168.15686275
404.31270690 152.57244716
434.23478482 168.15686275
439.84517443 175.01400560
419.27374586 181.24777184
400.57244716 186.85816145
396.83218742 178.13088872
372.52049911 195.58543417
340.72829132 188.72829132
332.00101859 182.49452508
1023.11790171 150.70231729
1006.91010950 143.84517443
1021.24777184 113.92309651
1010.65036924 99.58543417
1000.67634326 99.58543417
990.70231729 91.48153807
983.84517443 88.98803158
1018.75426534 75.89712249
901.55946015 82.13088872
886.59842119 80.26075885
909.66335625 77.14387573
912.15686275 72.15686275
917.76725236 72.15686275
971.37764197 132.62439521
966.39062898 119.53348612
958.91010950 116.41660300
948.31270690 125.76725236
937.71530430 123.89712249
923.37764197 108.93608352
913.40361599 106.44257703
915.89712249 119.53348612
910.91010950 108.93608352
902.18283677 93.97504456
916.52049911 102.07894067
861.03997963 98.33868093
866.02699262 78.39062898
862.28673287 79.01400560
856.67634326 82.13088872
862.28673287 86.49452508
834.85816145 87.11790171
802.44257703 87.74127833
783.11790171 86.49452508
780.62439521 85.87114846
782.49452508 107.68933028
675.89712249 86.49452508
673.40361599 103.32569391
705.19582378 103.32569391
726.39062898 142.59842119
711.42959002 137.61140820
716.41660300 156.93608352
740.72829132 164.41660300
695.22179781 160.05296664
665.92309651 183.11790171
658.44257703 173.76725236
649.09192768 156.93608352
636.00101859 166.28673287
640.98803158 170.65036924
632.88413547 159.42959002
624.15686275 161.92309651
628.52049911 175.63738223
614.80621339 168.78023937
595.48153807 150.70231729
575.53348612 152.57244716
571.79322638 143.84517443
584.26075885 170.02699262
578.02699262 160.05296664
569.29971989 158.80621339
561.81920041 175.01400560
541.87114846 153.19582378
913.40361599 158.80621339
905.92309651 130.13088872
882.85816145 135.11790171
877.87114846 128.26075885
867.27374586 148.20881080
854.80621339 135.11790171
804.93608352 130.75426534
472.88413547 153.19582378
478.49452508 148.83218742
483.48153807 153.19582378
507.16984976 143.84517443
518.39062898 145.71530430
512.78023937 146.33868093
523.37764197 159.42959002
519.01400560 163.79322638
509.03997963 165.66335625
495.32569391 163.79322638
547.06595365 171.27374586
546.44257703 163.79322638
555.16984976 164.41660300
179.95619385 88.98629418
137.78896977 119.38094301
218.69866877 108.25050823
260.65184602 114.13679586
277.24047479 113.17358515
284.19699652 115.95619385
286.87258181 113.38763198
307.31405338 142.28395305
