105.71530430 660.31270690
220.41660300 626.65036924
285.24777184 651.58543417
330.13088872 737.61140820
666.75426534 708.93608352
626.85816145 589.24777184
244.10491469 359.84517443
83.27374586 165.35166794
37.14387573 172.83218742
92.00101859 61.87114846
78.28673287 85.55946015
99.48153807 3.27374586
224.15686275 60.62439521
286.49452508 24.46855106
348.83218742 26.96205755
401.19582378 21.97504456
417.40361599 56.88413547
524.62439521 7.01400560
569.50751210 16.98803158
466.02699262 68.10491469
300.20881080 25.71530430
