96.59521891 241.37799777
167.23318368 185.76938721
129.65979817 139.17838916
46.99835002 121.14316411
62.02770423 101.60500365
50.00422087 137.67545374
9.42496451 137.67545374
356.60304670 232.36038525
391.17056138 227.85157899
346.08249875 148.19600169
379.14707801 139.17838916
362.61478838 116.63435785
439.26449484 97.09619738
472.32907410 82.06684318
291.97682361 106.11380991
230.35647136 118.13729327
239.37408388 181.26058094
733.83983730 97.09619738
664.70480795 143.68719543
521.92594298 372.13337938
681.23709758 415.71850658
727.82809562 393.17447527
631.64022869 496.87701930
518.92007214 620.11772380
544.46997429 747.86723457
852.57173554 599.07662791
935.23318368 567.51498408
793.95725413 375.13925022
804.47780208 220.33690188
882.63044396 172.24296842
915.69502321 188.77525805
963.78895668 188.77525805
998.35647136 230.85744983
1013.38582556 433.75373163
905.17447527 388.66566901
870.60696059 354.09815433
282.95921108 38.48171597
285.96508192 55.01400560
248.39169640 44.49345766
206.30950462 59.52281186
189.77721500 53.51107018
159.71850658 64.03161813
170.23905453 39.98465139
22.95138329 8.42300756
4.91615824 32.46997429
24.45431871 85.07271402
105.61283143 70.04335981
105.61283143 49.00226392
108.61870228 97.09619738
174.74786079 101.60500365
3.41322282 196.28993515
192.98803158 157.56745216
63.83718243 48.17284676
22.40661299 45.10391569
9.10791170 53.79922039
41.33168792 55.33368592
132.88813148 63.00601359
142.09492468 68.63238722
147.72129831 88.06895066
188.64037923 64.54047913
5.52749212 80.39662298
27.01000960 73.74727234
45.42359601 87.55746215
56.16485475 88.58043917
37.75126834 172.46455505
83.78523437 159.16585375
105.77924037 115.68933028
150.27874087 154.56245715
156.92809152 244.07294666
239.78923038 56.35666294
263.82919042 48.68433527
257.17983977 62.49452508
300.14487473 55.33368592
374.31070890 77.32769192
183.38094301 488.61171224
449.65519050 398.71204669
204.35753164 131.36756509
43.60836776 32.15686275
56.02308348 41.78896977
74.85920388 19.31405338
85.34749820 35.15351826
113.81572562 36.65184602
122.37759853 36.43779920
116.17024067 20.81238114
132.43779920 76.46455505
115.74214703 4.54482261
1.65519050 94.55151157
1.01305004 308.59833432
334.06990622 309.88261525
360.61171224 258.51137780
518.15017378 132.86589285
364.03646141 89.62843465
350.55151157 83.42107679
268.14348482 146.56488950
388.65184602 61.16020723
385.86923733 114.88595974
412.41104335 217.84248147
680.82575907 548.54482261
1021.16020723 113.38763198
371.74214703 650.43111024
439.80903666 359.32743131
644.00970555 176.10335104
274.56488950 87.59498984
281.84248147 73.89599318
321.01305004 68.97291626
217.84248147 77.32074234
236.67860188 66.83244803
209.81572562 97.44114368
