497.19582378 654.07894067
424.88413547 536.88413547
382.49452508 480.78023937
343.84517443 565.55946015
335.11790171 585.50751210
291.48153807 635.37764197
284.00101859 620.41660300
227.89712249 571.79322638
211.68933028 559.32569391
204.20881080 540.62439521
87.01400560 569.29971989
24.67634326 536.88413547
19.68933028 563.06595365
35.89712249 620.41660300
24.67634326 641.61140820
73.29971989 676.52049911
178.02699262 711.42959002
281.50751210 454.59842119
257.81920041 447.11790171
251.58543417 447.11790171
226.65036924 452.10491469
148.10491469 453.35166794
308.93608352 434.65036924
353.81920041 432.15686275
370.02699262 428.41660300
388.72829132 419.68933028
398.70231729 418.44257703
402.44257703 408.46855106
423.63738223 419.68933028
570.75426534 386.02699262
669.24777184 428.41660300
720.36465495 445.87114846
781.45556404 521.92309651
828.83218742 470.80621339
853.76725236 493.24777184
967.22179781 454.59842119
998.39062898 432.15686275
999.63738223 414.70231729
985.92309651 403.48153807
998.39062898 337.40361599
979.68933028 328.67634326
953.50751210 331.16984976
892.41660300 358.59842119
887.42959002 322.44257703
850.02699262 327.42959002
828.83218742 318.70231729
780.20881080 342.39062898
712.88413547 349.87114846
695.42959002 353.61140820
665.50751210 364.83218742
684.20881080 379.79322638
639.32569391 331.16984976
644.31270690 313.71530430
591.94907054 304.98803158
576.98803158 313.71530430
590.70231729 296.26075885
601.92309651 292.52049911
530.85816145 322.44257703
518.39062898 339.89712249
509.66335625 342.39062898
494.70231729 347.37764197
495.94907054 334.91010950
1023.32569391 300.00101859
953.50751210 275.06595365
923.58543417 270.07894067
913.61140820 278.80621339
575.74127833 247.63738223
558.28673287 253.87114846
525.87114846 256.36465495
510.28673287 312.15686275
494.70231729 311.53348612
482.23478482 301.55946015
462.28673287 305.29971989
459.16984976 298.44257703
444.20881080 292.20881080
443.58543417 316.52049911
474.13088872 314.65036924
397.45556404 345.19582378
355.68933028 347.06595365
356.31270690 381.97504456
330.75426534 319.63738223
305.19582378 302.80621339
328.26075885 294.70231729
343.22179781 299.68933028
350.70231729 296.57244716
353.81920041 292.20881080
353.81920041 319.63738223
370.65036924 301.55946015
384.98803158 299.06595365
389.97504456 299.06595365
400.57244716 299.06595365
403.68933028 294.70231729
409.92309651 305.92309651
426.75426534 263.53348612
437.35166794 247.94907054
439.84517443 254.80621339
457.29971989 259.16984976
466.65036924 257.92309651
459.79322638 242.33868093
462.28673287 240.46855106
501.55946015 242.96205755
515.27374586 250.44257703
512.15686275 246.70231729
516.52049911 247.94907054
600.67634326 246.70231729
590.07894067 246.07894067
195.48153807 263.53348612
187.37764197 263.53348612
179.27374586 261.66335625
174.28673287 261.66335625
600.67634326 216.78023937
615.01400560 216.15686275
620.00101859 216.78023937
612.52049911 221.76725236
698.96205755 346.44257703
175.53348612 760.05296664
917.76725236 198.07894067
54.09666208 456.07659519
201.78896977 267.71539117
198.36422060 249.73545806
171.60836776 261.72208014
179.20702997 259.15351826
274.24381927 297.57492295
504.34415371 261.93612696
520.18361860 257.01305004
543.62174569 248.45117713
547.58161191 248.45117713
525.85585940 248.77224736
529.28060856 248.45117713
406.52475572 257.86923733
415.72876910 257.44114368
466.88595974 242.24381927
462.06990622 261.45452161
446.06990622 260.17024067
447.51472228 259.04649485
484.65184602 251.23378582
372.81238114 348.08997311
646.15017378 415.94281592
648.29064201 311.48796642
672.47793298 359.86254836
675.26054167 358.36422060
681.25385271 343.59498984
682.32408683 338.45786609
678.68529084 335.46121057
984.34415371 360.18361860
505.94950489 247.91606007
