405.58805541 311.49631229
289.33117467 190.83576183
29.51466091 110.68897284
7.49631229 182.90915632
94.68897284 135.34952330
85.00089944 73.69814715
227.67979852 78.10181687
322.79906458 155.60640403
387.97337651 78.10181687
616.96420219 74.57888109
666.28530311 153.84493614
771.09264256 86.02842238
820.41374348 86.02842238
855.64310128 75.45961504
895.27612880 92.19355999
1008.89080770 73.69814715
26.43209210 36.59722972
3.31282605 19.42291779
162.72567008 42.10181687
150.39539486 26.24860586
333.66144990 60.26695449
462.68897284 58.94585357
217.99172513 625.91833064
399.86328476 32.41374348
463.93667926 23.38622054
577.11099119 54.87245908
698.21190862 52.01007375
821.51466091 32.85411045
968.96420219 10.12016550
404.70732146 10.28530311
858.28530311 7.64310128
