50.85816145 615.42959002
847.53348612 677.76725236
855.01400560 565.55946015
815.11790171 391.01400560
221.66335625 339.89712249
318.91010950 309.97504456
404.93608352 199.01400560
439.84517443 225.19582378
271.53348612 172.83218742
998.39062898 160.36465495
933.55946015 130.44257703
868.72829132 139.16984976
727.84517443 125.45556404
721.59369864 3.31042996
762.37983458 6.25375935
787.18789665 1.62852744
784.66504288 51.66512721
739.67415065 66.80224983
700.99039285 69.74557922
803.16597052 20.97040634
819.56452002 24.75468700
837.22449641 34.84610208
865.39636350 12.98136941
849.83876526 2.46947870
998.26666204 15.92469881
900.71631628 54.18798098
744.29938256 48.30132218
742.19700442 104.64505637
404.93608352 68.10491469
89.50751210 136.67634326
23.42959002 125.45556404
111.94907054 135.42959002
15.82223633 6.98769425
2.70703984 26.11402247
40.95969628 62.72727934
33.85563151 30.48575463
74.84062055 9.72002685
87.40935052 14.63822554
87.40935052 32.12515419
99.97808049 43.60095112
109.81447786 5.34829469
124.02260739 3.70889513
141.50953605 12.99882598
149.16006733 2.06949557
163.36819687 3.70889513
221.29364804 28.29988855
205.99258546 26.11402247
206.53905198 53.43734849
192.33092245 81.85360756
269.38270184 12.99882598
255.17457231 5.34829469
277.03323313 3.70889513
314.73942304 29.93928811
403.26699936 37.58981940
404.90639892 5.89476121
427.85799278 12.99882598
425.12566018 38.13628592
445.34492144 9.72002685
495.94907054 7.01400560
256.41260700 24.58043917
