4.72829132 472.05296664
130.65036924 425.92309651
89.50751210 412.20881080
34.65036924 351.11790171
62.07894067 331.16984976
1.92309651 347.53348612
184.26075885 236.88413547
177.40361599 234.70231729
166.49452508 232.52049911
152.46855106 229.09192768
155.79322638 311.22179781
424.46855106 351.74127833
410.75426534 304.36465495
455.01400560 292.52049911
360.88413547 205.87114846
412.00101859 205.24777184
380.20881080 175.32569391
354.65036924 182.80621339
440.78023937 149.61140820
437.03997963 150.54647313
442.65036924 171.74127833
409.61140820 154.28673287
388.72829132 180.46855106
461.66335625 173.92309651
464.46855106 176.10491469
461.97504456 177.03997963
471.01400560 172.05296664
478.18283677 174.54647313
488.78023937 172.67634326
494.07894067 173.29971989
500.31270690 175.48153807
503.42959002 172.36465495
522.75426534 172.36465495
533.03997963 177.03997963
811.37764197 245.29971989
782.07894067 243.74127833
746.85816145 242.18283677
735.32569391 236.57244716
717.87114846 232.20881080
698.54647313 245.92309651
668.62439521 241.55946015
643.68933028 243.74127833
623.42959002 224.72829132
605.66335625 230.02699262
612.52049911 208.20881080
592.88413547 201.97504456
585.09192768 198.23478482
581.03997963 225.03997963
640.57244716 215.68933028
648.36465495 219.11790171
668.31270690 211.32569391
664.88413547 201.97504456
677.66335625 204.15686275
682.96205755 210.39062898
687.94907054 200.41660300
707.27374586 207.27374586
706.65036924 214.44257703
716.93608352 217.87114846
730.96205755 214.75426534
730.02699262 206.02699262
728.46855106 197.61140820
717.24777184 194.18283677
749.66335625 188.57244716
763.68933028 192.62439521
755.89712249 203.84517443
743.42959002 202.59842119
745.29971989 210.39062898
763.06595365 219.11790171
767.11790171 213.50751210
777.40361599 227.84517443
785.19582378 213.50751210
792.36465495 209.14387573
789.24777184 196.05296664
800.78023937 200.41660300
815.42959002 200.41660300
796.10491469 227.22179781
579.16984976 151.48153807
589.45556404 198.54647313
573.87114846 198.54647313
550.18283677 243.42959002
541.76725236 241.24777184
534.59842119 223.16984976
534.28673287 217.24777184
831.11790171 226.75426534
830.49452508 251.06595365
859.79322638 227.37764197
900.31270690 244.83218742
864.78023937 282.85816145
889.71530430 281.61140820
927.74127833 232.98803158
946.44257703 223.01400560
962.02699262 144.46855106
966.39062898 365.76725236
776.88413547 375.74127833
757.55946015 370.13088872
697.09192768 350.80621339
663.42959002 357.03997963
624.78023937 336.46855106
565.55946015 342.07894067
569.29971989 331.48153807
101.94307653 672.63638322
415.99702259 646.03898063
46.39097646 400.85251492
104.61171224 325.50803331
239.46121057 319.51472228
346.91271559 283.55485606
429.10669552 279.70201325
408.55820054 341.34749820
1003.60836776 371.31405338
699.87592629 201.36087612
951.59498984 143.56823398
