135.44800199 249.87838173
107.49863490 181.82774882
145.16952097 163.59990072
179.19483743 118.63787540
162.18217920 104.05559692
107.49863490 25.06825515
137.87838173 18.99230578
80.76445768 25.06825515
61.32141971 20.20749566
28.51129312 57.87838173
11.49863490 72.46066021
9.06825515 118.63787540
66.18217920 118.63787540
355.39736907 91.90369819
345.67585009 149.01762224
442.89103996 145.37205262
465.97964756 142.94167287
484.20749566 104.05559692
441.67585009 74.89103996
441.67585009 53.01762224
395.49863490 20.20749566
421.01762224 10.48597667
526.73914123 80.96698933
559.54926781 61.52395135
572.91635642 46.94167287
560.76445768 28.71382477
560.76445768 6.84040705
581.42268553 4.41002730
683.49863490 23.85306528
738.18217920 10.48597667
750.33407793 10.48597667
767.34673616 3.19483743
836.61255895 6.84040705
936.25812857 63.95433110
918.03028047 80.96698933
954.48597667 162.38471085
874.28344502 221.92901464
707.80243237 259.59990072
645.82774882 255.95433110
589.92901464 169.67585009
606.94167287 153.87838173
638.53660958 135.65053363
651.90369819 110.13154629
709.01762224 117.42268553
741.82774882 134.43534376
757.62521718 128.35939439
404.00496401 228.00496401
361.47331844 231.65053363
297.06825515 223.14420452
236.30876148 208.56192604
290.99230578 361.67585009
280.05559692 489.27078680
408.86572350 733.52395135
467.19483743 407.85306528
859.34080923 35.47458850
921.84248147 54.73880254
882.02977244 6.79231425
857.20034101 233.03980589
444.08997311 1.76221392
