300.99108734 585.73975045
245.54723708 515.23707665
110.01782531 445.41889483
118.23172906 405.03386809
88.11408200 376.96969697
8.02852050 470.74509804
222.95900178 329.73975045
253.76114082 318.78787879
298.93761141 343.42959002
359.85739750 279.77183601
405.03386809 252.39215686
411.19429590 238.70231729
487.85739750 229.80392157
470.06060606 202.42424242
513.18360071 177.78253119
569.31194296 190.10338681
587.10873440 232.54188948
657.61140820 167.51515152
702.78787879 159.30124777
732.90552585 220.90552585
687.72905526 281.82531194
830.78787879 331.10873440
956.04991087 346.16755793
783.55793226 479.64349376
520.02852050 418.03921569
463.90017825 407.77183601
448.15686275 340.69162210
19.66488414 715.79322638
886.23172906 140.13547237
842.42424242 135.34402852
970.42424242 138.08199643
36.77718360 192.15686275
77.84670232 174.36007130
92.90552585 125.07664884
23.94295900 87.60071301
108.47771836 108.47771836
79.04456328 67.06595365
146.46702317 65.35472371
173.16221034 81.78253119
217.31194296 84.17825312
250.85204991 59.19429590
271.38680927 61.93226381
283.70766488 62.27450980
201.31194296 30.87344029
83.57932264 30.53119430
305.69696970 38.40285205
317.33333333 45.59001783
333.59001783 44.56327986
375.34402852 57.39750446
407.34402852 63.72905526
418.46702317 50.03921569
423.77183601 58.93761141
433.69696970 66.80926916
383.90017825 88.37076649
385.26916221 39.25846702
364.56327986 33.09803922
343.51515152 32.07130125
257.39750446 21.84670232
287.42959002 15.17290553
326.70231729 29.80392157
239.55793226 87.85739750
161.48306595 49.56862745
168.32798574 14.74509804
820.09269162 29.84670232
838.57397504 32.75579323
932.69162210 62.18894831
672.76425535 19.46555405
660.48853108 53.22379581
629.79922039 39.92509451
621.61540420 17.41960001
556.14487473 148.36065895
525.45556404 115.62539421
487.60541419 103.34966994
459.98503457 58.33868093
483.51350610 46.06295665
466.12289671 8.21280680
536.70831130 61.40761200
565.35166794 39.92509451
125.47154806 7.18982978
90.69032928 10.25876085
44.65636324 10.25876085
7.82919042 7.18982978
789.38363597 14.35066894
