143.48898616 669.89188997
218.75577382 569.53617309
319.11149069 347.91729832
360.92637273 347.91729832
479.40187182 267.07519305
517.03526565 244.77392264
707.98989360 331.19134550
727.50350521 253.13689904
802.77029287 287.98263407
937.97174478 342.34198071
1020.20767944 356.28027472
18.16049251 249.65232554
40.46176293 271.25668126
64.15686275 256.62147255
41.85559233 259.40913135
97.60876837 273.34742536
102.48717128 256.62147255
123.39461229 250.34924024
150.57428561 247.56158144
158.93726202 281.01348706
167.30023843 241.28934913
207.72129106 229.44179922
234.20404968 247.56158144
220.96267037 262.89370485
267.65595530 244.77392264
259.98989360 227.35105512
276.71584641 258.01530195
303.89551973 271.25668126
285.77573752 232.22945803
307.38009324 230.13871392
322.71221665 222.47265222
339.43816946 225.26031102
333.16593716 237.10786093
363.13326928 209.92818761
391.00985730 213.41276111
401.46357781 204.35287000
427.94633643 217.59424931
436.30931284 202.26212590
467.67047436 192.50532010
472.54887726 224.56339632
499.72855059 216.89733461
503.91003879 195.98989360
518.25486637 202.26212590
554.84288815 178.21856873
555.53980285 208.53435821
586.55250703 214.45813316
584.81022028 180.65777019
612.33835095 178.21856873
628.71584641 166.71947618
667.39461229 186.23308779
657.98626383 168.46176293
637.42728017 222.12419487
677.90640902 171.94633643
698.81385004 190.76303334
707.17682645 173.34016583
730.87192627 156.61421302
753.87011138 187.97537454
761.53617309 178.21856873
767.80840539 166.37101882
796.38190812 156.61421302
817.98626383 154.52346892
830.53072844 161.49261592
868.16412227 204.00441265
921.82655422 208.18590086
854.92274296 137.10060140
861.19497527 161.49261592
883.49624569 148.94815131
901.61602790 141.28208961
894.64688089 152.43272481
921.12963951 137.10060140
958.06611864 148.94815131
985.94270667 149.64506601
956.67228924 132.22219850
931.52528380 129.60876837
964.97718942 125.77573752
976.12782463 120.89733461
991.45994804 98.94452155
991.80840539 121.24579196
1011.67047436 105.21675385
1019.68499342 116.01893171
