5.69814715 64.06511963
30.35869761 60.76236733
54.02842238 61.53300953
16.81741320 38.41374348
4.81741320 29.16603706
0.85411045 16.83576183
29.36787192 26.52383522
33.33117467 14.96420219
45.77154164 16.28530311
72.96420219 13.20273430
102.02842238 60.32200036
95.69814715 5.64768843
226.90915632 129.95502788
241.88163339 45.84493614
263.23943155 39.67979852
214.79906458 38.13851412
183.31282605 35.93667926
176.92750495 43.64310128
156.67062421 37.91833064
136.41374348 45.84493614
128.48713797 63.67979852
295.71649577 13.64310128
305.18438568 12.87245908
298.57888109 24.76236733
304.41374348 30.37704623
316.52383522 31.47796366
326.43209210 28.72567008
306.39539486 43.03759669
327.64310128 21.67979852
334.35869761 16.06511963
324.56053247 14.74401871
346.02842238 15.29447742
362.32200036 11.13851412
394.13851412 29.02842238
392.70732146 17.90915632
404.48713797 14.82658752
411.75319302 21.98255082
413.56970678 13.45044073
427.49631229 20.00089944
442.46878935 15.81741320
427.27612880 10.25778018
473.51466091 17.27612880
485.84493614 23.99172513
494.21190862 45.23943155
514.02842238 42.70732146
509.40456917 31.91833064
507.20273430 9.63851412
517.85411045 6.52842238
570.79510868 2.64907721
598.10822717 6.94881966
611.56613067 10.40150276
623.76393084 18.73078573
644.63124187 17.36987414
651.18377915 30.72696937
656.02257592 27.29948833
685.25697302 26.14019327
707.43479151 33.65040908
706.42670885 18.42836093
688.13000859 6.23056076
719.33016688 15.50492122
738.93737459 18.12593614
734.75383156 43.52961913
781.27684626 18.02512787
805.72285073 25.23291888
813.03145000 20.99897171
826.74137416 7.54106822
806.98295405 8.80117154
858.59678618 20.69654692
871.75226487 14.64805096
877.90156909 9.85965833
894.98857015 9.65804180
923.06367220 18.73078573
886.72229235 32.99515535
966.15920586 35.49015993
959.30424378 15.42931502
973.01416794 32.36510369
986.42166730 16.03416462
1008.09544446 60.99465120
840.01376376 74.25093816
896.66800918 85.74308047
290.81033131 311.85602081
289.19739906 240.88700164
371.45694401 165.07918570
359.35995210 125.56234548
359.35995210 110.23948907
369.44077869 63.66607024
421.45784388 101.97321127
402.50588990 138.26418698
445.24859462 142.69975068
485.16866791 122.94133057
535.97603390 120.11869913
538.39543229 147.13531438
593.23512892 97.53764757
627.85633155 110.44110560
741.16482238 95.92471532
727.05166516 78.98892665
772.21376827 66.48870169
287.10191769 162.68233727
347.45756205 154.49852109
583.76525435 189.27973987
630.82219741 139.15386574
641.05196764 210.76225735
861.24777184 83.97704257
