68.26695449 687.56970678
184.52383522 515.82658752
91.16603706 299.16603706
8.37704623 287.71649577
29.51466091 116.85411045
15.42291779 95.71649577
26.87245908 79.86328476
74.43209210 83.38622054
82.35869761 130.94585357
66.50548660 123.89998201
94.68897284 83.38622054
116.70732146 117.73484440
143.12933981 77.22108293
144.89080770 108.92750495
205.66144990 89.55135816
228.56053247 73.69814715
225.91833064 120.37704623
251.45961504 84.26695449
288.45044073 105.40456917
288.45044073 221.66144990
337.77154164 200.52383522
308.70732146 345.84493614
381.80823889 389.00089944
397.66144990 511.42291779
560.59722972 586.28530311
647.78989027 677.00089944
731.45961504 736.89080770
629.29447742 404.85411045
624.01007375 337.03759669
727.93667926 233.99172513
616.96420219 160.89080770
570.28530311 200.52383522
520.96420219 217.25778018
488.37704623 186.43209210
420.56053247 219.01924807
383.56970678 116.85411045
384.45044073 89.55135816
344.81741320 78.10181687
393.25778018 77.22108293
410.87245908 77.22108293
415.27612880 106.28530311
448.74401871 95.71649577
480.45044073 92.19355999
474.28530311 121.25778018
454.90915632 133.58805541
550.90915632 98.35869761
594.94585357 84.26695449
582.61557834 157.36787192
628.41374348 130.06511963
637.22108293 145.03759669
757.00089944 101.88163339
779.01924807 188.19355999
831.86328476 120.37704623
866.21190862 93.07429394
882.94585357 155.60640403
882.94585357 179.38622054
908.48713797 84.26695449
945.47796366 87.78989027
1012.41374348 133.58805541
1019.45961504 104.52383522
1004.48713797 222.54218385
1011.53300953 241.03759669
5.14768843 64.67062421
10.87245908 80.52383522
21.00089944 51.01924807
66.35869761 59.38622054
87.49631229 52.34034898
207.71649577 49.25778018
222.68897284 48.37704623
344.67062421 61.58805541
362.72567008 56.30365174
423.93667926 50.13851412
405.44126641 43.53300953
524.78071596 56.41374348
566.61557834 31.31282605
581.14768843 28.01007375
609.11099119 33.95502788
600.30365174 20.30365174
481.23943155 7.06511963
491.31282605 9.78989027
659.75319302 51.07429394
648.19355999 9.78989027
658.48713797 6.34952330
690.24860586 54.15686275
801.33117467 20.57888109
800.34034898 40.94585357
985.80823889 33.67979852
