30.12759445 311.72759445
272.39100909 748.80076518
570.84954567 590.20564323
725.69832616 721.32759445
851.82515543 525.26905787
859.31783835 414.12759445
494.67393592 442.84954567
522.14710665 401.63978957
654.51783835 332.95686275
514.65442372 255.53247250
374.79100909 269.26905787
353.56174079 210.57637494
128.78125299 188.09832616
156.25442372 156.87881396
176.23491153 140.64466762
189.97149689 106.92759445
209.95198470 88.19588714
160.00076518 71.96174079
156.25442372 48.23491153
26.38125299 28.25442372
62.59588714 70.71296031
41.36661884 105.67881396
178.73247250 17.01539933
231.18125299 18.26417982
376.03978957 29.50320421
361.05442372 63.22027738
416.00076518 65.71783835
416.00076518 131.90320421
483.43491153 124.41052128
483.43491153 28.25442372
470.94710665 17.01539933
570.84954567 4.52759445
634.53735055 15.76661884
613.30808226 51.98125299
615.80564323 114.42027738
625.79588714 173.11296031
863.06417982 204.33247250
813.11296031 153.13247250
906.77149689 113.17149689
956.72271640 141.89344811
1000.43003348 154.38125299
1012.91783835 111.92271640
991.68857006 33.24954567
949.23003348 27.00564323
904.27393592 14.51783835
833.09344811 23.25930177
741.93247250 17.01539933
678.24466762 7.02515543
673.24954567 43.23978957
944.85930177 27.94222860
