284.26575567 299.13326928
602.05885912 559.77936728
599.27120031 484.51257962
748.41094623 420.39642717
1003.48172663 530.50894986
797.19497527 321.43453970
730.29116402 324.22219850
558.85014768 236.41094623
618.78481193 191.80840539
645.26757055 155.56884097
721.92818761 149.99352336
770.71221665 152.78118216
871.06793353 169.50713498
898.94452155 136.05522935
972.81747980 87.27120031
943.54706238 16.18590086
885.00622754 71.93907690
964.45450340 38.48717128
840.40368670 88.66502971
762.34924024 98.42183552
705.20223480 110.96630013
585.33290630 110.96630013
537.94270667 166.71947618
482.18953062 165.32564677
405.52891356 182.05159959
261.96448525 253.13689904
257.20223480 229.44179922
249.53617309 180.65777019
260.68680830 207.83744351
259.98989360 166.02256147
255.11149069 129.78299705
227.93181737 136.75214405
247.44542899 112.36012953
315.74306964 101.20949432
423.76484823 113.05704423
471.15504786 124.90459414
444.67228924 107.48172663
504.60695349 120.02619124
402.85740721 95.63417672
593.34742536 94.58880467
626.79933098 80.65051066
663.73581011 66.71221665
685.34016583 72.98444895
637.25305149 49.98626383
635.85922209 24.20041991
651.88826020 21.41276111
687.43090993 16.53435821
594.74125476 53.47083734
580.10604605 54.86466674
564.07700794 69.49987545
525.74669941 71.59061955
538.98807872 54.16775204
487.41639088 43.71403153
445.60150884 45.80477563
419.11875022 77.86285186
401.69588271 53.47083734
419.11875022 32.56339632
458.14597345 29.77573752
79.48898616 71.59061955
66.94452155 63.22764314
133.84833280 68.10604605
166.60332373 79.25668126
182.63236184 84.83199886
195.17682645 84.13508416
215.38735276 74.37827835
269.04978471 70.89370485
340.13508416 82.74125476
317.83381374 87.61965766
549.90640902 149.64506601
115.03163588 37.44179922
133.15141810 32.56339632
174.26938543 42.32020213
200.05522935 36.74488452
233.50713498 20.01893171
213.29660866 27.68499342
250.23308779 21.41276111
273.23127291 38.83562863
296.92637273 21.41276111
310.86466674 24.89733461
319.22764314 16.53435821
377.07156329 54.16775204
397.97900431 11.65595530
414.70495712 8.17138180
32.09878652 416.56339632
149.87737091 16.53435821
149.18045621 4.68680830
199.35831465 20.01893171
170.08789723 26.98807872
30.41457599 57.47809686
1016.02619124 314.46539269
