105.61283143 21.94942635
162.72437742 5.41713672
174.74786079 30.96703887
251.39756725 15.93768466
140.18034611 113.62848701
183.76547331 103.10793907
371.63240091 11.42887840
377.64414259 55.01400560
409.20578642 65.53455355
506.89658877 27.96116803
539.96116803 17.44062008
559.49932850 118.13729327
173.24492537 167.73416216
110.12163770 223.34277273
0.40735198 157.21361421
195.78895668 238.37212693
297.98856529 241.37799777
487.35842830 233.86332067
603.08445570 143.68719543
536.95529719 71.54629523
679.73416216 30.96703887
738.34864357 36.97878055
663.20187253 44.49345766
769.91028740 85.07271402
787.94551245 15.93768466
824.01596255 15.93768466
878.12163770 38.48171597
875.11576685 74.55216607
912.68915237 97.09619738
1017.89463183 17.44062008
1014.88876098 137.67545374
386.66175511 358.60696059
150.70089406 403.69502321
141.68328153 517.91811519
206.30950462 576.53259660
536.95529719 454.79482752
939.74198995 459.30363378
944.25079621 693.76155942
184.66522395 60.73211358
379.87592629 115.10000656
967.64850154 5.50803331
