32.60756697 602.89864678
158.80475007 714.67329467
123.95028998 303.63104115
263.36813035 342.09113505
342.69207401 320.45733223
446.05357636 432.23198012
905.17094725 748.32587683
530.18503176 206.27892847
330.67329467 183.44324772
242.93620547 172.62634631
212.88925711 24.79536040
266.97376415 29.60287213
291.01132284 24.79536040
303.03010218 72.87047777
328.26953880 86.09113505
366.72963270 88.49489091
453.26484397 83.68737918
698.44794256 105.32118199
306.63573598 12.47611157
337.28362331 13.67798951
677.82910355 155.12676241
656.42442127 113.38763198
420.54482261 26.48462194
