31.98573975 532.34937611
44.30659537 454.31729055
249.65418895 500.86274510
342.06060606 495.38680927
316.73440285 387.23707665
842.42424242 414.61675579
973.16221034 627.49376114
97.69696970 151.08734403
228.43493761 169.56862745
480.32798574 143.55793226
62.95900178 85.54723708
428.56327986 56.71301248
479.04456328 143.13012478
999.60071301 385.09803922
1020.71301248 253.48306595
511.64349376 60.90552585
585.56862745 65.69696970
705.01247772 64.67023173
946.72370766 64.41354724
977.52584670 43.53654189
953.22638146 39.08734403
883.23707665 29.84670232
770.80926916 39.25846702
688.10891070 53.22379581
678.90211749 29.69532428
758.69432528 11.28173787
796.54447513 26.62639321
