903.63738223 358.59842119
861.24777184 238.91010950
845.03997963 216.46855106
818.85816145 177.81920041
786.44257703 154.13088872
775.22179781 172.83218742
717.87114846 165.35166794
722.85816145 217.71530430
695.42959002 195.27374586
737.81920041 271.32569391
684.20881080 314.96205755
568.26075885 201.50751210
525.87114846 221.45556404
499.68933028 241.40361599
452.31270690 182.80621339
434.85816145 180.31270690
433.61140820 160.36465495
421.14387573 160.36465495
381.24777184 135.42959002
451.06595365 127.94907054
345.09192768 125.45556404
259.06595365 201.50751210
104.46855106 130.44257703
977.19582378 166.59842119
1017.09192768 172.83218742
967.22179781 99.27374586
989.66335625 78.07894067
924.83218742 99.27374586
922.33868093 65.61140820
909.87114846 55.63738223
891.16984976 64.36465495
866.23478482 69.35166794
659.27374586 48.15686275
613.14387573 60.62439521
590.70231729 64.36465495
596.93608352 56.88413547
575.74127833 61.87114846
549.55946015 61.87114846
474.75426534 83.06595365
268.62439521 211.79322638
167.01400560 217.40361599
145.81920041 128.26075885
131.48153807 125.76725236
198.18283677 123.89712249
218.75426534 123.89712249
240.57244716 113.29971989
254.28673287 116.41660300
271.11790171 79.01400560
2.44257703 98.33868093
25.50751210 100.20881080
55.42959002 71.53348612
49.19582378 58.44257703
51.68933028 47.22179781
67.89712249 84.62439521
68.52049911 102.07894067
106.54647313 89.61140820
104.05296664 79.01400560
107.16984976 59.06595365
99.06595365 58.44257703
114.65036924 71.53348612
128.36465495 60.93608352
135.22179781 45.35166794
166.39062898 63.42959002
132.10491469 90.23478482
154.54647313 111.42959002
218.13088872 58.44257703
183.84517443 98.33868093
345.29971989 100.83218742
327.84517443 103.94907054
317.24777184 89.61140820
296.67634326 93.35166794
293.55946015 55.32569391
282.96205755 49.71530430
280.46855106 42.85816145
271.11790171 39.11790171
289.81920041 39.11790171
290.44257703 16.67634326
281.71530430 21.03997963
334.07894067 36.62439521
339.06595365 34.13088872
338.44257703 8.57244716
336.57244716 115.63738223
300.41660300 7.48153807
334.70231729 9.03997963
328.78023937 7.79322638
351.84517443 19.94907054
361.81920041 18.39062898
368.67634326 26.49452508
378.02699262 36.15686275
382.70231729 36.15686275
404.20881080 46.75426534
399.22179781 72.00101859
387.68933028 67.63738223
384.57244716 87.27374586
399.22179781 92.88413547
378.33868093 81.97504456
405.45556404 91.63738223
406.70231729 79.79322638
412.00101859 73.24777184
423.22179781 72.00101859
442.85816145 72.31270690
388.31270690 97.87114846
380.83218742 12.78023937
370.85816145 6.85816145
373.66335625 4.05296664
368.36465495 1.87114846
363.68933028 0.93608352
360.88413547 2.18283677
388.62439521 14.96205755
382.39062898 11.84517443
382.07894067 3.11790171
378.96205755 4.05296664
376.78023937 2.49452508
384.57244716 1.87114846
390.49452508 7.48153807
386.75426534 3.11790171
394.85816145 9.66335625
401.71530430 6.23478482
407.01400560 5.61140820
417.29971989 7.48153807
422.91010950 4.05296664
418.54647313 3.11790171
441.61140820 9.03997963
437.55946015 2.49452508
427.27374586 1.87114846
439.11790171 2.18283677
445.03997963 3.11790171
443.48153807 1.87114846
460.93608352 31.48153807
457.81920041 38.02699262
446.91010950 40.52049911
459.06595365 14.02699262
468.52049911 82.75426534
469.14387573 72.15686275
490.96205755 69.66335625
503.42959002 76.52049911
502.80621339 64.05296664
512.15686275 49.71530430
479.74127833 42.85816145
482.23478482 32.26075885
623.11790171 49.71530430
624.36465495 35.37764197
649.29971989 74.02699262
663.63738223 75.89712249
682.96205755 103.94907054
723.48153807 47.22179781
706.02699262 31.01400560
570.13088872 35.37764197
560.78023937 32.26075885
532.10491469 31.01400560
528.98803158 30.39062898
524.62439521 31.01400560
517.14387573 34.13088872
551.42959002 6.70231729
557.03997963 2.33868093
569.50751210 2.33868093
563.27374586 9.19582378
573.87114846 10.44257703
594.44257703 4.83218742
600.67634326 10.44257703
610.02699262 6.07894067
631.22179781 6.70231729
633.71530430 4.20881080
639.94907054 6.70231729
641.81920041 10.44257703
639.32569391 17.14387573
634.65036924 46.75426534
717.55946015 34.28673287
728.15686275 30.23478482
749.66335625 36.78023937
764.00101859 34.91010950
789.55946015 43.94907054
802.33868093 43.32569391
832.57244716 51.42959002
859.37764197 41.14387573
821.66335625 19.32569391
806.70231729 22.75426534
780.83218742 27.11790171
767.74127833 19.94907054
754.65036924 29.29971989
754.02699262 20.57244716
735.94907054 20.57244716
736.88413547 14.02699262
728.78023937 5.29971989
725.97504456 1.87114846
718.18283677 3.11790171
710.70231729 4.05296664
704.78023937 9.66335625
699.79322638 4.05296664
693.55946015 4.36465495
687.94907054 4.36465495
683.27374586 8.72829132
688.88413547 10.59842119
698.54647313 12.78023937
681.09192768 34.59842119
771.16984976 3.42959002
779.58543417 16.20881080
811.68933028 20.88413547
797.03997963 19.32569391
826.65036924 24.31270690
857.81920041 15.58543417
869.66335625 9.03997963
858.44257703 9.66335625
875.58543417 17.45556404
891.79322638 17.14387573
898.96205755 14.96205755
912.05296664 22.75426534
883.37764197 16.20881080
839.42959002 69.81920041
997.14387573 14.96205755
852.93608352 17.37764197
121.94950489 119.48796642
128.15686275 111.78228081
124.83913699 118.84582596
818.45786609 16.15686275
722.02977244 71.27391960
830.76555840 14.15017378
539.66187947 22.04315037
533.77559184 21.29398649
