13.16593716 562.56702608
346.29116402 308.89007509
410.40731647 296.34561048
456.40368670 201.56521120
442.46539269 183.44542899
506.58154514 159.75032917
542.82110957 395.30749795
601.36194441 338.16049251
574.87918579 230.83562863
714.26212590 363.24942173
803.46720757 248.95541084
855.03889541 289.37646347
921.94270667 237.80477563
903.82292445 189.02074659
914.97355966 137.44905875
956.78844169 315.85922209
1005.57247073 357.67410412
1012.54161774 402.27664496
995.81566492 580.68680830
12.93363226 150.34198071
26.87192627 150.34198071
42.20404968 157.31112772
22.69043806 61.83381374
62.41457599 22.10967581
58.23308779 49.98626383
56.83925839 91.10423117
87.50350521 49.28934913
100.74488452 15.14052881
132.10604605 10.26212590
116.07700794 64.62147255
174.61784278 76.46902245
209.46357781 36.74488452
239.43090993 56.95541084
250.58154514 88.31657236
226.18953062 82.04434006
197.61602790 133.61602790
212.25123661 145.46357781
256.85377745 157.31112772
323.06067400 59.04615494
421.32564677 32.56339632
471.50350521 2.59606420
501.47083734 39.53254333
530.97355966 37.44179922
553.27483008 104.34561048
571.39461229 56.25849614
623.66321483 66.71221665
710.08063770 70.19679015
624.36012953 7.47446710
707.98989360 5.38372300
743.53254333 70.19679015
1012.07700794 8.17138180
58.37759853 485.18696308
294.68529084 698.37759853
721.28060856 10.32408683
748.67860188 4.33077579
