231.63738223 636.62439521
270.28673287 685.24777184
755.27374586 574.28673287
800.15686275 583.01400560
896.15686275 463.32569391
833.81920041 469.55946015
813.87114846 470.80621339
372.52049911 495.74127833
323.89712249 504.46855106
320.15686275 453.35166794
279.01400560 460.83218742
181.76725236 397.24777184
802.96205755 368.10491469
828.83218742 356.57244716
911.74127833 379.01400560
920.15686275 389.92309651
950.70231729 355.63738223
942.91010950 337.55946015
974.39062898 346.91010950
1001.81920041 350.02699262
1010.85816145 340.05296664
990.91010950 313.24777184
981.87114846 302.96205755
1019.58543417 284.26075885
992.78023937 274.91010950
987.16984976 245.29971989
982.80621339 284.57244716
959.42959002 280.52049911
941.97504456 310.75426534
927.63738223 300.46855106
927.94907054 314.18283677
919.22179781 323.84517443
901.14387573 259.63738223
886.49452508 261.19582378
865.61140820 263.37764197
831.32569391 313.87114846
831.32569391 261.50751210
821.66335625 254.65036924
821.66335625 266.18283677
820.41660300 283.63738223
893.14387573 242.02699262
968.88413547 231.42959002
976.67634326 230.80621339
687.63738223 373.09192768
749.66335625 349.09192768
727.53348612 335.68933028
748.72829132 324.46855106
760.26075885 296.41660300
743.42959002 293.29971989
718.80621339 287.06595365
725.03997963 296.41660300
740.62439521 314.49452508
748.10491469 305.14387573
742.18283677 298.59842119
704.78023937 280.20881080
699.79322638 296.41660300
688.57244716 307.63738223
695.11790171 308.88413547
695.42959002 318.23478482
689.81920041 331.01400560
668.93608352 341.92309651
674.23478482 337.87114846
674.85816145 324.78023937
672.05296664 312.93608352
679.53348612 288.62439521
687.32569391 286.75426534
681.71530430 273.97504456
659.58543417 288.62439521
658.96205755 326.02699262
639.63738223 334.75426534
632.15686275 326.65036924
624.05296664 325.40361599
624.36465495 273.97504456
647.42959002 272.72829132
658.65036924 271.79322638
664.57244716 252.46855106
676.72829132 254.33868093
592.88413547 344.72829132
592.26075885 318.54647313
587.58543417 333.19582378
587.27374586 323.84517443
575.42959002 325.09192768
567.01400560 306.07894067
552.05296664 349.09192768
526.18283677 355.01400560
530.54647313 340.05296664
469.45556404 372.46855106
421.14387573 379.01400560
428.31270690 363.11790171
434.85816145 359.37764197
372.83218742 370.91010950
441.09192768 346.59842119
452.31270690 340.36465495
451.06595365 328.20881080
419.58543417 316.05296664
425.19582378 342.23478482
396.52049911 350.65036924
386.85816145 331.01400560
384.05296664 323.84517443
365.66335625 329.76725236
395.58543417 322.28673287
397.45556404 313.87114846
397.45556404 277.71530430
413.35166794 275.84517443
394.65036924 295.16984976
479.11790171 320.41660300
499.68933028 319.16984976
492.83218742 318.54647313
467.58543417 316.05296664
461.35166794 295.16984976
447.63738223 296.41660300
438.28673287 298.28673287
446.39062898 257.45556404
453.24777184 260.26075885
451.37764197 252.46855106
504.67634326 299.53348612
495.01400560 287.37764197
489.09192768 292.98803158
549.55946015 305.14387573
532.41660300 288.93608352
523.37764197 293.92309651
507.48153807 270.23478482
498.75426534 264.62439521
508.10491469 253.09192768
581.35166794 267.74127833
593.50751210 273.35166794
600.36465495 273.35166794
617.19582378 256.20881080
601.92309651 249.35166794
474.44257703 267.42959002
380.00101859 328.20881080
317.97504456 359.37764197
311.11790171 356.57244716
343.22179781 344.41660300
335.74127833 365.29971989
182.07894067 339.74127833
156.20881080 345.35166794
114.44257703 350.96205755
240.98803158 321.58543417
6.80621339 389.92309651
186.96205755 250.52049911
173.71530430 232.91010950
170.59842119 239.14387573
172.31270690 268.59842119
162.96205755 259.24777184
156.26075885 268.28673287
154.70231729 258.62439521
145.19582378 266.41660300
144.57244716 257.68933028
138.80621339 260.65036924
137.09192768 256.28673287
128.20881080 261.74127833
113.55946015 259.87114846
102.49452508 263.61140820
107.32569391 270.78023937
94.07894067 266.41660300
116.67634326 279.19582378
83.79322638 283.24777184
78.96205755 287.14387573
71.48153807 282.31270690
67.58543417 280.59842119
93.76725236 250.83218742
66.33868093 253.01400560
68.20881080 250.98803158
68.05296664 243.35166794
71.48153807 246.15686275
79.42959002 244.44257703
84.72829132 243.97504456
102.96205755 239.61140820
109.66335625 241.16984976
111.37764197 240.23478482
119.32569391 235.09192768
129.61140820 236.80621339
133.66335625 234.15686275
138.49452508 239.61140820
136.31270690 235.87114846
150.49452508 235.87114846
156.10491469 237.42959002
176.52049911 229.79322638
121.81920041 277.24777184
55.74127833 233.92309651
26.44257703 249.50751210
28.00101859 280.13088872
37.19582378 274.67634326
22.54647313 275.76725236
12.41660300 251.29971989
10.54647313 255.81920041
6.02699262 259.55946015
16.15686275 283.40361599
7.89712249 287.45556404
1.81920041 301.63738223
63.37764197 286.98803158
63.22179781 263.92309651
55.27374586 254.26075885
52.93608352 246.93608352
48.41660300 243.66335625
31.11790171 249.27374586
115.58543417 228.07894067
39.94907054 252.00101859
42.44257703 256.36465495
0.98803158 258.54647313
444.83218742 235.94907054
449.19582378 232.52049911
446.70231729 225.66335625
475.68933028 225.03997963
522.44257703 227.22179781
461.66335625 220.67634326
559.06595365 254.57244716
552.52049911 244.91010950
562.80621339 242.88413547
570.28673287 243.81920041
574.65036924 238.67634326
587.27374586 235.55946015
592.57244716 244.13088872
584.78023937 246.78023937
594.75426534 240.23478482
598.96205755 238.83218742
612.20881080 250.83218742
600.36465495 244.59842119
577.76725236 221.84517443
570.91010950 223.24777184
566.07894067 227.45556404
560.62439521 224.65036924
572.78023937 219.81920041
590.70231729 222.00101859
599.11790171 222.15686275
596.15686275 219.50751210
594.28673287 222.46855106
593.03997963 217.32569391
595.53348612 216.39062898
598.65036924 217.79322638
608.78023937 216.23478482
617.97504456 222.00101859
605.19582378 221.06595365
613.45556404 218.57244716
624.67634326 222.00101859
617.35166794 241.32569391
685.76725236 240.93608352
692.31270690 235.01400560
699.16984976 237.81920041
661.76725236 246.54647313
641.81920041 246.54647313
640.57244716 240.00101859
638.70231729 235.63738223
646.49452508 240.00101859
642.44257703 232.83218742
647.42959002 233.76725236
677.66335625 219.11790171
667.06595365 222.54647313
669.87114846 219.74127833
663.32569391 220.36465495
660.52049911 225.66335625
652.10491469 217.55946015
646.80621339 221.29971989
639.01400560 215.37764197
653.97504456 235.01400560
660.20881080 238.44257703
691.37764197 223.48153807
696.67634326 221.29971989
682.96205755 223.16984976
691.37764197 214.13088872
696.67634326 216.00101859
698.85816145 196.98803158
677.66335625 237.81920041
690.13088872 240.93608352
646.96205755 208.59842119
651.48153807 204.23478482
666.91010950 203.14387573
703.53348612 209.68933028
711.16984976 211.09192768
717.40361599 207.97504456
717.40361599 204.23478482
714.28673287 199.09192768
710.85816145 200.65036924
709.14387573 192.39062898
708.36465495 195.35166794
688.10491469 212.18283677
711.79322638 225.42959002
704.62439521 224.65036924
704.15686275 234.93608352
668.15686275 228.39062898
634.96205755 224.02699262
633.55946015 217.01400560
717.09192768 233.37764197
696.83218742 235.09192768
690.75426534 211.87114846
696.36465495 211.24777184
702.44257703 215.14387573
704.62439521 207.50751210
705.40361599 196.28673287
619.53348612 217.32569391
672.36465495 202.44257703
675.16984976 202.13088872
723.48153807 196.20881080
577.61140820 242.33868093
576.67634326 217.09192768
700.72829132 190.28673287
719.74127833 209.29971989
719.42959002 203.37764197
708.67634326 205.32569391
737.97504456 217.94907054
732.20881080 219.35166794
735.79322638 219.03997963
727.68933028 221.84517443
729.87114846 223.40361599
733.92309651 223.71530430
730.18283677 225.89712249
734.23478482 238.20881080
726.59842119 235.40361599
745.61140820 234.93608352
743.11790171 228.70231729
739.84517443 226.05296664
739.22179781 223.40361599
737.19582378 223.40361599
744.83218742 224.96205755
748.72829132 226.05296664
750.13088872 221.68933028
754.96205755 221.53348612
685.61140820 219.66335625
720.52049911 229.79322638
720.36465495 224.80621339
133.97504456 345.03997963
196.93608352 328.20881080
656.62439521 205.01400560
645.24777184 203.61140820
520.57244716 230.33868093
524.00101859 230.33868093
455.74127833 219.42959002
671.48553407 213.83118842
662.02299661 205.13588372
713.42759202 196.44057903
612.92009951 228.15286674
129.86923733 223.94281592
133.72208014 223.08662863
840.29064201 292.33077579
445.05318382 219.87592629
447.08662863 220.73211358
474.27057512 218.91271559
486.79231425 213.24047479
722.99298315 204.14348482
718.39097646 197.50803331
704.04983933 185.94950489
711.64850154 191.08662863
714.32408683 190.65853499
