387.48153807 585.50751210
368.78023937 519.42959002
357.55946015 434.65036924
231.63738223 318.70231729
245.35166794 287.53348612
604.41660300 568.05296664
636.83218742 576.78023937
780.20881080 545.61140820
857.50751210 393.50751210
1009.61140820 344.88413547
956.00101859 311.22179781
878.70231729 282.54647313
806.39062898 245.14387573
631.84517443 304.98803158
570.75426534 285.03997963
1010.85816145 145.40361599
50.85816145 208.98803158
35.89712249 172.83218742
3.48153807 160.36465495
214.18283677 139.16984976
200.46855106 104.26075885
348.83218742 76.83218742
550.80621339 105.50751210
980.93608352 59.84517443
994.02699262 60.15686275
973.45556404 51.74127833
962.23478482 46.75426534
933.87114846 44.57244716
913.61140820 25.24777184
903.94907054 31.48153807
925.76725236 26.18283677
949.45556404 25.87114846
951.32569391 17.45556404
957.24777184 12.15686275
960.05296664 7.48153807
941.03997963 10.59842119
940.41660300 0.93608352
972.20881080 8.41660300
981.87114846 21.50751210
995.89712249 14.33868093
1002.44257703 36.15686275
1015.53348612 39.58543417
1021.45556404 11.84517443
1006.49452508 14.33868093
1022.70231729 39.27374586
836.00101859 50.18283677
849.71530430 22.75426534
806.39062898 43.32569391
818.23478482 28.67634326
715.37764197 55.32569391
703.53348612 45.97504456
689.81920041 39.11790171
669.24777184 32.26075885
667.37764197 2.33868093
596.31270690 32.26075885
602.54647313 19.16984976
593.19582378 21.03997963
592.57244716 12.31270690
583.22179781 16.67634326
575.11790171 16.67634326
570.13088872 23.53348612
913.61140820 1.71530430
466.65036924 40.98803158
459.79322638 47.22179781
423.63738223 16.67634326
419.27374586 4.83218742
391.22179781 2.33868093
404.93608352 10.44257703
409.29971989 37.24777184
351.94907054 15.42959002
339.48153807 19.16984976
321.40361599 21.66335625
305.81920041 12.93608352
320.78023937 36.62439521
30.49452508 57.19582378
94.07894067 32.26075885
79.74127833 25.40361599
68.52049911 16.67634326
771.58161191 0.90602662
939.71539117 35.20702997
