310.43534376 174.53660958
351.75179945 181.82774882
362.68850831 159.95433110
368.76445768 145.37205262
151.24547034 196.41002730
158.53660958 179.39736907
225.37205262 147.80243237
173.11888806 114.99230578
157.32141971 104.05559692
140.30876148 83.39736907
122.08091338 105.27078680
116.00496401 117.42268553
105.06825515 95.54926781
92.91635642 128.35939439
79.54926781 113.77711591
66.18217920 95.54926781
45.52395135 119.85306528
18.78977414 117.42268553
23.65053363 128.35939439
13.92901464 130.78977414
15.14420452 153.87838173
18.78977414 170.89103996
35.80243237 91.90369819
44.30876148 72.46066021
16.35939439 67.59990072
47.95433110 36.00496401
39.44800199 28.71382477
56.46066021 32.35939439
69.82774882 21.42268553
81.97964756 27.49863490
69.82774882 42.08091338
106.28344502 46.94167287
147.59990072 74.89103996
617.87838173 190.33407793
715.09357161 236.51129312
783.14420452 297.27078680
710.23281211 418.78977414
772.20749566 602.28344502
888.86572350 582.84040705
962.99230578 217.06825515
967.85306528 91.90369819
1015.24547034 72.46066021
1005.52395135 18.99230578
903.44800199 168.46066021
830.53660958 100.41002730
640.96698933 121.06825515
668.91635642 112.56192604
395.49863490 96.76445768
368.76445768 106.48597667
448.96698933 95.54926781
492.71382477 132.00496401
497.57458426 113.77711591
510.94167287 130.78977414
529.16952097 162.38471085
495.14420452 207.34673616
485.42268553 173.32141971
496.35939439 162.38471085
790.43534376 108.91635642
768.56192604 119.85306528
818.38471085 79.75179945
784.35939439 78.53660958
817.16952097 63.95433110
828.10622983 49.37205262
800.15686275 49.37205262
777.06825515 6.84040705
750.33407793 23.85306528
728.46066021 27.49863490
701.72648300 27.49863490
688.35939439 11.70116654
665.27078680 10.48597667
545.97836571 77.97852594
548.87405550 49.74555046
530.77599429 51.91731780
516.29754533 75.08283615
607.51177382 80.15029329
603.16823913 110.55503611
663.97772479 70.73930146
658.18634520 47.57378311
677.00832886 44.67809332
637.91651665 6.31020356
614.75099830 14.27335049
586.51802282 21.51257497
542.35875347 14.99727294
519.19323512 26.58003211
491.68418208 29.47572190
475.03396577 4.13843621
459.83159436 4.13843621
451.86844743 14.27335049
766.05079000 172.08844422
880.43053684 24.40826476
884.77407153 14.99727294
900.70036539 11.37766069
921.69411639 11.37766069
944.13571229 71.46322391
953.54670412 209.73241154
434.49430867 11.37766069
438.11392091 24.40826476
448.97275763 29.47572190
455.48805967 30.19964435
449.69668008 41.78240352
429.42685153 41.78240352
426.53116174 92.45697491
480.10142291 156.88607281
376.58051280 28.02787701
399.74603115 34.54317904
393.23072911 20.06473007
406.26133318 17.89296273
420.01585970 7.03412600
393.95465156 4.13843621
371.51305566 12.82550559
107.49863490 33.57458426
165.82774882 8.05559692
832.96698933 3.19483743
74.85920388 62.33746475
46.39097646 55.91606007
29.90937111 40.93278248
63.94281592 90.16355171
137.36087612 49.28060856
155.34080923 70.25719719
181.45452161 98.08328415
175.24716375 172.35753164
188.94616040 160.58495639
456.29064201 7.96957178
372.59833432 21.45452161
408.34415371 94.65853499
426.64515706 108.46455505
442.05652830 85.77559184
554.96622729 162.51137780
563.10000656 1.97626074
445.80234769 4.33077579
485.40100990 14.81907010
414.55151157 16.53144468
