227.80243237 661.82774882
664.05559692 520.86572350
788.00496401 402.99230578
801.37205262 359.24547034
944.76445768 602.28344502
945.97964756 210.99230578
961.77711591 163.59990072
945.97964756 88.25812857
964.20749566 70.03028047
942.33407793 49.37205262
920.46066021 12.91635642
802.58724249 87.04293869
768.56192604 54.23281211
749.11888806 36.00496401
593.57458426 70.03028047
589.92901464 45.72648300
637.32141971 40.86572350
627.59990072 21.42268553
569.27078680 49.37205262
512.15686275 118.63787540
531.59990072 117.42268553
553.47331844 207.34673616
572.91635642 297.27078680
534.03028047 272.96698933
508.51129312 268.10622983
233.87838173 104.05559692
237.52395135 83.39736907
231.44800199 33.57458426
270.33407793 37.22015388
300.71382477 44.51129312
355.39736907 44.51129312
346.89103996 71.24547034
380.91635642 97.97964756
407.65053363 83.39736907
131.80243237 127.14420452
89.27078680 134.43534376
69.82774882 135.65053363
83.19483743 89.47331844
107.49863490 87.04293869
55.24547034 53.01762224
77.11888806 49.37205262
67.39736907 36.00496401
38.23281211 44.51129312
12.71382477 28.71382477
29.72648300 74.89103996
557.11888806 29.92901464
493.92901464 29.92901464
489.06825515 53.01762224
459.90369819 21.42268553
445.32141971 32.35939439
401.57458426 18.99230578
385.77711591 20.20749566
378.48597667 25.06825515
376.05559692 36.00496401
177.97964756 40.86572350
131.80243237 32.35939439
842.68850831 10.48597667
868.20749566 6.84040705
885.22015388 10.48597667
994.58724249 3.19483743
1018.89103996 4.41002730
967.85306528 1.97964756
1022.53660958 234.08091338
572.91635642 32.35939439
581.42268553 1.97964756
444.10622983 4.41002730
473.27078680 4.41002730
515.80243237 10.48597667
208.35939439 1.97964756
242.02977244 39.86254836
262.57826743 30.44448816
283.76890288 20.81238114
368.95953833 19.95619385
388.43779920 13.96288281
236.25050823 118.41773231
116.59833432 25.62843465
185.94950489 14.92609351
162.83244803 29.48127746
11.28729753 101.82910355
605.05318382 15.78228081
622.81907010 37.29398649
589.85585940 6.04315037
564.17024067 6.89933766
508.08997311 13.96288281
319.94281592 160.37090957
448.37090957 21.45452161
832.58495639 10.32408683
855.27391960 10.96622729
