321.37205262 362.89103996
542.53660958 302.13154629
458.68850831 310.63787540
456.25812857 210.99230578
489.06825515 180.61255895
490.28344502 162.38471085
620.30876148 129.57458426
580.20749566 129.57458426
654.33407793 142.94167287
710.23281211 225.57458426
661.62521718 210.99230578
653.11888806 296.05559692
636.10622983 343.44800199
728.46066021 317.92901464
768.56192604 248.66319186
795.29610325 212.20749566
757.62521718 190.33407793
746.68850831 155.09357161
729.67585009 169.67585009
812.30876148 140.51129312
864.56192604 176.96698933
890.08091338 147.80243237
935.04293869 170.89103996
972.71382477 174.53660958
938.68850831 224.35939439
960.56192604 280.25812857
1018.89103996 266.89103996
961.77711591 121.06825515
941.11888806 104.05559692
892.51129312 117.42268553
852.41002730 118.63787540
857.27078680 96.76445768
868.20749566 80.96698933
836.61255895 67.59990072
797.72648300 74.89103996
783.14420452 127.14420452
763.70116654 112.56192604
727.24547034 95.54926781
746.68850831 67.59990072
687.14420452 117.42268553
693.22015388 91.90369819
655.54926781 89.47331844
627.59990072 95.54926781
606.94167287 108.91635642
574.13154629 78.53660958
591.17304605 58.32734824
603.62105118 59.76365653
621.81428944 39.65534055
639.52875827 41.09164884
649.10414683 35.34641570
639.52875827 27.68610485
619.89921173 26.72856600
585.90658234 35.34641570
589.25796834 28.16487428
586.86412120 15.23809973
606.49366774 8.05655831
570.10719122 55.45473168
572.97980779 30.07995199
540.90225611 56.41227053
545.68995039 31.03749085
539.46594783 22.89841057
533.24194526 15.23809973
527.97548156 18.58948572
523.66655670 10.92917487
511.69732100 13.32302201
506.90962673 14.75933030
500.68562416 20.02579401
500.68562416 27.68610485
491.11023560 27.68610485
484.40746361 15.23809973
474.83207505 18.11071629
463.34160878 15.23809973
561.01057209 10.92917487
541.38102554 4.22640288
692.19339535 56.41227053
710.86540304 56.89103996
719.96202217 43.48549598
687.40570107 43.00672655
695.54478135 23.37718000
705.59893934 22.89841057
723.79217760 20.02579401
741.02787701 21.46210229
749.64572671 16.19563858
779.32943124 15.23809973
778.37189239 32.95256856
775.49927582 27.68610485
809.01313578 21.46210229
821.93991033 20.98333286
837.73930146 23.37718000
837.73930146 46.83688197
809.97067463 7.57778888
769.75404268 4.70517231
652.45553283 7.57778888
666.33984624 1.35378632
865.76349630 47.98982221
887.02258939 17.67593020
914.58067303 23.18754693
915.36804685 8.22744438
905.13218721 5.47163602
939.77663522 12.55800038
941.74506976 30.27391130
952.37461631 43.65926621
963.00416286 56.25724730
986.23169050 47.20244839
1012.60871341 22.00648620
1019.69507777 29.88022439
983.08219522 18.85699093
1013.78977414 2.32214075
244.98044871 30.64236186
249.42204461 20.95160718
255.88254773 22.16295151
269.61111687 29.43101753
281.32077878 26.60454741
294.64556648 24.18185874
286.16615613 11.26085249
291.81909636 8.03060093
284.55103035 3.99278648
271.22624265 2.78144214
266.78464675 3.99278648
270.41867976 13.68354116
269.61111687 9.24194526
257.09389207 14.08732261
253.86364051 9.64572671
254.26742195 4.39656792
257.49767351 3.58900503
240.53885281 6.41547515
241.75019715 2.37766069
236.09725691 2.78144214
231.65566101 6.41547515
215.10062176 2.37766069
211.06280731 8.03060093
207.02499285 8.43438237
202.17961551 12.87597827
201.77583406 3.99278648
191.68129793 26.20076597
182.39432469 29.02723608
193.70020516 29.02723608
203.39095984 30.64236186
295.85691081 12.47219683
293.43422214 3.58900503
211.87037020 21.35538862
217.11952898 18.52891851
226.00272078 15.70244839
223.98381355 22.56673296
230.84809812 29.83479897
219.54221766 32.25748764
242.55776004 17.72135561
234.48213113 14.89488550
247.40313738 12.47219683
205.11888806 20.35939439
217.87838173 5.16952097
184.55820054 23.75552495
