32.67954877 753.52165403
184.60695349 690.79933098
344.89733461 577.89914950
328.17138180 536.08426746
329.56521120 473.36194441
643.17682645 533.29660866
661.29660866 681.04252518
803.46720757 580.68680830
814.61784278 502.63236184
757.47083734 392.51983915
770.01530195 364.64325113
799.28571937 315.85922209
728.20041991 328.40368670
899.64143625 405.06430376
919.15504786 529.11512046
924.73036547 278.22582826
965.15141810 250.34924024
1018.11693534 236.41094623
938.66865948 186.23308779
896.85377745 168.11330558
878.73399523 183.44542899
958.18227109 130.47991175
951.21312409 83.08971211
914.97355966 63.57610049
1022.29842354 59.39461229
487.06793353 333.97900431
464.76666311 278.22582826
544.21493897 289.37646347
836.91911320 267.07519305
772.80296075 147.20586456
747.71403153 222.47265222
736.56339632 208.53435821
690.56702608 195.98989360
687.77936728 170.90096438
708.68680830 130.47991175
676.62873207 235.01711683
609.72492082 195.98989360
565.12237999 198.77755240
512.15686275 226.65414042
473.12963951 208.53435821
331.65595530 215.85196256
320.50532010 194.94452155
300.99170848 169.15867763
365.80477563 154.52346892
417.37646347 154.52346892
453.61602790 169.85559233
455.70677200 145.46357781
483.58336002 162.18953062
530.97355966 148.25123661
560.94089178 150.34198071
562.33472118 132.22219850
615.30023843 130.82836910
609.02800612 105.04252518
597.18045621 84.13508416
566.51620939 61.13689904
547.00259777 114.79933098
535.85196256 75.77210775
548.39642717 63.92455784
540.03345077 59.04615494
496.82473933 90.40731647
503.79388634 128.73762500
472.43272481 93.19497527
471.73581011 78.55976656
462.67591901 101.55795167
454.31294260 119.67773389
412.49806057 73.68136365
394.37827835 86.22582826
378.34924024 96.67954877
368.59243443 83.43816946
669.19497527 112.70858688
653.86285186 96.67954877
646.89370485 86.92274296
683.13326928 86.92274296
715.88826020 72.28753425
754.21856873 63.92455784
763.97537454 49.98626383
748.64325113 44.41094623
782.09515676 49.98626383
754.91548343 91.10423117
738.88644532 73.68136365
844.81747980 66.01530195
855.96811501 55.56158144
874.08789723 38.13871392
838.54524750 20.01893171
253.54343262 36.30931284
265.56521120 29.51439451
253.71766129 54.77755240
286.29842354 29.16593716
301.28208961 35.96085549
296.75214405 51.64143625
303.54706238 61.04978471
334.21130921 30.64688089
342.57428561 43.19134550
348.84651792 44.93363226
364.87555603 33.08608235
369.40550158 49.81203516
361.04252518 59.22038362
375.32927654 23.93907690
383.16956692 20.45450340
389.26757055 17.31838725
393.10060140 16.27301520
395.71403153 17.84107327
403.55432191 18.18953062
388.39642717 29.16593716
388.22219850 34.56702608
394.32020213 45.54343262
418.53798797 51.98989360
414.53072844 39.61965766
418.71221665 31.08245258
419.23490267 20.97718942
422.37101882 17.66684460
421.67410412 14.18227109
428.29479378 16.27301520
430.55976656 32.65051066
426.72673570 37.00622754
439.61965766 35.61239814
449.55069215 36.48354151
443.80114587 34.39279741
443.10423117 32.12782463
450.59606420 49.55069215
440.83925839 60.70132735
429.34016583 69.58698979
436.65777019 12.43998434
438.57428561 8.08426746
440.83925839 4.07700794
445.54343262 8.08426746
449.89914950 9.47809686
449.20223480 4.77392264
454.60332373 2.68317853
447.80840539 17.66684460
465.05704423 52.86103697
477.94996619 51.11875022
462.96630013 22.37101882
462.26938543 10.00078289
457.56521120 5.81929469
464.70858688 1.46357781
476.03345077 5.12237999
470.10967581 10.69769759
476.73036547 12.43998434
485.61602790 11.74306964
488.92637273 6.86466674
485.79025657 1.63780648
496.24397708 5.64506601
492.41094623 4.77392264
508.61421302 10.52346892
520.63599160 11.22038362
519.06793353 5.29660866
523.42365040 4.59969396
550.25486637 5.81929469
543.28571937 4.42546529
555.13326928 28.46902245
536.49080104 42.93000249
520.81022028 49.89914950
517.67410412 38.05159959
501.29660866 39.44542899
492.58517490 36.48354151
481.26031102 25.50713498
562.33472118 9.65232554
576.44724387 5.64506601
593.17319668 3.38009324
599.79388634 3.20586456
607.63417672 5.12237999
612.33835095 9.30386819
617.21675385 26.55250703
601.36194441 22.54524750
627.49624569 32.30205331
639.69225294 27.42365040
638.64688089 18.53798797
644.91911320 2.85740721
653.10786093 9.30386819
654.32746166 1.63780648
664.78118216 27.07519305
665.65232554 17.49261592
670.18227109 3.55432191
663.73581011 1.11512046
681.33290630 4.42546529
685.68862318 2.85740721
687.43090993 10.52346892
692.48354151 19.93181737
701.89188997 24.81022028
696.83925839 33.87011138
713.56521120 48.33109142
717.04978471 20.62873207
719.83744351 5.81929469
730.81385004 3.55432191
735.69225294 21.84833280
750.67591901 10.52346892
762.00078289 5.64506601
775.24216220 2.33472118
789.35468489 2.68317853
795.62691719 14.18227109
830.29842354 1.63780648
823.67773389 20.45450340
841.62328743 4.59969396
857.30386819 6.51620939
889.53617309 6.60332373
909.74669941 9.04252518
964.80296075 24.72310594
564.84017943 36.40861100
568.93208752 28.73628332
245.02642796 28.94616040
299.39432094 24.77224736
283.34080923 59.23378582
265.25385271 62.33746475
270.17692963 56.45117713
289.12007345 60.83913699
378.48462194 34.13679586
328.71873565 48.37090957
334.39097646 50.72542462
375.38094301 19.79565873
342.63177913 30.39097646
562.24381927 99.26054167
559.14014034 81.49465539
508.08997311 68.97291626
528.63846810 63.83579251
535.59498984 2.91271559
578.88595974 5.58830087
599.80903666 30.81907010
624.31739786 22.47124402
664.98629418 7.48796642
650.53813365 15.83579251
685.32074234 26.21706341
686.33746475 15.27391960
681.09331759 18.80569218
696.82575907 1.09331759
752.53144468 5.66856843
707.58161191 85.45452161
694.31070890 114.99298315
801.54816709 126.33746475
826.80569218 126.23044134
833.65519050 179.31405338
584.71873565 124.41104335
477.69532428 129.33412027
