54.98081919 658.74125476
216.66502971 347.91729832
197.15141810 304.70858688
269.63054696 235.01711683
438.28390449 278.22582826
620.87555603 434.33472118
696.14234369 304.70858688
765.83381374 357.67410412
802.07337817 444.09152699
857.82655422 306.10241628
863.40187182 248.95541084
969.33290630 470.57428561
42.43635458 131.87374115
11.77210775 119.32927654
43.83018398 24.54887726
75.88826020 20.36738906
76.35287000 10.26212590
125.83381374 31.86648162
132.80296075 26.98807872
175.31475748 37.44179922
192.73762500 66.71221665
169.04252518 102.95178108
219.91729832 117.58698979
203.19134550 20.01893171
203.88826020 3.98989360
247.79388634 40.22945803
263.12600975 29.77573752
270.09515676 12.35287000
303.54706238 54.16775204
317.48535639 36.74488452
261.73218035 75.07519305
356.51257962 86.22582826
350.24034732 36.74488452
348.84651792 12.35287000
399.72129106 47.89551973
399.02437636 128.73762500
373.23853244 114.79933098
484.74488452 36.74488452
544.21493897 186.58154514
528.18590086 109.22401338
554.66865948 117.58698979
589.51439451 125.25305149
606.93726202 77.16593716
583.24216220 55.56158144
551.88100068 47.89551973
568.60695349 31.86648162
687.77936728 157.31112772
799.98263407 193.55069215
760.25849614 29.77573752
813.22401338 5.38372300
827.85922209 15.14052881
900.33835095 13.74669941
913.57973026 29.77573752
39.11338448 156.62509017
68.43779920 3.47458850
417.12007345 436.38428749
467.20702997 383.72876910
377.30736442 23.48796642
975.35418716 62.87258181
963.79565873 5.50803331
