166.87421812 580.91719332
315.39653217 394.31223465
287.46925944 371.46264787
447.41636688 455.24446605
494.38496192 615.19157349
480.42132556 398.12049911
675.91223465 412.08413547
628.94363960 710.39818506
821.89570572 526.33206936
832.05107762 569.49239994
943.76016853 484.44116027
780.00479663 401.92876357
806.66264787 441.28082969
818.08744126 367.65438341
768.58000324 334.64942473
846.01471398 316.87752390
858.70892886 294.02793713
900.59983795 324.49405283
976.76512721 409.54529250
1022.46430076 434.93372225
642.90727597 362.57669746
645.44611894 320.68578836
682.25934208 294.02793713
583.24446605 290.21967266
665.75686275 285.14198671
303.97173878 278.79487927
169.41306109 195.01306109
190.99322638 192.47421812
273.50562308 244.52049911
287.46925944 225.47917679
311.58826770 215.32380489
361.09570572 233.09570572
444.87752390 225.47917679
295.08578836 182.31884622
380.13702803 215.64116027
380.13702803 181.36678010
367.44281316 182.00149084
453.76347432 171.21140820
381.40644952 148.99653217
386.48413547 136.93702803
390.29239994 124.87752390
355.38330903 147.09239994
341.41967266 138.84116027
339.51554043 128.68578836
285.56512721 171.21140820
271.60149084 139.47587101
241.77008589 114.72215200
230.34529250 105.83620159
208.76512721 114.72215200
194.16678010 104.56678010
124.98330903 126.78165613
121.80975531 89.96843299
107.84611894 85.52545779
147.19818506 107.10562308
166.87421812 108.37504456
139.58165613 65.84942473
111.65438341 50.61636688
118.00149084 54.42463134
105.30727597 34.74859828
121.80975531 45.53868093
126.88744126 44.90397018
133.23454870 37.28744126
147.19818506 49.98165613
151.00644952 42.36512721
147.19818506 36.65273051
192.26264787 39.19157349
218.28578836 60.77173878
222.09405283 97.58496192
211.93868093 102.02793713
184.01140820 105.83620159
265.88909415 63.31058175
272.87091233 65.21471398
269.06264787 84.25603630
275.40975531 110.91388754
302.70231729 98.21967266
319.83950737 79.17835035
341.41967266 73.46595365
363.63454870 57.59818506
352.20975531 23.32380489
385.84942473 23.95851564
389.65768919 19.51554043
377.59818506 72.19653217
380.13702803 63.31058175
407.42959002 122.97339167
427.10562308 95.04611894
417.58496192 79.17835035
422.66264787 79.81306109
424.56678010 74.10066440
434.08744126 76.63950737
462.01471398 87.42959002
472.17008589 39.19157349
456.30231729 44.90397018
475.97835035 44.90397018
449.95520985 98.85438341
470.90066440 136.93702803
496.28909415 88.69901151
498.82793713 80.44777184
500.73206936 106.47091233
510.88744126 111.54859828
521.67752390 103.93206936
516.59983795 146.45768919
522.31223465 164.86430076
529.92876357 166.76843299
528.02463134 182.00149084
550.23950737 180.09735861
552.14363960 157.88248258
533.10231729 141.38000324
536.91058175 91.23785448
540.71884622 98.21967266
548.97008589 85.52545779
562.29901151 101.39322638
569.91554043 112.18330903
569.91554043 215.00644952
581.34033382 199.13868093
597.84281316 141.38000324
616.46099498 161.69074704
614.55686275 124.87752390
621.53868093 103.93206936
624.71223465 116.62628423
624.71223465 193.42628423
624.07752390 179.46264787
614.55686275 218.81471398
652.63950737 250.55025117
683.10562308 172.48082969
731.97835035 211.83289580
658.98661481 155.97835035
654.54363960 148.99653217
645.65768919 126.78165613
632.96347432 126.78165613
656.44777184 104.56678010
669.77669746 115.35686275
673.58496192 110.91388754
678.66264787 107.74033382
680.56678010 129.95520985
690.72215200 155.97835035
718.64942473 166.13372225
771.96512721 180.09735861
784.02463134 168.67256522
792.91058175 183.90562308
791.00644952 175.01967266
817.02959002 180.09735861
816.39487927 147.09239994
834.80149084 154.07421812
844.95686275 191.52215200
876.69239994 190.88744126
867.17173878 185.17504456
849.39983795 140.74529250
835.43620159 128.68578836
899.54198671 154.07421812
881.77008589 145.82297845
919.21801977 191.52215200
935.72049911 193.42628423
945.24116027 201.04281316
943.97173878 150.90066440
920.48744126 180.09735861
1010.61636688 176.92380489
971.26430076 160.42132556
953.49239994 147.72711068
935.08578836 134.39818506
928.73868093 136.30231729
918.58330903 138.84116027
912.23620159 143.28413547
907.15851564 122.97339167
916.04446605 121.06925944
888.75190407 103.29735861
894.46430076 106.47091233
839.24446605 119.16512721
916.04446605 106.47091233
921.12215200 109.00975531
935.08578836 91.23785448
942.06760655 93.77669746
959.83950737 98.85438341
936.35520985 118.53041646
960.47421812 136.30231729
979.51554043 144.55355696
975.07256522 134.39818506
976.97669746 117.26099498
962.37835035 115.35686275
575.20479663 85.52545779
566.31884622 78.54363960
554.25934208 77.90892886
583.45603630 88.06430076
624.07752390 98.21967266
926.62297845 123.29074704
1021.82959002 133.76347432
46.06295665 77.74327633
79.30970990 55.74927034
85.70331629 53.70331629
578.90611349 64.95606354
540.54447513 73.39562398
538.49852109 67.51350610
547.70531429 69.30371589
563.56145815 70.07094866
572.00101859 73.13987973
597.57544416 64.44457503
586.32269691 58.30671289
591.43758203 59.84117843
629.79922039 65.97904057
658.18683278 76.46455505
669.95106854 79.02199761
665.09192768 92.06495465
674.55446514 98.97004956
679.92509451 95.38962998
688.62039921 96.15686275
697.82719242 95.38962998
690.92209751 82.09092868
689.38763198 75.95306654
680.69232728 64.18883078
659.20980980 61.11989971
548.72829132 80.12489471
605.75926035 43.29772189
600.38863098 43.42559401
594.50651309 40.74027933
565.22379581 49.05196764
545.53148812 44.44857104
551.28573387 44.96005955
554.48253707 45.98303657
557.16785176 45.34367593
563.56145815 44.19282678
561.77124836 48.41260700
569.31570390 49.94707254
567.39762199 44.32069891
576.60441519 49.56345615
577.49952009 55.82919042
571.87314646 56.98003957
580.18483477 56.59642318
593.35566394 30.76625335
590.28673287 30.63838123
579.16185775 37.92709252
585.68333627 39.33368592
536.45256704 34.60241719
540.80021939 37.79922039
560.87614346 40.35666294
589.90311649 50.12289671
543.61340620 39.38163797
545.91510450 39.12589371
549.49552408 41.17184776
550.26275685 42.45056904
551.54147813 43.21780181
591.69332628 53.44757204
587.60141819 51.40161799
601.92309651 57.53948013
552.05296664 39.63738223
554.86615345 39.63738223
557.42359601 39.89312648
557.93508452 41.42759202
550.00701260 36.82419541
646.16685276 60.35266694
639.00601359 55.49352608
642.33068892 52.68033927
643.86515445 54.21480480
636.19282678 52.16885076
673.01999961 61.11989971
649.23578382 42.45056904
635.42559401 42.96205755
651.79322638 52.93608352
677.36765196 58.81820141
683.76125835 60.86415545
679.92509451 48.33268692
679.15786175 52.93608352
688.62039921 67.00201759
546.42659301 28.89612348
541.31170790 28.38463497
677.36765196 63.67734227
501.67134826 45.00801160
824.93208752 125.91910051
792.19682279 70.67834127
789.38363597 65.81920041
773.27174786 66.58643317
869.17584376 80.90811150
307.52810020 254.01639452
200.93278248 107.18027412
272.42442127 78.49799987
521.36087612 94.44448816
671.72876910 46.39097646
883.52810020 195.36756509
972.78562529 151.05987278
714.21706341 239.67525739
712.50468883 239.67525739
956.62509017 118.52475572
979.74214703 125.58830087
955.34080923 129.33412027
