130.65036924 353.61140820
8.46855106 243.89712249
12.41660300 194.33868093
6.18283677 141.35166794
9.29971989 128.88413547
29.24777184 122.02699262
80.36465495 108.93608352
104.05296664 91.48153807
117.76725236 89.61140820
135.22179781 145.71530430
130.85816145 167.53348612
127.11790171 195.58543417
58.54647313 176.88413547
165.76725236 136.98803158
144.57244716 54.07894067
119.63738223 36.62439521
93.45556404 12.31270690
94.07894067 1.71530430
67.27374586 14.80621339
59.79322638 11.06595365
32.98803158 13.55946015
13.66335625 21.03997963
1.19582378 3.58543417
9.92309651 3.58543417
24.88413547 4.83218742
3.06595365 21.03997963
162.65036924 75.89712249
182.59842119 75.89712249
183.22179781 84.62439521
209.40361599 115.16984976
198.18283677 126.39062898
219.37764197 128.88413547
201.92309651 102.07894067
203.79322638 35.37764197
219.37764197 23.53348612
258.65036924 52.83218742
264.88413547 21.66335625
243.68933028 141.35166794
241.19582378 126.39062898
238.70231729 132.62439521
302.28673287 93.35166794
307.89712249 74.02699262
290.44257703 62.80621339
282.33868093 74.65036924
301.66335625 59.68933028
301.66335625 42.85816145
286.70231729 16.67634326
317.24777184 34.13088872
337.81920041 27.89712249
338.44257703 93.35166794
368.98803158 67.16984976
352.15686275 24.15686275
340.93608352 3.58543417
371.48153807 4.83218742
369.61140820 25.40361599
376.46855106 23.53348612
386.44257703 29.76725236
383.32569391 15.42959002
387.68933028 19.16984976
392.05296664 11.06595365
378.96205755 4.83218742
412.62439521 23.53348612
417.61140820 27.89712249
425.71530430 60.93608352
433.19582378 91.48153807
481.19582378 138.23478482
379.58543417 98.96205755
412.62439521 181.24777184
457.50751210 353.29971989
200.46855106 713.92309651
377.50751210 642.85816145
451.06595365 425.92309651
729.09192768 478.28673287
898.65036924 620.41660300
892.41660300 660.31270690
1015.84517443 344.88413547
997.14387573 240.15686275
978.44257703 181.55946015
793.92309651 221.45556404
750.28673287 204.00101859
739.06595365 195.27374586
493.45556404 87.11790171
457.92309651 88.98803158
470.39062898 67.79322638
470.39062898 39.74127833
447.32569391 32.26075885
446.70231729 21.66335625
428.00101859 17.92309651
387.48153807 4.20881080
448.57244716 12.93608352
484.72829132 17.92309651
478.49452508 29.76725236
511.53348612 6.07894067
527.11790171 6.07894067
535.84517443 12.93608352
541.45556404 7.94907054
552.05296664 6.70231729
517.76725236 72.78023937
503.42959002 63.42959002
536.46855106 57.19582378
543.32569391 56.57244716
542.07894067 45.35166794
555.16984976 62.80621339
547.06595365 78.39062898
581.35166794 75.89712249
582.59842119 63.42959002
600.67634326 60.31270690
610.65036924 75.89712249
634.33868093 77.76725236
648.67634326 80.88413547
727.22179781 198.70231729
686.07894067 84.62439521
701.66335625 72.78023937
697.29971989 59.06595365
676.72829132 48.46855106
662.39062898 41.61140820
654.91010950 27.89712249
664.88413547 17.92309651
618.75426534 13.55946015
605.66335625 8.57244716
598.18283677 28.52049911
597.55946015 17.29971989
618.75426534 39.11790171
620.62439521 34.13088872
713.50751210 12.93608352
706.02699262 11.06595365
698.54647313 7.94907054
691.06595365 12.31270690
679.84517443 1.71530430
705.40361599 1.71530430
725.97504456 12.93608352
724.72829132 6.70231729
772.52049911 45.35166794
752.57244716 73.40361599
741.97504456 60.93608352
774.39062898 21.03997963
794.96205755 12.31270690
823.63738223 14.80621339
826.13088872 35.37764197
844.83218742 34.13088872
855.42959002 21.66335625
839.84517443 4.83218742
859.79322638 10.44257703
856.05296664 1.71530430
869.76725236 47.84517443
879.74127833 32.88413547
902.18283677 38.49452508
897.19582378 17.92309651
891.58543417 4.83218742
911.53348612 29.76725236
920.88413547 31.01400560
928.98803158 25.40361599
953.29971989 52.20881080
933.35166794 52.20881080
925.24777184 55.94907054
908.41660300 65.92309651
917.76725236 78.39062898
936.46855106 112.67634326
886.59842119 115.16984976
870.39062898 131.37764197
826.13088872 80.88413547
824.26075885 125.14387573
776.88413547 78.39062898
914.65036924 16.67634326
904.67634326 21.03997963
912.15686275 6.07894067
921.50751210 7.94907054
933.35166794 8.57244716
942.70231729 12.93608352
942.70231729 26.02699262
962.02699262 19.16984976
958.91010950 9.19582378
952.67634326 13.55946015
984.46855106 16.67634326
978.23478482 12.31270690
968.26075885 26.02699262
968.26075885 35.37764197
967.63738223 50.33868093
986.96205755 47.22179781
1007.53348612 27.89712249
1016.26075885 29.76725236
1015.63738223 22.28673287
1013.76725236 71.53348612
1010.02699262 98.96205755
1000.67634326 104.57244716
1008.78023937 117.66335625
973.24777184 80.26075885
978.85816145 79.01400560
560.15686275 21.03997963
69.07993967 107.39432094
54.95284937 111.67525739
189.58830087 75.82241458
309.88261525 51.63512361
309.88261525 42.43111024
288.26388616 32.79900321
254.65853499 40.50468883
328.71873565 6.47124402
223.40769887 50.13679586
250.16355171 84.81238114
317.05318382 26.53813365
320.90602662 27.28729753
419.68863532 15.30067545
508.94616040 14.39097646
575.08662863 377.94950489
662.20368549 127.83579251
678.89933766 128.26388616
645.72208014 64.90602662
624.10335104 34.29733097
818.56488950 5.02642796
840.50468883 18.88595974
739.90268214 1.49465539
739.26054167 17.22709686
737.97626074 27.71539117
724.49131091 66.35084268
728.87927077 75.76890288
659.20702997 7.48796642
654.06990622 0.31739786
565.45452161 6.47124402
575.94281592 1.54816709
789.98963866 16.31739786
844.35753164 102.68529084
705.22709686 149.34749820
820.17024067 101.18696308
857.20034101 399.56823398
951.38094301 26.80569218
989.05318382 34.93947144
1002.96622729 69.40100990
868.33077579 28.94616040
864.47793298 39.43445472
