218.40571067 122.25824523
230.20294569 124.61769224
32.00939731 110.46101021
9.59465076 182.42414385
27.29050330 283.88036505
6.05548026 427.80663233
7.23520376 497.41031897
3.69603325 611.84349869
198.35041113 541.06008855
279.75133279 465.55778440
154.70064155 361.74211620
227.84349869 248.48865998
416.59925906 177.70524984
450.81124063 202.47944339
350.53474293 359.38266920
544.00939731 381.79741574
613.61308394 454.94027288
666.70064155 519.82506551
699.73289961 428.98635583
746.92183970 357.02322219
869.61308394 416.59925906
956.91262311 221.35501943
916.80202404 218.99557242
935.67760007 118.71907473
951.01400560 37.31815307
808.26746182 128.15686275
808.26746182 96.30432818
597.09695491 230.79280745
600.63612542 213.09695491
44.98635583 60.61769224
62.09234662 47.05087196
179.47483510 47.05087196
165.90801482 52.35962772
253.20755399 42.92183970
246.71907473 58.25824523
395.36423602 24.63612542
408.34119454 2.22137887
431.34580284 9.88958164
493.87114846 37.61308394
500.94948947 51.17990422
126.38727749 48.23059546
569.96331436 58.25824523
555.21677058 47.05087196
534.57160929 44.10156321
615.38266920 54.12921298
600.63612542 51.17990422
670.23981205 47.05087196
751.05087196 45.28128671
740.43336044 34.66377519
791.16147104 32.30432818
810.62690883 52.94948947
828.91262311 55.89879823
1021.79741574 82.14764616
