273.11512046 584.86829650
349.77573752 541.65958507
480.79570122 566.74851429
578.36375930 608.56339632
627.14778833 721.46357781
819.49624569 439.91003879
763.74306964 420.39642717
714.95904060 347.91729832
650.84288815 324.22219850
525.39824206 211.32201701
451.52528380 166.71947618
355.35105512 198.77755240
309.35468489 177.87011138
337.23127291 170.90096438
333.04978471 130.47991175
309.35468489 122.11693534
119.79388634 269.86285186
82.16049251 208.53435821
225.72492082 13.39824206
411.10423117 81.69588271
433.40550158 91.45268852
565.81929469 103.99715313
407.44542899 13.57247073
421.03526565 19.84470304
546.47991175 23.67773389
570.52346892 21.93544714
615.82292445 32.73762500
804.68680830 97.89914950
825.59424931 76.29479378
871.59061955 24.37464859
896.33109142 34.13145440
913.05704423 155.74306964
936.75214405 136.92637273
990.41457599 129.60876837
1007.48898616 127.86648162
1021.42728017 98.59606420
