648.05296664 571.79322638
780.20881080 516.93608352
836.31270690 440.88413547
953.50751210 384.78023937
995.89712249 339.89712249
95.74127833 322.44257703
135.63738223 282.54647313
163.06595365 245.14387573
197.97504456 217.71530430
214.18283677 227.68933028
220.41660300 260.10491469
244.10491469 247.63738223
267.79322638 256.36465495
348.83218742 283.79322638
502.18283677 285.03997963
517.14387573 273.81920041
509.66335625 201.50751210
469.76725236 177.81920041
538.33868093 192.78023937
503.42959002 119.22179781
724.10491469 251.37764197
702.91010950 247.63738223
750.28673287 181.55946015
701.66335625 179.06595365
700.41660300 154.13088872
680.46855106 162.85816145
666.75426534 105.50751210
699.16984976 95.53348612
288.98803158 129.19582378
303.94907054 125.45556404
318.91010950 117.97504456
310.18283677 103.01400560
591.94907054 85.55946015
500.93608352 59.37764197
398.70231729 61.87114846
341.35166794 24.93608352
419.27374586 29.92309651
500.00101859 13.40361599
405.87114846 18.70231729
381.55946015 14.02699262
368.46855106 16.20881080
313.92309651 34.91010950
309.24777184 5.29971989
322.96205755 5.61140820
336.98803158 5.29971989
343.53348612 2.18283677
356.93608352 1.87114846
364.10491469 7.48153807
696.36465495 89.76725236
673.29971989 16.52049911
659.27374586 43.94907054
682.33868093 17.14387573
702.91010950 6.85816145
728.15686275 6.54647313
707.89712249 27.74127833
717.24777184 24.93608352
717.55946015 40.20881080
739.37764197 31.48153807
756.52049911 21.81920041
765.87114846 15.58543417
773.03997963 9.66335625
787.68933028 12.78023937
851.89712249 16.52049911
862.49452508 15.27374586
869.35166794 9.03997963
885.55946015 12.78023937
906.13088872 49.87114846
1008.05296664 55.48153807
1020.83218742 29.61140820
28.00101859 88.98803158
24.26075885 109.55946015
46.70231729 146.96205755
77.24777184 155.68933028
110.28673287 129.50751210
128.98803158 165.66335625
305.40361599 107.68933028
629.02642796 77.42776576
