530.29590018 644.60606061
332.47771836 366.70231729
286.61675579 341.37611408
279.77183601 309.20499109
34.03921569 287.98573975
13.50445633 263.34402852
16.92691622 220.90552585
537.14081996 321.52584670
503.60071301 288.67023173
537.82531194 290.72370766
454.31729055 221.59001783
438.57397504 212.00713012
424.19964349 121.65418895
884.17825312 368.07130125
812.99108734 326.31729055
770.55258467 303.04456328
671.98573975 168.19964349
641.86809269 149.71836007
644.60606061 128.49910873
537.99643494 127.30124777
522.25311943 77.67557932
504.11408200 59.19429590
466.46702317 73.56862745
579.75044563 100.26381462
607.13012478 105.39750446
484.17825312 53.29055258
995.23707665 160.84135472
987.70766488 131.06595365
833.69696970 90.68092692
789.97504456 40.45632799
916.09269162 32.24242424
139.07325070 3.04649485
