328.86829650 554.20404968
422.25486637 541.65958507
399.95359596 524.93363226
497.52165403 660.13508416
666.17501157 689.40550158
997.90640902 674.07337817
981.18045621 471.96811501
953.82655422 477.54343262
959.40187182 453.15141810
978.91548343 452.80296075
999.12600975 413.42728017
1010.62510231 364.29479378
984.49080104 339.20586456
957.65958507 365.68862318
955.56884097 355.23490267
970.20404968 376.83925839
926.99533824 402.62510231
905.73943988 400.53435821
888.31657236 398.79207146
871.93907690 401.23127291
883.43816946 466.04434006
839.18408598 443.39461229
817.57973026 407.15504786
805.73218035 400.53435821
776.81022028 374.40005694
748.99170848 373.00622754
755.96085549 396.70132735
744.11330558 451.75758870
712.05522935 461.51439451
693.93544714 464.30205331
652.81747980 488.69406783
595.67047436 504.02619124
674.42183552 425.97174478
682.08789723 401.57973026
659.08971211 382.06611864
640.27301520 375.79388634
616.57791538 389.73218035
560.82473933 416.91185367
560.82473933 465.69588271
509.71766129 464.30205331
496.47628198 439.91003879
459.53980285 449.66684460
428.17864133 452.45450340
431.66321483 490.08789723
486.71947618 397.39824206
512.50532010 386.24760685
513.20223480 371.61239814
529.23127291 347.22038362
506.23308779 314.46539269
492.99170848 321.43453970
470.69043806 313.76847799
475.56884097 301.92092808
441.94270667 258.71221665
452.74488452 257.66684460
458.32020213 264.28753425
464.59243443 283.45268852
469.81929469 290.77029287
448.21493897 289.02800612
447.51802427 364.99170848
454.48717128 381.36920394
479.57610049 310.98081919
358.13871392 430.85014768
404.83199886 413.42728017
441.76847799 393.91366855
379.74306964 386.24760685
366.50169033 379.97537454
362.32020213 360.46176293
330.95904060 363.24942173
320.50532010 404.36738906
298.20404968 382.76303334
277.29660866 394.61058325
154.63962137 501.23853244
167.18408598 476.14960322
200.63599160 462.21130921
215.96811501 417.60876837
252.20767944 413.42728017
253.60150884 381.36920394
12.46902245 462.21130921
61.25305149 432.94089178
9.15867763 419.00259777
25.88463044 376.14234369
37.73218035 348.26575567
22.40005694 356.62873207
69.44179922 364.99170848
84.07700794 374.40005694
72.57791538 417.95722572
126.24034732 403.67047436
173.63054696 409.24579196
208.47628198 396.35287000
164.57065585 383.45994804
139.48172663 352.79570122
156.55613679 336.06974841
179.55432191 339.55432191
186.17501157 333.28208961
248.54887726 361.50713498
64.91185367 337.46357781
34.24760685 333.28208961
50.91548343 307.49624569
81.57973026 324.22219850
3.52528380 336.06974841
233.50713498 326.31294260
