57.07156329 391.12600975
91.91729832 361.85559233
136.51983915 269.86285186
167.18408598 161.14415857
268.93363226 311.67773389
229.90640902 449.66684460
342.80659051 463.60513861
405.52891356 583.47446710
437.58698979 405.06430376
411.10423117 235.01711683
324.68680830 239.19860503
426.43635458 133.26757055
472.43272481 140.23671755
570.00078289 147.20586456
484.97718942 194.59606420
581.15141810 297.73943988
656.41820576 446.87918579
723.32201701 304.70858688
726.10967581 218.29116402
680.11330558 184.83925839
797.19497527 327.00985730
844.58517490 442.69769759
967.24216220 297.73943988
967.24216220 253.13689904
976.99896801 9.21675385
720.53435821 13.39824206
698.23308779 3.64143625
651.08079595 235.97133399
