901.01762224 533.01762224
496.35939439 507.49863490
476.91635642 418.78977414
706.58724249 393.27078680
967.85306528 254.73914123
1012.81509059 110.13154629
1005.52395135 97.97964756
992.15686275 88.25812857
1016.46066021 33.57458426
1003.09357161 28.71382477
73.47331844 665.47331844
185.27078680 405.42268553
96.56192604 393.27078680
56.46066021 343.44800199
96.56192604 253.52395135
56.46066021 191.54926781
85.62521718 168.46066021
37.01762224 164.81509059
192.56192604 147.80243237
216.86572350 159.95433110
237.52395135 168.46066021
260.61255895 164.81509059
281.27078680 207.34673616
231.44800199 108.91635642
248.46066021 101.62521718
94.13154629 138.08091338
86.84040705 112.56192604
117.22015388 105.27078680
167.04293869 72.46066021
196.20749566 78.53660958
248.46066021 49.37205262
263.04293869 59.09357161
260.61255895 50.58724249
273.97964756 46.94167287
289.77711591 59.09357161
311.65053363 57.87838173
348.10622983 57.87838173
378.48597667 59.09357161
385.77711591 66.38471085
411.29610325 53.01762224
419.80243237 49.37205262
413.72648300 80.96698933
458.68850831 106.48597667
506.08091338 79.75179945
472.05559692 36.00496401
520.66319186 11.70116654
507.29610325 4.41002730
538.89103996 44.51129312
596.00496401 45.72648300
617.87838173 42.08091338
633.67585009 42.08091338
667.70116654 33.57458426
692.00496401 42.08091338
736.96698933 80.96698933
736.96698933 57.87838173
778.28344502 42.08091338
770.99230578 40.86572350
764.91635642 32.35939439
766.13154629 6.84040705
749.11888806 15.34673616
797.72648300 18.99230578
820.81509059 42.08091338
825.67585009 27.49863490
832.96698933 6.84040705
885.22015388 83.39736907
908.30876148 70.03028047
901.01762224 118.63787540
953.27078680 132.00496401
958.13154629 97.97964756
726.03028047 108.91635642
683.49863490 108.91635642
648.25812857 100.41002730
633.67585009 127.14420452
679.85306528 146.58724249
587.49863490 112.56192604
563.19483743 113.77711591
518.23281211 166.03028047
504.86572350 159.95433110
226.58724249 61.52395135
913.16952097 18.99230578
938.68850831 10.48597667
987.29610325 10.48597667
993.37205262 12.91635642
1009.16952097 8.05559692
998.23281211 3.19483743
849.97964756 1.97964756
245.02642796 13.32074234
303.67525739 57.62843465
335.56823398 52.49131091
327.86254836 55.48796642
180.59833432 134.57826743
184.45117713 119.80903666
142.92609351 137.14682930
120.66522395 141.85585940
108.46455505 138.64515706
601.20034101 71.43445472
569.09331759 51.74214703
514.08328415 16.95953833
587.07325070 1.12007345
498.02977244 1.12007345
459.50134435 7.32743131
721.92274903 75.50134435
958.23044134 0.69197980
975.35418716 2.19030756
963.15351826 4.97291626
799.83579251 3.36756509
641.86923733 0.90602662
