6.49207084 267.24347692
51.41445555 263.78790886
123.98138468 252.26934868
60.62930369 183.15798760
106.70354441 163.57643530
186.18160965 152.05787512
166.60005735 152.05787512
151.62592911 104.83177838
125.13324070 123.26147467
117.07024857 97.92064227
97.48869627 105.98363440
81.36271201 103.67992236
73.29971989 63.36496173
65.23672776 70.27609784
129.74066477 39.17598535
149.32221708 46.08712146
263.35596286 57.60568164
254.14111471 64.51681775
295.60793136 65.66867377
291.00050729 50.69454553
408.48982113 67.97238580
285.24122720 141.69117096
301.36721145 110.59105847
286.39308322 104.83177838
254.14111471 117.50219458
363.56743642 210.80253204
463.77890999 169.33571539
531.73841505 147.45045105
492.57531044 99.07249829
511.00500673 71.42795386
505.24572664 71.42795386
453.41220583 146.29859503
424.61580538 141.69117096
425.76766140 59.90939368
439.58993361 43.78340943
472.99375813 46.08712146
475.29747017 27.65742517
490.27159840 26.50556916
485.66417433 8.07587287
582.42007984 51.84640155
578.96451179 65.66867377
591.63492799 23.05000110
561.68667152 11.53144092
543.25697523 17.29072101
593.93864002 161.27272326
626.19060853 101.37621033
584.72379188 95.61693024
711.42795386 120.95776263
752.89477051 67.97238580
724.09837006 52.99825757
769.02075476 39.17598535
787.45045105 20.74628907
777.08374688 19.59443305
857.71366814 43.78340943
906.09162090 34.56856128
953.31771764 123.26147467
898.02862877 125.56518670
858.86552416 104.83177838
1013.21423057 241.90264452
995.93639030 185.46169964
792.05787512 200.43582787
794.36158715 173.94313946
763.26147467 237.29522045
809.33571539 305.25472551
752.89477051 320.22885375
944.10286949 358.24010234
622.73504047 192.37283575
686.08712146 61.06124970
667.65742517 49.54268952
628.49432056 61.06124970
854.25810009 5.77216083
500.63830257 35.72041730
456.86777388 26.50556916
449.95663777 11.53144092
441.89364565 20.74628907
426.91951741 17.29072101
393.51569289 27.65742517
395.81940493 12.68329694
373.93414059 5.77216083
362.41558041 29.96113721
288.69679525 1.16473676
483.76925036 18.15486474
402.95406554 119.42959002
302.44657303 146.02699262
440.03698263 9.97104856
902.80621339 95.38962998
832.98803158 7.66935026
734.91010950 16.36465495
1009.06795166 17.99502458
74.64515706 95.19365204
95.19365204 119.59498984
22.20368549 84.91940455
132.43779920 71.11338448
164.54482261 109.42776576
176.53144468 116.06321726
190.65853499 107.07325070
229.18696308 82.67191291
211.42107679 47.14014034
228.54482261 41.14682930
365.10669552 61.90937111
361.46789953 68.33077579
394.43111024 58.48462194
384.15686275 38.79231425
419.47458850 40.93278248
373.24047479 34.51137780
384.58495639 21.45452161
330.64515706 56.77224736
327.86254836 69.40100990
279.27391960 92.08997311
249.73545806 1.12007345
240.74549151 18.45786609
232.39766542 69.82910355
295.11338448 29.80234769
303.88930422 29.80234769
322.51137780 18.45786609
324.65184602 11.39432094
309.88261525 3.47458850
340.70535773 0.90602662
249.62843465 28.14348482
268.57157846 13.48127746
427.60836776 107.92943800
501.88261525 129.33412027
526.06990622 98.29733097
362.11004000 188.73211358
324.86589285 122.59164535
490.64515706 39.80903666
523.39432094 33.92274903
537.09331759 7.16689619
530.13679586 9.30736442
499.74214703 7.59498984
513.65519050 7.05987278
620.14348482 17.97626074
643.90268214 7.48796642
627.10000656 46.92609351
769.01305004 11.82241458
1010.02977244 176.31739786
419.68863532 246.52475572
995.04649485 231.96957178
888.23713030 45.42776576
875.82241458 44.99967211
949.88261525 39.64850154
961.01305004 1.97626074
810.75218047 8.55820054
834.93947144 42.00301659
444.30401994 1.76221392
416.47793298 28.94616040
