71.04531676 603.58543417
0.40735198 653.18230306
19.94551245 490.86527762
75.55412302 405.19795864
200.29776294 405.19795864
237.87114846 402.19208779
249.89463183 468.32124631
388.16469053 465.31537547
443.77330110 427.74198995
464.81439699 535.95334024
548.97878055 486.35647136
550.48171597 420.22731284
777.42496451 441.26840873
833.03357507 375.13925022
733.83983730 328.54825218
996.85353593 364.61870228
1014.88876098 537.45627566
941.24492537 244.38386862
903.67153985 214.32516020
845.05705844 227.85157899
1017.89463183 179.75764552
1023.90637351 118.13729327
938.23905453 65.53455355
887.13925022 33.97290971
866.09815433 5.41713672
834.53651049 9.92594298
805.98073750 15.93768466
879.62457312 133.16664748
703.78112889 158.71654963
693.26058094 27.96116803
550.48171597 8.42300756
529.44062008 79.06097233
497.87897625 118.13729327
505.39365335 112.12555159
425.73807605 116.63435785
464.81439699 127.15490580
391.17056138 82.06684318
362.61478838 80.56390775
350.59130502 97.09619738
322.03553202 148.19600169
231.85940678 280.45431871
276.94746940 301.49541460
322.03553202 348.08641265
364.11772380 367.62457312
421.22926979 280.45431871
479.84375120 280.45431871
576.03161813 227.85157899
625.62848701 220.33690188
236.36821304 139.17838916
275.44453398 100.10206822
269.43279230 64.03161813
245.38582556 80.56390775
200.29776294 185.76938721
153.70676490 188.77525805
207.81244004 238.37212693
144.68915237 149.69893711
110.12163770 175.24883926
45.49541460 206.81048310
31.96899582 245.88680404
15.43670619 253.40148114
10.92789993 283.46018956
9.42496451 157.21361421
37.98073750 133.16664748
62.02770423 118.13729327
16.93964161 118.13729327
34.97486666 74.55216607
86.07467096 2.41126588
120.64218564 76.05510149
92.08641265 95.59326196
114.63044396 64.03161813
126.65392732 20.44649093
168.73611911 26.45823261
156.71263574 50.50519934
165.73024826 39.98465139
194.28602126 70.04335981
212.32124631 55.01400560
234.86527762 42.99052224
251.39756725 53.51107018
269.43279230 36.97878055
275.44453398 5.41713672
263.42105061 5.41713672
314.52085492 15.93768466
323.53846744 21.94942635
343.07662791 26.45823261
404.69698016 27.96116803
439.26449484 15.93768466
475.33494494 18.94355550
285.96508192 161.72242048
173.24492537 112.12555159
17.29172788 72.21280680
81.73928033 176.04497463
127.77324636 127.45356604
187.61740221 163.76925036
302.70231729 14.41460500
365.10391569 21.57544416
376.35666294 20.55246714
385.56345615 25.15586374
392.21280680 4.18483477
410.11490470 4.18483477
461.77524436 12.36865096
940.52849112 7.76525435
899.09792169 30.27074886
778.38663297 34.87414546
756.39262698 7.25376584
21.34749820 59.12676241
44.25050823 41.78896977
76.99967211 74.32408683
96.90602662 56.77224736
7.22040790 27.44783264
73.14682930 11.18027412
164.33077579 74.96622729
191.72876910 31.51472228
189.37425405 103.32743131
524.14348482 34.51137780
456.29064201 86.09666208
470.84582596 50.77893632
489.68194636 18.02977244
572.73211358 12.03646141
361.03980589 38.36422060
295.96957178 17.81572562
813.53478917 76.57157846
619.18027412 31.30067545
634.16355171 16.31739786
651.07325070 68.75886943
665.20034101 50.77893632
655.99632763 18.67191291
759.59498984 43.92943800
826.37759853 59.44783264
845.21371893 37.18696308
986.05652830 20.49131091
1018.16355171 31.62174569
956.94616040 8.50468883
1015.59498984 3.79565873
964.65184602 159.19365204
891.87592629 288.47793298
772.86589285 139.07325070
