27.65315904 316.36427015
97.81612200 320.15686275
122.46797386 275.59389978
162.29019608 287.91982571
146.17167756 255.68278867
178.40871460 234.82352941
115.83093682 203.53464052
106.34945534 201.63834423
84.54204793 181.72723312
64.63093682 174.14204793
335.80130719 470.91241830
276.06797386 375.14945534
249.51982571 371.35686275
239.09019608 336.27538126
198.31982571 325.84575163
207.80130719 231.97908497
239.09019608 304.98649237
296.92723312 277.49019608
309.25315904 331.53464052
352.86797386 302.14204793
402.17167756 356.18649237
431.56427015 304.98649237
510.26056645 328.69019608
577.57908497 325.84575163
641.10501089 350.49760349
615.50501089 394.11241830
593.69760349 492.71982571
648.69019608 488.92723312
803.23834423 380.83834423
842.11241830 370.40871460
884.77908497 275.59389978
964.42352941 231.97908497
902.79389978 253.78649237
918.91241830 236.71982571
949.25315904 183.62352941
698.94204793 237.66797386
765.31241830 176.03834423
806.08278867 186.46797386
802.29019608 167.50501089
781.43093682 144.74945534
769.10501089 147.59389978
731.17908497 165.60871460
691.35686275 178.88278867
654.37908497 182.67538126
702.73464052 157.07538126
636.36427015 162.76427015
618.34945534 177.93464052
569.99389978 189.31241830
534.91241830 202.58649237
542.49760349 164.66056645
354.76427015 163.71241830
287.44575163 195.00130719
254.26056645 233.87538126
185.99389978 167.50501089
201.16427015 156.12723312
207.80130719 155.17908497
402.17167756 140.00871460
420.18649237 137.16427015
439.14945534 134.31982571
474.23093682 153.28278867
476.12723312 131.47538126
936.92723312 138.11241830
891.41612200 135.26797386
802.29019608 134.31982571
714.11241830 146.64575163
751.09019608 139.06056645
61.78649237 142.85315904
84.54204793 159.68278867
6.79389978 121.75686275
1.57908497 108.00871460
32.86797386 116.54204793
17.69760349 137.40130719
10.11241830 129.81612200
5.84575163 139.29760349
0.63093682 138.82352941
50.40871460 114.17167756
72.21612200 113.69760349
77.90501089 115.59389978
84.54204793 125.54945534
97.81612200 127.91982571
112.03834423 119.38649237
102.08278867 108.00871460
113.46056645 89.51982571
141.43093682 104.21612200
226.76427015 115.59389978
208.74945534 117.49019608
243.83093682 108.48278867
276.54204793 116.54204793
292.66056645 117.96427015
273.22352941 130.29019608
326.79389978 132.66056645
332.48278867 116.06797386
345.28278867 92.83834423
378.46797386 135.03093682
446.73464052 97.10501089
453.37167756 123.65315904
469.49019608 91.89019608
240.03834423 148.30501089
791.86056645 62.14204793
771.23834423 68.30501089
742.79389978 72.33464052
709.60871460 74.23093682
728.09760349 112.86797386
755.35686275 113.34204793
804.42352941 85.37167756
805.84575163 72.09760349
815.80130719 100.06797386
845.43093682 94.14204793
823.62352941 81.10501089
847.80130719 74.94204793
857.28278867 68.54204793
891.65315904 73.75686275
911.32723312 64.27538126
903.74204793 63.32723312
644.89760349 77.66797386
688.03834423 108.95686275
584.21612200 110.37908497
555.29760349 127.91982571
517.84575163 87.14945534
485.60871460 96.15686275
496.51241830 103.74204793
495.09019608 80.98649237
578.52723312 200.45315904
950.43834423 59.06056645
982.67538126 60.48278867
980.54204793 45.78649237
984.80871460 162.64575163
951.14945534 48.63093682
814.14204793 85.37167756
882.40871460 75.89019608
999.74204793 297.28278867
959.19782179 746.29072888
