80.59722972 327.34952330
202.13851412 492.92750495
208.30365174 573.95502788
488.37704623 448.01007375
286.68897284 320.30365174
319.27612880 272.74401871
318.39539486 206.68897284
252.34034898 195.23943155
322.79906458 121.25778018
235.60640403 133.58805541
184.52383522 135.34952330
747.31282605 419.82658752
688.30365174 714.87245908
801.03759669 413.66144990
591.42291779 323.82658752
504.23025724 305.33117467
588.78071596 246.32200036
455.78989027 219.01924807
681.25778018 235.75319302
722.65227559 299.16603706
890.87245908 336.15686275
882.94585357 268.34034898
822.17521137 270.10181687
853.88163339 225.18438568
727.05594531 178.50548660
777.25778018 138.87245908
769.33117467 112.45044073
857.40456917 166.17521137
917.29447742 148.56053247
985.99172513 197.00089944
971.89998201 114.21190862
1022.10181687 180.26695449
927.86328476 101.88163339
429.47796366 13.64310128
473.07429394 16.72567008
595.05594531 10.91833064
671.73484440 34.42291779
724.74401871 21.32200036
796.74401871 66.54218385
973.49631229 9.10181687
878.52383522 7.02383522
482.49052908 700.76825136
52.84017943 454.23078882
997.04797164 257.81920041
976.58843118 360.11690271
