489.40130719 629.25315904
260.89760349 547.71241830
165.13464052 514.52723312
78.85315904 490.82352941
9.63834423 362.82352941
266.58649237 370.40871460
277.01612200 274.64575163
452.42352941 348.60130719
431.56427015 254.73464052
450.52723312 245.25315904
471.38649237 187.41612200
472.33464052 165.60871460
585.16427015 154.23093682
689.46056645 226.29019608
727.38649237 175.09019608
767.20871460 379.89019608
795.65315904 362.82352941
897.10501089 150.43834423
909.43093682 140.95686275
282.70501089 135.26797386
276.06797386 140.95686275
175.56427015 176.03834423
147.11982571 169.40130719
132.89760349 173.19389978
185.04575163 153.28278867
310.20130719 130.52723312
343.38649237 195.00130719
393.63834423 199.74204793
304.51241830 196.89760349
399.32723312 117.49019608
461.43093682 89.51982571
457.63834423 72.92723312
438.20130719 69.60871460
294.08278867 67.71241830
266.11241830 72.92723312
239.80130719 73.99389978
214.67538126 84.18649237
277.96427015 56.45315904
268.95686275 53.84575163
276.54204793 45.31241830
280.33464052 33.46056645
284.60130719 124.48278867
19.59389978 99.00130719
36.66056645 88.09760349
63.68278867 73.87538126
30.49760349 71.50501089
4.89760349 86.20130719
981.44757204 78.09492468
959.45356604 39.22179781
934.90211749 38.19882079
883.75326634 41.77924037
848.46055905 36.66435525
858.56245715 23.52549411
844.49652308 18.92209751
1020.44857104 23.01400560
410.88213747 66.33068892
346.43458502 21.73528432
338.50651309 20.71230730
248.22879082 29.66335625
326.48653307 10.94607353
273.16385575 8.04497463
16.39662298 81.83518442
71.63738223 17.13188772
60.89612348 23.01400560
84.61640320 13.88713248
977.61140820 4.63238722
56.23713030 68.75886943
