986.87245908 579.23943155
787.82658752 219.01924807
580.85411045 265.69814715
582.61557834 73.69814715
681.25778018 89.55135816
668.92750495 71.05594531
175.71649577 190.83576183
238.24860586 166.17521137
57.55135816 102.54218385
100.26695449 97.25778018
77.36787192 76.12016550
99.82658752 61.58805541
66.35869761 54.10181687
175.56970678 46.17521137
852.70732146 82.28530311
892.78071596 52.78071596
907.31282605 66.43209210
877.55135816 9.45961504
785.73484440 79.36787192
834.28530311 4.42291779
986.76236733 3.08805541
213.58805541 5.88163339
580.85411045 46.39539486
1.44114368 170.32408683
266.85920388 2.08328415
290.40435438 16.85251492
