164.33537514 375.27091233
182.10727597 273.71719332
65.32049911 236.90397018
57.70397018 163.27752390
55.16512721 104.88413547
78.01471398 93.45934208
206.22628423 102.34529250
241.77008589 103.61471398
330.62959002 139.15851564
291.27752390 206.43785448
361.09570572 301.64446605
386.48413547 281.33372225
490.57669746 325.76347432
145.29405283 200.09074704
88.17008589 4.59983795
17.08248258 3.33041646
128.79157349 7.13868093
608.63289580 410.81471398
481.69074704 235.63454870
692.41471398 288.95025117
595.93868093 313.06925944
821.89570572 349.88248258
801.58496192 339.72711068
894.25273051 283.87256522
554.04777184 47.91884622
561.66430076 45.38000324
602.28578836 76.79818506
488.67256522 72.67256522
505.49239994 65.05603630
500.09735861 83.78000324
523.58165613 93.93537514
558.49074704 91.39653217
572.77173878 99.33041646
575.62793713 115.19818506
561.66430076 146.29901151
533.41967266 161.21471398
533.73702803 135.50892886
594.66925944 121.22793713
602.28578836 131.38330903
621.96182142 111.70727597
629.57835035 98.69570572
617.51884622 73.30727597
665.12215200 120.59322638
647.35025117 164.70562308
606.09405283 172.32215200
712.72545779 169.46595365
682.89405283 141.53868093
698.12711068 144.71223465
696.85768919 111.70727597
673.69074704 107.58165613
672.10397018 47.60149084
651.15851564 52.67917679
700.66595365 52.36182142
647.03289580 35.22463134
661.63124291 36.17669746
680.35520985 34.90727597
687.01967266 36.17669746
694.00149084 49.50562308
548.01801977 64.73868093
480.10397018 2.85438341
493.43289580 11.42297845
494.38496192 3.17173878
502.00149084 4.12380489
625.77008589 239.12545779
635.29074704 223.89239994
727.95851564 239.76016853
703.83950737 218.81471398
611.17173878 185.17504456
719.07256522 40.46099498
802.21967266 161.05603630
738.74859828 196.59983795
760.96347432 171.21140820
773.65768919 158.51719332
742.55686275 107.74033382
753.02959002 106.47091233
762.86760655 116.94363960
765.72380489 121.06925944
770.80149084 103.61471398
783.81306109 102.34529250
837.12876357 74.73537514
845.38000324 77.90892886
866.00810241 71.87917679
772.38826770 42.36512721
815.23124291 67.11884622
824.43454870 59.81967266
792.69901151 61.72380489
806.34529250 70.92711068
775.87917679 54.10727597
754.61636688 64.26264787
727.95851564 59.81967266
733.03620159 64.89735861
644.17669746 385.42628423
925.35355696 120.43454870
941.06264787 135.82628423
953.28082969 147.40975531
933.44611894 149.31388754
932.01801977 162.96016853
884.41471398 92.50727597
911.70727597 72.83124291
916.46760655 80.13041646
944.71223465 65.53206936
958.99322638 75.37008589
952.96347432 107.10562308
1019.60810241 92.18992060
997.28744126 218.81471398
154.60314374 17.77008589
164.44116027 8.24942473
198.08082969 6.98000324
190.14694539 13.64446605
253.93537514 30.46430076
273.61140820 51.72711068
215.85273051 40.61967266
182.53041646 23.79983795
240.60644952 31.41636688
284.71884622 43.79322638
289.16182142 33.63785448
298.68248258 36.17669746
329.78330903 15.70727597
348.82463134 22.05438341
353.26760655 34.11388754
360.24942473 51.25107762
336.76512721 63.94529250
345.65107762 80.44777184
350.09405283 70.29239994
444.03124291 62.04116027
365.96182142 120.43454870
389.44611894 107.74033382
412.29570572 103.29735861
391.98496192 31.57504456
386.27256522 14.43785448
440.22297845 27.76678010
405.31388754 13.80314374
416.73868093 16.97669746
416.10397018 4.28248258
250.44446605 1.74363960
322.80149084 34.74859828
368.07752390 2.37835035
358.55686275 2.37835035
444.87752390 4.28248258
467.09239994 1.74363960
573.08909415 49.98165613
446.78165613 112.18330903
455.66760655 102.66264787
994.74859828 32.20975531
1008.07752390 96.95025117
273.50562308 11.89901151
278.58330903 10.62959002
456.30231729 7.45603630
460.11058175 63.31058175
450.58992060 55.05934208
439.16512721 46.80810241
44.65636324 163.19382578
703.45356604 270.60641319
371.49752209 48.94007953
381.21580380 66.84217743
503.97304656 17.73928033
512.66835126 26.94607353
213.95906055 14.67034926
21.63938023 122.59442518
685.55146814 48.58843118
788.36065895 67.25776185
811.12189771 67.25776185
789.63938023 161.62739222
633.89112848 43.21780181
680.18083877 45.51950011
697.31570390 195.92909052
747.44157803 177.57944017
60.30401994 1.54816709
