123.75319302 370.50548660
43.60640403 345.84493614
105.25778018 151.20273430
23.34952330 130.06511963
136.96420219 110.68897284
371.23943155 108.92750495
428.48713797 118.61557834
428.48713797 98.35869761
484.85411045 112.45044073
576.45044073 115.09264256
668.92750495 129.18438568
672.45044073 233.99172513
786.94585357 254.24860586
934.90915632 280.67062421
71.25376584 85.95906055
99.89712249 86.98203757
92.73628332 97.21180780
128.54047913 91.07394566
143.88513447 86.98203757
111.14986974 74.70631329
361.77924037 40.94807154
538.75426534 24.58043917
538.75426534 17.41960001
542.84617343 8.21280680
515.22579381 4.12089871
555.12189771 78.79822139
703.45356604 72.66035925
729.02799162 60.38463497
822.11890071 57.31570390
849.73928033 60.38463497
906.00301659 47.08593367
835.41760201 17.41960001
814.95806155 17.41960001
771.99302658 17.41960001
766.87814147 7.18982978
732.09692269 17.41960001
716.75226734 17.41960001
670.71830131 46.06295665
643.09792169 50.15486474
608.31670290 61.40761200
639.00601359 40.94807154
662.53448512 1.05196764
664.58043917 29.69532428
675.83318642 24.58043917
736.18883078 3.09792169
746.41860101 4.12089871
796.54447513 3.09792169
786.31470490 1.05196764
951.01400560 12.30471489
981.70331629 14.35066894
1012.39262698 3.09792169
1012.39262698 17.41960001
654.35066894 3.09792169
636.96005955 3.09792169
226.74627333 365.23178782
337.22779182 396.94407553
26.24277683 611.76925036
20.10491469 144.26875086
101.17584376 97.81920041
160.50851110 98.84217743
584.53248712 56.38863098
551.54147813 95.26175785
594.76225735 68.66435525
526.22279681 72.75626334
402.18683278 59.20181779
342.34267693 129.27574386
418.55446514 104.98003957
383.77324636 115.72129831
518.55046914 35.56145815
995.89712249 12.65636324
1002.80221739 11.12189771
654.09492468 25.45956005
628.52049911 28.27274686
685.16785176 40.80421539
526.86215745 3.84917044
518.80621339 17.78723238
533.00001959 24.05296664
508.06495465 24.30871090
502.05496464 36.20081879
499.88113847 29.67934027
494.76625335 29.42359601
488.37264696 27.50551409
482.74627333 15.99702259
482.74627333 33.25975985
341.83118842 76.08093867
377.37963997 39.50951010
385.30771190 35.16185775
389.91110850 30.55846115
509.08793168 42.33868093
508.96005955 17.53148812
736.82819142 8.32469491
738.74627333 26.99402558
755.11390570 18.68233727
772.24877084 30.55846115
805.49552408 12.65636324
783.24577383 59.71330630
857.02799162 10.35466494
872.11690271 5.49552408
