38.32200036 419.82658752
107.89998201 505.25778018
204.78071596 441.84493614
168.67062421 336.15686275
239.12933981 275.38622054
35.67979852 123.01924807
255.86328476 166.17521137
277.00089944 175.86328476
278.76236733 350.24860586
276.12016550 512.30365174
338.65227559 534.32200036
214.46878935 723.67979852
285.80823889 755.38622054
624.89080770 713.11099119
483.09264256 352.89080770
491.01924807 306.21190862
513.03759669 256.89080770
499.82658752 250.72567008
621.36787192 210.21190862
653.95502788 190.83576183
734.10181687 180.26695449
781.66144990 197.00089944
739.38622054 749.22108293
572.92750495 110.90915632
658.35869761 48.37704623
705.03759669 98.57888109
781.66144990 83.16603706
740.70732146 63.78989027
701.07429394 78.76236733
600.45044073 25.58805541
924.12016550 94.94585357
906.50548660 62.79906458
934.24860586 80.41374348
854.10181687 18.54218385
947.67979852 20.52383522
942.39539486 57.29447742
958.90915632 70.28530311
967.71649577 52.01007375
990.61557834 68.08346825
1003.38622054 41.00089944
996.78071596 29.77154164
1017.25778018 24.70732146
1022.98255082 32.63392697
1021.88163339 51.34952330
893.40456917 10.89080770
124.30401994 119.59498984
706.72542462 41.78896977
821.24047479 10.96622729
821.24047479 21.45452161
