825.09192768 414.70231729
897.40361599 454.59842119
835.06595365 376.05296664
820.10491469 271.32569391
699.16984976 347.37764197
557.03997963 364.83218742
433.61140820 393.50751210
389.97504456 541.87114846
282.75426534 535.63738223
204.20881080 429.66335625
43.37764197 489.50751210
88.26075885 336.15686275
87.01400560 296.26075885
24.67634326 301.24777184
200.46855106 339.89712249
262.80621339 301.24777184
266.54647313 278.80621339
325.14387573 257.61140820
406.18283677 331.16984976
382.49452508 344.88413547
469.76725236 327.42959002
495.94907054 328.67634326
517.14387573 275.06595365
452.31270690 256.36465495
608.15686275 266.33868093
572.00101859 216.46855106
956.00101859 275.06595365
980.93608352 245.14387573
938.54647313 186.54647313
956.00101859 145.40361599
919.84517443 154.13088872
864.98803158 170.33868093
838.80621339 190.28673287
840.05296664 172.83218742
810.13088872 175.32569391
776.46855106 171.58543417
731.58543417 171.58543417
694.18283677 157.87114846
9.29971989 237.97504456
33.61140820 208.05296664
37.97504456 229.24777184
59.16984976 251.06595365
43.58543417 247.32569391
60.41660300 218.02699262
82.85816145 226.75426534
104.05296664 206.18283677
133.35166794 217.40361599
119.01400560 224.88413547
156.41660300 206.80621339
186.33868093 198.07894067
193.81920041 196.83218742
234.33868093 186.23478482
225.61140820 177.50751210
228.10491469 209.29971989
257.40361599 221.14387573
289.19582378 232.36465495
297.29971989 251.06595365
263.63738223 186.23478482
275.48153807 188.72829132
292.93608352 193.09192768
302.91010950 186.23478482
324.72829132 181.87114846
344.05296664 186.23478482
365.24777184 178.13088872
385.81920041 184.36465495
426.33868093 173.14387573
426.33868093 161.92309651
426.33868093 161.92309651
479.32569391 167.53348612
496.78023937 158.80621339
463.74127833 165.03997963
586.33868093 201.81920041
550.80621339 158.80621339
621.24777184 141.35166794
629.97504456 155.06595365
645.55946015 144.46855106
671.74127833 130.75426534
706.65036924 139.48153807
714.13088872 150.07894067
735.94907054 141.97504456
759.01400560 135.74127833
788.93608352 123.89712249
800.78023937 135.74127833
820.10491469 133.24777184
815.74127833 122.65036924
850.65036924 125.14387573
859.37764197 116.41660300
871.84517443 120.15686275
882.44257703 130.75426534
666.75426534 155.06595365
666.75426534 155.06595365
524.62439521 160.36465495
914.02699262 110.80621339
927.11790171 128.26075885
961.40361599 125.76725236
952.05296664 115.79322638
949.55946015 102.07894067
983.84517443 102.07894067
1012.52049911 106.44257703
1013.76725236 93.97504456
983.22179781 148.20881080
72.27674286 207.69332628
3.73728233 216.90011949
118.56645315 209.48353607
578.65036924 137.10791170
