279.01400560 585.50751210
361.29971989 565.55946015
351.32569391 706.44257703
721.61140820 428.41660300
767.74127833 487.01400560
951.01400560 449.61140820
28.00101859 378.23478482
32.36465495 345.19582378
28.00101859 308.41660300
23.01400560 288.46855106
4.93608352 283.48153807
19.89712249 268.52049911
42.33868093 259.16984976
39.22179781 282.85816145
52.93608352 299.68933028
64.15686275 274.13088872
87.84517443 286.59842119
93.45556404 265.40361599
126.49452508 346.44257703
98.44257703 400.67634326
267.37764197 393.19582378
267.37764197 358.28673287
293.55946015 322.75426534
137.09192768 274.13088872
113.40361599 259.79322638
147.06595365 263.53348612
170.13088872 261.03997963
166.39062898 267.89712249
187.58543417 258.54647313
187.58543417 258.54647313
203.16984976 258.54647313
227.48153807 243.58543417
227.48153807 263.53348612
254.91010950 284.10491469
254.28673287 248.57244716
277.97504456 254.80621339
313.50751210 255.42959002
298.54647313 289.71530430
304.15686275 307.16984976
378.96205755 302.80621339
354.02699262 363.89712249
372.10491469 254.80621339
372.10491469 254.80621339
331.58543417 247.94907054
287.32569391 252.31270690
391.42959002 252.31270690
421.97504456 327.74127833
413.24777184 393.81920041
395.16984976 400.67634326
478.07894067 391.32569391
506.13088872 391.94907054
431.32569391 305.29971989
432.57244716 242.33868093
430.70231729 230.49452508
467.48153807 237.97504456
485.55946015 238.59842119
500.52049911 229.24777184
610.02699262 274.75426534
519.01400560 340.20881080
542.70231729 407.53348612
525.24777184 229.87114846
533.35166794 238.59842119
555.16984976 231.74127833
586.33868093 218.65036924
599.42959002 234.23478482
615.63738223 231.11790171
624.98803158 218.65036924
633.09192768 231.11790171
651.79322638 221.14387573
666.75426534 235.48153807
670.49452508 215.53348612
694.18283677 242.96205755
702.28673287 257.92309651
707.27374586 221.14387573
728.46855106 224.26075885
743.42959002 247.32569391
743.42959002 247.32569391
770.85816145 229.87114846
749.03997963 226.75426534
749.03997963 226.75426534
757.14387573 221.14387573
784.57244716 209.92309651
800.15686275 218.02699262
816.36465495 213.03997963
833.81920041 216.78023937
812.00101859 235.48153807
803.27374586 257.29971989
838.18283677 253.55946015
733.45556404 334.59842119
878.07894067 309.66335625
855.01400560 290.96205755
864.36465495 256.05296664
864.36465495 256.05296664
871.84517443 221.14387573
864.98803158 208.05296664
853.14387573 206.18283677
896.78023937 207.42959002
916.72829132 218.02699262
899.89712249 235.48153807
899.89712249 235.48153807
914.23478482 238.59842119
914.23478482 238.59842119
904.26075885 327.74127833
904.26075885 327.74127833
942.07894067 270.39062898
967.01400560 238.59842119
942.07894067 212.41660300
946.44257703 197.45556404
974.49452508 196.83218742
992.57244716 238.59842119
1015.01400560 202.44257703
1001.29971989 189.35166794
996.31270690 201.81920041
422.13488472 757.03198762
467.14587373 633.25176784
975.35418716 224.90602662
