342.03028047 360.46066021
407.65053363 428.51129312
422.23281211 450.38471085
474.48597667 554.89103996
184.05559692 377.47331844
45.52395135 289.97964756
89.27078680 245.01762224
705.37205262 293.62521718
673.77711591 262.03028047
688.35939439 203.70116654
662.84040705 195.19483743
642.18217920 169.67585009
700.51129312 161.16952097
711.44800199 153.87838173
732.10622983 146.58724249
791.65053363 300.91635642
812.30876148 234.08091338
830.53660958 246.23281211
834.18217920 210.99230578
736.96698933 237.72648300
863.34673616 271.75179945
910.73914123 405.42268553
943.54926781 232.86572350
891.29610325 195.19483743
910.73914123 176.96698933
866.99230578 173.32141971
891.29610325 104.05559692
840.25812857 108.91635642
807.44800199 117.42268553
789.22015388 113.77711591
752.76445768 100.41002730
692.00496401 136.86572350
679.85306528 129.57458426
44.30876148 193.97964756
2.99230578 197.62521718
96.56192604 156.30876148
131.80243237 132.00496401
156.10622983 162.38471085
174.33407793 161.16952097
171.90369819 134.43534376
174.33407793 83.39736907
151.24547034 84.61255895
131.80243237 78.53660958
68.61255895 95.54926781
61.32141971 91.90369819
41.87838173 100.41002730
10.28344502 91.90369819
2.99230578 95.54926781
35.80243237 492.91635642
38.23281211 534.23281211
88.05559692 647.24547034
461.11888806 153.87838173
481.77711591 155.09357161
479.34673616 119.85306528
506.08091338 100.41002730
525.52395135 97.97964756
554.68850831 117.42268553
564.41002730 91.90369819
396.71382477 117.42268553
377.27078680 104.05559692
361.47331844 100.41002730
345.67585009 97.97964756
308.00496401 104.05559692
331.09357161 157.52395135
315.29610325 163.59990072
247.24547034 101.62521718
270.33407793 108.91635642
207.14420452 114.99230578
103.85306528 117.42268553
90.48597667 132.00496401
123.29610325 112.56192604
140.30876148 127.14420452
352.96698933 144.15686275
376.05559692 142.94167287
372.41002730 74.89103996
412.51129312 106.48597667
938.68850831 152.66319186
954.48597667 147.80243237
999.44800199 180.61255895
973.92901464 159.95433110
956.91635642 183.04293869
1014.03028047 140.51129312
992.15686275 122.28344502
231.44800199 114.99230578
215.65053363 118.63787540
405.22015388 87.04293869
417.37205262 88.25812857
434.38471085 74.89103996
436.81509059 87.04293869
380.91635642 57.87838173
365.11888806 57.87838173
506.08091338 37.22015388
280.05559692 37.22015388
276.41002730 63.95433110
283.70116654 50.58724249
301.92901464 61.52395135
920.46066021 100.41002730
943.54926781 84.61255895
928.96698933 70.03028047
908.30876148 84.61255895
882.78977414 70.03028047
858.48597667 61.52395135
847.54926781 59.09357161
834.18217920 54.23281211
817.16952097 70.03028047
814.73914123 66.38471085
806.23281211 63.95433110
779.49863490 70.03028047
779.49863490 62.73914123
603.29610325 71.24547034
568.05559692 72.46066021
583.85306528 67.59990072
639.68209909 85.06020356
650.42412761 87.95228816
662.81877590 86.71282333
673.56080442 80.92865412
665.29770556 80.51549918
656.20829681 72.66555526
652.48990232 56.55251248
631.00584528 54.48673777
605.39023881 44.15786419
587.21142131 38.78684993
588.03773120 32.58952578
597.95344983 30.11059612
581.01409716 34.24214555
574.40361807 38.37369498
595.06136523 47.46310373
600.43237949 56.55251248
590.92981580 56.55251248
590.51666085 79.27603435
579.36147739 86.71282333
578.94832245 78.03656952
685.54229777 68.94716077
690.50015709 70.18662560
680.99759340 79.68918930
699.17641089 83.40758378
688.84753732 95.80223208
671.90818465 97.04169691
674.38711431 108.19688037
729.74987669 73.49186515
742.55767992 71.01293549
739.25244038 70.59978055
716.52891851 68.94716077
727.68410197 67.29454100
727.27094703 27.63166646
726.44463714 23.08696209
734.70773600 25.97904669
735.94720083 40.43946970
744.62345464 30.11059612
746.27607441 26.80535658
755.77863810 31.35006095
760.32334248 34.24214555
764.04173696 29.69744118
801.63883679 28.45797635
811.55455542 28.45797635
814.03348508 30.11059612
806.59669611 33.00268072
807.83616093 43.74470924
816.09925980 39.20000487
819.81765428 46.22363890
792.96258298 56.13935754
701.65534055 75.55763986
753.29970844 68.94716077
754.95232822 56.55251248
671.49502971 58.61828720
685.12914283 25.56589175
688.02122743 20.19487749
694.21855158 21.43434232
609.52178824 23.08696209
619.43750687 25.56589175
616.54542227 24.32642692
812.38086531 63.57614651
839.81589175 39.12177221
837.39320308 29.02723608
842.64236186 32.25748764
886.25075795 16.51001128
895.94151264 12.87597827
890.69235385 31.85370620
888.26966518 22.56673296
885.44319506 22.16295151
883.82806928 26.20076597
857.58227534 26.20076597
881.40538061 30.64236186
888.26966518 53.25412280
907.24739311 54.46546714
923.39865092 64.56000327
894.73016831 61.73353315
1015.46082044 78.69235385
1007.78897298 60.92597026
1002.94359564 70.21294350
988.00368217 69.40538061
994.86796673 62.54109604
1000.52090697 56.48437436
993.65662240 45.58227534
1017.07594623 44.77471245
1006.98141009 27.00832886
1008.59653587 22.16295151
985.17721205 19.74026284
969.42973568 28.21967319
971.04486146 21.35538862
978.71670892 17.72135561
962.16166967 14.89488550
962.16166967 27.81589175
950.85578920 32.25748764
944.79906752 29.02723608
950.04822631 26.20076597
944.79906752 23.37429585
941.56881596 22.16295151
942.37637885 14.08732261
947.62553764 14.89488550
937.53100150 24.18185874
928.24402826 22.56673296
928.64780971 33.46883198
935.10831283 47.60118257
925.01377670 44.77471245
949.24066342 40.33311655
964.58435834 50.42765268
966.60326557 39.12177221
976.69780170 48.40874546
1016.26838333 24.98942163
1019.90241634 18.12513706
1016.26838333 19.33648140
1013.44191322 20.54782573
1020.30619779 69.40538061
1023.13266790 54.46546714
970.64108002 58.90706303
979.12049037 59.71462592
956.50872943 59.31084448
951.66335209 59.31084448
935.51209428 53.25412280
914.91924057 58.90706303
951.66335209 71.02050639
966.19948412 80.71126108
868.48437436 121.49318705
354.18217920 78.23281211
363.90369819 77.62521718
413.72648300 73.37205262
99.47458850 114.24381927
82.77893632 125.37425405
243.52810020 136.71873565
234.75218047 136.93278248
264.29064201 112.31739786
257.86923733 81.06656174
332.57157846 104.61171224
314.37759853 66.51137780
341.34749820 63.51472228
367.24716375 63.51472228
396.35753164 62.97960522
422.68529084 84.38428749
319.94281592 34.29733097
316.73211358 36.65184602
358.68529084 33.92274903
271.14014034 83.74214703
330.43111024 143.67525739
362.53813365 92.94616040
382.44448816 104.07659519
881.60167880 234.75218047
795.55485606 235.18027412
769.65519050 70.68529084
677.40100990 30.81907010
674.51137780 26.00301659
675.26054167 20.97291626
720.42442127 28.03646141
712.50468883 27.71539117
730.91271559 31.24716375
730.59164535 25.25385271
645.29398649 70.25719719
491.60836776 46.06990622
495.14014034 35.36756509
513.12007345 40.39766542
513.97626074 34.83244803
510.76555840 24.66522395
559.35418716 35.90268214
565.66856843 32.58495639
516.43779920 69.18696308
520.71873565 116.38428749
739.47458850 62.97960522
729.41438783 63.19365204
861.05318382 30.65853499
870.89933766 28.94616040
871.54147813 56.77224736
877.53478917 18.67191291
818.45786609 24.02308348
864.26388616 81.17358515
864.47793298 75.39432094
931.47458850 83.31405338
664.55820054 134.68529084
978.99298315 26.21706341
960.69197980 18.83244803
972.57157846 43.55485606
955.12676241 44.19699652
1009.28060856 52.00970555
1002.75218047 43.92943800
998.25719719 27.66187947
1002.96622729 26.16355171
1004.89264870 18.45786609
