40.88413547 95.53348612
62.07894067 99.27374586
52.10491469 126.70231729
69.55946015 146.65036924
22.18283677 247.63738223
54.59842119 241.40361599
128.15686275 139.16984976
153.09192768 149.14387573
153.09192768 64.36465495
173.03997963 68.10491469
191.74127833 90.54647313
219.16984976 90.54647313
272.78023937 43.16984976
296.46855106 56.88413547
454.80621339 16.98803158
215.86676323 169.44864888
271.21471398 128.07202550
303.99359744 130.75881923
342.14606834 170.52336637
359.87890693 169.44864888
373.85023431 104.96559946
362.56570066 132.37089547
405.01704153 85.62068464
394.80722537 80.24709719
395.88194286 63.58897609
452.84196985 89.38219585
494.75595197 106.57767570
517.86237801 108.18975193
513.56350805 81.85917342
515.71294303 185.56941124
506.04048562 237.69320952
541.50616280 303.78833517
542.58088029 60.90218236
543.11823903 80.78445593
482.23478482 25.71530430
174.28673287 583.01400560
477.24777184 506.96205755
857.50751210 556.83218742
942.28673287 757.55946015
820.10491469 397.24777184
747.79322638 347.37764197
687.94907054 434.65036924
643.06595365 371.06595365
1019.58543417 322.44257703
923.58543417 283.79322638
765.24777184 187.79322638
721.61140820 177.81920041
999.77990204 143.88438847
942.57851901 128.67895753
930.99342878 167.77863707
872.34390946 192.39695382
861.48288737 110.57725404
820.21100341 90.30334613
840.48491132 80.16639218
852.79406969 53.37587101
875.96425016 39.61857636
901.30663505 44.68705333
933.16563320 2.69110123
839.76084318 30.20569054
777.49098317 42.51484891
740.56350805 20.79280473
693.49907897 25.13721356
688.43060199 30.20569054
717.39332758 54.82400729
724.63400898 81.61452846
731.15062223 94.64775497
741.28757619 104.78470892
810.07404945 59.89248427
639.19396850 22.96500914
650.05499059 27.30941798
638.46990036 39.61857636
615.29971989 27.30941798
668.15669408 64.96096124
639.19396850 94.64775497
614.57565175 84.51080101
602.26649337 72.92571078
553.02985988 43.23891705
570.40749523 44.68705333
567.59498984 1.12007345
644.22375238 2.40435438
974.28395305 4.54482261
