57.07156329 466.39279741
111.43090993 570.93000249
289.84107327 653.16593716
742.83562863 589.04978471
819.49624569 602.98807872
756.77392264 512.38916765
1011.84470304 688.01167218
769.31838725 274.04434006
655.02437636 332.58517490
519.82292445 262.89370485
549.09334187 198.77755240
611.81566492 159.75032917
816.70858688 168.11330558
747.01711683 131.87374115
345.59424931 189.02074659
158.82110957 49.63780648
101.67410412 38.48717128
16.65051066 58.00078289
248.02619124 52.42546529
287.05341447 94.24034732
333.04978471 24.54887726
489.15867763 34.30568307
629.93544714 6.42909505
769.31838725 28.73036547
914.27664496 9.21675385
695.44542899 34.30568307
965.84833280 62.18227109
845.97900431 28.73036547
993.33412027 385.86923733
813.53478917 612.75886943
136.29064201 437.24047479
990.33746475 40.61171224
941.10669552 16.63846810
