737.33117467 301.14768843
748.34034898 317.44126641
751.86328476 274.72567008
822.76236733 305.11099119
806.02842238 309.95502788
836.85411045 333.29447742
847.42291779 291.45961504
909.07429394 352.23025724
1004.63392697 316.12016550
885.73484440 140.85411045
905.99172513 162.43209210
897.62475265 154.50548660
914.35869761 142.17521137
916.12016550 132.48713797
928.89080770 137.77154164
804.26695449 281.77154164
827.16603706 227.16603706
876.04677100 221.00089944
884.41374348 211.75319302
930.21190862 204.26695449
944.74401871 202.50548660
960.15686275 216.59722972
988.34034898 196.34034898
970.28530311 174.32200036
930.21190862 155.82658752
941.22108293 147.01924807
943.86328476 136.01007375
966.76236733 135.12933981
965.00089944 128.08346825
984.81741320 167.27612880
987.45961504 134.68897284
998.46878935 132.48713797
991.86328476 120.15686275
1003.31282605 117.95502788
941.66144990 114.43209210
902.02842238 129.40456917
913.91833064 126.76236733
877.36787192 131.16603706
867.67979852 136.45044073
861.95502788 129.40456917
610.06511963 171.23943155
599.05594531 177.84493614
595.53300953 172.56053247
621.51466091 169.91833064
544.45044073 228.48713797
564.70732146 231.12933981
555.01924807 211.75319302
562.06511963 202.50548660
581.88163339 211.75319302
588.92750495 193.25778018
525.07429394 207.34952330
514.94585357 239.49631229
536.52383522 234.21190862
270.83576183 331.53300953
278.32200036 311.27612880
250.13851412 314.35869761
260.70732146 305.11099119
225.91833064 276.04677100
232.96420219 269.88163339
201.25778018 296.30365174
191.56970678 268.56053247
202.57888109 258.43209210
215.34952330 239.05594531
234.72567008 235.97337651
247.93667926 247.42291779
261.14768843 264.59722972
270.83576183 239.05594531
285.80823889 251.38622054
290.65227559 232.89080770
309.58805541 250.06511963
299.89998201 278.24860586
320.15686275 276.92750495
346.57888109 277.36787192
378.28530311 261.51466091
360.23025724 246.54218385
349.66144990 241.25778018
335.56970678 232.45044073
350.98255082 228.48713797
364.63392697 228.04677100
377.84493614 226.28530311
397.66144990 276.92750495
416.59722972 282.21190862
432.89080770 266.79906458
459.75319302 275.16603706
455.78989027 291.45961504
484.85411045 286.17521137
471.20273430 238.17521137
458.43209210 251.38622054
482.21190862 232.45044073
495.42291779 210.87245908
510.83576183 215.71649577
509.07429394 229.80823889
409.99172513 235.09264256
419.67979852 236.85411045
397.66144990 195.89998201
388.85411045 213.95502788
371.23943155 195.45961504
375.64310128 189.29447742
351.86328476 184.01007375
378.28530311 217.03759669
365.95502788 217.47796366
339.09264256 192.37704623
321.91833064 184.45044073
323.67979852 208.23025724
319.27612880 212.63392697
289.33117467 225.40456917
270.83576183 215.71649577
274.35869761 200.30365174
293.73484440 192.37704623
307.82658752 195.89998201
285.80823889 188.41374348
256.30365174 201.62475265
256.30365174 190.61557834
247.49631229 196.78071596
248.81741320 211.75319302
223.27612880 206.46878935
223.27612880 194.13851412
208.74401871 206.02842238
203.89998201 207.78989027
189.36787192 213.07429394
187.16603706 224.08346825
171.75319302 256.23025724
199.93667926 192.37704623
503.34952330 193.69814715
482.65227559 190.61557834
478.68897284 199.86328476
21.44126641 386.57888109
72.96420219 371.16603706
18.35869761 335.05594531
14.83576183 308.63392697
162.79906458 270.32200036
149.14768843 272.52383522
398.83576183 385.25778018
479.86328476 396.26695449
134.61557834 216.59722972
121.40456917 221.88163339
128.89080770 209.55135816
138.13851412 198.98255082
52.26695449 217.47796366
120.52383522 200.30365174
142.98255082 194.13851412
161.03759669 211.31282605
170.72567008 207.34952330
114.35869761 213.51466091
109.95502788 198.10181687
99.97337651 673.47796366
36.56053247 628.56053247
82.35869761 524.63392697
6.61557834 486.76236733
203.01924807 542.24860586
303.42291779 536.08346825
291.97337651 745.69814715
450.50548660 603.89998201
881.18438568 661.14768843
973.66144990 419.82658752
1010.65227559 455.93667926
977.73928033 140.88013947
895.90111849 143.94907054
904.59642318 146.76225735
962.65036924 119.39762199
996.92009951 126.55846115
738.36265695 260.56845116
861.11989971 179.49752209
918.15086874 215.81320640
964.69632328 199.44557403
943.46955006 181.79922039
886.43858103 149.83118842
921.47554406 152.64437523
917.25576384 146.05896065
943.08593367 141.32769192
960.60441519 140.43258702
990.20681280 161.65936025
