73.79751610 703.34379559
189.48535639 752.12782463
280.08426746 731.22038362
288.44724387 637.83381374
397.16593716 605.77573752
360.92637273 501.23853244
149.06430376 469.18045621
228.51257962 427.36557418
94.70495712 216.89733461
73.79751610 140.23671755
30.58880467 64.96992990
71.00985730 97.02800612
82.16049251 73.33290630
40.34561048 20.36738906
122.58154514 39.88100068
83.55432191 28.73036547
135.12600975 136.05522935
156.03345077 155.56884097
139.30749795 197.38372300
189.48535639 223.86648162
257.78299705 207.14052881
394.37827835 336.76666311
438.98081919 359.06793353
482.18953062 396.70132735
738.65414042 694.98081919
907.30749795 722.85740721
1003.48172663 600.20041991
944.94089178 531.90277926
839.00985730 569.53617309
847.37283371 476.14960322
738.65414042 435.72855059
632.72310594 393.91366855
762.34924024 367.43090993
695.44542899 342.34198071
581.15141810 294.95178108
514.24760685 336.76666311
409.71040177 246.16775204
370.68317853 200.17138180
365.10786093 156.96267037
445.94996619 138.84288815
536.54887726 190.41457599
629.93544714 243.38009324
285.31112772 76.46902245
244.89007509 92.49806057
208.65051066 53.47083734
190.53072844 49.28934913
183.56158144 9.56521120
235.13326928 16.53435821
325.73218035 51.38009324
334.79207146 82.74125476
424.69406783 121.76847799
395.42365040 36.74488452
402.39279741 19.32201701
444.20767944 32.56339632
474.17501157 7.47446710
458.84288815 63.22764314
493.68862318 56.95541084
472.78118216 82.74125476
504.83925839 107.13326928
949.70314224 374.40005694
898.13145440 412.03345077
847.25668126 359.76484823
860.49806057 237.10786093
930.18953062 256.62147255
907.88826020 206.44361411
953.18771574 222.47265222
1003.36557418 235.01711683
1014.51620939 260.10604605
994.30568307 308.89007509
1011.03163588 345.12963951
728.78118216 278.92274296
774.08063770 239.19860503
822.86466674 198.08063770
797.77573752 176.47628198
771.29297890 156.26575567
695.32927654 183.44542899
690.45087363 220.38190812
629.12237999 156.96267037
650.02982100 151.38735276
837.49987545 183.44542899
591.25668126 137.10060140
630.28390449 82.74125476
608.67954877 68.10604605
598.22582826 59.74306964
517.38372300 21.41276111
571.04615494 20.01893171
613.55795167 44.41094623
654.67591901 39.53254333
673.49261592 115.49624569
702.76303334 31.16956692
678.37101882 8.17138180
653.28208961 19.32201701
845.63054696 9.56521120
858.17501157 21.41276111
870.02256147 37.44179922
901.38372300 32.56339632
887.44542899 77.86285186
902.08063770 82.74125476
866.53798797 132.91911320
797.54343262 139.19134550
814.26938543 121.76847799
759.21312409 79.95359596
807.99715313 68.10604605
801.02800612 53.47083734
791.96811501 54.16775204
860.26575567 59.04615494
564.42546529 257.31838725
1014.51620939 169.15867763
946.91548343 131.52528380
939.24942173 100.86103697
955.27845984 94.58880467
962.24760685 109.22401338
990.82110957 107.13326928
958.76303334 51.38009324
937.15867763 75.07519305
946.91548343 21.41276111
981.06430376 13.04978471
995.69951247 33.95722572
991.11149069 29.94996619
975.08245258 128.91185367
279.77065585 4.79134550
312.87410412 8.76375930
799.83579251 19.20702997
