245.53935122 477.35501943
283.29050330 390.05548026
298.62690883 348.76515768
359.97253095 326.35041113
387.10617150 446.68220837
498.00018072 332.24902864
500.35962772 303.93566459
33.18912081 298.03704708
4.87575675 394.77437427
627.76976597 303.93566459
644.28589500 312.19372910
638.38727749 276.80202404
814.16607933 390.05548026
854.27667841 438.42414385
873.15225445 217.81584892
915.62230053 165.90801482
838.94027288 152.93105629
615.97253095 176.52552634
571.14303786 161.18912081
464.96792265 136.41492726
331.65916689 160.00939731
319.86193187 178.88497334
7.23520376 114.00018072
30.82967381 106.92183970
82.73750791 86.86654016
157.06008855 79.78819915
482.66377519 124.61769224
988.76515768 144.67299178
1012.35962772 137.59465076
985.22598717 122.25824523
939.21677058 102.20294569
27.29050330 86.57160929
42.62690883 68.87575675
61.50248486 56.48865998
89.22598717 41.15225445
108.69142496 51.76976597
179.47483510 57.07852173
203.06930514 77.72368302
219.58543417 75.95409777
221.94488118 7.53013463
279.75133279 37.61308394
270.90340652 18.73750791
289.77898256 11.65916689
397.72368302 115.47483510
414.82967381 91.29050330
384.15686275 77.72368302
397.13382127 42.92183970
355.84349869 24.04626367
339.91723141 32.30432818
297.44718533 14.01861390
252.61769224 9.88958164
193.04165537 14.01861390
575.27207012 149.68681666
498.00018072 103.67760007
509.20755399 72.41492726
460.24902864 48.23059546
489.15225445 48.82045722
498.59004247 25.22598717
562.29511159 43.51170145
575.27207012 36.43336044
565.83428210 18.14764616
517.46561851 3.40110238
347.29050330 2.07391344
364.98635583 1.77898256
278.57160929 12.10156321
282.40571067 29.20755399
476.47022680 3.25363694
268.54395952 5.90801482
699.73289961 161.48405169
695.60386735 120.19372910
724.50709316 127.86193187
808.26746182 131.99096413
856.63612542 113.70524984
873.74211620 105.44718533
902.05548026 111.93566459
906.77437427 51.17990422
854.86654016 34.66377519
744.56239270 57.66838348
737.48405169 53.53935122
679.08773832 69.46561851
926.82967381 18.59004247
900.28589500 18.29511159
921.52091804 12.69142496
937.44718533 8.26746182
946.00018072 11.51170145
953.37345261 23.60386735
958.97713924 14.46101021
10.10280869 3.40010599
836.65184602 63.72876910
