470.69004610 484.94426432
744.83177838 512.58880875
977.50669402 535.62592911
978.65855003 443.47744767
925.67317321 406.61805510
827.76541168 398.55506297
822.00613159 331.74741393
849.65067602 275.30646904
940.64730144 281.06574913
1010.91051854 354.78453429
1010.91051854 239.59893249
986.72154216 234.99150841
953.31771764 207.34696398
964.83627782 165.88014733
991.32896623 131.32446679
1001.69567039 94.46507422
1008.60680650 76.03537793
1007.45495048 56.45382562
1016.66979863 6.92401685
991.32896623 14.98700898
983.26597411 31.11299323
991.32896623 61.06124970
971.74741393 95.61693024
951.01400560 137.08374688
860.01738018 171.63942742
885.35821258 201.58768389
836.98025982 231.53594036
760.95776263 251.11749267
830.06912371 93.31321820
850.80253204 96.76878625
898.02862877 89.85765015
913.00275701 74.88352191
901.48419683 61.06124970
447.65292574 381.27722270
426.91951741 350.17711021
343.98588412 347.87339818
251.83740268 350.17711021
238.01513046 325.98813384
220.73729019 300.64730144
195.39645780 317.92514171
158.53706522 277.61018108
99.79240830 300.64730144
239.16698648 263.78790886
233.40770639 221.16923620
293.30421933 259.18048479
320.94876376 163.57643530
377.38970864 94.46507422
370.47857253 86.40208209
398.12311696 92.16136218
414.24910122 97.92064227
434.98250954 103.67992236
446.50106972 108.28734643
462.62705397 108.28734643
482.20860628 92.16136218
500.63830257 119.80590661
560.53481550 76.03537793
619.27947242 133.62817883
583.57193586 135.93189087
544.40883125 263.78790886
502.94201460 252.26934868
462.62705397 228.08037231
463.77890999 268.39533294
433.83065352 249.96563665
384.30084475 277.61018108
394.66754891 244.20635656
407.33796511 202.73953991
437.28622158 158.96901123
481.05675026 145.14673901
540.95326320 170.48757141
544.40883125 126.71704272
285.24122720 104.83177838
280.63380313 122.10961865
273.72266702 110.59105847
269.11524295 104.83177838
239.16698648 104.83177838
239.16698648 117.50219458
259.90039480 126.71704272
218.43357816 155.51344317
198.85202585 141.69117096
186.18160965 158.96901123
74.45157591 111.74291449
45.65517546 203.89139593
81.36271201 224.62480425
95.18498423 218.86552416
210.37058603 215.40995611
195.39645780 208.49882000
156.23335318 255.72491674
585.87564790 267.24347692
686.08712146 261.48419683
710.27609784 228.08037231
665.35371314 214.25810009
649.22772889 196.98025982
654.98700898 158.96901123
675.72041730 126.71704272
712.57980988 120.95776263
729.85765015 111.74291449
766.71704272 119.80590661
770.17261078 107.13549042
744.83177838 95.61693024
653.83515296 59.90939368
635.40545667 76.03537793
637.70916871 97.92064227
630.79803260 104.83177838
668.80928119 97.92064227
742.52806634 150.90601910
804.72829132 88.70579413
785.14673901 81.79465802
889.96563665 112.89477051
931.43245330 70.27609784
900.33234081 120.95776263
937.19173339 187.76541168
612.36833631 186.61355566
592.78678400 186.61355566
560.53481550 173.94313946
547.86439930 186.61355566
5.34021483 230.38408434
206.91501798 251.11749267
314.03762765 139.38745892
983.26597411 77.18723395
851.95438805 82.94651404
720.64280200 200.43582787
577.81265577 224.62480425
415.40095723 116.35033856
403.88239705 125.56518670
870.58243717 39.89312648
808.69232728 58.30671289
818.66635325 61.88713248
830.94207753 54.21480480
806.13488472 76.20881080
837.07993967 79.78923038
833.49952009 72.88413547
846.54247713 67.00201759
861.37564396 62.65436524
902.29472488 53.70331629
898.45856105 39.89312648
964.44057903 50.12289671
968.02099861 40.91610350
997.68733228 47.82119841
1013.28773188 35.54547413
1009.70731230 18.15486474
1020.70431529 25.57144816
962.65036924 69.55946015
920.19682279 121.98703258
970.83418542 128.38063897
790.02299661 142.44657303
866.74627333 77.99902059
52.71230730 109.03997963
30.97404556 99.32169791
23.55746215 100.60041919
14.35066894 99.32169791
222.01500460 103.41360600
218.17884077 114.41060900
227.12988972 205.96705256
1018.65836125 61.11989971
525.58343617 58.94607353
532.61640320 44.88013947
535.68533427 42.19482478
513.56345615 19.81720241
453.59142818 91.80921040
456.91610350 84.90411549
481.46755206 77.48753208
426.48253707 124.03298662
473.53948013 91.80921040
519.06195765 99.99302658
572.25676284 89.50751210
587.08992968 128.38063897
567.14187773 138.35466494
563.56145815 125.05596364
456.66035925 104.34067893
341.06395565 123.10591369
331.60141819 83.20980980
334.41460500 67.86515445
394.77024936 127.45356604
343.87714247 165.55946015
353.85116844 132.31270690
458.70631329 206.99002958
747.44157803 236.84817144
758.69432528 179.04996964
717.77524436 178.53848113
203.47354606 181.15985975
302.39097646 495.46121057
70.36422060 241.38763198
5.50803331 128.47793298
31.83579251 130.83244803
72.93278248 141.32074234
109.74883599 107.28729753
77.85585940 107.60836776
490.75218047 622.17692963
171.82241458 300.25050823
217.62843465 233.03980589
71.22040790 106.43111024
149.34749820 165.18696308
228.33077579 290.40435438
236.03646141 182.73880254
174.17692963 188.73211358
165.82910355 158.97960522
125.16020723 229.40100990
154.27057512 216.55820054
24.98629418 195.79565873
367.67525739 113.81572562
407.27391960 115.10000656
352.69197980 123.87592629
331.50134435 119.38094301
335.35418716 151.91606007
338.13679586 143.35418716
546.40435438 207.56823398
592.21037445 243.95619385
584.50468883 88.34415371
406.63177913 164.33077579
642.51137780 92.41104335
643.36756509 82.99298315
644.43779920 69.93612696
672.90602662 72.93278248
667.98294970 86.41773231
696.66522395 102.89933766
700.94616040 81.28060856
714.21706341 74.64515706
711.43445472 92.41104335
523.50134435 162.83244803
643.15351826 249.52141124
755.74214703 294.47124402
230.89933766 228.54482261
742.89933766 267.50134435
792.13010689 224.47793298
779.50134435 184.45117713
776.50468883 148.06321726
813.32074234 156.41104335
801.97626074 152.55820054
836.86589285 124.94616040
843.92943800 140.14348482
866.40435438 147.42107679
722.56488950 158.97960522
679.96957178 200.07659519
661.56154502 33.33412027
665.20034101 26.27057512
670.12341793 31.62174569
724.91940455 60.73211358
740.11672897 68.00970555
430.60502328 149.34749820
755.10000656 112.74549151
769.86923733 91.98294970
679.32743131 59.44783264
889.52141124 81.06656174
885.88261525 161.33412027
906.00301659 139.50134435
969.78896977 209.70870221
1004.89264870 164.33077579
880.31739786 43.92943800
891.23378582 36.43779920
912.42442127 40.29064201
947.74214703 20.38428749
952.87927077 28.30401994
971.92943800 16.95953833
969.78896977 28.30401994
961.86923733 29.80234769
948.38428749 67.90268214
975.14014034 61.48127746
