52.19316039 614.13871392
291.93181737 707.52528380
167.88100068 548.62873207
179.03163588 470.57428561
117.70314224 476.14960322
66.13145440 382.76303334
291.93181737 453.84833280
272.41820576 406.45813316
155.33653607 363.24942173
424.34561048 536.08426746
470.34198071 460.81747980
573.48535639 492.87555603
583.24216220 619.71403153
516.33835095 694.98081919
417.37646347 763.27845984
947.03163588 727.03889541
845.28208961 763.27845984
882.91548343 590.44361411
859.22038362 464.99896801
912.18590086 359.06793353
1004.17864133 349.31112772
863.40187182 313.07156329
795.10423117 342.34198071
817.40550158 412.03345077
776.98444895 419.00259777
675.23490267 419.00259777
658.50894986 379.97537454
654.32746166 247.56158144
632.02619124 289.37646347
498.21856873 333.97900431
279.38735276 318.64688089
240.36012953 289.37646347
211.08971211 267.07519305
179.03163588 313.07156329
54.98081919 275.43816946
74.49443080 246.16775204
103.76484823 230.83562863
60.55613679 225.26031102
10.37827835 205.74669941
25.71040177 200.17138180
56.37464859 190.41457599
312.83925839 236.41094623
357.44179922 294.95178108
358.83562863 264.28753425
358.83562863 236.41094623
381.13689904 198.77755240
418.77029287 208.53435821
427.13326928 205.74669941
438.28390449 232.22945803
464.76666311 205.74669941
482.88644532 276.83199886
513.55069215 250.34924024
537.24579196 276.83199886
547.00259777 222.47265222
573.48535639 205.74669941
587.42365040 225.26031102
630.63236184 240.59243443
652.93363226 190.41457599
611.11875022 177.87011138
719.83744351 200.17138180
949.81929469 198.77755240
987.45268852 173.68862318
1000.92637273 153.12963951
971.65595530 152.43272481
969.56521120 122.46539269
982.80659051 106.43635458
998.83562863 69.49987545
974.44361411 63.92455784
966.77755240 52.77392264
1021.83381374 36.74488452
893.60150884 10.26212590
881.05704423 10.26212590
809.97174478 17.92818761
777.91366855 15.83744351
758.40005694 15.14052881
691.49624569 82.04434006
731.22038362 95.98263407
742.37101882 71.59061955
731.22038362 123.85922209
789.06430376 139.88826020
807.18408598 105.73943988
815.54706238 67.40913135
796.73036547 66.01530195
780.70132735 68.80296075
846.90822391 85.52891356
856.66502971 69.49987545
875.48172663 73.68136365
885.23853244 89.01348706
897.08608235 75.07519305
904.75214405 67.40913135
945.87011138 95.98263407
945.17319668 78.55976656
627.38009324 139.88826020
632.25849614 125.94996619
636.43998434 84.13508416
628.07700794 79.25668126
611.35105512 75.77210775
599.50350521 90.40731647
586.95904060 100.86103697
576.50532010 82.04434006
573.02074659 64.62147255
566.05159959 89.01348706
549.32564677 104.34561048
549.32564677 124.55613679
552.81022028 140.58517490
536.08426746 162.88644532
947.26394079 30.47265222
478.70495712 160.62147255
510.06611864 147.72855059
515.64143625 116.01893171
492.99170848 125.77573752
490.90096438 111.14052881
490.20404968 77.68862318
508.32383189 94.06611864
525.74669941 74.90096438
472.78118216 46.67591901
491.24942173 39.35831465
511.45994804 37.96448525
443.16230739 31.34379559
482.36375930 29.68862318
502.22582826 19.06067400
474.52346892 7.21312409
436.71584641 29.86285186
462.67591901 85.00622754
434.62510231 44.84651792
445.94996619 114.62510231
431.31475748 111.83744351
402.39279741 96.85377745
380.43998434 81.17319668
371.03163588 80.12782463
360.92637273 40.05522935
379.04615494 38.66139995
376.60695349 117.06430376
367.89551973 98.24760685
366.50169033 146.33472118
379.39461229 148.07700794
388.45450340 139.01711683
399.95359596 132.39642717
400.65051066 152.60695349
386.71221665 188.49806057
331.65595530 173.51439451
314.93000249 158.53072844
326.08063770 120.89733461
320.15686275 110.44361411
328.17138180 101.38372300
337.92818761 93.36920394
255.34379559 167.06793353
299.94633643 185.18771574
278.34198071 147.55432191
291.58336002 132.91911320
288.09878652 116.19316039
312.49080104 95.28571937
217.01348706 162.88644532
224.67954877 154.52346892
214.22582826 132.91911320
210.74125476 119.67773389
175.19860503 144.76666311
181.47083734 164.28027472
162.07337817 147.20586456
168.69406783 116.89007509
181.93544714 111.66321483
157.89188997 106.78481193
145.69588271 113.40550158
128.62147255 130.82836910
121.30386819 115.49624569
114.33472118 111.66321483
110.85014768 126.29842354
97.26031102 114.10241628
89.24579196 114.10241628
87.85196256 120.72310594
81.23127291 120.37464859
91.68499342 125.25305149
110.85014768 144.76666311
125.13689904 165.67410412
82.27664496 145.81203516
67.29297890 142.67591901
52.30931284 126.29842354
22.34198071 126.99533824
38.71947618 158.00804242
56.14234369 172.99170848
27.22038362 182.74851429
13.63054696 168.11330558
2.01530195 95.98263407
14.15323298 104.34561048
8.22945803 91.62691719
6.31294260 87.44542899
12.75940358 86.40005694
16.06974841 84.65777019
22.69043806 92.14960322
25.65232554 82.21856873
27.56884097 89.18771574
33.66684460 90.40731647
40.63599160 89.01348706
44.99170848 84.83199886
46.03708053 79.77936728
50.21856873 81.87011138
58.23308779 93.89188997
48.30205331 97.02800612
58.75577382 86.05159959
36.10604605 96.33109142
42.20404968 95.80840539
78.09515676 93.36920394
73.39098253 95.80840539
87.15504786 93.89188997
91.16230739 86.57428561
77.92092808 85.00622754
82.62510231 80.65051066
86.98081919 73.33290630
94.82110957 107.65595530
118.86466674 105.21675385
114.50894986 103.12600975
115.90277926 98.42183552
110.50169033 97.20223480
126.18227109 98.94452155
117.99352336 89.71040177
116.59969396 74.55250703
109.63054696 75.77210775
111.54706238 65.84107327
108.23671755 61.65958507
112.41820576 59.04615494
117.99352336 66.71221665
127.57610049 67.75758870
99.69951247 65.66684460
91.16230739 62.70495712
85.93544714 64.09878652
97.60876837 81.17319668
100.74488452 78.03708053
78.09515676 71.24216220
82.27664496 69.32564677
73.04252518 67.58336002
67.46720757 72.46176293
62.76303334 62.70495712
59.10423117 70.19679015
55.27120031 72.81022028
63.28571937 74.37827835
61.54343262 77.34016583
46.55976656 73.15867763
39.41639088 71.24216220
35.40913135 73.15867763
32.62147255 73.68136365
24.25849614 73.33290630
19.55432191 76.46902245
16.41820576 76.12056510
32.79570122 83.78662681
8.57791538 77.34016583
7.00985730 80.65051066
3.00259777 80.65051066
1.08608235 84.13508416
29.83381374 74.02982100
11.19134550 78.73399523
17.63780648 78.73399523
13.28208961 96.50532010
72.86829650 89.36194441
68.51257962 86.05159959
69.20949432 79.77936728
73.73943988 75.42365040
130.94452155 70.37101882
123.10423117 84.13508416
134.25486637 102.42909505
149.41276111 109.92092808
146.79933098 97.89914950
153.76847799 101.55795167
154.81385004 94.58880467
149.41276111 82.39279741
143.48898616 86.05159959
147.67047436 67.93181737
153.76847799 69.84833280
161.08608235 82.74125476
159.69225294 76.46902245
150.28390449 76.46902245
170.49443080 72.11330558
184.43272481 66.71221665
190.00804242 67.23490267
179.03163588 75.24942173
183.03889541 74.20404968
184.60695349 92.32383189
174.32746166 86.22582826
167.88100068 102.42909505
200.28753425 67.93181737
214.05159959 62.18227109
218.40731647 62.18227109
218.58154514 56.60695349
208.47628198 50.85740721
224.33109142 82.21856873
209.17319668 86.22582826
196.10604605 80.30205331
245.58698979 82.21856873
227.81566492 66.18953062
229.73218035 56.78118216
236.52709868 55.73581011
236.17864133 53.12237999
247.15504786 66.36375930
245.41276111 60.26575567
246.45813316 56.60695349
250.11693534 56.43272481
253.94996619 52.07700794
254.29842354 64.96992990
260.22219850 68.80296075
262.13871392 60.09152699
265.79751610 55.91003879
263.00985730 51.90277926
275.38009324 85.00622754
277.99352336 80.99896801
272.41820576 81.52165403
285.83381374 56.60695349
288.96992990 48.59243443
275.55432191 58.52346892
274.33472118 63.92455784
216.31657236 72.46176293
301.34016583 59.22038362
305.69588271 50.16049251
304.30205331 40.92637273
310.92274296 48.24397708
315.80114587 45.10786093
321.20223480 45.80477563
326.95178108 39.70677200
333.74669941 42.84288815
354.13145440 45.97900431
360.92637273 42.66865948
372.77392264 39.70677200
355.69951247 67.58336002
345.42002064 69.32564677
327.99715313 82.74125476
317.02074659 62.70495712
315.27845984 73.85559233
5.01600360 241.51550410
65.65519050 113.06656174
106.75218047 71.32743131
89.30736442 67.47458850
161.12007345 56.55820054
203.71539117 118.41773231
231.54147813 121.84248147
139.71539117 148.38428749
147.20702997 124.83913699
136.29064201 168.07659519
151.91606007 163.36756509
200.07659519 170.64515706
650.85920388 283.98294970
699.66187947 254.01639452
709.93612696 211.20702997
