132.66566901 617.11185296
96.59521891 480.34472967
83.06880012 327.04531676
113.12750854 296.98660834
19.94551245 221.83983730
4.91615824 160.21948505
90.58347723 122.64609954
123.64805648 157.21361421
203.30363378 333.05705844
343.07662791 245.88680404
404.69698016 242.88093320
383.65588427 209.81635394
497.87897625 220.33690188
548.97878055 318.02770423
610.59913280 221.83983730
679.73416216 354.09815433
697.76938721 433.75373163
801.47193124 451.78895668
808.98660834 214.32516020
849.56586470 202.30167684
932.22731284 211.31928936
975.81244004 185.76938721
1016.39169640 151.20187253
989.33885883 85.07271402
962.28602126 85.07271402
920.20382948 82.06684318
927.71850658 39.98465139
953.26840873 47.49932850
972.80656920 36.97878055
834.53651049 9.92594298
789.44844787 71.54629523
735.34277273 9.92594298
670.71654963 53.51107018
685.74590384 39.98465139
675.22535590 15.93768466
673.72242048 5.41713672
615.10793907 15.93768466
398.68523848 121.14316411
275.44453398 97.09619738
282.95921108 79.06097233
207.81244004 160.21948505
132.66566901 89.58152028
116.13337938 85.07271402
152.20382948 53.51107018
135.67153985 15.93768466
307.00617781 29.46410345
33.47193124 107.61674533
18.44257703 86.57564944
30.46606040 85.07271402
10.92789993 49.00226392
748.46455505 21.51150810
140.81620340 155.52149811
321.88313647 257.81920041
552.30871090 247.65336624
613.17584376 55.84517443
588.62439521 41.52349611
641.81920041 22.08693268
678.64637323 21.57544416
661.76725236 28.73628332
786.05896065 26.69032928
869.94307653 45.61540420
914.44257703 23.10990970
984.00501459 9.81120840
119.07794167 77.32769192
129.30771190 75.28173787
176.36465495 12.36865096
195.80121839 37.43158802
242.85816145 86.02299661
229.04797164 150.47054906
374.31070890 99.32169791
462.28673287 181.15985975
140.57157846 568.23713030
312.87927077 10.32408683
328.93278248 2.40435438
364.89264870 24.02308348
413.90937111 7.96957178
432.74549151 4.97291626
316.73211358 23.80903666
123.01973900 44.46455505
582.79231425 29.37425405
715.07325070 2.83244803
770.51137780 8.82575907
882.45786609 5.18696308
1019.01973900 8.82575907
1022.01639452 56.45117713
