692.93608352 661.55946015
786.44257703 588.00101859
640.57244716 487.01400560
456.05296664 495.74127833
441.09192768 518.18283677
365.03997963 478.28673287
315.16984976 438.39062898
236.62439521 487.01400560
130.65036924 528.15686275
134.39062898 506.96205755
99.48153807 568.05296664
83.27374586 472.05296664
53.35166794 460.83218742
67.06595365 379.79322638
74.54647313 377.29971989
90.75426534 358.59842119
89.50751210 339.89712249
52.10491469 339.89712249
42.13088872 332.41660300
974.70231729 469.55946015
914.85816145 379.79322638
857.50751210 379.79322638
936.05296664 342.39062898
705.40361599 397.24777184
535.84517443 351.11790171
444.83218742 336.15686275
327.63738223 331.16984976
286.49452508 331.16984976
225.40361599 311.22179781
858.13088872 294.23478482
869.97504456 258.39062898
952.26075885 243.11790171
994.33868093 272.10491469
999.32569391 267.74127833
1006.18283677 194.18283677
1001.81920041 192.93608352
969.09192768 179.84517443
950.39062898 167.06595365
875.58543417 178.59842119
893.35166794 195.74127833
902.39062898 199.48153807
917.03997963 236.57244716
940.72829132 201.66335625
951.32569391 197.29971989
955.68933028 200.41660300
972.83218742 227.84517443
937.71530430 327.42959002
748.83218742 337.40361599
735.74127833 322.44257703
692.10491469 266.33868093
692.10491469 256.36465495
690.23478482 246.39062898
743.84517443 236.41660300
753.35166794 208.75426534
743.84517443 176.80621339
740.72829132 176.02699262
720.00101859 178.98803158
711.58543417 178.20881080
703.16984976 177.74127833
714.07894067 183.66335625
705.50751210 179.92309651
690.07894067 182.57244716
695.37764197 186.46855106
696.78023937 200.02699262
709.40361599 211.24777184
672.00101859 210.15686275
682.28673287 229.79322638
747.58543417 188.10491469
696.15686275 180.93608352
620.72829132 231.74127833
640.36465495 238.91010950
657.81920041 238.91010950
683.68933028 233.92309651
685.87114846 238.28673287
552.93608352 244.44257703
569.29971989 239.76725236
576.31270690 238.05296664
573.35166794 243.35166794
586.75426534 236.49452508
573.19582378 234.62439521
612.31270690 236.49452508
507.74127833 234.46855106
510.23478482 208.28673287
469.40361599 220.13088872
466.91010950 218.26075885
538.28673287 240.39062898
376.20881080 312.54647313
389.92309651 298.83218742
410.49452508 300.70231729
327.89712249 303.66335625
355.32569391 255.66335625
413.92309651 229.48153807
427.94907054 220.13088872
399.27374586 207.97504456
381.81920041 222.31270690
362.18283677 240.39062898
348.46855106 241.94907054
343.16984976 240.39062898
329.76725236 244.75426534
283.48153807 250.13088872
210.70231729 302.57244716
231.89712249 304.13088872
167.68933028 222.46855106
315.11790171 301.63738223
55.79322638 248.18283677
73.87114846 246.31270690
86.96205755 248.80621339
25.92309651 254.96205755
130.33068892 556.01700261
123.01973900 249.73545806
104.61171224 249.73545806
111.46121057 252.73211358
440.23713030 214.20368549
944.53144468 170.96622729
