653.03997963 443.37764197
674.23478482 336.15686275
624.36465495 283.79322638
892.41660300 423.42959002
978.44257703 536.88413547
1013.35166794 357.35166794
929.81920041 266.33868093
812.62439521 278.80621339
989.66335625 21.97504456
962.23478482 43.16984976
903.63738223 156.62439521
883.68933028 109.24777184
886.18283677 78.07894067
876.20881080 59.37764197
813.87114846 125.45556404
806.39062898 41.92309651
778.96205755 29.45556404
726.59842119 165.35166794
643.06595365 59.37764197
562.02699262 162.85816145
518.39062898 112.98803158
523.37764197 85.55946015
615.63738223 50.65036924
712.88413547 39.42959002
658.02699262 18.23478482
100.72829132 347.37764197
140.62439521 317.45556404
73.29971989 293.76725236
10.96205755 311.22179781
15.94907054 270.07894067
12.20881080 201.50751210
45.87114846 170.33868093
183.01400560 208.98803158
222.91010950 235.16984976
353.81920041 241.40361599
327.63738223 195.27374586
370.02699262 131.68933028
464.78023937 177.81920041
376.26075885 99.27374586
408.67634326 59.37764197
432.36465495 56.88413547
479.74127833 55.63738223
436.10491469 34.44257703
394.96205755 24.46855106
347.58543417 26.96205755
297.71530430 85.55946015
232.88413547 38.18283677
229.14387573 68.10491469
199.22179781 70.59842119
191.74127833 50.65036924
195.48153807 35.68933028
139.37764197 48.15686275
138.13088872 69.35166794
189.24777184 125.45556404
145.61140820 142.91010950
118.18283677 135.42959002
68.31270690 137.92309651
19.68933028 105.50751210
82.02699262 99.27374586
110.70231729 68.10491469
69.76725236 57.19582378
74.75426534 77.14387573
80.98803158 67.16984976
76.62439521 47.22179781
99.06595365 27.89712249
105.92309651 32.26075885
200.05296664 2.33868093
128.36465495 80.26075885
157.03997963 80.88413547
299.16984976 14.80621339
245.55946015 1.71530430
522.75426534 14.80621339
541.45556404 39.74127833
550.80621339 12.93608352
540.20881080 54.07894067
613.14387573 29.76725236
580.72829132 22.28673287
106.03498462 618.93008952
697.31570390 668.03298662
760.74027933 140.17684277
961.24377583 169.84317643
984.77224736 89.02799162
62.04697264 21.51150810
126.44448816 214.63177913
337.92274903 44.25050823
29.69532428 20.27726408
685.53478917 32.47793298
