5.34021483 116.35033856
13.40320695 101.37621033
24.92176713 103.67992236
39.89589537 133.62817883
60.62930369 105.98363440
89.42570414 78.33908997
135.49994486 36.87227332
167.75191336 84.09837006
21.46619908 176.24685150
163.14448929 338.65855003
282.93751516 296.03987737
295.60793136 140.53931494
279.48194711 117.50219458
403.88239705 149.75416308
475.29747017 91.00950616
499.48644655 142.84302697
509.85315071 205.04325195
500.63830257 264.93976488
447.65292574 350.17711021
540.95326320 311.01400560
509.85315071 408.92176713
701.06124970 411.22547917
638.86102472 249.96563665
675.72041730 196.98025982
787.45045105 196.98025982
808.18385937 534.47407309
1005.15123845 510.28509672
827.76541168 756.78228457
487.96788637 9.22772889
139.28729753 104.39766542
193.22709686 108.67860188
854.20368549 19.63512361
