60.34034898 455.93667926
146.65227559 529.91833064
849.47796366 651.45961504
1004.48713797 268.34034898
952.52383522 240.15686275
900.56053247 276.26695449
949.00089944 100.12016550
720.89080770 120.37704623
642.50548660 147.67979852
637.22108293 163.53300953
624.89080770 200.52383522
545.62475265 129.18438568
512.15686275 169.69814715
520.96420219 191.71649577
532.41374348 217.25778018
582.61557834 81.62475265
557.95502788 71.05594531
433.77154164 212.85411045
407.34952330 121.25778018
357.14768843 174.10181687
312.23025724 123.01924807
300.78071596 135.34952330
278.76236733 167.05594531
266.43209210 166.17521137
242.65227559 116.85411045
205.66144990 133.58805541
166.02842238 178.50548660
144.01007375 129.18438568
43.60640403 112.45044073
17.18438568 158.24860586
25.11099119 189.07429394
7.78989027 66.87245908
6.46878935 123.67979852
95.86328476 78.76236733
154.43209210 94.17521137
168.52383522 40.45044073
144.30365174 36.92750495
240.30365174 56.30365174
280.37704623 73.91833064
325.29447742 59.38622054
403.67979852 57.18438568
459.60640403 36.92750495
22.46878935 30.21190862
49.55135816 30.21190862
17.73484440 7.12016550
28.13851412 7.12016550
39.97337651 10.14768843
60.12016550 6.95502788
168.78071596 20.57888109
189.36787192 9.01924807
218.98255082 13.64310128
195.31282605 5.90915632
227.73484440 8.44126641
264.23025724 10.14768843
400.96420219 29.49631229
563.23943155 14.41374348
611.67979852 24.76236733
626.43209210 22.56053247
646.79906458 9.78989027
669.36787192 40.61557834
691.05594531 24.21190862
708.67062421 32.46878935
755.89998201 13.20273430
749.18438568 44.57888109
784.52383522 39.95502788
700.08346825 3.06053247
806.92750495 19.14768843
836.10181687 16.28530311
869.01924807 14.96420219
547.38622054 5.88163339
897.91833064 5.88163339
