97.05603630 655.81306109
411.87256522 522.52380489
556.58661481 753.55851564
679.72049911 640.58000324
884.09735861 558.06760655
981.84281316 754.82793713
382.67587101 450.16678010
168.14363960 314.33868093
211.30397018 292.75851564
128.79157349 208.97669746
108.48082969 164.54694539
268.42793713 189.93537514
307.78000324 139.15851564
354.74859828 186.12711068
402.98661481 286.41140820
419.48909415 354.96016853
468.99653217 351.15190407
447.41636688 283.87256522
507.07917679 328.30231729
560.39487927 238.17339167
595.93868093 231.82628423
651.79322638 224.20975531
569.28082969 170.89405283
689.87587101 414.62297845
752.07752390 376.54033382
795.23785448 365.11554043
934.87421812 374.00149084
980.57339167 415.89239994
833.32049911 286.41140820
819.35686275 186.12711068
846.01471398 187.39653217
896.79157349 222.94033382
913.29405283 235.63454870
952.64611894 278.79487927
983.11223465 261.02297845
1021.19487927 245.78992060
991.99818506 215.32380489
1009.77008589 202.62959002
979.30397018 188.66595365
1004.69239994 182.31884622
1018.65603630 169.62463134
896.79157349 160.73868093
866.32545779 148.04446605
774.92711068 154.39157349
943.76016853 153.12215200
986.92049911 131.54198671
1003.42297845 122.65603630
1000.88413547 85.84281316
978.03454870 84.57339167
21.31388754 93.77669746
2.27256522 88.06430076
25.12215200 77.27421812
44.79818506 82.98661481
74.62959002 56.96347432
135.56182142 109.64446605
133.02297845 93.77669746
16.76512721 19.99157349
10.41801977 7.29735861
4.70562308 3.17173878
23.74694539 12.37504456
32.95025117 10.15355696
44.05768919 10.47091233
47.23124291 1.58496192
66.58992060 18.08744126
73.57173878 14.91388754
76.11058175 0.95025117
109.43289580 16.81801977
90.07421812 5.39322638
30.09405283 5.39322638
122.76182142 14.59653217
123.71388754 1.58496192
104.67256522 1.26760655
110.70231729 1.26760655
117.04942473 1.26760655
129.74363960 3.17173878
136.40810241 0.95025117
140.21636688 22.53041646
153.86264787 44.74529250
177.66430076 53.94859828
161.79653217 17.77008589
154.81471398 2.21967266
170.68248258 6.66264787
163.70066440 10.78826770
179.56843299 19.03950737
209.08248258 33.95520985
202.73537514 27.60810241
178.93372225 4.12380489
186.55025117 5.71058175
192.58000324 14.27917679
201.78330903 17.77008589
196.70562308 18.72215200
197.34033382 6.98000324
165.60479663 0.95025117
160.20975531 0.95025117
208.44777184 8.24942473
213.20810241 3.80644952
207.49570572 14.27917679
226.53702803 20.62628423
237.32711068 7.93206936
231.93206936 0.95025117
225.58496192 2.53702803
244.62628423 20.94363960
251.92545779 12.05768919
265.67752390 10.47091233
272.65934208 23.79983795
267.26430076 36.49405283
263.77339167 31.41636688
287.89239994 50.77504456
300.90397018 36.49405283
303.76016853 21.89570572
282.49735861 24.11719332
278.37173878 13.96182142
287.25768919 13.64446605
286.30562308 0.95025117
311.05934208 16.81801977
315.50231729 52.04446605
335.49570572 37.44611894
340.57339167 36.81140820
345.01636688 76.48082969
355.80644952 62.51719332
375.79983795 99.01306109
393.57173878 143.76016853
413.24777184 163.11884622
422.13372225 130.43124291
406.26595365 116.15025117
409.43950737 85.04942473
427.21140820 83.46264787
431.33702803 86.63620159
437.68413547 93.61801977
470.68909415 126.30562308
480.84446605 83.78000324
499.88578836 80.60644952
512.26264787 87.90562308
499.56843299 64.73868093
468.46760655 40.93702803
470.05438341 29.82959002
486.23950737 47.60149084
494.49074704 44.42793713
429.43289580 53.94859828
451.33041646 67.91223465
402.45768919 56.80479663
396.42793713 49.18826770
385.32049911 39.35025117
362.15355696 40.30231729
353.26760655 36.49405283
340.89074704 13.64446605
330.73537514 21.89570572
351.36347432 4.75851564
373.89570572 7.93206936
368.81801977 4.44116027
364.37504456 11.42297845
359.29735861 26.97339167
381.82959002 11.42297845
380.56016853 6.98000324
387.54198671 6.02793713
395.47587101 4.75851564
404.99653217 6.98000324
416.73868093 16.18330903
419.27752390 8.56678010
427.52876357 11.10562308
432.60644952 6.34529250
436.09735861 13.64446605
446.25273051 9.83620159
448.47421812 5.07587101
439.27091233 0.31554043
458.31223465 7.61471398
461.80314374 6.02793713
466.24611894 6.98000324
471.32380489 9.20149084
478.62297845 11.74033382
463.70727597 34.90727597
485.92215200 12.37504456
484.97008589 2.21967266
497.66430076 7.61471398
490.36512721 6.98000324
498.93372225 17.45273051
294.55686275 0.31554043
307.88578836 3.48909415
315.50231729 0.63289580
337.39983795 0.95025117
358.66264787 5.71058175
404.04446605 35.54198671
407.53537514 33.63785448
420.54694539 37.44611894
425.94198671 36.17669746
435.46264787 44.11058175
436.41471398 37.12876357
443.39653217 35.85934208
431.65438341 36.81140820
524.95686275 56.48744126
539.87256522 75.84611894
531.93868093 102.18661481
550.98000324 97.42628423
539.55520985 55.53537514
563.67421812 76.16347432
602.39157349 79.97173878
611.59487927 97.74363960
554.47091233 46.01471398
557.00975531 11.10562308
562.08744126 20.62628423
570.33868093 12.05768919
568.11719332 6.98000324
576.36843299 8.88413547
580.49405283 4.44116027
577.00314374 1.58496192
571.29074704 55.53537514
583.03289580 56.48744126
588.74529250 48.87091233
579.54198671 44.74529250
595.09239994 61.56512721
607.78661481 71.40314374
616.03785448 64.42132556
612.54694539 52.04446605
630.00149084 35.22463134
631.58826770 52.67917679
632.85768919 68.86430076
651.26430076 81.87587101
643.96512721 64.42132556
652.21636688 56.48744126
658.24611894 55.21801977
669.35355696 67.27752390
660.78496192 75.52876357
671.25768919 88.85768919
679.50892886 56.17008589
671.89239994 34.90727597
669.35355696 24.75190407
683.63454870 34.58992060
679.19157349 31.73372225
698.86760655 37.12876357
669.98826770 1.58496192
685.85603630 2.21967266
703.62793713 3.48909415
715.05273051 13.96182142
719.49570572 2.53702803
702.67587101 30.46430076
716.63950737 37.12876357
705.21471398 68.22959002
720.13041646 45.69735861
735.15190407 97.74363960
722.45768919 84.41471398
728.80479663 65.69074704
738.00810241 62.19983795
745.94198671 68.86430076
745.30727597 45.38000324
732.29570572 29.82959002
739.59487927 33.00314374
751.01967266 46.01471398
766.57008589 45.38000324
761.80975531 89.80975531
783.70727597 90.76182142
780.53372225 107.89901151
778.31223465 77.75025117
791.00644952 80.92380489
801.16182142 78.70231729
813.53868093 74.25934208
830.67587101 73.94198671
778.62959002 53.94859828
753.87587101 32.05107762
761.49239994 32.05107762
775.13868093 35.22463134
784.02463134 46.64942473
777.99487927 40.61967266
792.27587101 38.71554043
802.74859828 42.20644952
807.19157349 39.66760655
801.47917679 33.00314374
809.09570572 25.06925944
776.72545779 19.67421812
764.98330903 1.58496192
793.86264787 9.83620159
804.01801977 13.96182142
817.34694539 11.10562308
825.91554043 28.56016853
842.10066440 14.59653217
859.23785448 18.40479663
848.44777184 28.87752390
851.93868093 36.17669746
859.55520985 39.66760655
867.80644952 38.39818506
866.85438341 29.82959002
879.54859828 41.57173878
876.69239994 52.04446605
882.72215200 57.12215200
900.81140820 35.85934208
926.51719332 17.45273051
884.30892886 124.71884622
873.51884622 129.16182142
896.68578836 109.16843299
919.85273051 132.01801977
928.10397018 120.59322638
783.70727597 37.76347432
955.81967266 51.72711068
958.04116027 33.00314374
976.13041646 40.30231729
990.09405283 60.93041646
986.92049911 72.98992060
996.75851564 53.63124291
1004.37504456 47.60149084
944.07752390 20.62628423
929.79653217 22.21306109
