82.73750791 526.90340652
62.68220837 463.19833740
216.04626367 392.41492726
175.93566459 370.00018072
102.79280745 320.45179362
72.11999639 306.29511159
99.25363694 272.08313003
185.37345261 292.13842957
159.41953556 239.05087196
14.31354477 419.54856781
384.74672450 243.76976597
387.10617150 124.61769224
309.24442035 190.68220837
334.01861390 143.49326828
477.94488118 151.75133279
523.95409777 115.17990422
387.10617150 77.42875215
129.92644800 204.83889039
152.34119454 211.91723141
178.29511159 169.44718533
201.88958164 157.64995030
163.54856781 142.60847565
142.90340652 130.81124063
188.32276136 140.24902864
191.27207012 118.42414385
173.57621758 111.34580284
159.41953556 111.93566459
129.92644800 107.80663233
129.92644800 89.52091804
140.54395952 28.17529592
140.54395952 15.78819915
129.33658625 6.35041113
161.77898256 12.24902864
165.31815307 26.99557242
177.11538809 18.14764616
198.35041113 84.21216228
227.25363694 77.72368302
223.71446643 42.92183970
252.02783049 82.44257703
270.90340652 70.64534201
249.66838348 57.66838348
262.05548026 51.76976597
268.54395952 41.74211620
246.12921298 24.04626367
259.69603325 24.04626367
211.91723141 20.50709316
223.12460468 30.53474293
234.92183970 19.91723141
361.74211620 50.00018072
339.91723141 7.53013463
300.39649408 22.27667841
302.75594109 53.39188579
290.07391344 50.44257703
280.04626367 42.18451251
280.93105629 30.09234662
284.76515768 20.65455860
289.48405169 31.27207012
145.55778440 5.31815307
729.22598717 14.01861390
909.72368302 90.11077980
901.46561851 39.38266920
931.54856781 47.05087196
994.07391344 49.41031897
620.69142496 75.95409777
569.37345261 51.17990422
543.41953556 43.51170145
512.15686275 47.05087196
556.39649408 18.14764616
611.25363694 39.97253095
643.69603325 26.40571067
598.86654016 9.88958164
567.01400560 8.70985814
554.03704708 3.40110238
646.05548026 7.53013463
608.00939731 9.44718533
454.05548026 49.26285353
477.35501943 37.46561851
501.53935122 47.19833740
420.13842957 44.69142496
382.38727749 1.63151712
