20.06797386 437.72723312
60.83834423 392.21612200
36.18649237 549.60871460
4.89760349 594.17167756
73.16427015 605.54945534
99.71241830 543.91982571
94.97167756 505.99389978
151.86056645 483.23834423
138.58649237 566.67538126
122.46797386 353.34204793
131.94945534 301.19389978
164.18649237 354.29019608
124.36427015 305.93464052
141.43093682 212.06797386
331.06056645 487.97908497
387.00130719 527.80130719
421.13464052 576.15686275
496.98649237 465.22352941
684.71982571 626.40871460
746.34945534 607.44575163
933.13464052 487.97908497
194.52723312 250.23093682
200.69019608 268.71982571
226.29019608 273.46056645
213.01612200 222.26056645
196.89760349 218.46797386
244.77908497 167.74204793
243.83093682 150.67538126
248.09760349 143.56427015
279.86056645 149.25315904
293.60871460 117.49019608
268.48278867 103.74204793
272.27538126 103.74204793
290.76427015 95.68278867
299.29760349 97.57908497
301.19389978 91.41612200
314.94204793 97.10501089
330.58649237 96.15686275
344.33464052 92.36427015
273.69760349 238.37908497
268.48278867 238.85315904
285.07538126 232.21612200
296.45315904 231.26797386
286.97167756 277.72723312
328.21612200 306.17167756
321.10501089 269.19389978
329.63834423 236.00871460
319.68278867 232.21612200
323.00130719 223.20871460
336.27538126 214.67538126
350.97167756 212.30501089
345.75686275 212.77908497
361.40130719 192.39389978
368.03834423 205.66797386
383.20871460 214.20130719
387.00130719 202.82352941
398.85315904 232.21612200
414.49760349 227.47538126
354.29019608 243.59389978
332.95686275 231.26797386
352.86797386 238.37908497
405.49019608 290.52723312
436.30501089 285.31241830
436.77908497 295.26797386
382.73464052 348.36427015
469.49019608 257.81612200
486.08278867 249.75686275
487.50501089 228.89760349
475.65315904 214.20130719
458.58649237 207.56427015
473.75686275 207.56427015
435.83093682 200.45315904
420.66056645 211.83093682
414.49760349 193.81612200
432.98649237 189.07538126
450.05315904 187.17908497
483.71241830 168.69019608
494.61612200 172.95686275
505.99389978 178.17167756
524.00871460 180.54204793
537.28278867 174.37908497
540.12723312 168.69019608
556.95686275 165.96427015
561.22352941 163.11982571
555.06056645 155.53464052
565.01612200 161.22352941
574.02352941 157.43093682
577.57908497 160.98649237
577.81612200 157.43093682
570.46797386 155.77167756
586.11241830 157.43093682
590.14204793 157.90501089
605.54945534 154.34945534
608.39389978 158.14204793
612.42352941 160.74945534
627.35686275 157.43093682
632.80871460 166.67538126
607.91982571 165.01612200
593.46056645 169.28278867
590.37908497 167.14945534
589.43093682 161.93464052
586.11241830 172.83834423
578.05315904 179.23834423
574.02352941 175.91982571
578.76427015 188.00871460
592.03834423 178.05315904
599.62352941 185.40130719
592.74945534 195.11982571
583.03093682 223.56427015
578.76427015 231.86056645
594.88278867 159.80130719
594.17167756 156.24575163
603.17908497 267.29760349
580.42352941 273.46056645
562.40871460 266.82352941
611.23834423 304.74945534
553.87538126 342.67538126
507.89019608 329.40130719
654.85315904 267.29760349
643.94945534 260.18649237
665.75686275 224.15686275
691.35686275 162.52723312
697.04575163 169.63834423
707.00130719 208.51241830
698.94204793 239.80130719
706.52723312 235.06056645
710.79389978 243.59389978
715.53464052 235.53464052
685.19389978 256.86797386
683.77167756 283.89019608
729.75686275 255.44575163
741.60871460 227.00130719
745.40130719 176.74945534
768.63093682 177.69760349
774.31982571 177.69760349
782.85315904 160.15686275
802.29019608 161.10501089
787.11982571 207.09019608
790.43834423 205.19389978
779.53464052 210.88278867
771.47538126 216.09760349
772.89760349 227.00130719
785.22352941 227.47538126
804.18649237 229.84575163
829.78649237 168.69019608
811.77167756 235.53464052
835.00130719 236.95686275
842.11241830 258.76427015
895.68278867 307.59389978
257.69132828 154.30671289
