73.19503068 277.89732076
45.34770244 294.01945816
5.77518336 462.56907649
99.57671007 497.74464900
149.40877114 175.30190091
205.10342763 122.53854213
222.69121389 132.79808412
319.42403832 150.38587038
357.53090855 159.17976351
315.02709175 270.56907649
385.37823679 207.54617572
413.22556504 220.73701542
356.06525969 295.48510702
380.98129023 345.31716809
419.08816046 291.08816046
457.19503068 311.60724442
496.76754977 436.18739710
439.60724442 547.57671007
527.54617572 635.51564137
565.65304595 519.72938183
820.67594671 537.31716809
828.00419099 486.01945816
851.45457267 447.91258794
871.97365664 606.20266427
911.54617572 647.24083221
495.30190091 166.50800778
461.59197725 166.50800778
479.17976351 102.01945816
514.35533603 129.86678641
546.59961084 135.72938183
442.53854213 58.04999252
558.32480168 280.82861847
587.63777878 359.97365664
640.40113755 272.03472534
687.30190091 301.34770244
713.68358030 226.59961084
677.04235893 280.82861847
583.60724442 74.53854213
623.91258794 92.85915282
564.55380931 27.63777878
640.76754977 56.21793145
645.16449633 42.29426733
667.14922916 42.29426733
662.75228259 61.34770244
663.48510702 36.43167191
697.92785511 73.07289328
697.92785511 54.75228259
694.26373297 16.64541236
685.46983984 21.04235893
680.34006885 37.16449633
716.98129023 72.34006885
760.21793145 86.99655740
788.79808412 108.24846580
788.06525969 97.25609939
734.75228259 57.86678641
701.04235893 27.08816046
703.60724442 22.32480168
713.50037420 27.45457267
718.26373297 36.24846580
728.88968717 30.75228259
737.31716809 27.08816046
739.88205358 20.49274061
733.28663374 7.66831313
753.80571771 1.43930549
753.80571771 12.79808412
750.14159557 19.39350397
767.72938183 36.24846580
754.53854213 55.30190091
777.98892381 52.00419099
791.17976351 45.04235893
791.17976351 66.29426733
808.40113755 43.94312229
820.85915282 46.50800778
830.01945816 55.66831313
850.17212992 43.94312229
839.91258794 43.57671007
852.73701542 58.23319862
866.66067954 65.92785511
884.24846580 42.84388565
891.94312229 45.40877114
764.79808412 8.76754977
763.33243526 0.70648107
757.83625206 3.27136656
772.85915282 16.82861847
777.98892381 24.52327496
772.12632839 35.14922916
784.95075587 35.88205358
797.40877114 29.28663374
785.68358030 22.32480168
777.98892381 10.59961084
792.27900015 17.92785511
803.27136656 17.92785511
802.17212992 12.79808412
790.44693908 13.53090855
783.11869481 5.10342763
786.78281694 3.63777878
768.82861847 2.53854213
808.76754977 6.93548870
822.69121389 12.06525969
821.22556504 4.37060320
827.08816046 6.20266427
830.38587038 18.66067954
836.24846580 4.37060320
843.94312229 9.13396198
845.04235893 2.90495435
857.13396198 5.10342763
852.00419099 1.43930549
862.63014519 11.33243526
865.92785511 4.37060320
876.92022152 7.66831313
887.54617572 31.48510702
898.53854213 25.62251160
899.27136656 33.31716809
872.24846580 4.82861847
888.37060320 8.67594671
888.73701542 33.59197725
779.07325070 5.18696308
903.43445472 21.88261525
