279.88369201 399.14222860
133.77637494 336.70320421
26.38125299 314.22515543
15.14222860 241.79588714
111.29832616 195.59100909
127.53247250 131.90320421
148.76174079 103.18125299
115.04466762 48.23491153
196.21539933 3.27881396
236.17637494 4.52759445
229.93247250 20.76174079
248.66417982 45.73735055
177.48369201 76.95686275
244.91783835 136.89832616
254.90808226 193.09344811
309.85442372 106.92759445
316.09832616 61.97149689
356.05930177 135.64954567
367.29832616 88.19588714
373.54222860 36.99588714
387.27881396 23.25930177
401.01539933 45.73735055
427.23978957 81.95198470
452.21539933 59.47393592
437.23003348 61.97149689
434.73247250 32.00076518
472.19588714 88.19588714
462.20564323 246.79100909
530.88857006 238.04954567
623.29832616 296.74222860
675.74710665 364.17637494
663.25930177 474.06905787
638.28369201 249.28857006
705.71783835 224.31296031
789.38613104 251.78613104
893.03491153 229.30808226
557.11296031 140.64466762
612.05930177 129.40564323
668.25442372 148.13735055
647.02515543 106.92759445
674.49832616 114.42027738
701.97149689 113.17149689
748.17637494 113.17149689
711.96174079 78.20564323
705.71783835 60.72271640
766.90808226 105.67881396
786.88857006 124.41052128
809.36661884 155.63003348
839.33735055 123.16174079
858.06905787 118.16661884
634.53735055 44.48857006
648.27393592 34.49832616
619.55198470 23.25930177
552.11783835 14.51783835
487.18125299 9.52271640
660.76174079 4.52759445
696.97637494 10.77149689
615.75552495 190.01639452
530.99298315 12.03646141
