143.11790171 731.37764197
94.49452508 622.91010950
139.37764197 596.72829132
47.11790171 397.24777184
15.94907054 386.02699262
55.84517443 336.15686275
40.88413547 319.94907054
18.44257703 271.32569391
50.85816145 273.81920041
65.81920041 261.35166794
88.26075885 260.10491469
124.41660300 265.09192768
148.10491469 266.33868093
197.97504456 253.87114846
194.23478482 242.65036924
145.61140820 322.44257703
153.09192768 359.84517443
191.74127833 412.20881080
168.05296664 423.42959002
259.06595365 405.97504456
282.75426534 403.48153807
305.19582378 347.37764197
212.93608352 322.44257703
235.37764197 241.40361599
256.57244716 247.63738223
272.78023937 238.91010950
296.46855106 236.41660300
340.10491469 391.01400560
574.49452508 482.02699262
533.35166794 423.42959002
330.75426534 239.84517443
375.63738223 236.72829132
384.36465495 231.74127833
405.55946015 237.35166794
398.70231729 225.50751210
404.31270690 271.63738223
426.75426534 227.37764197
444.83218742 218.02699262
442.33868093 235.48153807
471.01400560 244.20881080
489.71530430 262.28673287
476.00101859 223.63738223
499.68933028 225.50751210
510.91010950 222.39062898
527.74127833 218.02699262
540.20881080 231.11790171
533.97504456 245.45556404
528.36465495 314.02699262
550.18283677 337.09192768
550.18283677 337.09192768
572.00101859 258.54647313
575.11790171 235.48153807
562.02699262 219.27374586
553.29971989 209.92309651
578.23478482 214.28673287
595.06595365 218.02699262
601.92309651 249.81920041
624.98803158 249.81920041
626.23478482 279.74127833
668.62439521 234.23478482
655.53348612 229.87114846
666.13088872 214.28673287
653.03997963 208.05296664
628.72829132 214.91010950
621.24777184 208.05296664
608.78023937 205.55946015
682.96205755 192.46855106
683.58543417 209.92309651
310.18283677 247.32569391
711.63738223 376.05296664
778.96205755 317.45556404
846.28673287 475.79322638
987.16984976 469.55946015
975.94907054 578.02699262
747.58543417 252.31270690
705.81920041 230.49452508
717.66335625 218.02699262
730.75426534 227.37764197
730.75426534 227.37764197
715.79322638 196.83218742
733.24777184 188.72829132
736.98803158 197.45556404
753.19582378 194.33868093
761.92309651 197.45556404
776.88413547 195.58543417
791.84517443 183.11790171
805.55946015 179.37764197
830.49452508 232.36465495
848.57244716 189.97504456
841.71530430 178.13088872
879.11790171 180.00101859
898.44257703 231.74127833
883.48153807 206.18283677
899.06595365 176.88413547
920.88413547 174.39062898
927.11790171 170.02699262
955.16984976 179.37764197
963.89712249 163.79322638
960.15686275 129.50751210
980.72829132 173.76725236
998.18283677 165.66335625
1015.01400560 161.92309651
1015.01400560 161.92309651
1000.67634326 189.97504456
952.67634326 214.91010950
906.54647313 272.26075885
972.00101859 263.53348612
866.65036924 184.36465495
358.71030930 219.96905056
916.70535773 168.39766542
