493.19389978 297.40130719
496.03834423 256.63093682
469.49019608 236.71982571
476.12723312 200.69019608
467.59389978 178.88278867
480.86797386 165.60871460
477.07538126 137.16427015
449.57908497 132.42352941
740.66056645 367.56427015
823.14945534 391.26797386
814.61612200 271.80130719
755.83093682 266.11241830
722.64575163 178.88278867
688.51241830 170.34945534
649.63834423 176.03834423
580.42352941 142.85315904
708.42352941 145.69760349
869.60871460 238.61612200
867.71241830 137.16427015
922.70501089 236.71982571
468.33464052 17.56427015
448.15686275 76.18649237
419.11982571 81.10501089
472.21612200 110.49760349
407.26797386 79.68278867
399.91982571 73.28278867
374.79389978 60.71982571
569.63834423 70.20130719
585.75686275 116.18649237
576.27538126 48.86797386
627.71241830 116.54204793
611.59389978 83.83093682
1022.17167756 431.10501089
978.64575163 164.54204793
772.18649237 63.80130719
724.06797386 71.50501089
696.80871460 59.06056645
616.69019608 47.20871460
666.46797386 30.08278867
695.14945534 30.20130719
639.29760349 11.31241830
615.89019608 17.11982571
598.08278867 30.08278867
999.50501089 238.26056645
1015.68278867 248.89760349
1022.34945534 154.36427015
558.70231729 28.64037923
508.00101859 19.04197763
346.17884077 50.12289671
281.73128832 35.80121839
202.19482478 19.12988972
222.27074886 25.77924037
163.96105855 16.10891070
126.11090870 16.44457503
106.93008952 9.79522438
86.21480480 11.20181779
747.50551409 7.02199761
776.66035925 10.15486474
719.30970990 15.16585375
700.38463497 13.11989971
425.20381579 6.67834127
579.67334626 11.79322638
