6.79389978 629.25315904
131.94945534 414.02352941
164.18649237 486.08278867
185.04575163 465.22352941
172.71982571 403.59389978
58.94204793 378.94204793
20.06797386 344.80871460
6.79389978 268.00871460
93.07538126 274.64575163
112.98649237 276.54204793
130.05315904 270.85315904
98.76427015 223.44575163
126.26056645 213.96427015
141.43093682 195.00130719
159.44575163 189.31241830
177.46056645 176.03834423
193.57908497 170.34945534
226.76427015 176.03834423
248.57167756 164.66056645
259.00130719 160.86797386
256.15686275 240.51241830
285.54945534 221.54945534
301.66797386 217.75686275
306.40871460 201.63834423
307.35686275 192.15686275
313.04575163 148.54204793
344.33464052 144.74945534
337.69760349 165.60871460
354.76427015 196.89760349
374.67538126 176.98649237
383.20871460 176.98649237
380.36427015 166.55686275
407.86056645 195.00130719
428.71982571 168.45315904
424.92723312 191.20871460
475.17908497 147.59389978
490.34945534 140.95686275
507.41612200 151.38649237
566.20130719 157.07538126
575.68278867 163.71241830
328.21612200 401.69760349
364.24575163 444.36427015
441.99389978 518.31982571
441.99389978 457.63834423
517.84575163 442.46797386
464.74945534 413.07538126
412.60130719 406.43834423
355.71241830 320.15686275
347.17908497 308.77908497
311.14945534 270.85315904
453.37167756 337.22352941
519.74204793 340.06797386
528.27538126 296.45315904
539.65315904 273.69760349
533.96427015 230.08278867
458.11241830 233.87538126
593.69760349 206.37908497
764.36427015 296.45315904
753.93464052 283.17908497
785.22352941 271.80130719
543.91982571 115.59389978
704.15686275 133.60871460
686.14204793 143.56427015
635.89019608 161.57908497
594.64575163 172.95686275
601.28278867 170.11241830
581.37167756 154.46797386
742.08278867 143.09019608
731.17908497 135.50501089
737.34204793 130.76427015
762.94204793 152.57167756
775.26797386 152.57167756
763.41612200 140.24575163
759.62352941 126.02352941
779.06056645 123.17908497
748.71982571 109.90501089
814.61612200 113.22352941
639.32723312 76.30501089
642.64575163 57.10501089
656.63093682 62.79389978
665.51982571 22.61612200
680.09760349 38.14204793
692.77908497 38.97167756
679.62352941 59.47538126
718.97167756 22.02352941
716.06797386 10.26056645
681.22352941 10.61612200
676.24575163 13.46056645
693.86056645 2.34204793
868.48278867 191.44575163
863.26797386 172.95686275
845.25315904 158.73464052
818.70501089 154.94204793
826.76427015 140.71982571
825.99389978 114.05315904
832.86797386 116.18649237
837.60871460 113.57908497
853.72723312 111.20871460
871.74204793 125.19389978
876.71982571 128.27538126
859.17908497 142.73464052
884.30501089 140.36427015
909.19389978 130.40871460
904.92723312 119.50501089
899.94945534 109.54945534
896.15686275 92.95686275
910.85315904 98.88278867
922.23093682 105.75686275
918.43834423 113.34204793
918.91241830 120.45315904
912.27538126 112.39389978
931.47538126 124.71982571
917.49019608 145.34204793
943.09019608 139.65315904
941.66797386 128.03834423
938.82352941 111.20871460
938.58649237 95.80130719
946.40871460 109.78649237
934.31982571 106.70501089
958.97167756 105.99389978
953.28278867 132.54204793
965.84575163 133.96427015
964.66056645 159.80130719
975.56427015 180.89760349
988.60130719 182.55686275
951.62352941 204.36427015
924.12723312 195.11982571
979.11982571 244.54204793
1011.94945534 125.01612200
1012.54204793 113.28278867
971.77167756 85.49019608
972.48278867 98.52723312
999.97908497 99.00130719
986.46797386 83.83093682
990.49760349 81.46056645
1017.28278867 85.99389978
1023.28278867 134.47538126
1020.71982571 269.81612200
1022.49452508 120.29272688
