95.06417982 367.92271640
3.90320421 735.06417982
477.19100909 595.20076518
548.37149689 527.76661884
739.43491153 692.60564323
434.73247250 409.13247250
388.52759445 381.65930177
317.34710665 336.70320421
294.86905787 309.23003348
286.12759445 331.70808226
344.82027738 327.96174079
432.23491153 336.70320421
478.43978957 359.18125299
475.94222860 331.70808226
462.20564323 302.98613104
383.53247250 302.98613104
423.49344811 296.74222860
473.44466762 280.50808226
615.80564323 336.70320421
667.00564323 332.95686275
761.91296031 314.22515543
851.82515543 372.91783835
926.75198470 379.16174079
952.97637494 330.45930177
891.78613104 336.70320421
825.60076518 314.22515543
805.62027738 307.98125299
893.03491153 258.03003348
992.93735055 235.55198470
1010.42027738 266.77149689
932.99588714 215.57149689
858.06905787 233.05442372
818.10808226 246.79100909
805.62027738 269.26905787
794.38125299 263.02515543
746.92759445 269.26905787
753.17149689 244.29344811
755.66905787 229.30808226
657.01539933 238.04954567
637.03491153 219.31783835
567.10320421 244.29344811
529.01539933 256.78125299
541.50320421 264.89832616
538.38125299 242.42027738
550.24466762 242.42027738
545.24954567 191.84466762
550.86905787 190.59588714
585.21052128 183.72759445
517.15198470 156.87881396
487.80564323 155.63003348
480.93735055 147.51296031
500.91783835 148.76174079
497.17149689 139.39588714
483.74710665 129.40564323
510.90808226 123.78613104
517.15198470 120.97637494
543.68857006 130.65442372
569.60076518 117.54222860
548.99588714 120.35198470
548.37149689 116.91783835
553.67881396 111.92271640
584.89832616 111.92271640
589.58125299 111.92271640
531.82515543 113.17149689
578.65442372 152.82027738
587.70808226 129.40564323
643.27881396 131.59100909
642.03003348 150.01052128
653.26905787 171.86417982
533.38613104 123.47393592
497.79588714 132.83978957
670.12759445 137.21052128
691.98125299 193.40564323
705.71783835 187.78613104
715.08369201 184.03978957
735.06417982 185.28857006
737.56174079 177.17149689
652.33247250 126.59588714
644.52759445 122.22515543
649.83491153 120.97637494
654.83003348 122.22515543
672.00076518 117.23003348
678.55686275 116.60564323
661.69832616 118.79100909
697.28857006 120.35198470
705.09344811 122.84954567
709.15198470 117.23003348
713.52271640 119.41539933
725.07393592 121.60076518
726.01052128 115.35686275
737.24954567 116.60564323
736.00076518 129.09344811
750.67393592 127.22027738
756.29344811 117.23003348
752.85930177 139.08369201
765.97149689 139.70808226
772.21539933 122.84954567
788.44954567 127.22027738
780.33247250 143.76661884
819.98125299 171.55198470
879.29832616 200.27393592
874.92759445 184.03978957
884.91783835 172.17637494
888.03978957 155.31783835
868.68369201 155.94222860
1007.29832616 160.93735055
1022.28369201 162.81052128
1022.90808226 147.20076518
1001.05442372 142.83003348
988.56661884 143.45442372
964.83978957 154.69344811
961.71783835 148.44954567
952.35198470 151.57149689
939.23978957 144.70320421
942.36174079 134.71296031
923.63003348 132.83978957
925.50320421 145.95198470
906.77149689 137.21052128
907.39588714 130.34222860
886.79100909 127.84466762
873.05442372 125.97149689
841.83491153 127.84466762
827.47393592 129.09344811
826.84954567 117.85442372
816.85930177 107.86417982
811.86417982 107.86417982
48.10335104 392.71873565
560.53144468 119.27391960
539.23378582 120.98629418
