9.71530430 690.23478482
331.37764197 275.06595365
50.85816145 182.80621339
4.72829132 187.79322638
3.48153807 215.22179781
93.24777184 120.46855106
528.36465495 152.88413547
584.46855106 204.00101859
584.46855106 125.45556404
726.59842119 207.74127833
742.80621339 287.53348612
801.40361599 280.05296664
770.23478482 171.58543417
767.74127833 142.91010950
1020.83218742 105.50751210
1012.10491469 81.81920041
802.65036924 73.09192768
765.24777184 68.10491469
716.62439521 41.92309651
711.63738223 33.19582378
519.63738223 90.54647313
549.55946015 39.42959002
500.93608352 65.61140820
471.01400560 50.65036924
287.74127833 48.15686275
200.46855106 41.92309651
163.06595365 20.72829132
113.19582378 26.96205755
85.76725236 34.44257703
186.75426534 8.26075885
205.45556404 8.26075885
256.57244716 9.50751210
315.16984976 29.45556404
333.87114846 29.45556404
357.55946015 15.74127833
391.22179781 15.74127833
432.36465495 34.44257703
837.55946015 21.03997963
855.01400560 22.28673287
792.67634326 19.16984976
1016.88413547 48.46855106
998.80621339 47.22179781
1013.14387573 23.53348612
962.02699262 43.48153807
949.55946015 39.11790171
910.28673287 21.03997963
885.97504456 12.93608352
328.02099861 524.30471489
350.76555840 58.48462194
421.40100990 17.81572562
479.19365204 58.27057512
433.17358515 61.26723064
404.27726408 59.34080923
1022.44448816 45.42776576
1008.95953833 60.41104335
