650.77149689 446.59588714
655.76661884 501.54222860
583.33735055 307.98125299
753.17149689 276.76174079
794.38125299 271.76661884
804.37149689 240.54710665
866.81052128 213.07393592
935.49344811 296.74222860
879.29832616 361.67881396
977.95198470 376.66417982
756.91783835 195.59100909
738.18613104 158.12759445
675.74710665 158.12759445
620.80076518 173.11296031
402.26417982 269.26905787
307.35686275 258.03003348
317.34710665 235.55198470
337.32759445 201.83491153
363.55198470 190.59588714
232.43003348 238.04954567
256.15686275 204.33247250
257.40564323 148.13735055
183.72759445 190.59588714
184.97637494 221.81539933
131.27881396 184.35198470
101.30808226 179.35686275
11.39588714 193.09344811
57.60076518 280.50808226
123.78613104 104.43003348
130.03003348 89.44466762
145.01539933 96.93735055
100.05930177 93.19100909
331.08369201 55.41539933
363.55198470 109.11296031
334.20564323 142.83003348
350.43978957 159.68857006
407.88369201 103.49344811
420.37149689 84.76174079
462.20564323 62.90808226
458.45930177 79.14222860
424.11783835 107.86417982
427.86417982 97.87393592
457.21052128 135.96174079
482.81052128 99.74710665
497.17149689 112.23491153
540.25442372 151.57149689
553.36661884 143.45442372
583.96174079 151.57149689
591.45442372 134.71296031
553.36661884 92.87881396
523.39588714 35.43491153
578.96661884 97.87393592
603.31783835 100.99588714
614.55686275 71.02515543
589.58125299 73.52271640
596.44954567 55.41539933
584.58613104 52.91783835
613.30808226 41.05442372
630.16661884 21.69832616
638.90808226 66.03003348
648.89832616 47.29832616
657.01539933 41.05442372
668.87881396 20.44954567
680.74222860 2.34222860
675.74710665 36.68369201
699.47393592 17.32759445
720.70320421 11.70808226
716.33247250 2.34222860
834.34222860 1.71783835
723.82515543 44.17637494
698.22515543 61.65930177
693.23003348 62.90808226
687.61052128 109.73735055
706.34222860 107.86417982
738.18613104 84.76174079
841.83491153 60.41052128
864.31296031 68.52759445
866.81052128 88.50808226
917.38613104 81.01539933
921.13247250 14.20564323
930.49832616 17.32759445
890.53735055 7.33735055
873.67881396 8.58613104
854.32271640 8.58613104
854.94710665 2.34222860
949.85442372 14.20564323
963.59100909 14.20564323
981.69832616 19.82515543
974.20564323 0.46905787
712.50468883 347.34080923
