4.72829132 425.92309651
251.58543417 403.48153807
244.10491469 585.50751210
423.63738223 549.35166794
926.07894067 535.63738223
746.54647313 359.84517443
871.22179781 217.71530430
788.93608352 125.45556404
610.65036924 195.27374586
434.85816145 192.78023937
429.87114846 112.98803158
362.54647313 110.49452508
327.63738223 85.55946015
195.48153807 157.87114846
207.94907054 83.06595365
143.11790171 212.72829132
8.46855106 164.10491469
2.23478482 181.55946015
13.66335625 48.46855106
22.39062898 42.85816145
64.15686275 69.66335625
92.20881080 60.31270690
103.42959002 54.07894067
113.40361599 55.94907054
134.59842119 36.62439521
146.44257703 32.26075885
179.48153807 3.58543417
213.14387573 16.67634326
209.40361599 23.53348612
225.61140820 6.70231729
238.70231729 6.07894067
251.16984976 27.89712249
218.75426534 49.71530430
244.31270690 48.46855106
249.29971989 60.93608352
201.29971989 76.52049911
165.76725236 93.35166794
156.41660300 99.58543417
98.23478482 122.96205755
116.93608352 119.22179781
57.09192768 142.91010950
331.37764197 0.78023937
387.48153807 24.46855106
428.62439521 30.70231729
494.70231729 51.89712249
519.63738223 12.00101859
505.92309651 7.01400560
549.55946015 4.52049911
578.23478482 13.24777184
611.89712249 18.23478482
801.40361599 116.72829132
828.83218742 46.91010950
906.13088872 85.55946015
731.58543417 20.72829132
692.93608352 55.63738223
828.83218742 3.27374586
941.03997963 33.19582378
974.70231729 34.44257703
1008.36465495 18.23478482
998.39062898 9.50751210
790.40661299 580.05696265
881.45156804 331.47354606
854.85416544 108.46455505
456.93278248 82.88595974
707.36756509 0.90602662
784.42442127 1.54816709
799.83579251 32.79900321
859.55485606 2.83244803
654.06990622 120.98629418
924.83913699 51.42107679
