113.12750854 555.49150071
183.76547331 713.29971989
385.15881969 642.66175511
490.36429914 639.65588427
802.97486666 726.82613867
436.25862400 283.46018956
310.01204866 272.93964161
188.27427957 333.05705844
89.08054181 232.36038525
194.28602126 211.31928936
275.44453398 178.25471010
346.08249875 199.29580599
430.24688231 199.29580599
640.65784122 137.67545374
839.04531676 27.96116803
890.14512106 32.46997429
878.12163770 154.20774337
1002.86527762 58.01987644
1014.88876098 101.60500365
972.80656920 6.92007214
947.25666705 9.92594298
741.35451441 15.93768466
588.05510149 18.94355550
551.98465139 5.41713672
530.94355550 47.49932850
478.34081578 42.99052224
449.78504278 110.62261617
308.50911323 58.01987644
290.47388819 47.49932850
287.46801734 26.45823261
361.11185296 124.14903496
230.35647136 113.62848701
227.35060051 95.59326196
198.79482752 82.06684318
176.25079621 30.96703887
144.68915237 32.46997429
123.64805648 29.46410345
102.60696059 27.96116803
102.60696059 74.55216607
74.05118760 101.60500365
77.05705844 191.78112889
140.18034611 107.61674533
158.21557116 86.57564944
0.40735198 49.00226392
50.00422087 127.15490580
455.12589371 59.42559401
140.56045915 160.18883078
157.95106854 157.63138822
402.95406554 153.02799162
172.25050823 180.17024067
46.81907010 168.18361860
11.71539117 122.37759853
72.07659519 65.44114368
67.36756509 41.46789953
219.76890288 5.50803331
411.98294970 88.55820054
783.14014034 182.73880254
695.80903666 178.45786609
631.59498984 173.32074234
579.36756509 142.49799987
378.59164535 320.58495639
613.18696308 5.50803331
786.56488950 59.44783264
681.68194636 3.79565873
783.14014034 3.79565873
832.37090957 4.22375238
813.96288281 112.10335104
426.11004000 7.64850154
