332.95686275 730.70501089
271.32723312 643.47538126
17.22352941 657.69760349
5.84575163 550.55686275
15.32723312 466.17167756
456.21612200 530.64575163
421.13464052 461.43093682
399.32723312 397.90501089
377.51982571 358.08278867
386.05315904 320.15686275
385.10501089 283.17908497
362.34945534 244.30501089
761.51982571 214.91241830
885.72723312 501.25315904
773.84575163 581.84575163
879.09019608 127.91982571
915.59389978 128.86797386
943.09019608 121.75686275
994.29019608 66.29019608
623.56427015 75.29760349
541.07538126 87.14945534
771.29760349 11.09019608
778.64575163 13.57908497
469.96427015 108.60130719
477.07538126 39.62352941
503.38649237 33.69760349
566.97167756 22.70501089
381.66797386 27.35686275
421.01612200 41.22352941
458.70501089 21.54945534
63.20871460 97.10501089
57.99389978 49.10501089
112.27538126 39.86056645
43.77167756 21.93464052
54.26056645 17.49019608
63.72876910 5.18696308
936.39766542 7.22040790
986.48462194 12.78562529
1010.45786609 12.78562529
383.72876910 2.93947144
356.33077579 2.08328415
387.58161191 73.14682930
