113.44028520 355.75044563
36.09269162 290.72370766
201.05525847 671.98573975
274.98039216 303.72905526
324.31389344 290.60083134
276.80497124 177.31032456
156.20539950 194.85208045
54.60939665 128.33958937
20.25679137 75.71432170
129.16185918 58.17256581
185.44165932 116.64508544
251.95415040 129.07049586
382.05550657 161.23038166
357.93559222 115.91417895
383.51731956 102.02695554
350.62652727 59.63437881
475.61153798 96.17970357
507.04051728 131.99412185
633.48734097 105.68148801
662.72360079 90.33245161
736.54515682 177.31032456
753.35600621 197.77570643
819.13759080 187.54301549
873.22467145 173.65579208
809.63580636 75.71432170
776.74501407 79.36885418
765.78141664 96.91061007
746.77784776 94.71789058
703.65436453 53.05622035
114.54372927 623.16328673
3.44594197 102.02695554
563.13759080 43.05193769
521.47592056 44.51375068
620.51375068 42.68648444
630.38098837 51.09190914
690.68077424 41.95557795
699.08619893 30.62652727
595.84565646 16.67078137
225.72329631 8.21280680
237.99902059 8.21280680
913.16385575 5.14387573
417.54816709 2.08328415
