6.40076518 705.09344811
553.36661884 566.47881396
485.93247250 466.57637494
306.10808226 330.45930177
262.40076518 322.96661884
256.15686275 264.27393592
238.67393592 221.81539933
106.30320421 148.13735055
106.30320421 124.41052128
132.52759445 99.43491153
92.56661884 83.20076518
82.57637494 118.16661884
47.61052128 113.17149689
28.87881396 100.68369201
146.26417982 63.22027738
209.95198470 136.89832616
378.53735055 144.39100909
388.52759445 218.06905787
413.50320421 125.65930177
499.66905787 94.43978957
513.40564323 43.23978957
552.11783835 70.71296031
540.87881396 193.09344811
562.10808226 181.85442372
693.23003348 199.33735055
741.93247250 219.31783835
838.08857006 246.79100909
681.99100909 110.67393592
701.97149689 59.47393592
728.19588714 48.23491153
794.38125299 49.48369201
808.11783835 60.72271640
801.87393592 99.43491153
861.81539933 55.72759445
849.32759445 28.25442372
848.07881396 9.52271640
866.81052128 5.77637494
900.52759445 14.51783835
894.28369201 32.00076518
891.78613104 119.41539933
960.46905787 130.65442372
962.96661884 195.59100909
904.27393592 206.83003348
900.52759445 181.85442372
949.23003348 84.44954567
882.88595974 37.29398649
