111.30190091 342.38587038
96.64541236 364.37060320
17.50037420 383.42403832
8.70648107 354.11106122
87.85151923 427.39350397
11.63777878 431.79045053
65.86678641 465.50037420
55.60724442 339.45457267
33.62251160 481.62251160
178.72174824 459.63777878
142.08052687 472.82861847
111.30190091 543.17976351
58.53854213 645.77518336
162.59961084 560.76754977
2.84388565 635.51564137
191.91258794 510.93548870
275.45457267 471.36296962
281.31716809 565.16449633
319.42403832 584.21793145
202.17212992 678.01945816
391.24083221 557.83625206
502.63014519 547.57671007
537.80571771 444.98129023
559.79045053 486.01945816
577.37823679 354.11106122
616.95075587 403.94312229
627.21029786 486.01945816
675.57671007 367.30190091
704.88968717 414.20266427
757.65304595 425.92785511
753.25609939 383.42403832
650.66067954 230.99655740
690.23319862 225.13396198
706.35533603 200.21793145
757.65304595 332.12632839
841.19503068 349.71411465
869.04235893 329.19503068
915.94312229 370.23319862
893.95838946 455.24083221
885.16449633 513.86678641
948.18739710 424.46220626
977.50037420 490.41640473
996.55380931 364.37060320
939.39350397 339.45457267
959.91258794 321.86678641
948.18739710 298.41640473
990.69121389 288.15686275
980.43167191 250.04999252
967.24083221 261.77518336
995.08816046 225.13396198
1017.07289328 216.34006885
1005.22556504 248.21793145
919.48510702 143.42403832
956.85915282 136.09579404
