18.44257703 394.67741069
120.64218564 342.07467096
93.58934807 309.01009171
159.71850658 301.49541460
204.80656920 286.46606040
179.25666705 388.66566901
237.87114846 348.08641265
13.93377077 286.46606040
51.50715629 253.40148114
19.94551245 251.89854572
27.46018956 181.26058094
63.53063965 190.27819347
116.13337938 161.72242048
117.63631480 137.67545374
778.92789993 417.22144200
706.78699973 348.08641265
754.88093320 339.06880012
606.09032654 339.06880012
595.56977860 394.67741069
407.70285100 370.63044396
379.14707801 421.73024826
344.57956333 325.54238134
373.13533633 304.50128545
410.70872184 277.44844787
427.24101147 263.92202909
370.12946548 241.37799777
379.14707801 160.21948505
401.69110932 154.20774337
430.24688231 188.77525805
455.79678447 179.75764552
491.86723457 170.74003300
499.38191167 196.28993515
494.87310541 230.85744983
538.45823261 223.34277273
448.28210736 221.83983730
541.46410345 146.69306627
600.07858486 185.76938721
627.13142243 185.76938721
582.04335981 259.41322282
681.23709758 220.33690188
721.81635394 200.79874141
705.28406431 158.71654963
762.39561030 220.33690188
783.43670619 212.82222478
793.95725413 191.78112889
824.01596255 200.79874141
804.47780208 272.93964161
669.21361421 272.93964161
869.10402517 232.36038525
951.76547331 286.46606040
951.76547331 315.02183339
1010.37995472 211.31928936
1020.90050267 241.37799777
963.78895668 233.86332067
962.28602126 206.81048310
855.57760639 501.38582556
790.95138329 569.01791950
744.36038525 629.13533633
291.97682361 170.74003300
347.58543417 134.66958290
335.56195081 127.15490580
266.42692145 113.62848701
210.81831089 146.69306627
195.78895668 157.21361421
243.88289014 196.28993515
225.84766509 235.36625609
185.26840873 181.26058094
192.78308584 203.80461226
161.22144200 182.76351637
164.22731284 140.68132458
63.53063965 118.13729327
40.98660834 100.10206822
43.99247918 151.20187253
4.91615824 143.68719543
13.93377077 82.06684318
296.30871090 207.69332628
403.72129831 204.62439521
708.56845116 214.85416544
1015.46155805 308.96805156
1011.36964996 355.00201759
130.58643317 134.03898063
116.26475485 128.92409551
74.32269691 111.53348612
46.70231729 137.10791170
57.69932029 170.93008952
36.72829132 176.04497463
997.04797164 333.51950011
828.25676284 245.54347613
231.11338448 107.18027412
259.79565873 135.00636107
316.30401994 122.80569218
333.21371893 176.74549151
371.31405338 187.01973900
382.87258181 193.01305004
421.82910355 166.47124402
462.28395305 162.61840121
533.56154502 157.48127746
466.35084268 143.14014034
689.81572562 178.02977244
632.23713030 296.82575907
644.65184602 258.08328415
743.54147813 248.66522395
908.14348482 287.19365204
15.14014034 109.53478917
52.38428749 83.63512361
54.09666208 66.51137780
4.86589285 118.95284937
89.62843465 115.52810020
139.28729753 104.18361860
86.84582596 156.19699652
99.47458850 168.39766542
19.42107679 127.30067545
39.96957178 115.74214703
56.66522395 441.52141124
