357.55946015 676.52049911
225.40361599 488.26075885
242.85816145 391.01400560
735.32569391 347.37764197
969.71530430 189.03997963
520.88413547 235.16984976
484.72829132 266.33868093
384.98803158 131.68933028
710.39062898 51.89712249
919.84517443 48.15686275
938.54647313 55.63738223
644.31270690 16.98803158
576.98803158 9.50751210
540.83218742 3.27374586
494.70231729 12.00101859
341.35166794 7.94907054
341.35166794 77.14387573
331.37764197 35.37764197
304.57244716 51.58543417
249.71530430 19.79322638
208.57244716 47.22179781
169.92309651 65.29971989
183.63738223 19.16984976
134.39062898 25.40361599
91.37764197 21.66335625
49.61140820 19.16984976
246.95284937 59.76890288
377.94950489 88.45117713
397.85585940 58.69866877
