88.43272481 746.55250703
223.63417672 664.31657236
358.83562863 582.08063770
349.07882282 526.32746166
357.44179922 466.39279741
542.82110957 529.11512046
768.62147255 614.13871392
894.06611864 602.98807872
947.03163588 338.16049251
783.95359596 357.67410412
736.56339632 392.51983915
662.69043806 373.00622754
346.29116402 205.74669941
404.83199886 189.02074659
400.65051066 147.20586456
379.74306964 131.87374115
389.49987545 95.63417672
464.76666311 166.71947618
439.67773389 176.47628198
485.67410412 195.98989360
509.36920394 208.53435821
700.32383189 177.87011138
719.83744351 148.59969396
749.10786093 161.14415857
595.78662681 115.14778833
604.14960322 98.42183552
839.70677200 94.24034732
870.37101882 119.32927654
994.42183552 144.41820576
980.48354151 92.84651792
969.33290630 46.85014768
970.72673570 21.76121846
809.27483008 35.35105512
826.00078289 2.59606420
853.18045621 2.59606420
863.63417672 15.14052881
881.75395893 3.98989360
891.51076474 24.89733461
856.66502971 34.65414042
881.05704423 56.95541084
905.44905875 84.13508416
924.26575567 59.74306964
936.81022028 34.65414042
951.44542899 20.71584641
954.93000249 13.04978471
933.32564677 18.62510231
917.99352336 22.10967581
918.69043806 8.86829650
732.26575567 7.99715313
709.61602790 8.69406783
692.54161774 10.08789723
691.84470304 24.72310594
672.67954877 14.96630013
668.84651792 3.11875022
658.04434006 9.39098253
650.72673570 5.20949432
637.48535639 5.20949432
629.81929469 5.20949432
631.21312409 13.57247073
671.28571937 28.20767944
674.42183552 50.16049251
685.22401338 68.62873207
659.08971211 59.91729832
637.13689904 63.75032917
581.49987545 87.61965766
567.21312409 84.48354151
592.99896801 77.86285186
592.30205331 55.21312409
601.36194441 52.42546529
620.17864133 45.45631828
610.07337817 38.83562863
623.66321483 63.92455784
524.00441265 70.54524750
494.73399523 55.21312409
503.79388634 52.42546529
509.36920394 49.63780648
498.91548343 37.44179922
512.15686275 25.59424931
543.51802427 34.65414042
547.35105512 28.38190812
564.07700794 45.10786093
564.42546529 30.82110957
578.01530195 33.95722572
581.84833280 43.01711683
598.22582826 13.74669941
586.02982100 13.04978471
617.04252518 24.20041991
622.96630013 11.30749795
251.68499342 40.83925839
255.69225294 41.71040177
259.52528380 35.61239814
254.99533824 27.77210775
278.86466674 27.07519305
278.51620939 50.77029287
283.04615494 61.92092808
288.79570122 62.61784278
277.29660866 61.92092808
299.42365040 57.73943988
302.73399523 46.41457599
312.14234369 50.77029287
334.44361411 26.37827835
355.17682645 23.06793353
364.23671755 30.90822391
361.79751610 51.98989360
357.09334187 53.73218035
367.19860503 48.33109142
345.42002064 57.73943988
338.97355966 54.42909505
381.83381374 55.82292445
391.24216220 40.66502971
400.30205331 20.97718942
390.89370485 15.75032917
383.92455784 15.75032917
409.18771574 31.25668126
413.36920394 24.28753425
420.86103697 12.96267037
422.08063770 28.81747980
425.91366855 16.96992990
405.18045621 63.31475748
412.67228924 68.71584641
456.40368670 65.49261592
462.67591901 53.29660866
474.52346892 63.75032917
488.81022028 42.84288815
469.64506601 38.31294260
481.84107327 30.99533824
483.58336002 23.67773389
486.37101882 12.52709868
473.82655422 9.39098253
484.28027472 2.77029287
459.88826020 18.45087363
457.10060140 25.07156329
446.29842354 32.73762500
460.23671755 44.58517490
431.31475748 40.75214405
426.78481193 31.34379559
433.05704423 27.51076474
441.59424931 18.71221665
436.54161774 12.61421302
448.04071030 15.75032917
448.38916765 11.39461229
444.73036547 5.99352336
453.09334187 3.20586456
457.62328743 6.86466674
465.63780648 8.08426746
477.65958507 1.98626383
487.93907690 2.33472118
492.99170848 1.11512046
514.24760685 13.13689904
507.45268852 15.57610049
503.61965766 13.65958507
515.29297890 20.45450340
549.96448525 5.64506601
557.80477563 12.96267037
558.85014768 4.77392264
566.69043806 3.20586456
570.87192627 2.68317853
590.73399523 4.42546529
597.35468489 5.12237999
521.36365595 302.83018942
304.63846810 28.83913699
318.76555840 33.44114368
278.84582596 32.58495639
273.70870221 35.58161191
409.41438783 14.23044134
400.85251492 12.08997311
406.20368549 13.05318382
416.79900321 41.73545806
408.23713030 49.86923733
425.68194636 139.82241458
456.29064201 287.19365204
385.01305004 203.07325070
531.95619385 35.42107679
499.31405338 9.41438783
427.60836776 83.10000656
437.45452161 60.83913699
423.11338448 43.92943800
379.66187947 78.39097646
547.26054167 3.31405338
526.92609351 1.49465539
593.92274903 17.54816709
610.19030756 14.65853499
554.85920388 50.29733097
526.28395305 58.00301659
470.20368549 21.72208014
559.46121057 208.42442127
615.11338448 187.44783264
567.16689619 122.37759853
981.34749820 587.07325070
931.26054167 122.05652830
953.09331759 50.77893632
937.25385271 45.64181258
904.50468883 54.41773231
819.95619385 90.59164535
789.13345137 34.29733097
