709.14387573 617.92309651
736.57244716 523.16984976
759.01400560 455.84517443
812.62439521 417.19582378
1004.62439521 297.50751210
832.57244716 262.59842119
858.75426534 170.33868093
568.26075885 287.53348612
922.33868093 100.52049911
1010.85816145 3.27374586
956.00101859 3.27374586
760.26075885 3.27374586
509.66335625 12.00101859
392.46855106 18.23478482
302.70231729 29.45556404
338.85816145 147.89712249
326.39062898 162.85816145
211.68933028 304.98803158
158.07894067 337.40361599
166.80621339 171.58543417
123.16984976 164.10491469
37.14387573 142.91010950
7.22179781 7.01400560
135.63738223 59.37764197
199.22179781 20.72829132
212.93608352 44.41660300
34.85816145 6.07894067
463.05396564 4.12089871
84.91940455 174.81907010
