86.07467096 735.84375120
31.96899582 675.72633437
39.48367292 481.84766509
12.43083535 430.74786079
236.36821304 528.43866314
337.06488623 507.39756725
356.60304670 391.67153985
433.25275316 378.14512106
585.04923065 481.84766509
676.72829132 444.27427957
930.72437742 293.98073750
978.81831089 227.85157899
833.03357507 227.85157899
828.52476881 146.69306627
754.88093320 167.73416216
870.60696059 134.66958290
932.22731284 167.73416216
963.78895668 106.11380991
936.73611911 92.58739112
1022.40343809 30.96703887
1011.88289014 12.93181382
951.76547331 15.93768466
840.54825218 21.94942635
837.54238134 9.92594298
799.96899582 64.03161813
799.96899582 103.10793907
756.38386862 80.56390775
648.17251832 112.12555159
732.33690188 38.48171597
655.68719543 6.92007214
634.64609954 18.94355550
571.52281186 17.44062008
551.98465139 76.05510149
557.99639308 91.08445570
592.56390775 107.61674533
592.56390775 86.57564944
559.49932850 167.73416216
412.21165727 157.21361421
370.12946548 169.23709758
373.13533633 235.36625609
344.57956333 254.90441656
252.90050267 245.88680404
257.40930893 170.74003300
203.30363378 151.20187253
165.73024826 227.85157899
158.21557116 295.48367292
53.01009171 265.42496451
34.97486666 309.01009171
3.41322282 241.37799777
65.03357507 199.29580599
10.92789993 140.68132458
30.46606040 127.15490580
25.95725413 91.08445570
4.91615824 38.48171597
13.93377077 17.44062008
31.96899582 21.94942635
57.51889797 5.41713672
57.51889797 53.51107018
80.06292928 85.07271402
173.24492537 55.01400560
156.71263574 74.55216607
216.83005257 92.58739112
282.95921108 59.52281186
290.47388819 41.48758682
377.64414259 95.59326196
373.13533633 71.54629523
355.10011128 18.94355550
409.20578642 8.42300756
415.21752811 95.59326196
409.20578642 76.05510149
499.38191167 74.55216607
512.90833046 49.00226392
520.42300756 17.44062008
547.47584513 2.41126588
254.40343809 59.52281186
633.14316411 32.46997429
159.48553407 60.96005955
80.71630330 100.34467493
63.32569391 8.78823138
69.97504456 15.94907054
80.20481479 16.97204756
31.10191769 8.78823138
23.42959002 12.88013947
366.12689272 10.83418542
466.89012948 21.57544416
461.77524436 15.94907054
468.93608352 62.49452508
506.27474486 46.63838123
508.83218742 20.04097863
501.15985975 12.36865096
496.04497463 3.67334626
298.61040920 12.36865096
274.05896065 69.65536424
139.53748213 14.92609351
123.68133827 14.41460500
308.32869092 28.73628332
327.25376584 137.17184776
348.73628332 108.52849112
316.00101859 203.66535425
437.47954007 7.25376584
434.92209751 23.62139821
420.60041919 23.62139821
428.27274686 45.61540420
436.45656304 57.37963997
389.39961999 48.17284676
399.62939022 58.91410550
280.96405555 39.98903058
675.32169791 25.15586374
687.59742219 25.15586374
707.54547413 52.26475485
327.50951010 79.37364596
300.40061899 60.96005955
279.42959002 4.18483477
252.83218742 1.62739222
567.65336624 136.14887074
923.13788173 20.55246714
863.29372588 23.62139821
1004.20881080 81.86715246
1013.41560400 133.01600360
88.34415371 362.53813365
101.18696308 178.02977244
152.13010689 175.03311693
161.76221392 98.83244803
173.32074234 99.68863532
118.52475572 71.86254836
124.08997311 72.71873565
66.72542462 89.20034101
55.80903666 81.92274903
107.82241458 65.44114368
45.32074234 105.25385271
87.70201325 7.64850154
134.36422060 4.65184602
151.70201325 11.07325070
154.69866877 7.22040790
123.01973900 33.76221392
127.08662863 27.55485606
132.43779920 45.10669552
140.35753164 48.53144468
162.83244803 43.39432094
214.63177913 38.89933766
238.17692963 34.19030756
429.32074234 68.97291626
405.77559184 97.44114368
471.05987278 82.67191291
488.61171224 53.34749820
487.96957178 23.16689619
474.05652830 2.83244803
183.80903666 113.92274903
381.80234769 22.31070890
368.95953833 32.79900321
348.83913699 60.19699652
330.85920388 5.40100990
309.02642796 4.33077579
324.22375238 5.02642796
341.34749820 2.02977244
253.26723064 30.92609351
693.24047479 86.95284937
747.82241458 53.77559184
748.67860188 40.50468883
758.09666208 33.65519050
791.27391960 129.33412027
563.31405338 126.55151157
834.93947144 104.93278248
823.59498984 7.32743131
852.70535773 2.83244803
739.47458850 210.56488950
795.55485606 256.79900321
748.89264870 330.43111024
873.03980589 334.71204669
960.15686275 14.17692963
949.66856843 75.60836776
938.32408683 51.42107679
992.26388616 30.87258181
1001.89599318 30.44448816
980.06321726 45.42776576
682.21706341 2.67191291
674.08328415 1.28060856
706.51137780 1.92274903
722.35084268 43.28729753
684.46455505 58.27057512
549.82910355 19.31405338
242.45786609 16.31739786
279.27391960 99.90268214
291.90268214 100.97291626
261.93612696 82.99298315
