14.70231729 523.16984976
165.55946015 551.84517443
212.93608352 501.97504456
136.88413547 452.10491469
215.42959002 327.42959002
239.11790171 357.35166794
276.52049911 322.44257703
366.28673287 326.18283677
436.10491469 356.10491469
458.54647313 565.55946015
664.26075885 373.55946015
767.74127833 418.44257703
796.41660300 384.78023937
831.32569391 344.88413547
864.98803158 280.05296664
956.00101859 377.29971989
797.66335625 253.87114846
802.65036924 222.70231729
747.79322638 238.91010950
702.91010950 257.61140820
689.19582378 222.70231729
730.33868093 213.97504456
694.18283677 172.83218742
4.31270690 184.36465495
4.31270690 171.27374586
44.20881080 146.96205755
34.23478482 151.32569391
51.06595365 161.29971989
53.55946015 141.97504456
53.55946015 141.97504456
65.40361599 146.33868093
64.15686275 135.11790171
88.46855106 156.93608352
92.20881080 156.93608352
88.46855106 141.35166794
97.19582378 138.23478482
107.79322638 128.26075885
114.65036924 129.50751210
121.50751210 138.23478482
125.24777184 128.26075885
28.62439521 112.67634326
42.33868093 106.44257703
47.32569391 103.32569391
51.06595365 103.94907054
54.80621339 99.58543417
62.28673287 96.46855106
75.37764197 96.46855106
73.50751210 89.61140820
440.67634326 216.15686275
474.33868093 208.67634326
337.19582378 160.05296664
307.89712249 151.32569391
268.62439521 201.19582378
352.78023937 159.42959002
362.75426534 160.05296664
58.33868093 136.20881080
72.67634326 112.20881080
90.44257703 102.85816145
92.31270690 93.50751210
92.93608352 81.03997963
108.20881080 103.16984976
109.14387573 117.50751210
95.11790171 124.05296664
128.78023937 116.57244716
154.02699262 114.39062898
165.87114846 134.02699262
140.93608352 142.44257703
149.97504456 153.03997963
176.46855106 157.40361599
166.18283677 181.40361599
208.26075885 177.03997963
219.79322638 126.23478482
249.71530430 124.98803158
192.05296664 124.67634326
184.88413547 111.58543417
191.42959002 82.91010950
208.26075885 92.57244716
225.71530430 93.81920041
230.39062898 76.05296664
240.67634326 78.85816145
247.84517443 74.80621339
242.54647313 61.09192768
220.10491469 58.28673287
212.93608352 59.53348612
200.15686275 60.46855106
194.23478482 62.02699262
228.83218742 55.16984976
233.81920041 51.74127833
238.80621339 52.36465495
245.35166794 52.36465495
249.09192768 49.55946015
252.83218742 51.74127833
252.83218742 51.74127833
258.44257703 69.81920041
266.85816145 78.54647313
297.09192768 66.70231729
290.54647313 124.05296664
260.93608352 130.59842119
274.33868093 164.88413547
385.29971989 128.72829132
388.41660300 113.76725236
394.96205755 105.35166794
394.02699262 87.89712249
329.81920041 66.39062898
315.48153807 54.54647313
321.71530430 51.74127833
331.37764197 53.29971989
288.98803158 54.85816145
282.13088872 56.10491469
272.78023937 55.48153807
266.85816145 47.68933028
273.71530430 43.01400560
276.52049911 39.27374586
271.84517443 44.88413547
296.15686275 43.32569391
284.31270690 43.63738223
298.96205755 52.05296664
294.91010950 48.31270690
288.67634326 49.55946015
308.93608352 50.49452508
313.61140820 45.81920041
310.49452508 39.58543417
308.31270690 33.66335625
304.57244716 33.66335625
301.14387573 33.03997963
305.81920041 27.11790171
312.98803158 29.92309651
319.53348612 27.74127833
322.96205755 26.18283677
327.01400560 36.46855106
332.62439521 26.49452508
332.31270690 23.06595365
339.16984976 31.79322638
343.53348612 28.36465495
343.53348612 24.00101859
347.27374586 25.87114846
349.14387573 24.00101859
367.53348612 58.28673287
365.35166794 46.75426534
419.89712249 86.33868093
430.49452508 62.65036924
408.67634326 62.33868093
389.66335625 61.09192768
393.71530430 54.23478482
398.70231729 45.50751210
414.59842119 46.75426534
423.94907054 41.45556404
433.61140820 49.24777184
423.94907054 55.48153807
419.27374586 56.72829132
369.55946015 26.88413547
360.05296664 19.55946015
361.92309651 15.50751210
364.57244716 17.68933028
373.29971989 17.68933028
374.23478482 15.50751210
378.44257703 19.24777184
377.19582378 14.26075885
382.18283677 10.52049911
386.23478482 10.36465495
387.79322638 12.70231729
390.28673287 10.98803158
392.62439521 9.74127833
393.55946015 7.55946015
396.20881080 13.63738223
399.01400560 10.83218742
407.58543417 20.80621339
443.27374586 47.92309651
440.31270690 11.45556404
424.10491469 7.87114846
412.10491469 2.72829132
418.33868093 1.63738223
406.96205755 4.91010950
400.57244716 3.81920041
403.37764197 2.72829132
441.87114846 7.87114846
434.39062898 4.28673287
437.66335625 4.28673287
453.09192768 7.55946015
453.87114846 14.10491469
461.35166794 15.97504456
407.42959002 12.70231729
466.96205755 62.65036924
502.49452508 109.40361599
442.65036924 106.59842119
451.68933028 91.63738223
484.72829132 53.92309651
503.74127833 53.29971989
548.00101859 44.88413547
543.94907054 15.58543417
555.16984976 23.68933028
572.93608352 19.32569391
581.97504456 41.14387573
473.50751210 14.02699262
477.87114846 13.40361599
481.92309651 1.87114846
497.81920041 1.87114846
507.48153807 11.22179781
504.36465495 13.09192768
492.52049911 17.14387573
424.26075885 2.18283677
420.52049911 2.18283677
415.84517443 2.18283677
509.66335625 32.41660300
499.37764197 30.23478482
492.83218742 35.84517443
515.89712249 7.48153807
526.80621339 17.45556404
523.06595365 18.39062898
563.58543417 60.78023937
575.74127833 101.61140820
551.74127833 121.24777184
551.74127833 150.23478482
562.02699262 146.49452508
551.42959002 136.20881080
506.23478482 156.78023937
574.18283677 91.94907054
583.22179781 94.44257703
590.39062898 85.09192768
583.84517443 79.79322638
567.01400560 40.20881080
737.50751210 10.59842119
733.45556404 7.48153807
632.15686275 7.79322638
592.26075885 182.65036924
552.98803158 186.07894067
616.26075885 181.40361599
656.15686275 179.22179781
617.81920041 59.84517443
610.65036924 53.61140820
616.88413547 43.01400560
621.87114846 32.10491469
619.37764197 27.42959002
654.59842119 22.75426534
641.19582378 3.11790171
521.81920041 190.44257703
519.63738223 175.79322638
531.79322638 183.89712249
546.75426534 168.31270690
852.52049911 79.48153807
867.16984976 105.03997963
984.05296664 111.89712249
888.67634326 23.06595365
902.70231729 17.76725236
922.02699262 40.52049911
926.70231729 30.23478482
939.16984976 31.48153807
941.66335625 35.84517443
954.44257703 28.36465495
977.50751210 45.50751210
993.09192768 33.97504456
1010.23478482 37.09192768
820.17024067 0.69197980
