189.48535639 689.40550158
310.74851429 714.49443080
501.70314224 598.80659051
425.04252518 498.45087363
346.98807872 317.25305149
82.16049251 476.14960322
122.58154514 391.12600975
161.60876837 293.55795167
160.21493897 235.01711683
202.02982100 194.59606420
303.77936728 177.87011138
765.13689904 494.26938543
1014.63236184 621.10786093
709.38372300 405.06430376
625.75395893 336.76666311
802.77029287 283.80114587
862.70495712 289.37646347
924.03345077 172.29479378
798.58880467 137.44905875
699.62691719 136.05522935
613.20949432 137.44905875
610.42183552 81.69588271
710.77755240 30.12419487
866.88644532 23.15504786
419.46720757 5.03526565
333.04978471 9.21675385
233.73943988 12.35287000
276.25123661 5.38372300
279.03889541 53.47083734
258.13145440 32.56339632
