120.23025724 580.12016550
45.36787192 401.33117467
270.83576183 385.47796366
330.72567008 354.65227559
287.56970678 397.80823889
263.78989027 483.23943155
265.55135816 287.71649577
188.92750495 256.89080770
147.60640403 276.81741320
485.73484440 525.51466091
492.78071596 602.13851412
579.09264256 602.13851412
682.13851412 694.61557834
683.01924807 546.65227559
651.31282605 417.18438568
617.84493614 308.85411045
448.74401871 373.14768843
404.70732146 374.02842238
788.70732146 537.84493614
836.26695449 676.12016550
967.49631229 507.01924807
953.40456917 458.57888109
832.74401871 417.18438568
811.60640403 425.99172513
776.52383522 208.78071596
851.82658752 243.34952330
849.84493614 258.76236733
880.67062421 262.72567008
868.56053247 299.71649577
812.63392697 274.61557834
761.11099119 271.97337651
758.90915632 263.60640403
752.52383522 294.87245908
918.17521137 292.67062421
948.34034898 270.43209210
1012.19355999 312.48713797
985.99172513 235.20273430
961.11099119 260.30365174
954.06511963 244.89080770
933.80823889 250.61557834
923.89998201 233.44126641
967.71649577 220.89080770
973.00089944 232.56053247
986.65227559 225.73484440
997.00089944 227.49631229
1015.93667926 240.92750495
990.83576183 153.95502788
1009.33117467 182.57888109
1001.18438568 171.34952330
995.67979852 172.45044073
1022.98255082 160.78071596
846.61557834 186.76236733
352.74401871 601.25778018
954.28530311 336.15686275
985.11099119 302.68897284
340.91940455 283.12676241
