510.91010950 644.10491469
751.53348612 631.63738223
851.27374586 505.71530430
58.33868093 364.83218742
205.45556404 449.61140820
387.48153807 484.52049911
608.15686275 288.78023937
494.70231729 301.24777184
434.85816145 273.81920041
343.84517443 154.13088872
322.65036924 121.71530430
252.83218742 120.46855106
229.14387573 111.74127833
215.42959002 81.81920041
221.66335625 53.14387573
166.80621339 59.37764197
128.15686275 65.61140820
95.74127833 90.54647313
18.44257703 116.72829132
63.32569391 20.72829132
17.19582378 24.46855106
75.79322638 3.27374586
124.41660300 12.00101859
105.71530430 29.45556404
204.20881080 29.45556404
261.55946015 21.97504456
285.24777184 46.91010950
310.18283677 64.36465495
370.02699262 76.83218742
326.39062898 12.00101859
459.79322638 134.18283677
591.94907054 110.49452508
613.14387573 177.81920041
574.49452508 217.71530430
1018.33868093 250.13088872
972.20881080 182.80621339
1023.32569391 187.79322638
953.50751210 59.37764197
892.41660300 116.72829132
898.65036924 48.15686275
942.28673287 9.50751210
995.89712249 12.00101859
798.91010950 33.19582378
760.26075885 29.45556404
762.75426534 3.27374586
724.10491469 12.00101859
666.75426534 20.72829132
554.54647313 18.23478482
613.14387573 3.27374586
518.39062898 33.19582378
508.41660300 55.63738223
488.46855106 25.71530430
433.61140820 3.27374586
387.48153807 44.41660300
282.75426534 0.78023937
352.57244716 15.74127833
367.53348612 33.19582378
276.52049911 20.72829132
58.33868093 3.27374586
161.81920041 367.01400560
153.71530430 312.15686275
153.71530430 234.85816145
172.41660300 180.00101859
257.81920041 252.31270690
287.74127833 234.85816145
236.00101859 3.58543417
481.61140820 6.70231729
384.36465495 3.58543417
69.55946015 253.87114846
79.53348612 231.42959002
8.46855106 322.44257703
818.85816145 4.52049911
936.69232728 261.91110850
273.80321639 731.45756205
178.66635325 592.33268692
616.50051909 53.22379581
688.10891070 94.14287673
696.29272688 128.92409551
