69.12876357 539.02628423
177.02959002 616.46099498
336.97669746 547.91223465
315.39653217 360.03785448
274.77504456 412.08413547
480.42132556 674.85438341
555.31719332 436.20314374
555.31719332 393.04281316
698.76182142 461.59157349
701.30066440 570.76182142
744.46099498 533.94859828
826.97339167 485.71058175
750.80810241 366.38496192
362.36512721 297.83620159
202.41801977 202.62959002
375.05934208 280.06430076
401.71719332 302.91388754
479.15190407 309.26099498
569.28082969 291.48909415
509.61801977 252.13702803
515.96512721 231.82628423
548.97008589 210.24611894
599.74694539 273.71719332
929.79653217 440.01140820
849.82297845 319.41636688
785.08248258 292.75851564
766.04116027 273.71719332
702.57008589 236.90397018
668.29570572 217.86264787
608.63289580 175.97173878
950.10727597 367.65438341
975.49570572 340.99653217
985.65107762 281.33372225
1009.77008589 285.14198671
1012.30892886 398.12049911
887.90562308 184.85768919
964.07091233 195.01306109
1017.38661481 221.67091233
778.73537514 208.97669746
825.70397018 272.44777184
814.27917679 276.25603630
834.58992060 253.40644952
331.89901151 259.75355696
387.75355696 235.63454870
286.19983795 189.93537514
302.70231729 183.58826770
317.93537514 186.12711068
318.35851564 157.24777184
214.26595365 169.30727597
98.74859828 154.07421812
117.78992060 148.36182142
101.28744126 117.89570572
87.32380489 112.81801977
93.03620159 105.20149084
65.74363960 98.21967266
54.95355696 96.31554043
11.79322638 105.83620159
11.79322638 89.96843299
10.52380489 74.73537514
42.25934208 78.54363960
49.87587101 76.63950737
53.68413547 84.89074704
67.64777184 79.81306109
73.36016853 69.02297845
33.37339167 62.67587101
6.71554043 61.40644952
30.83454870 42.99983795
40.35520985 39.19157349
51.78000324 40.46099498
44.16347432 61.40644952
59.39653217 53.78992060
101.28744126 79.81306109
126.04116027 97.58496192
107.63454870 93.14198671
160.95025117 112.81801977
201.57173878 112.81801977
108.26925944 61.40644952
119.05934208 62.67587101
133.02297845 72.83124291
116.52049911 46.17339167
78.43785448 41.09570572
71.45603630 33.47917679
61.30066440 36.01801977
144.44777184 61.40644952
135.56182142 56.96347432
131.11884622 49.34694539
50.72215200 30.78165613
4.38826770 75.84611894
59.29074704 30.78165613
124.98330903 42.52380489
134.18661481 43.15851564
141.16843299 46.01471398
146.88082969 52.36182142
158.62297845 58.39157349
159.25768919 86.00149084
175.12545779 86.31884622
170.36512721 55.53537514
165.92215200 44.11058175
170.36512721 38.08082969
140.85107762 5.71058175
181.78992060 10.15355696
184.01140820 18.08744126
194.48413547 12.05768919
206.22628423 7.29735861
210.03454870 17.45273051
222.09405283 25.06925944
230.02793713 37.12876357
229.07587101 6.66264787
240.18330903 5.39322638
214.47752390 57.43950737
196.07091233 48.23620159
184.64611894 56.80479663
175.76016853 56.17008589
178.93372225 50.14033382
201.78330903 61.56512721
200.19653217 52.67917679
204.95686275 56.17008589
204.00479663 49.50562308
210.35190407 51.40975531
212.25603630 66.00810241
210.98661481 93.93537514
243.03950737 98.37835035
225.90231729 71.08578836
222.41140820 59.66099498
230.02793713 59.34363960
246.84777184 57.12215200
218.92049911 68.54694539
258.69570572 110.59653217
252.66595365 90.28578836
259.64777184 71.24446605
267.26430076 75.05273051
280.59322638 76.00479663
277.10231729 51.88578836
251.71388754 14.12049911
257.10892886 13.48578836
287.89239994 25.54529250
297.09570572 40.46099498
295.50892886 50.29901151
295.82628423 57.59818506
282.49735861 101.71058175
303.76016853 141.38000324
329.78330903 137.57173878
353.90231729 152.48744126
336.44777184 124.56016853
318.35851564 111.54859828
307.88578836 101.07587101
306.93372225 79.17835035
302.80810241 77.90892886
308.20314374 64.89735861
304.71223465 53.78992060
314.23289580 46.80810241
312.96347432 56.96347432
320.89735861 42.36512721
327.24446605 44.90397018
330.10066440 54.74198671
342.16016853 57.28082969
358.34529250 51.88578836
365.00975531 43.95190407
391.03289580 44.90397018
410.39157349 47.76016853
407.85273051 61.72380489
394.20644952 82.03454870
406.90066440 89.01636688
418.64281316 82.98661481
382.46430076 113.77008589
378.02132556 125.19487927
374.84777184 136.61967266
426.25934208 122.33868093
438.31884622 122.97339167
447.83950737 129.95520985
453.23454870 136.93702803
476.08413547 142.33206936
485.60479663 167.08578836
491.63454870 144.23620159
457.67752390 101.07587101
464.34198671 95.68082969
449.42628423 97.90231729
323.43620159 76.63950737
331.05273051 109.96182142
344.06430076 119.16512721
326.29239994 99.80644952
510.67587101 173.75025117
517.65768919 142.01471398
514.48413547 124.24281316
525.27421812 103.29735861
497.98165613 93.77669746
535.42959002 99.48909415
525.27421812 83.62132556
553.83620159 133.12876357
566.53041646 133.76347432
561.45273051 147.09239994
589.38000324 140.11058175
591.60149084 74.89405283
581.12876357 72.98992060
585.88909415 72.35520985
588.42793713 62.83454870
597.63124291 67.91223465
600.17008589 74.57669746
599.85273051 50.45768919
583.03289580 53.31388754
585.88909415 54.90066440
596.36182142 52.04446605
603.02628423 53.31388754
604.29570572 47.91884622
629.04942473 99.01306109
623.97173878 73.30727597
607.78661481 63.15190407
631.90562308 60.93041646
640.47421812 72.98992060
656.97669746 123.44942473
609.05603630 162.48413547
663.32380489 118.68909415
659.19818506 99.33041646
666.81471398 109.48578836
678.87421812 96.79157349
669.67091233 71.40314374
660.46760655 46.01471398
650.31223465 52.67917679
633.49239994 49.18826770
654.43785448 61.56512721
667.13206936 45.38000324
671.89239994 63.78661481
677.92215200 46.64942473
684.26925944 41.57173878
685.22132556 67.59487927
693.47256522 68.86430076
707.11884622 71.08578836
708.70562308 104.09074704
702.04116027 121.54529250
718.22628423 105.99487927
728.69901151 109.48578836
728.69901151 122.81471398
719.81306109 71.72049911
736.63289580 117.73702803
638.41140820 47.04611894
645.39322638 53.71058175
648.72545779 47.68082969
672.36843299 46.57008589
628.41471398 47.04611894
617.78330903 51.96512721
722.03454870 46.64942473
719.49570572 47.91884622
727.11223465 47.28413547
746.15355696 48.55355696
739.48909415 76.48082969
740.12380489 107.26430076
745.83620159 109.48578836
750.91388754 118.05438341
760.11719332 118.05438341
764.24281316 96.47421812
768.68578836 88.85768919
766.14694539 76.79818506
534.16016853 132.49405283
796.29570572 141.38000324
807.72049911 176.28909415
817.24116027 169.94198671
828.66595365 183.27091233
834.37835035 168.03785448
845.16843299 177.55851564
816.60644952 135.03289580
814.70231729 124.24281316
772.81140820 101.39322638
775.98496192 91.23785448
777.25438341 84.89074704
881.34694539 141.38000324
790.26595365 99.96512721
794.39157349 88.22297845
789.63124291 66.64281316
808.35520985 63.46925944
809.30727597 58.39157349
821.04942473 61.24777184
827.71388754 62.51719332
816.28909415 81.24116027
823.27091233 86.63620159
829.93537514 109.80314374
830.88744126 133.28744126
838.18661481 130.74859828
859.44942473 123.13206936
842.94694539 89.17504456
835.64777184 67.27752390
846.75520985 65.37339167
847.70727597 68.86430076
866.74859828 65.37339167
886.42463134 75.52876357
884.20314374 64.10397018
890.23289580 63.46925944
902.29239994 96.47421812
908.32215200 84.41471398
908.95686275 73.94198671
902.60975531 67.59487927
905.78330903 68.22959002
908.63950737 68.54694539
908.63950737 53.63124291
915.62132556 54.26595365
921.01636688 63.15190407
922.60314374 55.85273051
919.74694539 52.04446605
917.52545779 46.96678010
920.06430076 46.96678010
922.92049911 48.87091233
852.46760655 90.44446605
861.35355696 92.03124291
867.06595365 94.57008589
889.91554043 128.20975531
899.43620159 128.20975531
910.54363960 144.39487927
916.89074704 137.09570572
919.11223465 132.65273051
925.77669746 113.29405283
922.28578836 70.45107762
949.26099498 78.06760655
958.14694539 68.54694539
939.74033382 109.16843299
935.29735861 139.31719332
940.37504456 143.12545779
968.61967266 129.79653217
973.06264787 147.25107762
954.97339167 184.69901151
994.32545779 160.26264787
991.15190407 139.31719332
995.59487927 121.54529250
986.70892886 106.31223465
1006.70231729 121.22793713
1005.75025117 145.34694539
964.49405283 191.04611894
967.66760655 180.89074704
913.71719332 46.64942473
928.63289580 49.82297845
930.53702803 53.94859828
935.61471398 52.67917679
963.54198671 68.22959002
629.15520985 49.82297845
622.49074704 46.96678010
925.48127746 50.99298315
929.86923733 57.62843465
