18.04434006 386.94452155
82.16049251 233.62328743
225.72492082 257.31838725
275.90277926 307.49624569
384.62147255 278.22582826
497.52165403 353.49261592
503.09697164 294.95178108
639.69225294 342.34198071
766.53072844 437.12237999
926.82110957 622.50169033
950.51620939 582.08063770
919.85196256 367.43090993
751.19860503 268.46902245
755.38009324 182.05159959
799.98263407 184.83925839
737.26031102 159.75032917
610.42183552 140.23671755
472.43272481 165.32564677
178.33472118 159.75032917
199.24216220 120.72310594
260.57065585 110.96630013
413.89188997 91.45268852
522.61058325 91.45268852
16.06974841 152.43272481
61.36920394 141.97900431
108.06248888 129.43453970
171.48172663 139.19134550
177.75395893 114.79933098
191.69225294 92.49806057
214.69043806 91.10423117
262.77755240 58.34924024
289.95722572 44.41094623
324.10604605 31.16956692
19.55432191 46.50169033
59.27845984 89.71040177
58.58154514 78.55976656
80.88281556 73.68136365
105.97174478 63.22764314
119.91003879 56.95541084
131.06067400 55.56158144
154.05885912 43.71403153
164.51257962 40.92637273
177.05704423 4.68680830
188.90459414 4.68680830
207.02437636 24.20041991
227.23490267 20.01893171
229.84833280 31.69225294
305.28934913 4.68680830
336.65051066 7.47446710
405.81929469 20.54161774
880.01167218 78.55976656
922.52346892 72.98444895
985.24579196 132.22219850
1002.66865948 60.43998434
1012.42546529 38.83562863
978.97355966 19.32201701
969.21675385 8.17138180
986.63962137 3.29297890
904.40368670 49.98626383
879.31475748 45.80477563
870.95178108 29.77573752
921.12963951 4.68680830
841.68136365 21.41276111
788.71584641 17.92818761
809.62328743 6.77755240
800.56339632 6.77755240
759.44542899 29.77573752
723.20586456 76.46902245
714.14597345 68.80296075
620.06248888 13.04978471
653.51439451 37.44179922
649.33290630 19.32201701
675.11875022 6.77755240
702.29842354 29.07882282
712.75214405 21.41276111
758.74851429 12.35287000
741.84833280 18.10241628
729.30386819 7.64869578
700.73036547 9.04252518
538.46539269 34.47991175
565.29660866 18.45087363
576.44724387 4.16412227
556.58517490 13.22401338
518.60332373 16.01167218
504.31657236 34.13145440
479.22764314 11.13326928
486.19679015 15.66321483
443.33653607 9.73943988
322.07337817 168.63599160
344.77224736 1.97626074
