908.70132735 717.28208961
944.94089178 566.74851429
897.55069215 395.30749795
747.01711683 331.19134550
893.36920394 237.80477563
995.11875022 147.20586456
936.57791538 116.54161774
851.55432191 191.80840539
911.48898616 87.27120031
879.43090993 24.54887726
904.51983915 20.36738906
822.28390449 81.69588271
614.60332373 237.80477563
742.83562863 117.93544714
161.60876837 208.53435821
252.20767944 264.28753425
16.65051066 209.92818761
82.16049251 145.81203516
228.51257962 214.10967581
263.35831465 175.08245258
359.53254333 176.47628198
338.62510231 117.93544714
884.89007509 76.46902245
804.74488452 49.98626383
797.77573752 34.65414042
822.86466674 19.32201701
727.38735276 8.17138180
745.50713498 53.47083734
729.47809686 58.34924024
709.96448525 53.47083734
653.51439451 78.55976656
648.63599160 11.65595530
575.45994804 68.80296075
542.70495712 99.46720757
542.70495712 123.85922209
499.26394079 60.43998434
496.47628198 105.04252518
449.08608235 56.95541084
470.69043806 10.26212590
368.24397708 33.95722572
343.85196256 42.32020213
332.00441265 85.52891356
295.76484823 105.73943988
180.07700794 83.43816946
27.91729832 61.83381374
69.03526565 36.04796982
118.51620939 16.53435821
92.73036547 76.46902245
47.43090993 127.34379559
4.22219850 117.58698979
6.31294260 163.58336002
131.06067400 176.82473933
158.24034732 184.49080104
220.18444895 7.43962137
