964.83627782 467.66642405
926.82502922 309.86214958
933.73616533 215.40995611
965.98813384 117.50219458
826.61355566 162.42457928
809.33571539 233.83965240
828.91726769 316.77328569
721.79465802 373.21423057
618.12761640 397.40320695
484.51231831 377.82165465
496.03087849 287.97688524
391.21198086 319.07699773
332.46732394 319.07699773
292.15236331 365.15123845
249.53369064 396.25135093
276.02637906 245.35821258
301.36721145 176.24685150
363.56743642 186.61355566
443.04550167 210.80253204
489.11974239 182.00613159
551.31996736 157.81715521
584.72379188 193.52469177
618.12761640 236.14336443
659.59443305 244.20635656
749.43920245 206.19510796
819.70241955 114.04662652
756.35033856 109.43920245
701.06124970 147.45045105
724.09837006 55.30196961
777.08374688 23.05000110
734.46507422 10.37958490
641.16473676 50.69454553
611.21648029 6.92401685
598.54606409 12.68329694
605.45720020 63.36496173
582.42007984 72.57980988
536.34583912 61.06124970
540.95326320 25.35371314
507.54943867 48.39083350
537.49769514 110.59105847
453.41220583 153.20973114
454.56406185 119.80590661
493.72716646 76.03537793
461.47519795 54.15011359
436.13436556 71.42795386
421.16023732 61.06124970
478.75303822 25.35371314
455.71591786 12.68329694
370.47857253 122.10961865
391.21198086 80.64280200
367.02300448 51.84640155
385.45270077 25.35371314
361.26372439 17.29072101
375.08599660 4.62030481
340.53031606 33.41670526
330.16361190 11.53144092
320.94876376 19.59443305
305.97463552 32.26484925
294.45607534 31.11299323
291.00050729 40.32784137
267.96338693 40.32784137
272.57081100 16.13886499
354.35258828 88.70579413
326.70804385 131.32446679
304.82277951 99.07249829
126.28509672 325.98813384
127.43695273 277.61018108
219.58543417 191.22097973
231.10399435 154.36158715
217.28172214 70.27609784
197.70016983 52.99825757
186.18160965 96.76878625
144.71479300 94.46507422
130.89252079 130.17261078
105.55168839 192.37283575
81.36271201 171.63942742
39.89589537 183.15798760
42.19960740 150.90601910
28.37733519 79.49094598
51.41445555 74.88352191
74.45157591 87.55393811
97.48869627 84.09837006
20.31434306 46.08712146
72.14786387 48.39083350
109.00725645 24.20185712
134.34808884 42.63155341
142.41108097 31.11299323
150.47407309 17.29072101
166.60005735 11.53144092
22.61805510 23.05000110
59.47744767 41.47969739
214.97801010 23.05000110
225.34471426 19.59443305
202.30759390 2.31659278
185.02975363 4.62030481
438.43807759 4.62030481
418.85652529 3.46844880
409.64167714 18.44257703
413.09724520 41.47969739
241.47069852 41.47969739
229.95213834 48.39083350
95.18498423 62.21310571
61.78115971 62.21310571
15.70691899 253.42120470
179.27047354 167.03200335
686.08712146 320.22885375
296.75978738 9.22772889
250.68554666 8.07587287
180.42232956 71.42795386
143.56293699 65.66867377
77.90714396 148.60230706
102.09612034 147.45045105
692.99825757 3.46844880
58.08293667 19.68933028
85.44757204 8.69232728
117.41560400 6.39062898
100.53648312 0.76425535
148.36065895 2.04297663
240.94007953 29.15186774
251.93708253 23.78123837
151.42959002 53.19182778
180.84017943 39.89312648
166.00701260 27.87314646
189.02399561 26.08293667
185.95506454 13.80721240
12.81620340 30.43058902
2.58643317 17.13188772
13.58343617 17.38763198
495.78923038 25.05995965
486.83818143 3.32169791
501.15985975 1.27574386
576.34867094 3.57744217
654.86215745 4.34467493
484.02499461 125.82319641
799.86915046 223.35766195
539.26575385 3.67334626
215.49352608 13.39162798
393.57492295 128.37090957
438.09666208 41.89599318
96.69197980 21.34749820
83.20702997 28.41104335
46.60502328 31.83579251
205.21371893 20.70535773
34.83244803 48.95953833
9.36087612 44.46455505
2.72542462 121.30736442
13.42776576 86.63177913
48.74549151 44.35753164
93.05318382 43.92943800
105.46789953 62.97960522
156.62509017 63.40769887
166.47124402 41.78896977
462.49799987 104.39766542
575.08662863 139.07325070
657.28060856 92.83913699
709.93612696 83.42107679
398.06990622 19.52810020
400.63846810 5.82910355
392.50468883 5.18696308
516.22375238 32.79900321
524.35753164 21.88261525
242.88595974 66.83244803
135.00636107 116.49131091
176.31739786 117.98963866
244.59833432 83.74214703
251.44783264 110.28395305
287.19365204 205.42776576
