454.31294260 625.28934913
882.21856873 734.00804242
964.45450340 742.37101882
107.24942173 534.69043806
143.48898616 498.45087363
66.82836910 437.12237999
45.92092808 385.55069215
83.55432191 393.91366855
146.27664496 417.60876837
211.20586456 361.85559233
186.81385004 289.37646347
143.60513861 248.25849614
219.56884097 280.31657236
232.11330558 283.80114587
230.02256147 223.86648162
343.61965766 387.64143625
287.86648162 357.67410412
290.65414042 343.73581011
343.61965766 294.95178108
377.76847799 271.95359596
399.37283371 328.40368670
446.06611864 362.55250703
497.63780648 319.34379559
257.20223480 258.71221665
247.44542899 277.52891356
278.10967581 260.80296075
286.47265222 240.59243443
304.59243443 237.80477563
550.37101882 314.46539269
588.70132735 306.79933098
618.66865948 323.52528380
632.60695349 325.61602790
641.66684460 314.46539269
638.18227109 405.06430376
676.51257962 338.16049251
700.90459414 373.70314224
721.81203516 365.34016583
740.62873207 345.12963951
812.41094623 333.28208961
808.92637273 264.28753425
840.28753425 304.01167218
852.13508416 328.40368670
880.70858688 321.43453970
893.25305149 343.73581011
880.70858688 383.45994804
926.70495712 347.91729832
955.27845984 350.70495712
946.91548343 251.74306964
942.73399523 228.74488452
965.73218035 246.86466674
960.15686275 196.68680830
1020.09152699 198.08063770
8.28753425 430.15323298
