135.74204793 593.22352941
97.81612200 743.97908497
119.62352941 756.30501089
154.70501089 714.58649237
144.27538126 689.93464052
397.43093682 755.35686275
487.50501089 715.53464052
571.89019608 715.53464052
463.80130719 677.60871460
488.45315904 651.06056645
387.94945534 620.71982571
286.49760349 635.89019608
230.55686275 647.26797386
387.94945534 513.57908497
423.97908497 485.13464052
437.25315904 473.75686275
437.25315904 523.06056645
460.95686275 534.43834423
470.43834423 558.14204793
629.72723312 533.49019608
598.43834423 514.52723312
632.57167756 502.20130719
661.96427015 513.57908497
679.03093682 483.23834423
689.46056645 454.79389978
738.76427015 498.40871460
781.43093682 505.99389978
773.84575163 463.32723312
828.83834423 468.06797386
859.17908497 423.50501089
822.20130719 425.40130719
805.13464052 412.12723312
578.52723312 445.31241830
561.46056645 447.20871460
574.73464052 417.81612200
581.37167756 413.07538126
519.74204793 415.91982571
523.53464052 408.33464052
463.80130719 429.19389978
460.00871460 407.38649237
433.46056645 414.02352941
441.99389978 412.12723312
551.74204793 394.70501089
541.31241830 370.05315904
544.86797386 346.82352941
510.26056645 357.96427015
491.77167756 351.32723312
507.65315904 343.97908497
511.44575163 342.79389978
475.89019608 360.57167756
580.18649237 376.69019608
581.60871460 368.63093682
580.42352941 354.17167756
596.77908497 377.16427015
605.78649237 375.97908497
597.49019608 349.90501089
598.43834423 341.84575163
582.79389978 342.31982571
587.77167756 339.94945534
595.35686275 341.37167756
601.75686275 330.70501089
606.02352941 330.94204793
584.92723312 317.19389978
590.85315904 317.66797386
613.13464052 318.61612200
580.18649237 317.90501089
426.82352941 377.16427015
439.86056645 406.31982571
357.13464052 425.40130719
311.14945534 467.59389978
483.71241830 339.11982571
642.05315904 418.76427015
626.88278867 419.71241830
675.23834423 405.49019608
669.07538126 397.90501089
702.26056645 396.00871460
694.67538126 388.89760349
624.51241830 380.36427015
615.03093682 379.89019608
619.77167756 396.95686275
619.77167756 377.04575163
613.60871460 372.77908497
637.31241830 376.57167756
634.46797386 375.14945534
645.84575163 379.89019608
641.57908497 379.41612200
644.89760349 377.04575163
647.74204793 372.30501089
660.54204793 363.29760349
645.84575163 365.19389978
643.94945534 360.92723312
635.41612200 357.13464052
625.93464052 350.49760349
615.03093682 352.39389978
615.97908497 346.70501089
610.29019608 350.49760349
632.09760349 340.06797386
638.26056645 346.23093682
665.75686275 353.81612200
669.07538126 352.86797386
688.03834423 360.92723312
705.57908497 365.66797386
702.26056645 363.77167756
714.58649237 351.91982571
705.57908497 350.97167756
712.69019608 384.63093682
724.54204793 381.78649237
725.49019608 345.28278867
736.86797386 340.18649237
738.76427015 345.40130719
734.02352941 357.25315904
732.12723312 358.91241830
740.89760349 385.22352941
741.37167756 393.51982571
755.35686275 387.83093682
774.31982571 398.49760349
768.86797386 402.29019608
1007.80130719 375.50501089
1000.69019608 374.55686275
996.18649237 372.66056645
995.94945534 312.69019608
987.41612200 310.31982571
854.91241830 334.73464052
862.49760349 334.02352941
840.92723312 330.70501089
848.74945534 355.11982571
853.25315904 364.36427015
841.63834423 369.81612200
838.31982571 364.36427015
816.74945534 369.34204793
808.69019608 386.40871460
814.37908497 387.59389978
797.31241830 383.56427015
820.54204793 394.23093682
847.09019608 388.30501089
853.25315904 394.94204793
858.46797386 404.18649237
875.06056645 398.02352941
868.42352941 383.80130719
864.63093682 380.00871460
880.51241830 347.77167756
883.35686275 378.58649237
867.94945534 377.16427015
990.97167756 478.49760349
1021.47154806 344.26075885
1023.26175785 373.67134826
1018.14687274 373.15985975
1006.63838123 381.34367593
851.01800161 328.40461499
843.85716245 328.40461499
843.85716245 320.22079881
781.96705256 323.28972988
378.40261699 398.22279681
