61.45263739 688.23198012
297.02071251 655.78127589
414.80475007 485.11460922
536.19442143 414.20381110
646.76719138 400.98315382
741.71554819 596.88925711
783.78127589 541.60287213
861.90334162 455.06766087
962.86108810 465.88456228
936.41977354 426.22259044
881.13338857 351.70615852
763.34935101 313.24606462
822.24136979 152.19442143
877.52775476 134.16625242
980.88925711 138.97376415
1002.52305993 176.23198012
995.31179232 224.30709749
10.97376415 457.47141674
107.12399890 328.87047777
155.19911627 328.87047777
162.41038387 290.41038387
230.91742613 254.35404584
260.96437448 292.81413974
327.06766087 351.70615852
430.42916321 342.09113505
407.59348246 260.36343552
341.49019608 256.75780171
210.48550124 189.45263739
259.76249655 138.97376415
218.89864678 144.98315382
180.43855289 150.99254350
120.34465617 199.06766087
169.62165148 203.87517260
63.85639326 256.75780171
134.76719138 260.36343552
25.39629936 320.45733223
18.18503176 206.27892847
15.78127589 113.73432753
8.57000829 94.50428059
21.79066556 71.66859983
68.66390500 21.18972659
108.32587683 25.99723833
47.03010218 113.73432753
109.52775476 110.12869373
98.71085336 101.71554819
151.59348246 111.33057167
172.02540735 22.39160453
317.45263739 80.08174537
347.49958575 77.67798951
329.47141674 60.85169843
454.46672190 66.86108810
478.50428059 72.87047777
497.73432753 52.43855289
526.57939796 29.60287213
526.57939796 46.42916321
502.54183927 80.08174537
538.59817730 63.25545429
567.44324772 66.86108810
565.03949185 27.19911627
608.30709749 29.60287213
568.64512566 96.90803645
539.80005523 113.73432753
757.33996134 46.42916321
721.28362331 21.18972659
792.19442143 33.20850594
828.25075946 39.21789561
852.28831814 25.99723833
847.48080641 41.62165148
866.71085336 41.62165148
885.94090030 33.20850594
909.97845899 44.02540735
966.46672190 33.20850594
998.91742613 42.82352941
984.49489091 108.92681580
1009.73432753 113.73432753
1020.55122894 68.06296603
308.43855289 65.05827120
272.38221486 37.41507871
336.08174537 62.65451533
339.08644021 53.03949185
191.85639326 197.86578293
572.25075946 16.68268434
592.68268434 13.67798951
604.10052472 13.67798951
556.02540735 12.47611157
518.76719138 19.68737918
830.05357636 20.88925711
838.46672190 11.27423364
941.22728528 10.67329467
923.19911627 52.73902237
1020.55122894 335.78127589
124.55122894 12.47611157
446.65451533 20.88925711
97.85116844 5.14387573
187.87314646 4.12089871
