630.59842119 473.29971989
497.19582378 331.16984976
464.78023937 347.37764197
468.52049911 318.70231729
391.22179781 374.80621339
371.27374586 339.89712249
357.55946015 397.24777184
259.06595365 371.06595365
235.37764197 364.83218742
266.54647313 341.14387573
934.80621339 594.23478482
887.42959002 440.88413547
999.63738223 373.55946015
1015.84517443 302.49452508
1020.83218742 200.26075885
1020.83218742 174.07894067
1000.88413547 177.81920041
1013.35166794 165.35166794
938.54647313 226.44257703
919.84517443 215.22179781
893.66335625 221.45556404
881.19582378 217.71530430
904.88413547 200.26075885
884.93608352 195.27374586
866.23478482 195.27374586
882.44257703 181.55946015
861.24777184 184.05296664
777.71530430 296.26075885
788.93608352 291.27374586
766.49452508 278.80621339
664.26075885 297.50751210
624.36465495 251.37764197
614.39062898 238.91010950
606.91010950 262.59842119
581.97504456 230.18283677
528.36465495 247.63738223
482.23478482 297.50751210
451.06595365 260.10491469
75.37764197 244.20881080
99.68933028 234.23478482
114.65036924 250.44257703
135.84517443 238.59842119
137.71530430 241.09192768
168.88413547 229.87114846
182.59842119 239.84517443
187.58543417 239.84517443
208.78023937 228.62439521
107.79322638 219.27374586
117.76725236 216.78023937
111.53348612 213.66335625
89.09192768 199.32569391
101.55946015 188.10491469
156.41660300 184.98803158
150.18283677 194.96205755
165.76725236 194.96205755
100.31270690 174.39062898
107.16984976 178.75426534
175.74127833 191.84517443
156.41660300 213.66335625
242.44257703 202.44257703
233.71530430 200.57244716
229.35166794 198.07894067
219.37764197 198.07894067
218.13088872 200.57244716
223.11790171 206.18283677
228.10491469 205.55946015
296.67634326 199.32569391
302.28673287 192.46855106
324.10491469 188.72829132
276.10491469 183.11790171
268.62439521 181.87114846
266.13088872 180.62439521
263.01400560 171.27374586
286.70231729 178.75426534
292.31270690 177.50751210
296.67634326 175.63738223
262.80621339 266.65036924
255.32569391 261.03997963
250.33868093 269.76725236
285.24777184 257.92309651
331.37764197 252.31270690
323.89712249 249.19582378
363.79322638 244.83218742
389.35166794 240.46855106
404.31270690 243.58543417
416.15686275 231.11790171
432.36465495 249.19582378
350.70231729 246.54647313
495.63738223 212.57244716
466.33868093 206.33868093
473.81920041 207.89712249
458.85816145 180.46855106
455.42959002 177.03997963
448.26075885 171.11790171
451.37764197 168.31270690
456.05296664 166.75426534
454.49452508 154.59842119
450.75426534 153.03997963
465.71530430 149.92309651
465.09192768 157.09192768
476.31270690 164.57244716
468.52049911 168.31270690
471.32569391 152.72829132
475.37764197 152.41660300
481.61140820 153.66335625
485.66335625 150.23478482
493.45556404 147.74127833
497.19582378 153.66335625
496.26075885 163.32569391
491.89712249 170.18283677
503.42959002 169.87114846
511.84517443 166.75426534
517.76725236 166.75426534
514.02699262 161.76725236
557.35166794 167.37764197
546.75426534 161.45556404
545.50751210 168.93608352
545.81920041 163.94907054
560.15686275 163.01400560
567.32569391 155.22179781
577.29971989 159.58543417
572.62439521 163.32569391
604.10491469 160.83218742
605.03997963 152.41660300
611.27374586 152.10491469
613.14387573 163.32569391
624.05296664 159.58543417
622.18283677 154.91010950
616.57244716 158.02699262
543.94907054 176.88413547
514.02699262 220.52049911
525.24777184 218.65036924
546.44257703 214.28673287
557.03997963 211.79322638
586.96205755 216.15686275
620.62439521 207.42959002
614.39062898 204.31270690
600.67634326 210.54647313
639.32569391 201.81920041
633.09192768 152.10491469
631.22179781 148.98803158
633.09192768 161.45556404
637.14387573 155.53348612
641.81920041 154.91010950
643.68933028 148.36465495
641.19582378 144.93608352
654.28673287 144.00101859
712.26075885 143.37764197
807.94907054 131.22179781
806.39062898 135.58543417
793.61140820 136.52049911
797.03997963 132.15686275
793.29971989 129.03997963
778.96205755 125.92309651
782.39062898 132.46855106
778.33868093 134.96205755
776.46855106 130.28673287
778.65036924 130.28673287
772.41660300 131.22179781
772.41660300 138.70231729
763.06595365 132.15686275
748.10491469 137.76725236
741.24777184 138.70231729
738.13088872 133.40361599
737.81920041 143.37764197
722.54647313 143.37764197
726.91010950 145.55946015
705.09192768 147.74127833
707.58543417 146.18283677
700.72829132 145.55946015
695.42959002 149.29971989
684.20881080 147.74127833
678.28673287 146.49452508
681.09192768 139.94907054
677.03997963 133.40361599
664.26075885 150.85816145
806.07894067 106.28673287
801.71530430 106.28673287
796.72829132 106.28673287
781.14387573 108.46855106
815.42959002 132.78023937
819.48153807 132.78023937
823.53348612 132.78023937
825.71530430 127.48153807
836.62439521 122.18283677
838.18283677 129.66335625
829.45556404 132.78023937
828.83218742 125.29971989
821.03997963 142.75426534
845.35166794 141.19582378
853.76725236 144.93608352
860.00101859 140.57244716
860.31270690 147.74127833
872.46855106 136.20881080
890.85816145 133.40361599
892.41660300 138.39062898
898.33868093 153.66335625
906.44257703 153.03997963
875.27374586 176.10491469
924.20881080 149.92309651
928.57244716 141.50751210
924.20881080 134.02699262
921.40361599 129.97504456
912.98803158 116.57244716
922.33868093 110.65036924
927.32569391 116.57244716
922.96205755 99.74127833
960.67634326 90.39062898
965.35166794 93.81920041
936.98803158 133.40361599
937.29971989 128.41660300
944.15686275 139.94907054
943.53348612 134.65036924
974.39062898 131.84517443
986.85816145 127.79322638
984.05296664 123.11790171
977.81920041 123.11790171
1016.15686275 134.02699262
1013.03997963 137.14387573
952.26075885 210.07894067
914.54647313 133.40361599
968.15686275 126.23478482
925.14387573 94.75426534
922.02699262 105.03997963
949.45556404 98.18283677
954.13088872 98.18283677
962.23478482 97.55946015
918.28673287 100.67634326
1022.70231729 143.06595365
1022.07894067 151.79322638
1022.70231729 166.44257703
679.63738223 222.39062898
658.44257703 213.66335625
699.58543417 204.31270690
729.50751210 207.42959002
749.45556404 206.18283677
758.18283677 210.54647313
778.75426534 193.09192768
770.65036924 186.23478482
782.49452508 207.42959002
796.83218742 203.06595365
813.03997963 211.79322638
816.78023937 223.63738223
831.11790171 210.54647313
779.37764197 226.13088872
773.14387573 254.18283677
628.59833432 506.59164535
250.16355171 396.99967211
389.72208014 355.47458850
97.33412027 338.77893632
155.55485606 179.95619385
135.43445472 187.44783264
134.57826743 176.31739786
91.98294970 194.51137780
110.17692963 195.15351826
99.26054167 180.38428749
899.15351826 244.38428749
805.40100990 274.35084268
980.91940455 294.47124402
767.94281592 132.65184602
887.38094301 141.21371893
