149.18045621 455.59061955
349.89188997 557.34016583
338.04434006 510.64688089
41.15867763 341.64506601
135.24216220 346.52346892
111.54706238 356.97718942
164.51257962 320.73762500
211.20586456 304.70858688
209.11512046 258.01530195
216.08426746 230.83562863
163.81566492 227.35105512
138.72673570 216.20041991
77.39824206 225.95722572
36.97718942 237.10786093
9.10060140 223.86648162
9.79751610 195.29297890
8.40368670 174.38553788
27.91729832 163.93181737
39.76484823 145.11512046
53.70314224 141.63054696
53.70314224 120.02619124
62.06611864 131.87374115
74.61058325 130.47991175
83.67047436 137.44905875
98.30568307 138.14597345
78.79207146 176.47628198
61.36920394 183.44542899
117.12237999 168.81022028
108.06248888 136.75214405
115.72855059 134.66139995
135.24216220 129.78299705
142.90822391 176.47628198
171.48172663 191.11149069
234.20404968 194.59606420
263.47446710 227.35105512
280.89733461 228.04796982
288.56339632 200.17138180
282.98807872 170.20404968
264.17138180 159.05341447
264.17138180 149.29660866
230.71947618 157.65958507
210.50894986 151.38735276
206.32746166 129.78299705
180.54161774 136.75214405
163.11875022 139.53980285
148.48354151 134.66139995
157.54343262 117.93544714
158.93726202 112.36012953
147.08971211 122.11693534
218.34924024 120.72310594
306.85740721 154.52346892
122.17501157 120.72310594
355.29297890 114.45087363
381.42728017 113.75395893
378.98807872 102.25486637
391.53254333 82.39279741
352.50532010 152.78118216
376.54887726 139.88826020
379.33653607 169.15867763
435.08971211 166.37101882
450.42183552 154.17501157
458.78481193 170.20404968
505.82655422 150.69043806
536.83925839 185.88463044
492.93363226 258.71221665
435.43816946 255.57610049
396.06248888 251.39461229
353.55069215 256.96992990
325.67410412 262.54524750
534.05159959 258.01530195
381.60150884 325.26757055
423.41639088 290.42183552
546.07337817 337.11512046
608.09878652 316.90459414
580.91911320 288.33109142
607.40187182 257.66684460
661.76121846 259.06067400
608.79570122 166.37101882
567.67773389 155.91729832
556.52709868 147.55432191
578.13145440 122.46539269
402.68317853 98.59606420
398.15323298 81.17319668
395.36557418 72.11330558
557.86285186 92.84651792
546.36375930 72.63599160
555.07519305 111.66321483
572.49806057 112.70858688
620.58517490 109.92092808
629.99352336 110.26938543
611.87374115 130.47991175
643.58336002 171.24942173
617.44905875 149.99352336
655.77936728 149.99352336
670.41457599 149.29660866
699.68499342 176.82473933
738.36375930 138.49443080
746.72673570 130.47991175
728.95541084 111.31475748
760.66502971 108.17864133
772.51257962 101.90640902
772.86103697 115.14778833
738.18953062 245.81929469
717.28208961 245.81929469
788.36738906 231.18408598
789.76121846 291.81566492
841.33290630 222.12419487
860.14960322 203.30749795
879.66321483 199.12600975
881.05704423 183.79388634
855.96811501 154.52346892
826.69769759 171.24942173
820.42546529 141.28208961
789.06430376 154.52346892
884.54161774 159.40187182
898.47991175 135.00985730
787.14778833 106.95904060
798.29842354 110.79207146
811.88826020 105.91366855
831.75032917 97.89914950
821.29660866 53.64506601
850.21856873 110.79207146
883.32201701 122.98807872
896.56339632 119.15504786
886.80659051 107.65595530
900.04796982 105.21675385
915.72855059 100.33835095
919.91003879 111.83744351
924.78844169 124.73036547
941.86285186 130.30568307
942.90822391 137.62328743
952.66502971 147.38009324
910.50169033 184.31657236
917.47083734 171.42365040
962.07337817 159.57610049
985.76847799 149.81929469
988.20767944 162.01530195
990.29842354 171.07519305
999.00985730 138.66865948
1010.50894986 86.74851429
984.72310594 88.49080104
951.96811501 93.02074659
963.11875022 82.21856873
895.86648162 53.64506601
894.12419487 39.70677200
899.69951247 28.55613679
907.36557418 56.08426746
914.68317853 54.34198071
943.60513861 14.61784278
940.81747980 45.63054696
950.57428561 54.69043806
989.25305149 46.32746166
1005.28208961 14.61784278
837.67410412 10.78481193
843.24942173 10.78481193
842.90096438 99.64143625
809.10060140 113.57973026
589.51439451 515.17682645
825.07156329 650.37827835
825.07156329 430.15323298
719.14052881 403.67047436
687.08245258 442.69769759
942.15323298 393.91366855
970.02982100 430.15323298
983.96811501 265.68136365
1009.92818761 122.11693534
114.21856873 278.22582826
5.49987545 260.10604605
