557.65517546 271.34696398
571.47744767 224.12086724
645.19623282 356.00838131
802.42457928 372.71029357
838.13211584 258.67654778
873.26372439 254.64505172
915.88239705 198.78003485
976.35483800 248.30984362
922.21760515 110.08712146
911.27497298 89.92964115
951.58993361 85.32221708
955.04550167 58.82952866
981.53819008 35.21648029
979.81040605 26.00163215
934.31209334 3.54043980
922.79353316 0.66079975
913.57868502 8.72379188
906.09162090 1.81265577
913.57868502 34.64055228
884.78228457 26.57756016
887.66192461 10.45157591
869.23222832 11.60343192
869.80815633 24.27384812
850.22660403 24.84977613
849.65067602 9.87564790
786.87452304 1.81265577
751.16698648 6.99600785
756.92626657 13.90714396
770.17261078 34.64055228
785.72266702 72.65180088
788.02637906 94.53706522
794.36158715 123.90939368
860.59330819 76.10736893
882.47857253 66.89252079
847.34696398 57.67767264
716.61130594 69.19623282
734.46507422 81.86664902
750.01513046 65.16473676
747.13549042 35.21648029
694.15011359 11.60343192
705.09274576 40.39983237
720.06687399 50.19060853
720.06687399 95.11299323
726.40208209 114.11861753
672.84077726 29.45720020
647.49994486 7.57193586
653.25922495 4.69229582
638.28509672 1.23672776
629.64617658 0.66079975
634.82952866 11.60343192
615.82390436 7.57193586
606.60905622 6.99600785
592.78678400 6.42007984
586.45157591 12.17935993
592.21085600 16.78678400
593.36271201 44.43132844
540.37733519 9.87564790
515.03650279 9.87564790
508.70129469 1.81265577
491.42345442 26.57756016
496.60680650 39.82390436
483.93639030 59.98138468
573.78115971 78.98700898
631.94988862 96.84077726
602.57756016 116.42232956
504.09387062 106.05562540
934.88802135 370.40658153
965.41220583 353.12874126
456.29184587 6.99600785
396.97126095 120.45382562
376.81378063 96.84077726
369.32671651 81.86664902
269.69117096 23.12199210
276.60230706 19.66642405
213.82615408 24.84977613
292.15236331 196.47632281
202.88352191 329.51569289
183.30196961 361.76766140
427.49544542 269.04325195
429.22322945 239.67092349
467.81040605 320.87677276
465.50669402 160.19285825
362.41558041 487.24797636
528.28284700 654.26709897
923.36946117 595.52244205
785.14673901 511.43695273
1004.28734643 102.02412934
997.37621033 59.98138468
1015.80590661 47.88689649
1007.16698648 3.54043980
992.19285825 127.36496173
65.11590370 426.61040920
730.05096864 30.78223737
681.97104856 14.41460500
673.27574386 2.65036924
706.01100860 7.25376584
709.59142818 14.41460500
739.76925036 3.67334626
459.47354606 81.45156804
461.00801160 61.50351609
460.24077883 2.68233727
479.93308652 22.37464496
510.62239721 6.26275685
222.33746475 296.82575907
300.25050823 244.17024067
120.45117713 24.29064201
263.11338448 28.78562529
259.04649485 24.82575907
264.82575907 15.30067545
273.28060856 17.97626074
271.99632763 13.26723064
281.20034101 13.80234769
291.15351826 19.15351826
292.86589285 40.23713030
287.94281592 59.07325070
307.52810020 59.28729753
194.72542462 32.21037445
209.17358515 12.97291626
212.06321726 17.52141124
219.98294970 22.23044134
205.42776576 30.71204669
261.34749820 22.23044134
288.58495639 4.17024067
284.73211358 7.80903666
343.48796642 65.76221392
385.01305004 317.37425405
430.39097646 358.47124402
382.87258181 299.39432094
335.78228081 96.90602662
376.66522395 113.60167880
408.13010689 110.39097646
401.70870221 85.98963866
425.25385271 75.92943800
442.16355171 117.02642796
465.92274903 112.74549151
648.93278248 81.28060856
664.98629418 89.20034101
675.47458850 82.77893632
686.39097646 90.48462194
700.30401994 71.22040790
655.14014034 46.81907010
661.77559184 47.46121057
654.71204669 24.55820054
561.92274903 26.53813365
522.00301659 16.58495639
504.66522395 59.50134435
490.21706341 41.62843465
502.52475572 32.95953833
556.78562529 18.40435438
522.75218047 10.80569218
529.06656174 6.31070890
545.86923733 6.09666208
540.83913699 1.17358515
533.45452161 0.85251492
519.00636107 3.31405338
498.67191291 2.56488950
561.92274903 5.66856843
576.69197980 11.98294970
577.33412027 28.03646141
550.04315037 84.97291626
558.60502328 71.91606007
566.73880254 52.86589285
575.94281592 45.05318382
597.45452161 26.64515706
490.96622729 4.06321726
477.80234769 0.71873565
511.94281592 31.14014034
518.57826743 25.03980589
523.82241458 29.96288281
528.42442127 85.82910355
485.61505673 87.96957178
469.66856843 42.05652830
487.22040790 115.10000656
619.92943800 263.64850154
674.29733097 256.37090957
705.97626074 265.78896977
435.10000656 227.04649485
1020.73211358 471.48796642
610.61840121 71.11338448
620.25050823 77.96288281
614.25719719 21.45452161
695.16689619 30.65853499
717.42776576 21.45452161
691.10000656 38.79231425
732.41104335 10.96622729
736.69197980 19.52810020
757.88261525 23.38094301
730.48462194 1.54816709
778.85920388 13.96288281
768.37090957 2.83244803
763.87592629 46.49799987
739.90268214 29.80234769
818.45786609 34.51137780
796.73211358 13.48127746
831.51472228 1.49465539
826.48462194 14.23044134
809.89599318 14.01639452
799.19365204 28.03646141
785.49465539 39.70201325
894.76555840 66.56488950
923.34080923 27.44783264
909.42776576 19.31405338
943.03311693 5.82910355
966.68529084 15.08662863
981.24047479 6.73880254
960.37090957 10.16355171
986.91271559 77.74883599
938.53813365 61.69532428
801.76221392 77.10669552
903.86254836 182.73880254
961.22709686 175.03311693
842.64515706 118.09666208
854.63177913 143.78228081
638.01639452 134.36422060
687.67525739 140.35753164
722.77893632 302.60502328
539.12676241 199.22040790
557.53478917 161.97626074
498.45786609 431.24716375
725.34749820 623.03311693
856.34415371 673.54816709
812.03646141 89.94950489
549.61505673 115.52810020
568.02308348 126.44448816
626.88595974 72.07659519
613.40100990 131.15351826
590.49799987 74.00301659
