244.10491469 666.54647313
307.68933028 617.92309651
474.75426534 624.15686275
538.33868093 654.07894067
787.68933028 472.05296664
736.57244716 467.06595365
699.16984976 386.02699262
628.10491469 373.55946015
458.54647313 238.91010950
463.53348612 149.14387573
500.93608352 135.42959002
558.28673287 134.18283677
497.19582378 94.28673287
461.03997963 94.28673287
461.03997963 68.10491469
488.46855106 46.91010950
471.01400560 41.92309651
290.23478482 142.91010950
285.24777184 81.81920041
240.36465495 73.09192768
181.76725236 13.24777184
210.44257703 145.40361599
190.49452508 76.83218742
123.16984976 79.32569391
62.07894067 126.70231729
37.14387573 233.92309651
10.96205755 210.23478482
857.50751210 192.78023937
888.67634326 177.81920041
937.29971989 161.61140820
947.27374586 164.10491469
960.98803158 129.19582378
987.16984976 145.40361599
994.65036924 125.45556404
851.27374586 43.16984976
677.97504456 116.72829132
671.74127833 38.18283677
646.80621339 43.16984976
603.16984976 20.72829132
594.44257703 24.46855106
584.46855106 8.26075885
553.29971989 20.72829132
621.87114846 758.80621339
853.76725236 26.96205755
840.05296664 20.72829132
820.10491469 0.78023937
767.74127833 9.50751210
737.81920041 8.26075885
704.15686275 12.00101859
682.96205755 7.01400560
635.58543417 7.01400560
980.93608352 3.27374586
866.02699262 2.33868093
114.02977244 139.07325070
177.38763198 134.79231425
5.29398649 180.17024067
