294.08278867 631.14945534
369.93464052 619.77167756
422.08278867 476.60130719
295.03093682 460.48278867
373.72723312 396.95686275
587.06056645 560.03834423
489.40130719 327.74204793
507.41612200 287.91982571
449.57908497 276.54204793
417.34204793 279.38649237
364.24575163 255.68278867
291.23834423 256.63093682
260.89760349 277.49019608
171.77167756 278.43834423
102.55686275 304.03834423
67.47538126 402.64575163
20.06797386 356.18649237
155.65315904 460.48278867
225.81612200 405.49019608
588.00871460 275.59389978
700.83834423 271.80130719
686.61612200 230.08278867
643.94945534 180.77908497
645.84575163 139.06056645
549.13464052 183.62352941
770.05315904 186.46797386
789.01612200 211.11982571
912.27538126 190.26056645
437.25315904 146.64575163
530.17167756 129.57908497
388.89760349 181.72723312
349.07538126 181.72723312
334.85315904 144.74945534
375.62352941 127.68278867
278.91241830 136.21612200
295.97908497 129.57908497
264.69019608 140.95686275
216.33464052 215.86056645
198.31982571 141.90501089
122.46797386 185.51982571
158.49760349 127.68278867
150.91241830 227.23834423
58.94204793 187.41612200
88.33464052 180.77908497
2.52723312 270.61612200
33.81612200 115.59389978
24.33464052 96.15686275
15.80130719 86.67538126
5.37167756 80.03834423
22.91241830 77.66797386
31.44575163 67.71241830
58.46797386 91.89019608
46.61612200 68.18649237
75.06056645 65.34204793
94.02352941 80.03834423
79.80130719 96.63093682
56.57167756 106.58649237
44.71982571 82.88278867
124.83834423 82.88278867
169.40130719 69.13464052
193.57908497 90.94204793
202.11241830 117.49019608
219.17908497 116.54204793
233.40130719 82.40871460
247.14945534 80.51241830
258.05315904 68.66056645
283.65315904 70.08278867
314.94204793 108.48278867
368.98649237 93.31241830
429.66797386 72.92723312
82.64575163 54.31982571
97.34204793 54.79389978
116.77908497 48.86797386
121.99389978 35.83093682
138.82352941 42.46797386
156.60130719 38.91241830
169.16427015 34.64575163
211.11982571 34.17167756
207.09019608 54.08278867
192.63093682 58.58649237
180.06797386 55.26797386
148.54204793 51.94945534
160.15686275 52.42352941
5.60871460 90.82352941
288.63093682 51.94945534
306.64575163 49.34204793
306.64575163 37.25315904
284.36427015 33.93464052
274.40871460 38.67538126
258.05315904 38.20130719
269.43093682 118.79389978
487.50501089 106.70501089
575.91982571 107.41612200
594.64575163 55.26797386
399.56427015 58.82352941
373.01612200 51.23834423
386.05315904 49.81612200
420.89760349 38.67538126
624.15686275 34.82352941
565.72723312 23.80130719
536.92723312 22.73464052
522.23093682 26.88278867
525.66797386 20.48278867
698.94204793 82.46797386
728.45315904 31.14945534
691.35686275 23.32723312
662.55686275 18.23093682
770.52723312 101.72723312
763.29760349 28.77908497
792.92723312 20.60130719
817.93464052 49.28278867
823.50501089 64.69019608
857.99389978 9.49019608
888.33464052 10.31982571
882.17167756 69.90501089
914.52723312 37.07538126
947.59389978 50.52723312
837.84575163 104.69019608
999.26797386 47.44575163
337.69760349 47.20871460
302.37908497 36.00871460
336.86797386 29.84575163
338.40871460 26.05315904
348.95686275 25.46056645
382.49760349 23.68278867
400.27538126 25.22352941
356.12723312 9.01612200
371.71241830 9.25315904
346.34945534 14.46797386
421.66797386 14.82352941
442.52723312 11.26797386
493.54945534 33.51982571
504.21612200 22.14204793
262.55046914 27.86515445
266.13088872 19.80921040
237.87114846 24.62839122
189.02399561 31.91710251
199.12589371 32.68433527
203.47354606 18.87414546
329.29971989 5.93508452
320.92409551 5.87114846
334.92609351 14.52649311
845.42359601 2.34267693
808.30871090 5.85916045
768.98803158 2.53448512
279.94107853 3.09792169
726.98203757 4.12089871
726.98203757 4.12089871
209.06656174 92.41104335
314.59164535 43.92943800
446.87258181 26.80569218
