262.80621339 661.55946015
409.92309651 650.33868093
1019.58543417 473.29971989
906.13088872 386.02699262
960.98803158 292.52049911
761.50751210 309.97504456
714.13088872 301.24777184
559.53348612 297.50751210
520.88413547 319.94907054
411.16984976 342.39062898
338.85816145 341.14387573
323.89712249 364.83218742
45.87114846 417.19582378
19.68933028 373.55946015
436.10491469 247.63738223
553.29971989 221.45556404
593.19582378 266.33868093
606.91010950 243.89712249
615.63738223 212.72829132
624.36465495 192.78023937
691.68933028 226.44257703
697.92309651 189.03997963
714.13088872 212.72829132
740.31270690 238.91010950
795.16984976 240.15686275
908.62439521 226.44257703
793.92309651 195.27374586
916.10491469 171.58543417
947.27374586 160.36465495
1008.36465495 175.32569391
937.29971989 125.45556404
911.11790171 144.15686275
287.74127833 204.00101859
307.68933028 190.28673287
205.45556404 174.07894067
128.15686275 177.81920041
99.48153807 186.54647313
3.48153807 162.85816145
981.97504456 130.13088872
968.88413547 116.41660300
907.16984976 80.26075885
867.89712249 69.03997963
863.53348612 71.53348612
774.39062898 60.31270690
760.05296664 65.29971989
692.10491469 124.52049911
721.40361599 50.33868093
705.81920041 57.19582378
616.05296664 93.35166794
549.35166794 103.32569391
516.93608352 115.79322638
605.03997963 68.41660300
666.13088872 51.58543417
679.84517443 47.22179781
695.42959002 30.39062898
690.44257703 25.40361599
755.89712249 34.13088872
747.79322638 6.70231729
732.83218742 17.29971989
724.10491469 14.80621339
663.63738223 26.02699262
656.15686275 32.88413547
628.10491469 29.76725236
623.74127833 21.03997963
624.36465495 12.31270690
631.84517443 48.46855106
593.81920041 45.97504456
579.48153807 47.22179781
572.00101859 17.92309651
559.53348612 7.94907054
567.01400560 84.62439521
571.37764197 71.53348612
554.54647313 67.16984976
552.05296664 80.88413547
543.94907054 62.80621339
540.20881080 54.07894067
520.26075885 59.68933028
525.87114846 32.26075885
491.58543417 113.29971989
477.24777184 69.03997963
469.14387573 71.53348612
460.41660300 71.53348612
461.66335625 52.83218742
476.62439521 49.71530430
470.39062898 62.80621339
483.48153807 23.53348612
495.94907054 12.31270690
495.94907054 23.53348612
504.05296664 14.80621339
509.66335625 27.89712249
485.97504456 62.80621339
528.36465495 10.44257703
538.96205755 13.55946015
547.68933028 12.31270690
426.75426534 55.32569391
409.29971989 106.44257703
394.33868093 107.06595365
325.14387573 124.52049911
328.26075885 93.35166794
237.87114846 136.98803158
247.84517443 108.93608352
252.20881080 65.29971989
278.39062898 64.05296664
300.20881080 69.03997963
325.76725236 57.19582378
355.68933028 61.55946015
371.89712249 47.22179781
375.63738223 44.10491469
390.59842119 58.44257703
404.31270690 54.07894067
332.00101859 38.49452508
302.07894067 40.98803158
287.11790171 56.57244716
291.48153807 34.13088872
261.55946015 32.26075885
250.96205755 38.49452508
236.00101859 38.49452508
235.37764197 30.39062898
250.96205755 6.70231729
346.33868093 6.54647313
343.84517443 1.87114846
349.45556404 3.11790171
364.41660300 3.11790171
373.14387573 3.11790171
380.31270690 1.24777184
212.52049911 98.33868093
231.84517443 81.50751210
201.29971989 67.16984976
217.50751210 47.22179781
206.91010950 47.22179781
211.89712249 32.88413547
228.10491469 36.62439521
223.74127833 32.26075885
211.89712249 21.66335625
203.16984976 21.66335625
195.68933028 17.92309651
176.36465495 10.44257703
177.61140820 25.40361599
189.45556404 39.74127833
174.49452508 39.74127833
160.78023937 49.71530430
160.15686275 108.93608352
133.97504456 113.92309651
103.42959002 120.15686275
69.14387573 93.35166794
79.11790171 88.98803158
95.94907054 83.37764197
134.59842119 59.68933028
107.79322638 39.11790171
89.09192768 39.74127833
67.89712249 67.16984976
54.80621339 75.89712249
10.54647313 96.46855106
3.68933028 119.53348612
7.42959002 49.71530430
1.19582378 44.10491469
37.35166794 47.84517443
52.31270690 44.10491469
71.01400560 44.10491469
25.29971989 0.93608352
45.55946015 6.85816145
48.05296664 1.24777184
69.24777184 3.11790171
90.75426534 0.31270690
418.65036924 493.24777184
100.11672897 30.87258181
196.86589285 74.96622729
191.08662863 4.97291626
699.66187947 0.69197980
