80.78023937 484.52049911
194.23478482 467.06595365
446.07894067 428.41660300
443.58543417 379.79322638
538.33868093 409.71530430
857.50751210 681.50751210
869.97504456 652.83218742
806.39062898 428.41660300
877.45556404 309.97504456
1020.83218742 221.45556404
959.74127833 262.59842119
938.54647313 217.71530430
1002.13088872 184.05296664
883.68933028 145.40361599
831.32569391 162.85816145
800.15686275 142.91010950
767.74127833 139.16984976
778.96205755 162.85816145
751.53348612 247.63738223
707.89712249 238.91010950
699.16984976 222.70231729
633.09192768 166.59842119
621.87114846 161.61140820
540.83218742 157.87114846
522.13088872 142.91010950
500.93608352 131.68933028
483.48153807 121.71530430
446.07894067 177.81920041
384.98803158 217.71530430
255.32569391 175.32569391
197.97504456 187.79322638
14.70231729 232.67634326
85.97504456 243.58543417
87.22179781 205.55946015
99.06595365 199.94907054
127.11790171 186.85816145
165.76725236 182.49452508
168.88413547 168.78023937
183.22179781 184.36465495
166.39062898 158.80621339
20.52049911 172.52049911
31.74127833 168.15686275
46.07894067 168.15686275
67.89712249 152.57244716
82.85816145 146.96205755
103.42959002 108.31270690
128.36465495 135.74127833
119.63738223 137.61140820
137.09192768 130.75426534
144.57244716 131.37764197
153.92309651 137.61140820
186.33868093 80.26075885
225.61140820 107.06595365
228.72829132 80.26075885
231.22179781 121.40361599
254.91010950 113.92309651
259.89712249 105.19582378
269.24777184 92.10491469
260.52049911 74.65036924
250.54647313 91.48153807
241.19582378 100.20881080
190.70231729 39.11790171
176.98803158 37.24777184
173.87114846 32.26075885
157.66335625 51.58543417
158.91010950 39.74127833
158.91010950 32.26075885
148.93608352 34.13088872
153.92309651 22.28673287
137.09192768 29.76725236
124.00101859 28.52049911
108.41660300 38.49452508
108.41660300 31.01400560
100.31270690 29.76725236
82.23478482 32.88413547
73.50751210 36.62439521
71.63738223 50.33868093
75.37764197 55.32569391
58.54647313 49.71530430
59.79322638 70.28673287
40.46855106 35.37764197
36.10491469 52.20881080
31.11790171 51.58543417
6.80621339 79.01400560
186.33868093 25.40361599
193.19582378 24.15686275
189.45556404 19.16984976
199.42959002 36.62439521
207.53348612 27.89712249
211.89712249 34.13088872
223.74127833 31.01400560
224.98803158 25.40361599
227.48153807 19.16984976
232.46855106 19.16984976
251.16984976 25.40361599
258.02699262 26.65036924
257.40361599 21.03997963
286.70231729 22.28673287
245.24777184 35.84517443
255.84517443 12.15686275
277.97504456 11.84517443
281.71530430 10.91010950
288.26075885 9.97504456
298.23478482 7.48153807
298.85816145 3.42959002
307.58543417 8.41660300
308.83218742 15.27374586
300.72829132 23.06595365
296.36465495 23.06595365
319.74127833 48.31270690
320.36465495 41.76725236
323.48153807 24.31270690
321.92309651 17.14387573
324.41660300 9.03997963
322.54647313 6.85816145
332.20881080 8.72829132
332.83218742 14.33868093
343.74127833 19.94907054
336.88413547 6.23478482
344.67634326 6.23478482
341.24777184 6.85816145
351.22179781 3.11790171
351.84517443 9.66335625
360.26075885 20.57244716
358.70231729 14.96205755
357.76725236 12.15686275
365.55946015 9.66335625
369.92309651 9.66335625
368.98803158 6.23478482
377.40361599 10.91010950
375.84517443 4.05296664
379.89712249 1.87114846
383.63738223 5.61140820
392.98803158 6.23478482
394.54647313 11.22179781
398.28673287 4.67634326
400.15686275 11.22179781
402.96205755 15.58543417
389.24777184 28.36465495
387.06595365 19.32569391
370.23478482 34.59842119
383.63738223 33.03997963
387.06595365 33.66335625
419.16984976 3.42959002
413.55946015 11.22179781
418.54647313 15.27374586
423.22179781 14.96205755
425.71530430 6.23478482
424.46855106 21.50751210
423.84517443 30.23478482
408.57244716 21.81920041
421.35166794 36.46855106
428.83218742 29.92309651
410.44257703 39.58543417
405.14387573 41.76725236
393.92309651 48.93608352
394.23478482 14.02699262
405.76725236 53.61140820
382.07894067 42.70231729
354.96205755 43.01400560
349.66335625 38.02699262
340.31270690 34.91010950
328.78023937 43.01400560
333.14387573 53.29971989
333.45556404 61.09192768
340.00101859 62.96205755
335.01400560 48.93608352
348.41660300 82.91010950
351.53348612 72.31270690
359.01400560 66.70231729
360.26075885 58.59842119
366.80621339 53.29971989
388.31270690 72.31270690
377.71530430 61.09192768
387.68933028 60.15686275
414.80621339 69.81920041
419.48153807 73.55946015
426.33868093 65.45556404
394.54647313 112.52049911
371.48153807 106.91010950
318.18283677 61.40361599
310.39062898 57.97504456
299.48153807 61.09192768
294.18283677 60.46855106
303.53348612 79.48153807
294.80621339 85.09192768
283.58543417 86.33868093
287.94907054 82.91010950
299.16984976 113.76725236
298.85816145 103.16984976
312.88413547 115.63738223
319.74127833 101.61140820
332.52049911 114.70231729
322.54647313 87.27374586
320.98803158 71.37764197
334.07894067 73.24777184
613.35166794 126.85816145
613.97504456 111.89712249
615.84517443 106.59842119
602.75426534 107.22179781
579.37764197 91.32569391
578.44257703 78.85816145
580.00101859 74.49452508
562.85816145 76.36465495
581.24777184 63.27374586
570.33868093 64.20881080
593.09192768 47.68933028
586.23478482 44.88413547
603.68933028 42.39062898
620.20881080 47.06595365
615.53348612 42.70231729
623.32569391 39.27374586
614.59842119 34.91010950
621.76725236 58.59842119
639.84517443 65.45556404
636.41660300 93.50751210
623.32569391 90.07894067
640.46855106 122.49452508
638.59842119 75.74127833
632.05296664 37.40361599
639.22179781 36.78023937
636.10491469 29.29971989
640.15686275 22.75426534
636.41660300 20.57244716
640.15686275 14.02699262
637.35166794 7.48153807
639.84517443 5.29971989
631.11790171 18.39062898
634.23478482 14.02699262
631.74127833 9.66335625
631.42959002 5.29971989
627.68933028 11.22179781
633.61140820 24.00101859
629.87114846 34.28673287
626.75426534 25.87114846
621.14387573 31.48153807
615.22179781 25.87114846
626.13088872 21.50751210
624.57244716 14.02699262
621.14387573 15.58543417
616.46855106 19.32569391
613.03997963 14.96205755
623.32569391 8.41660300
626.44257703 4.05296664
624.26075885 1.24777184
620.20881080 4.36465495
613.66335625 3.11790171
606.49452508 9.66335625
606.80621339 3.11790171
604.00101859 0.93608352
603.68933028 17.14387573
600.26075885 12.78023937
604.62439521 23.06595365
602.44257703 29.92309651
594.65036924 24.31270690
596.52049911 37.09192768
587.48153807 33.97504456
580.93608352 34.91010950
575.32569391 43.32569391
545.71530430 106.59842119
513.61140820 105.97504456
512.05296664 92.26075885
511.74127833 83.84517443
511.11790171 74.18283677
487.74127833 85.09192768
476.52049911 89.45556404
454.39062898 136.20881080
440.36465495 145.87114846
435.37764197 120.31270690
447.84517443 79.79322638
440.67634326 74.18283677
435.06595365 60.15686275
448.78023937 49.24777184
445.35166794 27.11790171
450.65036924 34.28673287
456.26075885 41.14387573
458.13088872 61.09192768
470.28673287 49.55946015
479.94907054 52.67634326
480.88413547 67.63738223
498.96205755 50.18283677
489.29971989 49.87114846
500.83218742 43.94907054
500.20881080 38.33868093
498.02699262 32.10491469
487.42959002 35.84517443
488.05296664 28.05296664
479.63738223 28.36465495
474.33868093 38.33868093
467.16984976 42.39062898
462.18283677 36.15686275
465.29971989 26.49452508
458.44257703 26.49452508
453.14387573 25.24777184
453.45556404 29.29971989
451.27374586 20.88413547
445.03997963 19.32569391
542.28673287 70.13088872
527.32569391 81.66335625
533.55946015 58.91010950
515.48153807 50.18283677
513.29971989 34.91010950
518.91010950 35.22179781
535.74127833 43.94907054
542.91010950 42.39062898
545.09192768 35.84517443
549.45556404 37.09192768
552.88413547 29.61140820
550.07894067 27.11790171
541.03997963 33.03997963
537.29971989 25.87114846
532.93608352 30.23478482
525.14387573 26.18283677
513.61140820 24.93608352
500.20881080 25.87114846
503.32569391 17.45556404
497.40361599 17.14387573
492.10491469 17.14387573
485.55946015 16.52049911
483.37764197 12.78023937
476.20881080 19.94907054
475.58543417 16.20881080
465.29971989 14.33868093
461.87114846 10.59842119
452.83218742 14.96205755
448.15686275 11.84517443
441.92309651 7.48153807
438.49452508 7.48153807
435.06595365 7.48153807
432.57244716 15.27374586
435.06595365 23.68933028
449.09192768 4.36465495
443.79322638 3.11790171
456.88413547 5.29971989
474.02699262 10.59842119
472.78023937 6.54647313
476.20881080 4.67634326
481.19582378 4.05296664
482.75426534 1.24777184
487.11790171 2.18283677
487.11790171 8.41660300
495.53348612 5.29971989
490.54647313 7.48153807
501.14387573 9.66335625
505.81920041 9.66335625
504.88413547 2.18283677
513.29971989 3.11790171
511.74127833 6.23478482
518.91010950 4.36465495
513.61140820 17.14387573
526.70231729 14.96205755
522.96205755 17.76725236
525.76725236 10.59842119
525.14387573 3.42959002
535.42959002 5.29971989
531.06595365 4.36465495
532.62439521 11.84517443
539.48153807 9.03997963
544.46855106 13.09192768
545.09192768 11.22179781
552.57244716 15.58543417
552.88413547 10.91010950
559.42959002 14.96205755
557.55946015 23.06595365
554.75426534 17.45556404
566.59842119 25.87114846
558.49452508 30.85816145
570.33868093 28.36465495
576.88413547 22.75426534
568.15686275 17.14387573
574.07894067 10.59842119
566.28673287 4.05296664
561.92309651 9.03997963
560.67634326 7.48153807
560.05296664 3.11790171
548.20881080 1.24777184
541.66335625 1.24777184
574.70231729 0.93608352
578.44257703 0.93608352
574.39062898 5.29971989
590.91010950 2.18283677
584.36465495 0.93608352
587.79322638 7.48153807
584.67634326 14.33868093
594.65036924 11.22179781
593.71530430 28.67634326
582.80621339 21.50751210
583.11790171 14.02699262
578.44257703 15.27374586
592.46855106 32.72829132
650.54647313 43.01400560
651.79322638 31.79322638
646.18283677 27.11790171
647.74127833 20.88413547
653.66335625 21.50751210
657.09192768 28.05296664
663.94907054 15.27374586
666.13088872 12.78023937
658.33868093 3.11790171
652.41660300 1.87114846
648.05296664 4.05296664
644.00101859 9.03997963
641.81920041 5.29971989
649.29971989 10.91010950
649.29971989 7.79322638
652.10491469 14.02699262
648.67634326 16.20881080
677.66335625 0.00101859
676.10491469 2.18283677
657.09192768 9.97504456
655.53348612 5.61140820
668.31270690 3.42959002
663.94907054 4.67634326
680.78023937 48.93608352
672.36465495 45.19582378
663.63738223 48.00101859
655.84517443 47.06595365
658.02699262 62.65036924
647.11790171 55.79322638
640.57244716 53.92309651
692.31270690 73.24777184
656.46855106 99.42959002
658.65036924 115.32569391
650.23478482 121.24777184
684.20881080 120.00101859
696.98803158 112.52049911
720.98803158 90.70231729
720.67634326 126.85816145
736.57244716 73.24777184
725.97504456 67.63738223
718.49452508 58.59842119
713.50751210 57.66335625
701.66335625 54.85816145
699.48153807 62.65036924
695.42959002 61.09192768
696.05296664 47.68933028
715.37764197 46.13088872
716.31270690 37.09192768
728.78023937 38.33868093
727.22179781 48.00101859
748.41660300 47.68933028
744.36465495 44.88413547
765.55946015 39.27374586
773.03997963 61.09192768
775.22179781 51.42959002
778.96205755 52.67634326
787.68933028 35.84517443
783.01400560 78.54647313
801.71530430 68.88413547
803.27374586 42.39062898
812.31270690 53.29971989
797.35166794 51.11790171
815.74127833 61.40361599
830.07894067 66.39062898
824.46855106 76.67634326
815.74127833 74.18283677
823.53348612 88.52049911
831.32569391 87.58543417
851.89712249 108.78023937
853.45556404 129.97504456
804.52049911 128.72829132
846.59842119 55.48153807
836.93608352 48.00101859
839.74127833 42.39062898
841.92309651 35.84517443
826.02699262 38.33868093
824.46855106 33.66335625
849.40361599 42.39062898
847.53348612 47.06595365
852.20881080 38.02699262
858.75426534 42.70231729
870.28673287 40.20881080
879.94907054 43.94907054
889.92309651 38.02699262
895.84517443 47.37764197
889.92309651 43.63738223
890.23478482 54.85816145
884.62439521 53.29971989
870.91010950 51.11790171
862.80621339 53.61140820
862.49452508 60.78023937
898.65036924 71.37764197
889.61140820 66.70231729
874.33868093 76.36465495
879.32569391 70.13088872
867.16984976 78.54647313
863.42959002 70.13088872
836.00101859 56.10491469
909.55946015 60.78023937
932.31270690 57.66335625
925.14387573 60.78023937
917.97504456 68.57244716
932.00101859 76.67634326
922.65036924 72.93608352
952.26075885 66.70231729
944.46855106 66.70231729
961.92309651 68.88413547
936.67634326 88.52049911
927.32569391 119.68933028
939.79322638 117.50751210
941.03997963 137.14387573
957.87114846 105.97504456
980.93608352 77.92309651
989.35166794 79.79322638
994.33868093 95.68933028
1006.49452508 106.59842119
1014.59842119 93.50751210
1017.71530430 72.00101859
1018.02699262 64.20881080
1004.93608352 64.52049911
977.50751210 63.27374586
1023.01400560 80.72829132
1023.94907054 66.70231729
1019.89712249 122.49452508
1021.76725236 136.52049911
983.74127833 142.44257703
960.36465495 150.85816145
882.13088872 119.68933028
871.53348612 96.00101859
903.63738223 92.88413547
897.71530430 84.15686275
902.07894067 55.79322638
725.95906055 506.40261699
168.18361860 90.27057512
82.56488950 94.76555840
72.39766542 29.69532428
77.10669552 30.55151157
148.81238114 55.91606007
241.28060856 25.68194636
232.87927077 27.98294970
281.41438783 109.32074234
288.15686275 104.71873565
319.72876910 191.30067545
265.57492295 13.80234769
267.50134435 12.86589285
285.16020723 8.98629418
290.40435438 4.91940455
288.15686275 3.84917044
291.90268214 8.02308348
293.93612696 7.48796642
286.76555840 14.97960522
329.14682930 4.81238114
345.62843465 70.41773231
393.78896977 26.64515706
372.81238114 27.28729753
376.98629418 24.71873565
364.78562529 24.07659519
362.32408683 15.08662863
355.90268214 6.52475572
331.18027412 19.47458850
368.85251492 2.00301659
386.08328415 7.80903666
403.63512361 8.98629418
400.21037445 22.79231425
414.55151157 2.35084268
411.01973900 5.56154502
430.60502328 8.23713030
411.23378582 28.78562529
407.16689619 27.82241458
443.55485606 22.47124402
470.84582596 18.51137780
462.17692963 17.01305004
467.95619385 7.59498984
468.17024067 3.10000656
334.81907010 69.24047479
509.16020723 3.10000656
512.58495639 14.23044134
517.07993967 11.23378582
507.01973900 13.90937111
469.56154502 27.50134435
465.92274903 18.40435438
440.02308348 26.96622729
451.79565873 8.98629418
455.32743131 4.06321726
429.21371893 22.57826743
467.10000656 118.41773231
