849.95365419 358.48841355
551.51515152 371.49376114
515.23707665 323.57932264
444.04991087 369.44028520
393.39750446 296.88413547
438.57397504 244.86274510
383.13012478 216.79857398
288.67023173 255.13012478
203.79322638 248.28520499
190.78787879 358.48841355
297.56862745 135.34402852
525.50445633 140.81996435
637.76114082 233.91087344
539.87878788 243.49376114
676.77718360 244.86274510
766.44563280 226.38146168
938.93761141 222.95900178
254.95900178 99.23707665
213.20499109 104.02852050
265.22638146 78.36007130
143.72905526 88.96969697
84.52049911 69.11942959
31.13012478 63.98573975
116.34937611 92.39215686
469.88948307 104.37076649
52.94830660 39.94295900
35.83600713 63.21568627
108.22103387 35.32263815
156.13547237 45.24777184
180.60606061 59.45098039
184.54188948 36.00713012
220.81996435 52.26381462
265.31194296 51.57932264
425.82531194 49.86809269
807.42959002 92.47771836
817.35472371 40.45632799
845.24777184 46.61675579
851.19429590 19.53654189
886.87344029 15.42959002
1017.61140820 202.21033868
1012.77718360 135.68627451
1008.15686275 367.64349376
4.76025935 366.25476484
644.12089871 5.14387573
584.78823138 25.60341619
