7.22179781 548.10491469
134.39062898 521.92309651
136.88413547 591.74127833
166.80621339 489.50751210
231.63738223 487.01400560
158.07894067 414.70231729
200.46855106 417.19582378
156.83218742 392.26075885
77.03997963 434.65036924
471.01400560 589.24777184
559.53348612 561.81920041
552.05296664 463.32569391
514.65036924 467.06595365
677.97504456 452.10491469
767.74127833 514.44257703
891.16984976 440.88413547
899.89712249 417.19582378
816.36465495 349.87114846
725.35166794 351.11790171
720.36465495 318.70231729
633.09192768 351.11790171
614.39062898 367.32569391
554.54647313 313.71530430
518.39062898 337.40361599
497.19582378 331.16984976
457.29971989 382.28673287
437.35166794 388.52049911
352.57244716 362.33868093
313.92309651 373.55946015
279.01400560 379.79322638
247.84517443 364.83218742
214.18283677 382.28673287
66.65036924 354.54647313
82.23478482 351.42959002
96.57244716 342.70231729
113.40361599 336.46855106
124.62439521 329.61140820
133.35166794 332.10491469
99.06595365 326.49452508
92.83218742 319.01400560
94.70231729 313.40361599
95.94907054 304.67634326
82.85816145 309.03997963
77.24777184 310.91010950
72.88413547 317.76725236
64.78023937 343.94907054
71.63738223 340.83218742
55.42959002 320.88413547
38.59842119 332.10491469
40.46855106 324.00101859
36.10491469 322.13088872
27.37764197 332.10491469
24.88413547 340.83218742
9.92309651 329.61140820
8.67634326 350.18283677
18.02699262 326.49452508
41.09192768 310.91010950
1.19582378 323.37764197
2.44257703 333.97504456
110.91010950 309.66335625
122.75426534 315.27374586
138.96205755 315.89712249
147.68933028 326.49452508
164.52049911 313.40361599
173.87114846 307.16984976
174.49452508 322.13088872
191.32569391 314.02699262
194.44257703 320.88413547
195.68933028 297.81920041
176.98803158 333.97504456
211.89712249 320.26075885
208.15686275 304.05296664
222.49452508 293.45556404
231.22179781 300.31270690
220.62439521 313.40361599
238.70231729 319.63738223
244.93608352 300.93608352
283.58543417 266.02699262
296.67634326 297.81920041
302.28673287 302.18283677
328.46855106 304.05296664
347.79322638 300.31270690
334.07894067 305.29971989
361.50751210 292.20881080
380.20881080 291.58543417
332.83218742 326.49452508
314.13088872 345.19582378
451.06595365 304.98803158
459.79322638 285.03997963
573.03997963 290.96205755
626.65036924 277.87114846
649.09192768 273.50751210
727.01400560 286.59842119
715.79322638 247.32569391
751.94907054 254.18283677
763.79322638 289.09192768
791.84517443 275.37764197
793.09192768 256.05296664
786.23478482 257.92309651
837.35166794 312.78023937
890.96205755 293.45556404
912.15686275 308.41660300
892.20881080 354.54647313
940.83218742 292.20881080
909.03997963 275.37764197
912.15686275 255.42959002
919.63738223 243.58543417
957.66335625 277.87114846
1000.67634326 284.10491469
1020.62439521 253.55946015
982.59842119 251.68933028
956.41660300 214.28673287
922.75426534 184.36465495
948.93608352 153.81920041
941.45556404 165.66335625
927.74127833 142.59842119
915.89712249 159.42959002
856.05296664 191.22179781
807.42959002 183.74127833
808.67634326 176.88413547
791.84517443 186.23478482
782.49452508 189.97504456
759.42959002 189.97504456
789.35166794 214.91010950
1022.07894067 302.49452508
