480.86797386 614.08278867
488.45315904 554.34945534
573.78649237 394.11241830
621.19389978 299.29760349
801.34204793 192.15686275
667.65315904 151.38649237
890.46797386 133.37167756
429.66797386 204.48278867
440.09760349 148.54204793
390.79389978 133.37167756
315.89019608 131.47538126
300.71982571 296.45315904
270.37908497 327.74204793
211.59389978 143.80130719
120.57167756 219.65315904
22.91241830 159.91982571
26.70501089 134.31982571
53.25315904 296.45315904
10.58649237 291.71241830
10.58649237 471.86056645
23.86056645 116.54204793
272.74945534 101.84575163
398.85315904 88.09760349
474.70501089 72.45315904
214.91241830 68.66056645
241.93464052 70.55686275
11.53464052 28.30501089
54.88278867 4.61612200
229.72723312 19.89019608
480.63093682 125.43093682
528.27538126 81.57908497
547.00130719 108.36427015
576.86797386 72.33464052
558.14204793 137.75686275
488.45315904 47.68278867
393.40130719 59.06056645
699.89019608 153.99389978
634.94204793 100.42352941
606.49760349 89.51982571
651.53464052 92.83834423
161.81612200 307.11982571
844.48278867 132.66056645
815.56427015 74.82352941
758.67538126 67.71241830
985.28278867 44.60130719
870.08278867 56.45315904
1007.74204793 8.12723312
743.26797386 46.49760349
763.89019608 40.80871460
600.57167756 55.74204793
570.58649237 21.31241830
507.29760349 24.03834423
526.37908497 125.90501089
687.47754207 0.68733228
635.79322638 1.15386574
632.85216744 36.26475485
454.34267693 11.56145815
475.76125835 21.79122838
42.35466494 81.16385575
80.20481479 104.18083877
140.04897064 146.63438522
219.34080923 190.65853499
816.95953833 1.65519050
