306.88497334 543.41953556
481.48405169 403.03243878
842.47944339 367.64073371
967.53013463 206.01861390
998.20294569 160.00939731
948.65455860 148.21216228
783.49326828 177.70524984
660.80202404 222.53474293
368.23059546 285.06008855
284.47022680 280.34119454
270.31354477 252.02783049
253.79741574 157.64995030
167.67760007 157.64995030
132.28589500 149.39188579
60.32276136 145.85271528
1.33658625 160.00939731
317.50248486 197.76054938
318.68220837 169.44718533
377.66838348 147.03243878
441.37345261 129.33658625
122.84810698 47.93566459
44.98635583 31.41953556
484.43336044 121.96331436
512.74672450 120.19372910
508.61769224 100.72829132
539.88036505 115.47483510
530.44257703 98.95870606
563.47483510 102.49787657
561.70524984 67.69603325
617.15225445 103.67760007
604.17529592 75.95409777
636.61769224 83.03243878
643.10617150 84.80202404
656.67299178 56.48865998
743.97253095 63.56700099
629.53935122 62.38727749
617.74211620 49.41031897
617.15225445 33.48405169
596.50709316 41.74211620
582.35041113 19.91723141
542.82967381 10.47944339
499.17990422 61.20755399
454.35041113 26.40571067
414.82967381 25.22598717
345.81584892 44.69142496
306.88497334 22.27667841
283.29050330 33.48405169
255.56700099 6.35041113
468.50709316 26.99557242
500.35962772 10.47944339
490.92183970 3.40110238
469.68681666 2.22137887
598.86654016 12.24902864
608.89418993 24.63612542
297.44718533 3.40110238
582.35041113 6.35041113
848.96792265 88.34119454
880.82045722 55.89879823
908.54395952 80.08313003
896.74672450 100.72829132
957.50248486 92.47022680
1010.59004247 114.29511159
1000.56239270 105.44718533
1015.30893648 85.39188579
999.97253095 47.64073371
997.61308394 32.89418993
1015.30893648 4.58082588
784.08313003 18.73750791
191.27207012 40.85732357
216.04626367 42.03704708
15.49326828 6.64534201
562.88497334 52.65455860
575.86193187 56.19372910
