4.72829132 108.00101859
42.13088872 95.53348612
87.01400560 318.70231729
145.61140820 339.89712249
392.46855106 558.07894067
462.28673287 535.63738223
537.09192768 565.55946015
554.54647313 640.36465495
694.18283677 756.31270690
104.35166794 90.59783087
131.93608352 102.50928305
136.32451328 114.42073524
145.10137278 105.64387573
183.97032201 86.20940112
200.89712249 106.27079427
233.49688636 105.64387573
303.71176239 116.92840938
340.07303748 125.70526888
355.74600088 167.70881080
340.69995602 181.50101859
355.74600088 272.40420631
293.68106581 278.04647313
390.22652036 207.20467857
414.67634326 202.81624881
426.58779545 291.21176239
436.61849202 313.15391115
530.65627243 286.19641410
569.52522166 307.51164433
583.94434799 213.47386393
551.97150265 215.98153807
560.74836215 165.82805519
543.82156168 168.33572933
500.56418270 150.15509179
393.98803158 121.94375767
353.23832674 66.77492650
404.64564669 58.62498553
432.23006227 64.26725236
464.20290761 69.28260064
457.30680371 105.64387573
426.58779545 108.77846841
417.81093594 121.31683913
443.51459592 130.09369864
492.41424173 115.04765377
539.43313193 117.55532792
560.74836215 99.37469037
576.42132556 91.22474940
575.16748848 79.31329722
706.96306953 251.58560284
759.18705333 251.58560284
817.52235440 170.47175564
797.52167975 170.47175564
728.63046706 161.58256691
701.96290086 169.91618135
685.29567199 129.91483205
673.62861178 102.13611726
649.18334276 98.24709719
630.29381670 96.58037430
715.85225826 90.46905704
737.51965580 99.91382007
793.07708538 89.35790845
812.52218573 98.24709719
818.63350299 78.80199683
810.29988855 55.46787641
849.19008926 85.46888838
847.52336637 110.46973169
863.07944665 56.02345070
499.73385718 57.13459929
392.59808386 21.33547634
390.65509179 9.28892549
388.32350130 1.51695720
395.70687118 5.01434293
435.73250788 4.23714610
452.05364129 8.51172866
471.87216043 13.17490963
458.65981434 29.88464146
457.10542068 37.65660975
471.87216043 32.21623195
425.62894910 23.27846841
435.73250788 29.49604305
375.49975362 20.16968110
361.89880911 24.83286207
369.28217899 21.33547634
396.48406801 33.77062561
411.25080776 34.93642085
465.26598739 47.37157012
486.25030177 55.53213682
516.17237970 52.81194792
501.01704153 31.05043670
505.29162409 14.72930329
535.99089884 13.95210646
543.37426872 15.89509854
537.93389091 21.72407475
539.09968616 25.99865731
543.37426872 28.71884622
537.54529250 39.59960182
560.86119737 46.20577487
562.02699262 39.98820024
563.58138627 29.49604305
552.31203225 26.77585414
567.85596883 13.17490963
572.51914981 6.95733500
580.67971651 13.17490963
577.57092920 16.67229536
570.57615774 20.16968110
587.28588956 24.05566524
585.34289749 29.88464146
588.45168481 20.16968110
596.22365310 33.77062561
644.79845492 39.21100341
628.47732151 33.77062561
614.09918017 37.65660975
610.99039285 28.33024780
621.87114846 25.99865731
595.44645627 7.73453183
599.72103883 17.44949219
607.88160553 10.84331915
604.77281822 3.84854768
629.64311675 16.67229536
624.97993578 15.11790171
644.79845492 27.16445256
637.41508504 24.83286207
639.74667553 18.61528744
653.73621845 19.39248427
657.62220260 61.36111304
652.18182480 75.73925438
853.31894741 40.73427884
855.25890356 35.56106244
843.29584065 38.14767064
838.12262426 39.44097474
836.82932016 49.78740752
820.66301893 47.20079933
814.19649843 40.08762679
818.39973675 36.53104052
826.48288737 35.88438847
825.51290930 28.12456388
852.67229536 7.75502432
853.96559946 3.55178600
849.43903512 3.55178600
858.49216381 4.52176408
854.93557754 20.04141326
836.82932016 15.51484891
845.23579680 19.07143519
846.20577487 11.31161059
846.20577487 3.55178600
836.50599413 1.93515588
833.59605991 8.72500240
833.27273389 6.46172023
831.97942979 12.60491469
826.80621339 14.86819687
828.74616954 11.63493662
828.74616954 8.07835035
829.39282159 2.25848191
822.60297507 2.25848191
818.07641073 5.49174215
817.10643266 2.25848191
824.86625725 8.72500240
818.07641073 14.86819687
812.25654229 15.51484891
816.45978061 25.86128170
805.14336974 39.44097474
780.24726585 53.02066777
765.69759474 55.28394994
786.71378634 37.82434461
790.59369864 34.91441039
795.76691503 25.86128170
805.14336974 24.56797760
801.58678347 16.80815301
804.82004372 13.57489277
811.28656421 10.01830650
814.19649843 7.75502432
812.57986831 5.81506818
809.02328204 3.22845998
807.72997794 6.78504625
804.17339167 2.58180793
803.52673962 5.49174215
801.58678347 9.37165445
799.97015335 12.28158867
792.53365478 17.13147904
789.94704659 13.25156674
798.67684925 3.22845998
793.18030683 1.28850383
787.36043839 1.28850383
785.42048224 3.55178600
780.57059187 10.01830650
779.60061380 15.51484891
777.33733163 28.12456388
766.02092077 25.21462965
766.02092077 17.77813109
764.72761667 14.86819687
773.13409331 11.63493662
776.36735355 10.01830650
779.27728777 7.10837227
771.84078921 1.28850383
766.66757281 1.93515588
762.46433449 7.75502432
759.23107425 1.93515588
755.35116195 1.93515588
750.82459761 1.93515588
755.67448798 15.83817494
751.14792363 7.75502432
755.02783593 6.46172023
750.17794556 18.10145711
747.26801134 8.72500240
742.41812097 10.98828457
743.71142507 20.04141326
709.11554043 54.31397187
699.41575969 43.96753908
665.46652711 39.76430076
667.08315723 65.95370876
653.18013817 11.31161059
663.52657096 7.75502432
662.87991891 16.16150096
668.37646133 21.33471736
679.36954617 16.80815301
672.90302567 30.38784605
680.98617629 26.83125978
695.53584740 30.38784605
689.71597895 22.62802146
706.20560621 33.29778027
723.66521154 42.35090896
726.89847179 32.00447617
719.46197322 22.30469543
708.79221441 20.04141326
736.92157855 3.22845998
730.13173203 6.46172023
727.22179781 1.93515588
724.63518961 5.49174215
741.12481687 5.49174215
720.75527732 3.22845998
716.22871297 4.19843805
705.55895416 11.63493662
712.02547465 4.19843805
692.62591318 6.46172023
688.42267486 3.22845998
681.63282834 5.49174215
678.07624207 6.78504625
622.46416583 7.10837227
615.02766727 8.07835035
596.92140989 24.56797760
543.78209466 39.64665866
669.04740078 15.03441377
732.91719332 5.41660300
705.82156168 3.18519805
867.12026298 37.29381670
874.13324999 36.65627243
870.30798435 35.06241174
870.94552862 45.90066440
875.08956641 29.96205755
875.40833854 21.03643772
876.04588282 8.60432437
871.58307290 4.46028659
879.87114846 4.46028659
878.27728777 1.27256522
865.84517443 10.19818506
866.48271871 21.03643772
820.57953099 9.24186865
840.93287894 16.79651530
651.07325070 1.81572562
641.44114368 1.06656174
576.37090957 56.61171224
590.60502328 14.23044134
830.65853499 20.22375238
862.87258181 6.73880254
860.51806676 18.83244803
858.37759853 17.22709686
840.50468883 9.30736442
