35.23834423 717.43093682
400.27538126 346.70501089
667.65315904 329.63834423
491.29760349 175.09019608
423.97908497 176.03834423
365.19389978 227.23834423
259.00130719 140.95686275
231.50501089 128.63093682
6.79389978 93.78649237
70.31982571 79.09019608
105.40130719 65.34204793
147.59389978 90.46797386
179.35686275 73.87538126
241.93464052 66.76427015
301.19389978 67.71241830
340.54204793 88.09760349
139.53464052 51.94945534
171.77167756 37.01612200
104.45315904 35.83093682
204.24575163 18.46797386
56.61612200 8.66056645
81.96427015 3.12723312
344.33464052 51.47538126
389.84575163 41.28278867
447.44575163 32.98649237
564.06797386 39.38649237
341.41612200 15.69760349
317.59389978 16.67538126
307.28278867 24.42352941
298.09760349 50.23093682
270.51241830 2.81612200
505.49019608 23.32723312
530.73464052 21.66797386
484.94204793 2.25315904
897.10501089 60.71982571
853.25315904 69.25315904
725.96427015 70.08278867
453.37167756 283.41612200
603.53464052 29.01612200
682.52723312 4.55686275
623.91982571 4.23093682
822.94204793 4.20130719
376.10091869 4.12089871
166.39062898 5.14387573
755.62539421 12.30471489
