202.72673570 541.65958507
209.69588271 464.99896801
485.67410412 308.89007509
636.20767944 299.13326928
708.68680830 357.67410412
781.16593716 349.31112772
803.46720757 275.43816946
862.00804242 329.79751610
934.48717128 310.28390449
1018.11693534 314.46539269
935.88100068 438.51620939
1012.54161774 193.20223480
955.39461229 200.17138180
192.96992990 215.50350521
255.69225294 177.87011138
226.42183552 149.99352336
275.20586456 124.90459414
305.87011138 163.93181737
322.59606420 189.02074659
350.47265222 182.05159959
383.92455784 147.20586456
390.89370485 117.93544714
443.85922209 148.59969396
452.22219850 105.39098253
455.00985730 190.41457599
566.51620939 211.32201701
558.15323298 85.87737091
661.29660866 133.26757055
733.77573752 123.51076474
988.84651792 105.39098253
1016.72310594 102.60332373
991.63417672 66.36375930
979.08971211 73.33290630
84.94815131 34.47991175
81.46357781 43.53980285
107.24942173 57.82655422
104.11330558 25.07156329
114.21856873 26.46539269
122.23308779 34.47991175
121.88463044 54.34198071
137.21675385 45.63054696
134.42909505 33.78299705
140.00441265 29.94996619
163.69951247 20.19316039
168.22945803 36.91911320
173.10786093 45.28208961
179.72855059 40.05522935
190.53072844 37.26757055
227.11875022 19.14778833
236.52709868 54.34198071
209.69588271 49.81203516
214.57428561 73.85559233
277.58698979 54.08063770
273.92818761 43.62691719
265.21675385 40.66502971
267.83018398 5.64506601
278.28390449 5.12237999
287.51802427 6.34198071
268.70132735 11.22038362
273.05704423 12.96267037
277.93544714 18.01530195
284.20767944 21.15141810
290.47991175 19.23490267
283.33653607 27.42365040
280.37464859 35.78662681
283.33653607 45.54343262
296.22945803 46.24034732
295.88100068 39.44542899
305.63780648 18.53798797
310.86466674 15.75032917
299.53980285 9.65232554
311.38735276 41.18771574
308.77392264 33.69588271
316.61421302 52.86103697
309.47083734 60.52709868
311.56158144 75.33653607
335.43090993 39.96811501
346.23308779 2.68317853
333.34016583 1.98626383
347.80114587 24.11330558
345.71040177 66.62510231
355.64143625 60.17864133
364.35287000 91.19134550
378.63962137 60.52709868
376.02619124 30.21130921
380.38190812 26.02982100
367.83744351 24.63599160
364.17864133 15.22764314
362.26212590 10.00078289
353.37646347 11.74306964
373.93544714 7.21312409
371.32201701 3.55432191
382.47265222 2.33472118
387.87374115 1.98626383
390.83562863 10.17501157
402.85740721 11.74306964
381.42728017 16.79570122
397.80477563 49.55069215
391.00985730 70.28390449
421.15141810 61.39824206
422.89370485 35.61239814
418.36375930 10.00078289
433.52165403 13.65958507
428.99170848 14.35649977
411.56884097 5.29660866
427.42365040 2.68317853
317.48535639 147.20586456
328.63599160 135.35831465
335.60513861 127.69225294
341.87737091 102.60332373
455.00985730 33.78299705
463.02437636 14.96630013
461.63054696 4.51257962
478.00804242 10.08789723
493.68862318 5.55795167
498.56702608 20.89007509
487.41639088 41.79751610
475.56884097 33.78299705
469.29660866 72.81022028
484.62873207 84.65777019
504.49080104 71.41639088
504.14234369 56.43272481
526.44361411 45.28208961
530.62510231 72.81022028
552.92637273 53.99352336
571.74306964 25.76847799
565.47083734 4.51257962
576.27301520 0.33109142
540.38190812 3.81566492
532.71584641 9.04252518
527.83744351 3.81566492
515.64143625 7.99715313
622.96630013 11.13326928
632.72310594 8.69406783
647.70677200 5.20949432
656.06974841 3.81566492
667.91729832 31.34379559
681.15867763 3.81566492
686.73399523 16.01167218
712.51983915 9.04252518
720.88281556 5.20949432
731.33653607 28.20767944
689.87011138 67.23490267
672.44724387 72.46176293
704.50532010 91.97537454
772.33835095 94.76303334
773.73218035 63.05341447
750.38553788 59.22038362
759.09697164 48.41820576
752.47628198 33.08608235
768.15686275 25.76847799
787.32201701 13.57247073
787.32201701 5.55795167
820.77392264 1.37646347
830.18227109 24.72310594
809.62328743 39.35831465
823.91003879 61.31112772
868.16412227 7.64869578
885.93544714 11.83018398
849.69588271 78.38553788
882.10241628 106.26212590
909.04978471 29.60150884
939.01711683 11.13326928
919.50350521 3.81566492
973.51439451 28.90459414
988.14960322 34.47991175
1018.81385004 22.28390449
231.32743131 572.51806676
403.42107679 307.95619385
268.99967211 301.10669552
65.22709686 680.39766542
92.83913699 37.29398649
122.59164535 22.31070890
128.58495639 21.45452161
96.69197980 25.30736442
92.19699652 25.30736442
76.14348482 34.29733097
166.04315037 146.24381927
218.91271559 93.90937111
108.99967211 34.67191291
247.27391960 20.75886943
252.08997311 35.20702997
252.94616040 61.74883599
253.05318382 53.50803331
280.45117713 83.26054167
276.91940455 70.47124402
252.30401994 140.25050823
377.73545806 207.56823398
338.02977244 28.99967211
355.36756509 25.46789953
409.52141124 22.25719719
338.99298315 1.49465539
462.06990622 50.77893632
391.00636107 98.29733097
513.01305004 88.13010689
567.80903666 120.02308348
327.00636107 121.52141124
571.66187947 175.24716375
600.34415371 105.46789953
403.84917044 173.74883599
347.12676241 147.20702997
558.81907010 160.37090957
549.40100990 98.61840121
598.41773231 11.34080923
522.43111024 29.80234769
522.00301659 18.02977244
754.45786609 167.54147813
850.35084268 117.02642796
