161.13396198 663.36296962
252.00419099 678.01945816
52.67594671 576.88968717
39.48510702 497.74464900
7.24083221 396.61487801
43.88205358 329.19503068
23.36296962 305.74464900
26.29426733 210.47747343
21.89732076 239.79045053
61.46983984 291.08816046
130.35533603 273.50037420
142.08052687 197.28663374
137.68358030 166.50800778
109.83625206 170.90495435
194.84388565 166.50800778
184.58434366 220.73701542
184.58434366 288.15686275
180.18739710 405.40877114
249.07289328 380.49274061
287.17976351 313.07289328
259.33243526 169.43930549
281.31716809 160.64541236
316.49274061 169.43930549
319.05762610 158.08052687
343.24083221 163.21029786
352.76754977 155.14922916
256.76754977 147.82098488
410.66067954 160.27900015
397.46983984 152.95075587
398.20266427 140.49274061
377.68358030 166.14159557
455.36296962 168.34006885
471.48510702 182.99655740
462.69121389 232.82861847
405.53090855 249.68358030
343.24083221 324.43167191
284.61487801 270.20266427
430.44693908 287.05762610
407.72938183 321.50037420
504.46220626 234.29426733
510.32480168 332.49274061
571.14922916 309.04235893
697.56144290 333.59197725
677.04235893 250.04999252
660.92022152 247.11869481
641.86678641 228.06525969
684.37060320 189.95838946
697.56144290 228.06525969
722.47747343 308.67594671
803.08816046 298.41640473
807.48510702 342.38587038
842.66067954 332.12632839
942.32480168 357.04235893
703.05762610 130.23319862
729.43930549 116.30953450
741.89732076 85.53090855
727.24083221 87.72938183
802.72174824 40.82861847
812.98129023 40.82861847
876.73701542 92.85915282
929.50037420 89.92785511
890.66067954 82.59961084
824.70648107 81.86678641
806.38587038 84.79808412
780.00419099 89.92785511
774.14159557 81.86678641
844.49274061 95.05762610
782.20266427 133.89732076
769.01182458 110.44693908
765.34770244 147.82098488
733.83625206 172.73701542
777.07289328 161.01182458
785.13396198 181.53090855
837.89732076 177.13396198
849.62251160 161.01182458
917.04235893 181.53090855
991.05762610 159.54617572
972.73701542 215.24083221
859.88205358 229.16449633
