187.47393592 479.06417982
138.77149689 446.59588714
281.13247250 401.63978957
267.39588714 370.42027738
379.78613104 347.94222860
418.49832616 372.91783835
665.75686275 582.71296031
694.47881396 633.91296031
568.35198470 377.91296031
609.56174079 344.19588714
843.08369201 350.43978957
836.83978957 291.74710665
873.05442372 258.03003348
823.10320421 238.04954567
784.39100909 280.50808226
756.91783835 218.06905787
736.93735055 280.50808226
678.24466762 283.00564323
655.76661884 269.26905787
608.31296031 246.79100909
598.32271640 283.00564323
518.40076518 258.03003348
257.40564323 320.46905787
233.67881396 274.26417982
279.88369201 271.76661884
219.94222860 265.52271640
214.94710665 244.29344811
218.69344811 229.30808226
167.49344811 255.53247250
177.48369201 251.78613104
166.24466762 288.00076518
187.47393592 246.79100909
140.02027738 244.29344811
151.88369201 238.04954567
107.55198470 241.79588714
65.71783835 234.92759445
46.36174079 246.16661884
254.28369201 195.59100909
288.00076518 194.34222860
324.21539933 214.32271640
342.94710665 216.82027738
371.66905787 203.08369201
476.56661884 205.58125299
490.30320421 152.50808226
505.28857006 148.13735055
500.29344811 180.60564323
507.78613104 190.59588714
525.89344811 199.02515543
597.07393592 204.64466762
607.06417982 200.27393592
610.81052128 213.38613104
608.93735055 227.74710665
625.79588714 196.52759445
667.00564323 180.91783835
689.48369201 202.14710665
678.24466762 162.81052128
653.26905787 151.57149689
643.27881396 151.57149689
714.45930177 202.14710665
714.45930177 135.96174079
734.43978957 129.09344811
773.15198470 88.50808226
791.88369201 158.43978957
780.64466762 164.05930177
782.51783835 176.54710665
826.84954567 185.28857006
874.30320421 179.66905787
851.82515543 144.70320421
838.08857006 133.46417982
886.79100909 149.07393592
890.53735055 127.84466762
903.02515543 105.36661884
924.25442372 129.09344811
903.64954567 159.68857006
940.48857006 175.29832616
959.22027738 184.03978957
994.18613104 238.98613104
1013.54222860 186.53735055
985.44466762 151.57149689
971.70808226 151.57149689
950.47881396 162.81052128
947.35686275 149.69832616
957.97149689 132.21539933
954.84954567 107.86417982
980.44954567 82.88857006
1007.92271640 99.74710665
1020.41052128 102.24466762
