129.65979817 448.78308584
6.41909366 254.90441656
65.03357507 248.89267488
158.21557116 212.82222478
176.25079621 241.37799777
254.40343809 209.81635394
279.95334024 230.85744983
258.91224435 181.26058094
314.52085492 224.84570815
314.52085492 169.23709758
367.12359464 200.79874141
302.49737155 143.68719543
451.28797820 151.20187253
282.95921108 555.49150071
288.97095276 388.66566901
260.41517977 339.06880012
373.13533633 315.02183339
487.35842830 146.69306627
553.48758682 106.11380991
556.49345766 131.66371206
517.41713672 178.25471010
472.32907410 199.29580599
517.41713672 230.85744983
505.39365335 283.46018956
478.34081578 293.98073750
535.45236177 209.81635394
604.58739112 143.68719543
600.07858486 97.09619738
583.54629523 110.62261617
628.63435785 127.15490580
669.21361421 214.32516020
706.78699973 209.81635394
739.85157899 161.72242048
771.41322282 154.20774337
804.47780208 154.20774337
900.66566901 127.15490580
867.60108975 190.27819347
915.69502321 164.72829132
959.28015042 169.23709758
1019.39756725 149.69893711
1001.36234220 238.37212693
909.68328153 272.93964161
818.00422087 241.37799777
950.26253789 322.53651049
858.58347723 391.67153985
980.32124631 505.89463183
759.38973946 492.36821304
714.30167684 444.27427957
775.92202909 122.64609954
733.83983730 122.64609954
726.32516020 91.08445570
684.24296842 68.54042439
732.33690188 65.53455355
849.56586470 74.55216607
804.47780208 70.04335981
780.43083535 85.07271402
795.46018956 101.60500365
984.83005257 33.97290971
995.35060051 9.92594298
960.78308584 64.03161813
923.20970032 8.42300756
861.58934807 38.48171597
798.46606040 5.41713672
753.37799777 36.97878055
709.79287057 26.45823261
729.33103104 26.45823261
657.19013085 15.93768466
660.19600169 39.98465139
631.64022869 44.49345766
639.15490580 33.97290971
598.57564944 55.01400560
643.66371206 74.55216607
646.66958290 53.51107018
240.04497463 316.12889072
601.15586374 202.57844117
639.00601359 215.87714247
746.41860101 57.31570390
675.83318642 48.10891070
357.68733228 146.31470490
720.84417543 10.25876085
299.82241458 95.40769887
242.02977244 112.10335104
411.12676241 149.34749820
429.53478917 123.23378582
474.48462194 133.07993967
505.30736442 125.37425405
191.08662863 382.87258181
173.10669552 489.46789953
124.30401994 550.25719719
533.98963866 453.50803331
555.82241458 414.55151157
606.76555840 305.38763198
437.24047479 408.98629418
371.10000656 228.33077579
438.09666208 217.20034101
504.87927077 204.35753164
347.76890288 213.56154502
193.22709686 191.51472228
33.97626074 373.45452161
44.67860188 297.68194636
23.70201325 427.82241458
467.84917044 129.01305004
521.57492295 151.48796642
551.32743131 153.84248147
586.43111024 139.50134435
645.93612696 226.83244803
635.87592629 255.30067545
585.36087612 193.86923733
860.62509017 611.04649485
663.48796642 166.04315037
664.13010689 146.13679586
667.12676241 128.37090957
654.92609351 133.07993967
642.93947144 125.58830087
709.07993967 50.77893632
566.52475572 73.89599318
576.79900321 68.75886943
608.69197980 40.29064201
612.75886943 67.47458850
746.75218047 94.44448816
671.83579251 85.45452161
823.16689619 78.17692963
830.87258181 51.84917044
880.95953833 40.29064201
841.36087612 20.17024067
852.49131091 37.29398649
799.62174569 38.79231425
809.03980589 39.43445472
784.21037445 52.91940455
596.70535773 122.05652830
758.31070890 51.84917044
779.71539117 20.38428749
753.60167880 24.87927077
699.23378582 4.81238114
741.50803331 8.66522395
673.97626074 4.81238114
622.39097646 11.23378582
745.03980589 243.52810020
1002.75218047 68.11672897
953.73545806 101.29398649
977.92274903 80.74549151
970.85920388 83.74214703
879.88930422 106.43111024
892.73211358 85.45452161
891.66187947 71.75552495
903.54147813 9.73545806
923.44783264 21.29398649
956.41104335 7.05987278
837.93612696 58.00301659
837.72208014 59.50134435
966.36422060 34.77893632
1021.80234769 39.64850154
1000.39766542 50.77893632
988.41104335 79.88930422
1020.08997311 88.45117713
1019.66187947 123.34080923
636.94616040 5.98963866
