65.05827120 86.09113505
57.24606462 68.06296603
38.01601767 158.80475007
71.06766087 167.21789561
71.66859983 137.17094725
106.52305993 166.01601767
150.39160453 176.83291908
150.99254350 150.39160453
153.99723833 142.57939796
211.68737918 128.15686275
255.55592378 113.13338857
280.79536040 88.49489091
239.33057167 170.82352941
208.68268434 179.23667495
261.56531345 172.02540735
243.53714444 238.12869373
137.77188622 266.37282519
187.04888152 339.08644021
273.58409279 343.29301298
281.39629936 319.25545429
277.18972659 281.39629936
287.40568904 253.75310688
321.65921016 224.30709749
341.49019608 221.30240265
351.70615852 247.74371721
358.91742613 221.30240265
407.59348246 222.50428059
413.60287213 238.12869373
445.45263739 243.53714444
479.70615852 252.55122894
496.53244960 275.98784866
471.89395195 177.43385805
470.69207401 158.20381110
410.59817730 75.87517260
378.74841204 144.98315382
357.71554819 149.79066556
367.93151063 157.60287213
363.12399890 166.61695664
350.50428059 166.01601767
352.90803645 196.06296603
27.80005523 163.61226181
772.36343552 103.51836509
766.95498481 119.14277824
795.19911627 100.51367026
809.02071251 99.31179232
820.43855289 98.10991439
826.44794256 108.32587683
843.87517260 102.31648716
848.08174537 108.32587683
783.18033692 172.02540735
722.48550124 130.56061861
712.26953880 125.15216791
735.70615852 155.19911627
703.25545429 153.39629936
665.99723833 150.99254350
613.71554819 132.96437448
578.26014913 134.16625242
587.27423364 148.58878763
533.79066556 172.02540735
544.60756697 172.62634631
563.23667495 176.83291908
641.95967965 162.41038387
657.58409279 168.41977354
700.25075946 179.23667495
745.32118199 184.64512566
697.84700359 206.87986744
715.27423364 224.90803645
794.59817730 247.74371721
849.28362331 236.32587683
616.11930406 317.45263739
585.47141674 306.03479702
548.81413974 236.32587683
587.87517260 223.10521955
605.90334162 226.71085336
673.80944490 238.72963270
861.30240265 283.80005523
881.13338857 309.03949185
900.96437448 193.05827120
930.41038387 194.26014913
958.05357636 293.41507871
989.30240265 279.59348246
999.51836509 349.30240265
1009.13338857 371.53714444
919.59348246 630.54183927
1010.93620547 679.81883458
877.52775476 148.28831814
882.93620547 136.87047777
899.16155758 136.87047777
910.57939796 132.66390500
885.94090030 109.22728528
866.10991439 107.42446838
858.89864678 108.02540735
852.88925711 100.21320077
867.91273129 100.81413974
903.96906932 86.99254350
912.98315382 87.59348246
925.60287213 76.17564209
926.80475007 79.78127589
939.42446838 83.38690969
926.80475007 106.22259044
953.84700359 83.98784866
969.47141674 77.97845899
975.48080641 75.57470312
971.87517260 86.39160453
964.06296603 99.61226181
977.88456228 105.62165148
979.08644021 141.07705054
1007.33057167 112.83291908
997.71554819 103.81883458
984.49489091 91.19911627
997.71554819 70.16625242
1000.11930406 73.77188622
1006.72963270 87.59348246
1020.55122894 94.80475007
1010.33526650 77.97845899
979.68737918 84.58878763
1022.35404584 129.65921016
954.44794256 103.81883458
991.10521955 86.69207401
1000.41977354 92.10052472
856.49489091 81.58409279
562.63573598 235.42446838
964.36343552 108.62634631
