108.37060320 626.72174824
29.22556504 425.92785511
40.95075587 150.38587038
137.68358030 119.60724442
168.46220626 52.18739710
210.96602305 68.30953450
225.62251160 144.52327496
213.89732076 226.59961084
252.00419099 345.31716809
294.50800778 125.46983984
410.29426733 232.46220626
458.66067954 308.67594671
380.98129023 102.01945816
357.53090855 93.22556504
369.25609939 58.04999252
348.73701542 21.40877114
304.76754977 50.72174824
439.60724442 58.04999252
452.79808412 96.15686275
486.50800778 154.78281694
533.40877114 201.68358030
521.68358030 81.50037420
507.02709175 63.91258794
501.16449633 21.40877114
455.72938183 9.68358030
427.88205358 9.68358030
527.54617572 40.46220626
490.90495435 9.68358030
552.46220626 21.40877114
578.84388565 25.80571771
571.51564137 63.91258794
608.15686275 60.98129023
615.48510702 88.82861847
614.01945816 17.01182458
663.85151923 96.15686275
637.46983984 335.05762610
644.79808412 616.46220626
636.00419099 560.76754977
655.05762610 466.96602305
734.20266427 342.38587038
781.10342763 311.60724442
775.24083221 280.82861847
808.95075587 175.30190091
864.64541236 170.90495435
920.34006885 181.16449633
1002.41640473 185.56144290
1017.07289328 291.08816046
1011.21029786 339.45457267
970.17212992 370.23319862
832.40113755 71.24083221
857.31716809 72.70648107
811.88205358 50.72174824
760.58434366 78.56907649
772.30953450 55.11869481
737.13396198 25.80571771
710.75228259 27.27136656
685.83625206 19.94312229
663.85151923 25.80571771
741.40877114 10.04999252
799.30190091 26.17212992
901.89732076 4.92022152
