264.05296664 496.98803158
694.18283677 752.57244716
307.68933028 488.26075885
78.28673287 287.53348612
123.16984976 297.50751210
155.58543417 301.24777184
136.88413547 347.37764197
570.75426534 458.33868093
500.93608352 467.06595365
756.52049911 410.96205755
716.62439521 373.55946015
873.71530430 356.10491469
669.24777184 359.84517443
623.11790171 373.55946015
615.63738223 275.06595365
653.03997963 257.61140820
346.84315048 87.27602281
330.08484385 100.89214694
291.85495686 106.12911776
275.09665023 103.51063235
215.91887995 138.59833686
181.35487253 154.30924932
141.03019720 141.21682227
128.98516431 143.83530768
102.27661312 150.11967266
202.30275581 221.34247583
231.10609533 176.30452677
264.09901151 173.16234428
232.67718658 232.86381164
303.89998975 173.16234428
392.92849371 148.02488433
367.79103377 221.86617292
407.06831493 207.20265462
423.30292448 203.01307796
476.72002685 177.87561802
506.04706345 188.87325674
471.48305603 281.04394320
497.66791014 134.93245728
500.28639555 111.88978567
478.81481518 102.46323819
458.39062898 96.17887320
455.77214357 79.94426366
507.09445762 76.27838408
425.39771280 85.18123448
434.30056320 96.17887320
407.06831493 95.13147904
408.11570909 81.51535490
390.93136097 45.00810241
413.24541056 20.01636688
423.95615436 22.24777184
416.36937750 28.49570572
459.21235271 21.80149084
477.06359238 26.26430076
467.24541056 26.71058175
462.78260064 41.88413547
460.10086679 44.60280641
423.18401741 66.46146723
435.32771786 66.94721525
438.24220597 53.34627074
423.66976543 53.83201876
470.78732319 63.54697912
516.93338492 25.17288568
531.02007745 28.57312181
516.93338492 88.80587607
518.87637700 42.65981434
555.79322638 38.77383019
559.19346251 27.11587776
553.36448629 45.57430245
566.47968278 40.71682227
567.93692684 50.91753065
566.47968278 59.66099498
535.39180962 75.20493156
524.70535322 142.23815807
539.27779376 124.75122942
554.33598233 96.57784436
567.45117882 84.43414391
580.08062729 53.83201876
578.13763522 33.43060199
596.11031189 50.91753065
594.65306784 18.37241343
590.50751210 23.02420968
595.46669577 27.43237295
566.81363454 28.53441377
575.62996108 101.82012805
589.95649169 127.71808723
599.32383863 115.04461785
619.16057332 123.86094438
614.20138965 113.39155662
598.77281822 87.49359744
632.38506312 90.79971989
608.14016516 24.67727091
613.09934883 41.75890356
617.50751210 42.86094438
686.38506312 92.45278111
764.62996108 132.67727091
780.05853250 145.35074030
666.54832842 75.37114846
675.36465495 71.51400560
715.03812434 72.61604642
821.93608352 107.33033213
754.35284858 75.03643772
764.29853925 66.23832674
779.98212839 71.59369864
824.54647313 74.27138459
845.20290761 77.52286038
723.75072343 51.98921221
746.31979073 49.31152626
659.38000324 38.45025117
666.83927125 22.42663842
673.19346251 18.83513901
660.07067620 21.45969628
650.12498553 33.33927125
652.61140820 25.32746487
645.70467857 30.02404102
644.32333264 24.49865731
627.47091233 30.16217561
621.66925944 39.14092414
628.29971989 46.18578836
619.04470218 30.43844480
702.75426534 21.04529250
698.33395838 33.75367502
687.14505637 36.51636688
697.09074704 48.81034563
715.46264787 39.00278955
722.09310832 20.63088872
718.22533972 18.14446605
715.04824409 18.14446605
708.97032201 18.28260064
682.72474940 19.11140820
640.27745644 3.38784605
619.71665360 17.09504794
614.62540719 24.53610039
637.53601606 8.87072680
647.13105738 9.06654397
665.53787135 8.08745812
675.72036418 10.24144699
680.81161059 2.01712586
682.96559946 12.39543586
678.85343890 11.61216718
689.62338324 15.72432775
697.06443569 13.76615605
652.02648663 9.65399548
640.00574114 16.75730127
630.16934377 17.19447448
632.35520985 30.09108437
677.38405114 16.53871466
739.02547465 16.75730127
735.09091571 27.03087185
746.02024611 38.83454870
763.28858816 35.99292279
756.51240331 24.84500577
746.02024611 16.75730127
743.39720682 22.87772630
702.30292448 17.19447448
672.35655915 2.99848865
655.74397693 1.68696900
660.99005553 6.49587438
663.17592161 1.24979579
654.86963050 7.80739403
698.58695214 3.43566187
711.70214863 7.80739403
723.45401761 3.57325433
725.73161200 3.57325433
729.66563867 0.88155187
735.04904360 9.37076733
742.08888080 3.15914626
717.44945058 11.64836172
752.02747451 7.50728101
759.27436575 3.57325433
766.10714892 6.67906486
770.04117560 5.02263258
773.14698613 5.64379469
778.32333702 3.78030837
792.19595740 10.82014557
793.43828161 3.78030837
789.50425494 4.40147047
783.91379598 1.29565994
790.95363319 0.88155187
804.20509146 3.78030837
806.06857778 1.29565994
798.61463250 2.12387608
814.76484727 3.78030837
812.28019885 1.29565994
820.35530623 2.12387608
828.84452169 0.88155187
836.71257504 0.67449783
844.58062839 6.05790276
842.92419610 8.12844311
849.54992524 3.57325433
835.88435890 8.95665925
841.47481785 10.82014557
848.10054699 30.07617088
837.54079118 29.04090070
831.74327818 21.58695542
830.91506204 12.26952382
830.08684590 8.54255118
826.77398133 7.30022697
820.56236027 7.92138908
824.49638694 11.44130768
831.95033222 36.28779194
844.99473646 38.77244037
818.49181991 42.08530494
802.54865918 42.91352108
797.37230829 39.39360248
786.60549844 42.70646705
774.59636438 40.01476458
756.16855522 52.85211479
750.16398819 15.78944243
777.28806684 12.89068593
781.01503948 6.47201083
780.18682334 24.48571192
767.97063524 26.34919824
796.75114618 16.82471260
803.99803742 14.34006418
814.76484727 14.75417225
812.90136095 8.74960522
797.78641636 11.02719961
809.38144235 25.72803613
817.87065780 26.97036035
809.79555042 20.96579332
770.04117560 1.29565994
775.21752649 1.29565994
800.47811882 7.30022697
799.64990268 3.78030837
849.75697928 7.30022697
848.51465506 25.93509017
853.71361768 4.03525708
858.14606834 1.81903174
868.11908234 7.58121761
865.01636688 7.80284014
858.14606834 8.46770774
855.48659794 33.28943148
859.47580354 31.95969628
884.07590474 4.47850214
878.75696394 6.02985988
886.51375261 4.70012468
896.48676661 3.14876694
899.81110461 1.37578668
892.05431594 2.26227681
884.51914981 10.90555561
870.33530768 26.41913294
877.64885128 27.30562308
880.75156674 27.08400054
884.96239488 27.52724561
888.72997794 24.86777521
893.60567367 25.97588788
894.04891874 29.74347094
898.92461447 5.36499228
869.22719501 48.13814121
853.04875008 50.35436654
853.71361768 44.81380321
884.07590474 54.34357214
870.77855274 82.48963387
627.81447786 3.68612569
596.35824578 41.86086005
584.41795230 41.34171685
590.37848528 50.43633652
688.53144468 10.05652830
703.83579251 12.73211358
669.69532428 16.58495639
749.53478917 0.61171224
753.60167880 0.87927077
707.10000656 5.58830087
669.58830087 5.85585940
787.31405338 6.33746475
815.03311693 9.30736442
851.20702997 71.16689619
