256.57244716 672.78023937
549.55946015 751.32569391
810.13088872 715.16984976
1003.37764197 535.63738223
929.81920041 373.55946015
995.89712249 296.26075885
947.27374586 190.28673287
944.78023937 151.63738223
978.44257703 85.55946015
888.67634326 175.32569391
857.50751210 172.83218742
785.19582378 238.91010950
692.93608352 514.44257703
595.68933028 371.06595365
429.87114846 519.42959002
322.65036924 458.33868093
179.27374586 304.98803158
58.33868093 247.63738223
33.40361599 275.06595365
204.20881080 248.88413547
271.53348612 201.50751210
261.55946015 125.45556404
219.16984976 99.27374586
202.96205755 172.83218742
140.62439521 126.70231729
145.61140820 105.50751210
105.71530430 112.98803158
92.00101859 103.01400560
54.59842119 119.22179781
5.97504456 125.45556404
18.44257703 171.58543417
634.33868093 236.41660300
572.00101859 208.98803158
547.06595365 232.67634326
500.93608352 182.80621339
456.05296664 204.00101859
413.66335625 191.53348612
377.50751210 146.65036924
377.50751210 126.70231729
366.28673287 111.74127833
280.26075885 61.87114846
232.88413547 64.36465495
191.74127833 68.10491469
159.32569391 55.63738223
3.68933028 69.66335625
51.68933028 62.80621339
63.53348612 62.80621339
84.72829132 50.33868093
72.26075885 47.22179781
79.11790171 93.35166794
117.76725236 39.11790171
107.16984976 21.03997963
81.61140820 12.31270690
43.58543417 36.62439521
18.02699262 27.89712249
4.93608352 35.37764197
31.11790171 3.58543417
93.45556404 3.58543417
116.52049911 14.80621339
130.23478482 17.29971989
127.11790171 27.89712249
143.94907054 27.89712249
135.84517443 9.19582378
163.89712249 21.66335625
179.48153807 16.67634326
219.37764197 14.80621339
236.20881080 16.67634326
248.05296664 6.70231729
250.54647313 28.52049911
281.71530430 23.53348612
281.09192768 8.57244716
347.16984976 34.75426534
349.03997963 17.29971989
389.55946015 32.88413547
394.54647313 21.03997963
381.45556404 19.16984976
415.74127833 27.89712249
428.83218742 13.55946015
466.23478482 51.58543417
456.26075885 3.58543417
440.67634326 67.16984976
429.45556404 87.74127833
448.78023937 135.11790171
501.76725236 148.20881080
271.74127833 67.79322638
548.93608352 80.88413547
515.27374586 40.98803158
528.98803158 45.97504456
522.75426534 25.40361599
535.22179781 27.89712249
536.46855106 2.33868093
568.26075885 6.07894067
596.31270690 7.94907054
601.92309651 15.42959002
629.35166794 6.70231729
635.58543417 29.76725236
680.46855106 4.20881080
690.44257703 1.71530430
704.15686275 3.58543417
734.07894067 4.20881080
744.05296664 12.31270690
772.10491469 3.58543417
782.70231729 3.58543417
813.87114846 6.70231729
848.15686275 17.29971989
865.61140820 36.62439521
866.23478482 52.83218742
854.39062898 43.48153807
856.88413547 62.80621339
846.91010950 67.16984976
851.89712249 79.01400560
835.68933028 85.24777184
842.54647313 133.24777184
862.49452508 123.89712249
869.35166794 130.13088872
841.29971989 163.16984976
821.35166794 200.57244716
834.44257703 197.45556404
729.09192768 186.85816145
755.89712249 178.13088872
729.71530430 99.58543417
714.13088872 90.23478482
687.32569391 88.98803158
677.97504456 92.10491469
647.42959002 160.05296664
592.57244716 198.70231729
533.35166794 133.87114846
922.75426534 47.22179781
936.46855106 30.39062898
948.93608352 19.16984976
965.14387573 11.06595365
950.18283677 6.70231729
999.42959002 8.57244716
1003.16984976 19.16984976
1012.52049911 36.62439521
1013.14387573 29.76725236
1015.01400560 16.67634326
1019.37764197 117.66335625
1019.58543417 213.97504456
22.15086874 89.02799162
224.47793298 438.95284937
159.19365204 0.69197980
184.02308348 73.14682930
670.12341793 1.97626074
653.21371893 0.69197980
1008.31739786 8.23713030
1012.91940455 9.52141124
