16.98315382 38.01601767
107.12399890 54.84230875
90.29770782 126.95498481
3.76249655 183.44324772
152.79536040 291.61226181
110.72963270 546.41038387
238.12869373 308.43855289
360.72024303 384.15686275
476.10052472 641.35874068
548.21320077 421.41507871
412.40099420 438.24136979
348.70146368 267.57470312
349.90334162 152.19442143
295.81883458 122.14747307
262.16625242 96.90803645
260.96437448 39.21789561
317.45263739 50.03479702
358.31648716 80.08174537
412.40099420 88.49489091
426.82352941 150.99254350
456.87047777 173.82822425
513.35874068 46.42916321
549.41507871 42.82352941
531.38690969 22.39160453
614.31648716 125.75310688
657.58409279 157.00193317
597.49019608 312.04418669
810.22259044 372.13808340
841.47141674 138.97376415
885.94090030 102.91742613
992.90803645 130.56061861
114.93620547 13.07705054
