148.06797386 707.94945534
295.03093682 752.51241830
532.06797386 478.49760349
654.37908497 423.50501089
739.71241830 333.43093682
687.56427015 292.66056645
537.75686275 235.77167756
539.65315904 155.17908497
529.22352941 136.21612200
380.36427015 183.62352941
348.12723312 200.69019608
318.73464052 153.28278867
185.99389978 170.34945534
36.18649237 142.85315904
182.67538126 98.05315904
200.21612200 92.36427015
209.69760349 80.98649237
236.71982571 67.23834423
250.94204793 80.51241830
255.20871460 118.43834423
335.32723312 92.36427015
353.81612200 88.57167756
419.23834423 87.14945534
314.94204793 67.23834423
334.85315904 66.76427015
342.43834423 65.34204793
353.34204793 71.03093682
74.58649237 100.89760349
42.11241830 49.57908497
23.38649237 69.72723312
25.28278867 59.29760349
501.72723312 122.70501089
543.44575163 101.84575163
660.06797386 94.26056645
743.03093682 91.41612200
908.00871460 77.19389978
702.73464052 36.06797386
727.14945534 49.81612200
784.98649237 58.58649237
832.15686275 47.91982571
574.02352941 50.52723312
587.77167756 44.60130719
523.77167756 47.44575163
509.54945534 40.57167756
473.51982571 52.18649237
454.55686275 50.05315904
460.24575163 44.60130719
422.79389978 59.77167756
435.35686275 44.36427015
389.84575163 34.17167756
425.40130719 33.69760349
346.46797386 53.90501089
429.43093682 26.88278867
404.66056645 29.01612200
441.10501089 14.70501089
471.44575163 12.21612200
532.18649237 25.10501089
546.76427015 25.10501089
552.69019608 16.92723312
540.36427015 12.27538126
269.19389978 52.18649237
275.59389978 60.00871460
308.30501089 57.40130719
325.84575163 58.82352941
330.58649237 46.02352941
338.88278867 48.86797386
1.22352941 82.94204793
589.07194766 8.36465495
576.09292668 5.03997963
59.10591369 60.35266694
328.02099861 26.94607353
500.90411549 2.90611349
537.73128832 0.86015945
653.83918043 2.39462498
441.57144816 2.39462498
641.86923733 0.69197980
826.80569218 7.22040790
