364.69142496 554.03704708
435.47483510 425.44718533
487.38266920 378.25824523
520.41492726 331.06930514
480.30432818 328.70985814
730.40571067 378.25824523
800.00939731 465.55778440
828.32276136 256.74672450
797.64995030 227.25363694
736.30432818 197.76054938
689.11538809 154.11077980
610.07391344 119.89879823
567.60386735 138.77437427
539.29050330 148.21216228
507.43796874 185.96331436
531.03243878 203.65916689
430.75594109 218.99557242
382.38727749 312.19372910
354.07391344 354.66377519
201.88958164 384.15686275
166.49787657 359.38266920
140.54395952 253.20755399
28.47022680 230.79280745
2.51630975 268.54395952
79.19833740 198.94027288
138.18451251 181.24442035
243.17990422 267.36423602
159.41953556 227.25363694
344.63612542 272.08313003
328.11999639 228.43336044
357.61308394 184.78359086
391.82506551 164.72829132
446.09234662 135.23520376
416.59925906 130.51630975
394.18451251 139.95409777
324.58082588 143.49326828
338.73750791 119.89879823
267.95409777 126.97713924
246.71907473 147.03243878
220.76515768 160.00939731
194.81124063 162.36884431
2.51630975 102.20294569
105.15225445 91.58543417
103.97253095 75.06930514
94.53474293 60.91262311
125.20755399 69.17068763
183.01400560 98.36884431
160.59925906 107.80663233
140.54395952 44.10156321
146.44257703 39.38266920
180.06469685 41.74211620
198.35041113 48.82045722
218.40571067 30.53474293
226.66377519 41.74211620
234.92183970 45.87114846
257.92644800 41.74211620
264.41492726 37.02322219
273.26285353 52.35962772
277.98174754 35.25363694
244.35962772 93.64995030
226.66377519 81.26285353
262.05548026 94.82967381
290.95870606 99.54856781
306.88497334 99.54856781
301.57621758 80.08313003
289.77898256 74.77437427
303.93566459 67.69603325
299.21677058 56.48865998
292.13842957 42.92183970
315.73289961 59.43796874
338.73750791 90.11077980
528.08313003 102.49787657
484.43336044 84.80202404
434.29511159 84.21216228
410.70064155 88.34119454
388.87575675 82.44257703
354.66377519 80.08313003
356.43336044 64.74672450
351.12460468 22.27667841
371.76976597 8.70985814
306.88497334 22.86654016
441.96331436 57.66838348
481.48405169 61.79741574
311.60386735 3.99096413
292.13842957 7.53013463
590.01861390 90.11077980
621.28128671 83.03243878
658.44257703 51.76976597
646.64534201 57.07852173
716.24902864 51.17990422
700.32276136 34.66377519
692.06469685 18.14764616
718.01861390 7.53013463
775.23520376 26.40571067
817.11538809 60.61769224
840.11999639 85.98174754
814.75594109 90.70064155
860.17529592 103.67760007
992.30432818 76.54395952
1000.56239270 3.99096413
920.34119454 19.91723141
896.15686275 18.14764616
881.41031897 4.58082588
871.97253095 5.76054938
866.07391344 10.47944339
854.27667841 29.35501943
842.47944339 25.22598717
634.84810698 18.14764616
644.87575675 328.41492726
694.42414385 81.26285353
682.62690883 88.93105629
589.42875215 15.78819915
574.09234662 16.37806090
431.93566459 0.45179362
