64.57244716 625.40361599
3.48153807 488.26075885
8.46855106 391.01400560
136.88413547 405.97504456
241.61140820 452.10491469
121.92309651 261.35166794
62.07894067 258.85816145
2.23478482 270.07894067
28.41660300 187.79322638
212.93608352 241.40361599
210.44257703 169.09192768
226.65036924 199.01400560
252.83218742 169.09192768
307.68933028 182.80621339
308.93608352 230.18283677
347.58543417 258.85816145
389.97504456 336.15686275
477.24777184 434.65036924
545.81920041 467.06595365
539.58543417 379.79322638
653.03997963 489.50751210
648.05296664 391.01400560
715.37764197 410.96205755
726.59842119 349.87114846
881.19582378 501.97504456
993.40361599 487.01400560
970.96205755 443.37764197
1009.61140820 323.68933028
977.19582378 301.24777184
987.16984976 339.89712249
952.26075885 327.42959002
982.18283677 267.58543417
967.22179781 261.35166794
941.03997963 253.87114846
933.55946015 247.63738223
980.93608352 222.70231729
973.45556404 207.74127833
965.97504456 192.78023937
979.68933028 177.81920041
962.23478482 169.09192768
953.50751210 155.37764197
953.50751210 131.68933028
953.50751210 122.96205755
970.96205755 69.35166794
929.81920041 69.35166794
884.93608352 134.18283677
856.26075885 186.54647313
864.98803158 221.45556404
790.18283677 309.97504456
771.48153807 240.15686275
705.40361599 197.76725236
672.98803158 196.52049911
712.88413547 177.81920041
655.53348612 165.35166794
601.92309651 300.00101859
535.84517443 275.06595365
499.68933028 248.88413547
454.80621339 247.63738223
428.62439521 225.19582378
394.96205755 195.27374586
368.78023937 166.59842119
558.28673287 206.49452508
520.88413547 189.03997963
515.89712249 169.09192768
471.01400560 175.32569391
472.26075885 149.14387573
484.72829132 142.91010950
421.14387573 116.72829132
413.66335625 127.94907054
580.72829132 145.40361599
562.02699262 127.94907054
598.18283677 103.01400560
14.91010950 143.84517443
3.68933028 171.27374586
1.19582378 143.84517443
0.57244716 93.35166794
11.79322638 85.87114846
23.01400560 99.58543417
16.78023937 94.59842119
43.58543417 117.03997963
41.09192768 94.59842119
34.23478482 88.98803158
38.59842119 77.14387573
34.23478482 71.53348612
53.55946015 77.76725236
57.92309651 98.96205755
72.26075885 130.13088872
82.23478482 119.53348612
93.45556404 99.58543417
82.85816145 87.11790171
77.87114846 68.41660300
89.09192768 81.50751210
97.81920041 67.16984976
108.41660300 64.05296664
115.27374586 69.66335625
124.00101859 80.26075885
138.96205755 108.31270690
150.80621339 88.98803158
148.93608352 59.68933028
124.00101859 58.44257703
138.96205755 58.44257703
155.16984976 62.80621339
181.35166794 75.89712249
172.62439521 100.20881080
175.74127833 90.23478482
196.93608352 106.44257703
216.26075885 102.07894067
243.06595365 124.52049911
175.74127833 59.06595365
185.71530430 62.80621339
179.48153807 54.07894067
168.26075885 47.84517443
195.68933028 45.97504456
199.42959002 50.33868093
219.37764197 55.32569391
221.24777184 62.80621339
211.89712249 40.98803158
223.74127833 40.98803158
230.59842119 47.22179781
237.45556404 42.85816145
249.92309651 65.29971989
266.13088872 68.41660300
254.91010950 52.20881080
233.09192768 61.55946015
275.48153807 100.20881080
262.39062898 113.92309651
298.54647313 93.97504456
297.92309651 126.39062898
309.76725236 112.67634326
319.74127833 115.79322638
322.23478482 100.20881080
329.09192768 80.88413547
286.07894067 64.67634326
276.10491469 64.67634326
276.72829132 49.71530430
372.72829132 103.94907054
315.37764197 160.05296664
304.15686275 161.92309651
503.63738223 128.26075885
466.85816145 103.94907054
483.68933028 64.05296664
473.71530430 71.53348612
462.49452508 51.58543417
433.19582378 59.68933028
429.45556404 62.80621339
398.91010950 45.97504456
374.59842119 51.58543417
269.03997963 38.49452508
253.45556404 32.26075885
256.57244716 43.48153807
284.62439521 44.10491469
285.87114846 34.13088872
279.01400560 38.49452508
291.48153807 34.75426534
298.96205755 26.02699262
302.07894067 29.76725236
315.79322638 32.88413547
312.05296664 27.89712249
319.53348612 28.52049911
315.16984976 23.53348612
328.26075885 25.40361599
328.26075885 19.16984976
341.35166794 27.89712249
351.94907054 19.79322638
359.42959002 19.16984976
362.54647313 26.02699262
384.98803158 25.40361599
378.13088872 16.67634326
373.76725236 14.80621339
385.61140820 12.93608352
391.84517443 19.16984976
409.29971989 25.40361599
415.53348612 32.26075885
399.94907054 39.11790171
428.00101859 38.49452508
401.19582378 16.67634326
399.32569391 10.44257703
397.45556404 2.33868093
407.42959002 6.07894067
413.66335625 3.58543417
421.14387573 10.44257703
431.11790171 6.70231729
421.76725236 1.71530430
445.45556404 12.31270690
449.19582378 34.13088872
457.29971989 34.13088872
472.88413547 49.71530430
482.23478482 49.71530430
494.70231729 62.80621339
502.80621339 61.55946015
498.44257703 52.83218742
517.14387573 116.41660300
540.83218742 104.57244716
566.39062898 73.40361599
594.44257703 87.74127833
633.71530430 102.07894067
636.20881080 119.53348612
642.44257703 131.37764197
647.42959002 45.35166794
643.68933028 27.89712249
624.36465495 27.89712249
620.62439521 21.66335625
593.19582378 23.53348612
593.81920041 55.94907054
607.53348612 48.46855106
599.42959002 36.62439521
571.37764197 42.85816145
560.15686275 25.40361599
568.88413547 19.16984976
554.54647313 19.16984976
547.06595365 34.13088872
555.16984976 42.85816145
535.84517443 40.98803158
524.00101859 43.48153807
530.23478482 25.40361599
506.54647313 25.40361599
479.11790171 23.53348612
489.09192768 17.92309651
469.14387573 7.94907054
463.53348612 4.83218742
488.46855106 1.71530430
497.81920041 10.44257703
502.18283677 9.19582378
510.28673287 10.44257703
528.36465495 4.20881080
451.68933028 1.71530430
447.94907054 3.58543417
474.75426534 1.71530430
512.15686275 1.71530430
519.63738223 4.83218742
658.65036924 13.55946015
673.61140820 6.07894067
669.87114846 1.71530430
678.59842119 8.57244716
682.33868093 17.29971989
707.89712249 40.98803158
708.52049911 23.53348612
712.26075885 14.80621339
704.78023937 7.94907054
695.42959002 3.58543417
717.24777184 3.58543417
688.57244716 1.71530430
733.45556404 14.80621339
735.32569391 7.94907054
742.18283677 6.07894067
752.15686275 9.19582378
768.98803158 6.07894067
772.10491469 8.57244716
765.87114846 69.03997963
700.41660300 73.40361599
773.97504456 113.29971989
770.23478482 87.74127833
772.72829132 173.76725236
762.75426534 173.76725236
763.37764197 199.94907054
737.19582378 214.28673287
775.22179781 211.79322638
775.22179781 23.53348612
493.45556404 133.24777184
482.85816145 7.94907054
416.78023937 12.31270690
409.29971989 11.06595365
392.46855106 7.94907054
300.83218742 35.37764197
803.68933028 170.02699262
790.59842119 97.71530430
780.62439521 86.49452508
844.20881080 93.35166794
836.72829132 89.61140820
916.52049911 65.29971989
907.79322638 62.80621339
915.89712249 54.07894067
917.14387573 44.10491469
864.15686275 47.84517443
856.67634326 62.80621339
825.81920041 20.57244716
818.96205755 20.57244716
783.74127833 14.96205755
799.63738223 28.05296664
828.31270690 14.02699262
848.88413547 13.40361599
852.00101859 15.27374586
861.66335625 27.11790171
864.78023937 32.10491469
870.07894067 32.10491469
884.10491469 36.46855106
900.62439521 24.31270690
896.88413547 19.32569391
899.37764197 19.63738223
885.97504456 19.32569391
911.84517443 51.11790171
941.14387573 117.50751210
940.83218742 98.49452508
959.53348612 142.13088872
964.31270690 230.19882079
249.30736442 37.93612696
763.87592629 113.38763198
757.45452161 131.79565873
775.00636107 124.51806676
697.94950489 110.49799987
777.36087612 99.36756509
892.62509017 33.38763198
946.88595974 144.42442127
307.95619385 63.83579251
