433.61140820 518.18283677
439.84517443 453.35166794
453.55946015 423.42959002
427.37764197 397.24777184
438.59842119 353.61140820
457.29971989 358.59842119
423.63738223 323.68933028
305.19582378 388.52049911
277.76725236 472.05296664
146.85816145 266.33868093
148.10491469 248.88413547
96.98803158 257.61140820
82.02699262 241.40361599
52.10491469 225.19582378
176.78023937 154.13088872
161.81920041 139.16984976
181.76725236 137.92309651
72.05296664 161.61140820
201.71530430 134.18283677
222.91010950 134.18283677
211.27374586 125.76725236
263.63738223 139.48153807
265.50751210 122.65036924
332.83218742 82.75426534
334.70231729 80.26075885
320.98803158 80.26075885
315.37764197 81.50751210
312.88413547 75.89712249
306.02699262 78.39062898
298.54647313 74.65036924
286.70231729 80.26075885
279.22179781 88.98803158
269.87114846 80.26075885
224.36465495 76.52049911
215.63738223 77.14387573
311.01400560 116.41660300
431.32569391 98.33868093
435.06595365 112.05296664
431.32569391 112.05296664
446.28673287 141.35166794
460.62439521 139.48153807
467.48153807 166.28673287
447.53348612 168.15686275
406.39062898 184.36465495
383.32569391 178.13088872
378.33868093 183.11790171
340.93608352 161.29971989
307.27374586 172.52049911
383.94907054 198.70231729
400.15686275 217.40361599
436.31270690 193.09192768
460.62439521 191.84517443
473.71530430 188.72829132
499.27374586 178.13088872
506.75426534 115.16984976
511.53348612 115.79322638
514.65036924 111.42959002
525.87114846 108.31270690
522.13088872 96.46855106
524.00101859 70.28673287
537.09192768 74.02699262
561.40361599 82.75426534
549.55946015 75.89712249
575.11790171 72.15686275
580.72829132 77.76725236
596.31270690 76.52049911
605.66335625 81.50751210
606.91010950 93.35166794
601.92309651 94.59842119
583.84517443 95.22179781
573.87114846 93.97504456
567.63738223 100.20881080
562.65036924 106.44257703
619.37764197 100.20881080
630.59842119 102.70231729
630.59842119 93.97504456
638.07894067 95.22179781
646.80621339 115.16984976
618.75426534 119.53348612
594.44257703 107.06595365
586.96205755 105.19582378
580.10491469 120.15686275
566.39062898 128.26075885
550.80621339 113.29971989
542.07894067 107.68933028
538.96205755 97.71530430
530.23478482 103.32569391
538.33868093 113.92309651
528.98803158 130.75426534
524.00101859 128.88413547
543.94907054 152.57244716
575.11790171 159.42959002
586.96205755 159.42959002
601.92309651 156.93608352
633.09192768 154.44257703
646.80621339 155.06595365
681.71530430 93.35166794
694.18283677 97.71530430
708.52049911 107.06595365
721.61140820 109.55946015
718.49452508 108.93608352
722.23478482 137.61140820
730.33868093 135.74127833
702.91010950 133.24777184
704.15686275 140.10491469
722.23478482 165.66335625
737.19582378 143.84517443
720.36465495 131.37764197
752.78023937 146.96205755
764.00101859 141.97504456
770.85816145 181.24777184
753.40361599 176.88413547
720.98803158 209.29971989
696.05296664 172.52049911
675.48153807 163.79322638
677.97504456 194.33868093
656.15686275 201.19582378
643.06595365 245.45556404
621.24777184 226.13088872
601.29971989 191.22179781
552.05296664 183.74127833
550.80621339 170.65036924
557.03997963 156.93608352
528.98803158 170.02699262
528.98803158 182.49452508
518.39062898 175.01400560
531.48153807 237.97504456
575.11790171 251.06595365
716.62439521 325.87114846
755.89712249 342.70231729
544.57244716 297.19582378
774.28673287 138.70231729
766.18283677 132.15686275
797.66335625 116.88413547
792.67634326 132.15686275
781.76725236 138.70231729
806.39062898 140.26075885
821.97504456 134.33868093
840.98803158 152.41660300
850.96205755 148.05296664
870.28673287 151.79322638
874.33868093 160.52049911
884.31270690 149.61140820
924.20881080 169.87114846
948.52049911 174.23478482
915.16984976 148.36465495
935.74127833 121.24777184
945.09192768 118.44257703
947.89712249 110.96205755
947.58543417 94.44257703
945.40361599 83.22179781
943.22179781 70.13088872
948.83218742 67.32569391
939.16984976 71.06595365
921.71530430 78.23478482
931.37764197 89.14387573
931.06595365 96.31270690
919.22179781 96.62439521
923.27374586 88.20881080
913.61140820 84.78023937
912.67634326 91.32569391
913.61140820 113.14387573
889.61140820 121.87114846
886.80621339 133.71530430
895.84517443 96.62439521
901.45556404 95.68933028
896.78023937 90.70231729
901.45556404 90.07894067
904.88413547 83.22179781
897.09192768 86.33868093
895.22179781 76.67634326
884.93608352 74.49452508
882.44257703 70.44257703
886.18283677 97.55946015
884.00101859 89.76725236
874.02699262 79.16984976
869.03997963 70.13088872
858.13088872 64.20881080
871.53348612 63.89712249
864.36465495 74.49452508
860.00101859 85.40361599
856.88413547 88.83218742
857.19582378 83.53348612
843.16984976 85.71530430
841.61140820 91.01400560
828.52049911 86.02699262
843.79322638 98.49452508
858.44257703 97.55946015
861.87114846 92.57244716
868.10491469 93.50751210
874.33868093 106.28673287
839.11790171 105.66335625
832.26075885 110.65036924
827.27374586 101.92309651
820.72829132 108.46855106
812.93608352 107.22179781
960.05296664 122.49452508
955.37764197 109.40361599
960.05296664 96.00101859
974.07894067 107.22179781
981.87114846 101.61140820
965.03997963 89.76725236
975.32569391 82.91010950
975.01400560 76.36465495
969.40361599 72.00101859
967.53348612 76.36465495
957.55946015 68.88413547
954.13088872 75.42959002
927.01400560 81.97504456
1002.75426534 76.36465495
989.35166794 71.37764197
1000.26075885 72.31270690
999.63738223 79.79322638
1013.66335625 76.67634326
1017.09192768 70.75426534
1019.89712249 77.61140820
1014.59842119 92.26075885
1018.33868093 86.33868093
1008.67634326 94.44257703
995.89712249 96.31270690
996.52049911 165.81920041
1001.29971989 199.94907054
981.97504456 214.91010950
937.09192768 233.61140820
914.02699262 224.88413547
768.98803158 467.06595365
732.83218742 443.37764197
34.19030756 101.50803331
8.07659519 98.08328415
