49.13396198 280.46220626
5.89732076 202.04999252
6.63014519 141.22556504
78.44693908 144.15686275
82.11106122 120.70648107
108.49274061 135.36296962
147.33243526 139.02709175
161.25609939 135.36296962
191.30190091 121.43930549
218.41640473 108.24846580
219.88205358 128.76754977
235.27136656 118.50800778
241.86678641 118.50800778
304.15686275 123.63777878
319.54617572 140.49274061
278.50800778 257.01182458
255.05762610 295.11869481
203.75991618 293.65304595
146.59961084 298.04999252
296.09579404 220.37060320
317.34770244 195.45457267
355.45457267 195.45457267
398.69121389 298.04999252
368.64541236 336.15686275
342.26373297 303.91258794
472.70648107 265.07289328
190.44693908 380.49274061
263.72938183 475.75991618
561.25609939 273.50037420
589.10342763 250.04999252
536.34006885 197.28663374
522.78281694 110.44693908
602.66067954 66.47747343
614.38587038 54.01945816
580.67594671 56.95075587
614.38587038 102.38587038
604.12632839 92.12632839
563.08816046 133.89732076
546.96602305 174.93548870
598.99655740 124.37060320
646.63014519 90.66067954
681.80571771 111.17976351
750.69121389 115.57671007
720.64541236 172.73701542
687.66831313 276.79808412
715.51564137 264.34006885
725.77518336 396.24846580
782.20266427 154.41640473
829.83625206 144.15686275
827.63777878 84.79808412
870.14159557 69.40877114
888.46220626 133.89732076
900.18739710 110.44693908
898.72174824 204.98129023
819.57671007 278.99655740
740.06525969 466.96602305
817.74464900 604.73701542
813.34770244 689.74464900
737.13396198 719.05762610
934.99655740 478.69121389
1012.67594671 506.53854213
954.04999252 277.89732076
1006.81335129 367.30190091
970.78281694 100.18739710
956.85915282 72.34006885
915.08816046 62.08052687
897.50037420 54.01945816
896.03472534 37.89732076
929.01182458 15.17976351
988.37060320 15.91258794
1002.29426733 42.29426733
1018.41640473 62.08052687
961.25609939 53.28663374
980.30953450 67.94312229
940.73701542 61.34770244
978.04999252 50.17212992
590.93548870 26.17212992
581.40877114 35.69884748
569.68358030 26.90495435
651.75991618 21.04235893
667.14922916 18.11106122
675.94312229 18.11106122
691.33243526 31.30190091
703.05762610 18.84388565
719.91258794 30.56907649
8.70648107 396.61487801
625.37823679 26.17212992
