303.72905526 755.49376114
468.69162210 726.06060606
144.92691622 464.58467023
156.56327986 332.47771836
207.90017825 292.77718360
586.42424242 504.28520499
658.98039216 463.21568627
606.27450980 272.92691622
600.79857398 229.11942959
415.98573975 257.18360071
496.75579323 241.44028520
431.04456328 221.59001783
63.47237077 340.69162210
57.31194296 200.37076649
936.88413547 282.50980392
718.53119430 267.45098039
723.32263815 217.48306595
687.72905526 240.07130125
658.29590018 207.90017825
648.71301248 168.88413547
609.01247772 177.78253119
585.05525847 202.42424242
544.67023173 194.21033868
500.17825312 201.73975045
435.83600713 179.83600713
580.94830660 149.71836007
622.01782531 142.87344029
631.60071301 131.23707665
672.67023173 123.70766488
704.15686275 116.86274510
726.06060606 118.23172906
769.18360071 120.28520499
754.12477718 196.94830660
802.03921569 187.36541889
833.52584670 209.26916221
893.76114082 168.19964349
874.59536542 141.50445633
833.52584670 134.65953654
898.55258467 133.97504456
366.01782531 123.02317291
418.72370766 118.23172906
471.42959002 112.07130125
522.76648841 113.44028520
108.13547237 98.21033868
185.14081996 104.37076649
238.53119430 84.17825312
286.44563280 66.03921569
316.56327986 62.27450980
328.88413547 92.04991087
349.07664884 74.93761141
398.70231729 97.86809269
421.63279857 92.39215686
452.43493761 103.34402852
383.64349376 61.24777184
43.45098039 59.53654189
7.51515152 59.87878788
88.02852050 53.11942959
131.32263815 55.51515152
113.69696970 41.48306595
137.48306595 41.99643494
147.57932264 42.85204991
156.30659537 38.40285205
180.43493761 38.40285205
205.07664884 38.91622103
227.32263815 36.00713012
222.53119430 37.88948307
10.21033868 48.02852050
16.71301248 37.33333333
9.35472371 25.44028520
2.42424242 28.52049911
58.63814617 23.55793226
34.33868093 14.57397504
278.83065954 38.40285205
260.52049911 51.40819964
262.57397504 40.45632799
252.99108734 32.41354724
245.63279857 50.72370766
242.03921569 59.79322638
239.81461676 81.01247772
317.67557932 33.95365419
338.38146168 31.21568627
361.14081996 36.86274510
362.50980392 50.72370766
391.77183601 52.43493761
378.93761141 37.37611408
391.94295900 31.38680927
399.13012478 30.53119430
404.94830660 38.57397504
410.93761141 39.08734403
429.76114082 41.65418895
421.20499109 48.15686275
450.80926916 47.64349376
445.33333333 52.77718360
453.54723708 36.17825312
464.84135472 44.04991087
467.92156863 52.94830660
476.30659537 46.10338681
282.80926916 28.09269162
293.59001783 21.16221034
302.40285205 25.44028520
259.10873440 20.81996435
332.86274510 24.41354724
336.02852050 25.35472371
327.38680927 17.73975045
322.42424242 16.96969697
313.18360071 17.82531194
278.89483066 11.47237077
262.68092692 7.66488414
126.21033868 24.69162210
121.76114082 12.41354724
141.82531194 12.58467023
760.11408200 106.42424242
730.68092692 71.85739750
714.59536542 70.48841355
695.77183601 92.04991087
678.65953654 99.92156863
673.86809269 84.17825312
656.75579323 82.80926916
645.46167558 80.75579323
629.71836007 99.57932264
601.65418895 101.29055258
581.80392157 109.50445633
586.59536542 94.10338681
577.35472371 81.09803922
535.25846702 90.68092692
545.18360071 70.48841355
562.63814617 59.53654189
607.13012478 83.15151515
611.23707665 58.16755793
624.58467023 62.95900178
637.24777184 61.93226381
669.76114082 69.11942959
669.07664884 60.56327986
535.64349376 46.48841355
527.08734403 37.67557932
542.40285205 26.98039216
531.96434938 16.88413547
563.19429590 27.32263815
576.19964349 31.85739750
566.70231729 45.88948307
589.11942959 31.94295900
590.40285205 51.96434938
595.53654189 54.01782531
613.76114082 47.00178253
610.33868093 29.03386809
629.50445633 36.64884135
629.93226381 49.56862745
603.83600713 17.31194296
558.83065954 14.65953654
538.12477718 15.17290553
547.70766488 14.91622103
642.03921569 44.04991087
643.40819964 51.40819964
661.37611408 44.39215686
671.98573975 47.47237077
689.09803922 44.73440285
683.62210339 38.40285205
680.37076649 52.43493761
654.06060606 26.98039216
702.91622103 37.24777184
703.42959002 45.03386809
697.09803922 30.40285205
724.47771836 19.70766488
821.80392157 83.57932264
800.58467023 81.35472371
794.08199643 66.80926916
788.09269162 59.96434938
776.28520499 55.17290553
781.07664884 51.75044563
800.07130125 48.32798574
826.59536542 51.57932264
827.96434938 60.47771836
856.88413547 45.41889483
851.23707665 40.62745098
865.44028520 54.83065954
871.42959002 63.21568627
873.82531194 85.97504456
891.10873440 76.22103387
900.69162210 47.64349376
892.47771836 46.95900178
882.89483066 51.40819964
884.26381462 42.85204991
878.27450980 31.04456328
920.71301248 81.69696970
924.47771836 68.34937611
939.87878788 68.17825312
954.08199643 82.89483066
934.91622103 106.68092692
903.08734403 115.92156863
968.45632799 76.39215686
985.05525847 62.53119430
977.01247772 45.24777184
947.23707665 41.65418895
928.58467023 37.71836007
918.14616756 37.37611408
937.65418895 30.18894831
908.04991087 31.21568627
999.34402852 235.45098039
989.41889483 188.90552585
767.98573975 68.77718360
753.26916221 59.19429590
738.89483066 63.30124777
349.20499109 23.98573975
366.40285205 17.31194296
352.88413547 14.65953654
388.22103387 16.28520499
405.59001783 23.90017825
410.46702317 16.71301248
176.87614346 25.15586374
189.15186774 23.10990970
202.45056904 18.50651309
192.73228732 12.36865096
164.08893068 9.29971989
224.44457503 26.69032928
304.74827134 15.94907054
319.06994966 4.18483477
352.31670290 4.18483477
365.10391569 3.67334626
403.46555405 6.23078882
418.81020940 5.71930031
425.97104856 12.36865096
431.59742219 8.78823138
422.39062898 3.67334626
436.20081879 2.65036924
458.19482478 5.71930031
474.05096864 5.20781180
493.48753208 14.92609351
498.09092868 48.68433527
500.64837124 7.25376584
495.53348612 2.65036924
567.90911050 197.52749212
523.92109851 278.34267693
576.09292668 5.20781180
533.63938023 6.23078882
521.36365595 5.71930031
764.83218742 21.57544416
925.43958003 286.52649311
154.69866877 6.04315037
196.43779920 13.32074234
88.34415371 4.33077579
55.38094301 9.03980589
18.56488950 204.57157846
575.08662863 46.28395305
