682.96205755 470.80621339
676.72829132 394.75426534
562.02699262 337.40361599
554.54647313 296.26075885
539.58543417 271.32569391
547.06595365 238.91010950
712.05296664 175.63738223
760.05296664 158.80621339
862.91010950 212.41660300
904.05296664 178.13088872
961.40361599 196.83218742
974.49452508 158.18283677
1005.66335625 209.92309651
841.71530430 169.40361599
811.16984976 141.97504456
784.36465495 108.93608352
725.76725236 133.24777184
668.41660300 121.40361599
638.49452508 145.09192768
644.72829132 98.96205755
555.58543417 229.87114846
543.11790171 202.44257703
553.71530430 173.76725236
535.63738223 162.54647313
557.45556404 154.44257703
532.52049911 105.81920041
705.19582378 66.54647313
697.40361599 61.40361599
690.54647313 46.13088872
730.44257703 31.79322638
756.93608352 34.28673287
784.36465495 35.84517443
810.54647313 28.36465495
834.23478482 33.66335625
826.44257703 27.11790171
852.62439521 20.88413547
852.00101859 43.94907054
774.39062898 14.96205755
783.74127833 4.67634326
760.36465495 13.09192768
719.84517443 16.52049911
685.87114846 28.05296664
681.19582378 9.66335625
697.40361599 9.97504456
714.85816145 9.66335625
497.81920041 119.06595365
488.46855106 115.32569391
460.10491469 100.05296664
502.80621339 75.42959002
513.40361599 80.72829132
525.24777184 74.18283677
503.11790171 64.20881080
527.11790171 51.11790171
492.20881080 63.27374586
553.61140820 57.66335625
500.00101859 29.92309651
519.94907054 33.97504456
533.35166794 38.96205755
547.68933028 37.09192768
562.02699262 33.97504456
584.46855106 32.72829132
554.54647313 32.10491469
547.06595365 16.52049911
563.27374586 19.32569391
581.03997963 15.58543417
604.41660300 17.14387573
604.10491469 62.33868093
626.85816145 53.92309651
636.52049911 53.61140820
585.24777184 1.79322638
581.35166794 7.71530430
174.59842119 27.42959002
176.15686275 21.81920041
193.61140820 28.36465495
187.68933028 51.11790171
206.70231729 48.00101859
223.22179781 52.36465495
254.07894067 53.61140820
293.97504456 57.03997963
315.79322638 64.20881080
284.93608352 35.22179781
298.33868093 35.84517443
327.63738223 29.29971989
366.91010950 28.67634326
372.83218742 76.36465495
635.27374586 12.78023937
648.67634326 19.94907054
655.53348612 2.49452508
678.59842119 1.87114846
697.29971989 0.93608352
728.15686275 4.36465495
813.87114846 169.24777184
538.33868093 6.23478482
510.59842119 19.63738223
539.58543417 26.49452508
549.55946015 2.18283677
545.50751210 4.05296664
555.12189771 10.06695266
746.32408683 0.90602662
876.03646141 17.81572562
948.38428749 36.43779920
942.60502328 33.44114368
976.42442127 40.29064201
1000.18361860 42.43111024
860.19699652 11.98294970
