481.48405169 635.43796874
380.02783049 417.18912081
371.76976597 209.55778440
460.24902864 130.51630975
512.15686275 132.87575675
751.64073371 91.58543417
783.49326828 93.94488118
854.27667841 371.17990422
850.73750791 31.41953556
887.30893648 23.16147104
963.99096413 70.35041113
1006.46101021 77.42875215
439.01400560 14.90340652
330.47944339 47.93566459
264.41492726 96.30432818
263.23520376 39.67760007
213.68681666 49.11538809
192.45179362 44.39649408
147.62230053 86.86654016
144.08313003 44.39649408
95.71446643 47.93566459
41.44718533 73.88958164
23.75133279 160.00939731
59.14303786 60.91262311
22.57160929 32.59925906
323.40110238 12.54395952
52.06469685 3.10617150
179.47483510 44.39649408
187.14303786 30.53474293
700.32276136 1.63151712
