282.75426534 755.06595365
372.52049911 655.32569391
165.55946015 478.28673287
168.05296664 438.39062898
200.46855106 392.26075885
151.84517443 373.55946015
140.62439521 356.10491469
165.55946015 304.98803158
118.18283677 258.85816145
150.59842119 250.13088872
160.57244716 242.65036924
861.24777184 323.68933028
887.42959002 349.87114846
917.35166794 337.40361599
800.15686275 322.44257703
911.11790171 270.07894067
936.05296664 278.80621339
975.94907054 266.33868093
995.89712249 190.28673287
951.01400560 155.37764197
938.54647313 131.68933028
897.40361599 135.42959002
882.44257703 162.85816145
835.06595365 160.36465495
811.37764197 136.67634326
788.93608352 145.40361599
419.89712249 367.32569391
421.14387573 309.97504456
388.72829132 251.37764197
336.36465495 227.68933028
284.00101859 212.72829132
232.88413547 236.41660300
207.94907054 262.59842119
185.50751210 257.61140820
135.63738223 231.42959002
183.01400560 223.94907054
255.32569391 175.32569391
209.19582378 171.58543417
320.15686275 171.58543417
352.57244716 137.92309651
447.32569391 266.33868093
474.75426534 215.22179781
457.29971989 187.79322638
459.79322638 154.13088872
472.26075885 145.40361599
443.58543417 144.15686275
538.33868093 266.33868093
576.98803158 301.24777184
653.03997963 260.10491469
624.36465495 223.94907054
606.91010950 192.78023937
583.22179781 156.62439521
512.15686275 162.85816145
507.16984976 199.01400560
633.09192768 162.85816145
672.98803158 172.83218742
690.44257703 175.32569391
690.44257703 175.32569391
709.14387573 247.63738223
734.07894067 177.81920041
739.06595365 142.91010950
690.44257703 136.67634326
666.75426534 100.52049911
655.53348612 95.53348612
625.61140820 94.28673287
677.97504456 105.50751210
697.92309651 114.23478482
724.10491469 125.45556404
750.28673287 119.22179781
801.40361599 119.22179781
822.59842119 122.96205755
993.40361599 137.92309651
969.71530430 111.74127833
1019.58543417 103.01400560
972.20881080 83.06595365
982.18283677 51.89712249
593.61140820 148.20881080
711.42959002 82.13088872
717.03997963 76.52049911
736.36465495 80.26075885
748.20881080 89.61140820
755.68933028 80.26075885
766.91010950 80.26075885
793.09192768 100.20881080
775.63738223 98.33868093
779.37764197 77.76725236
787.48153807 67.79322638
794.96205755 80.26075885
809.29971989 74.02699262
823.63738223 57.19582378
838.59842119 56.57244716
855.42959002 59.06595365
874.75426534 59.06595365
905.29971989 74.02699262
927.11790171 62.80621339
929.61140820 54.07894067
922.75426534 43.48153807
905.92309651 49.71530430
936.46855106 49.71530430
950.80621339 42.85816145
953.29971989 54.70231729
960.15686275 51.58543417
1012.52049911 43.48153807
958.28673287 6.07894067
974.49452508 3.58543417
980.72829132 3.58543417
987.58543417 14.80621339
925.87114846 13.55946015
928.98803158 6.07894067
890.96205755 19.79322638
815.53348612 10.44257703
820.52049911 10.44257703
827.37764197 4.20881080
851.06595365 10.44257703
694.59842119 17.92309651
699.58543417 24.15686275
707.06595365 24.15686275
721.40361599 19.79322638
614.80621339 27.89712249
554.33868093 30.39062898
551.22179781 34.13088872
527.11790171 217.71530430
440.46855106 38.02699262
405.24777184 46.13088872
474.13088872 40.20881080
473.19582378 30.23478482
495.01400560 23.68933028
486.91010950 36.46855106
489.71530430 36.46855106
512.15686275 33.66335625
517.45556404 34.91010950
