11.07519305 647.59061955
40.34561048 623.89551973
31.98263407 582.08063770
98.88644532 566.74851429
129.55069215 593.23127291
168.57791538 664.31657236
183.91003879 565.35468489
246.63236184 552.81022028
267.53980285 517.96448525
298.20404968 510.99533824
284.26575567 622.50169033
359.53254333 683.83018398
412.49806057 563.96085549
374.86466674 550.02256147
359.53254333 495.66321483
395.77210775 505.42002064
489.15867763 579.29297890
454.31294260 510.99533824
472.43272481 459.42365040
517.03526565 485.90640902
571.39461229 623.89551973
629.93544714 650.37827835
11.07519305 707.52528380
592.30205331 442.69769759
595.08971211 513.78299705
547.69951247 469.18045621
656.41820576 430.15323298
661.99352336 403.67047436
716.35287000 424.57791538
728.89733461 505.42002064
692.65777019 550.02256147
759.56158144 478.93726202
763.74306964 442.69769759
815.31475748 683.83018398
879.43090993 614.13871392
968.63599160 485.90640902
999.30023843 432.94089178
946.33472118 364.64325113
974.21130921 364.64325113
1018.81385004 395.30749795
903.12600975 374.40005694
936.57791538 425.97174478
852.94815131 442.69769759
832.04071030 413.42728017
773.49987545 414.82110957
1015.99134550 343.77065585
