93.80823889 354.65227559
1.33117467 405.73484440
141.36787192 262.17521137
128.15686275 151.20273430
144.01007375 126.54218385
241.77154164 197.88163339
265.55135816 164.41374348
310.46878935 173.22108293
344.81741320 124.78071596
328.96420219 126.54218385
369.47796366 172.34034898
408.23025724 147.67979852
383.56970678 124.78071596
490.13851412 204.04677100
555.31282605 215.49631229
633.69814715 123.01924807
451.80121839 78.79822139
95.80521439 5.14387573
79.43758203 5.14387573
13.96705256 7.18982978
408.83618342 93.11989971
447.70931030 42.99402558
468.16885076 38.90211749
503.97304656 24.58043917
483.51350610 19.46555405
274.82619341 8.21280680
219.58543417 0.02899062
218.56245715 3.09792169
723.91310650 3.09792169
545.91510450 10.25876085
506.01900061 3.09792169
472.26075885 10.25876085
3.73728233 15.37364596
867.12988972 28.67234726
971.47354606 291.57744217
84.55246714 24.58043917
176.62039921 290.55446514
217.53948013 260.88813148
498.85816145 65.49952009
369.96305655 107.44157803
