559.61052128 372.91783835
361.05442372 215.57149689
334.83003348 199.33735055
488.43003348 135.64954567
562.10808226 138.14710665
609.56174079 155.63003348
635.78613104 196.83978957
660.76174079 215.57149689
652.02027738 159.37637494
719.45442372 134.40076518
980.44954567 269.26905787
950.47881396 210.57637494
905.52271640 206.83003348
903.02515543 103.18125299
880.54710665 93.19100909
889.28857006 76.95686275
2.03003348 228.37149689
49.48369201 211.51296031
62.59588714 197.77637494
2.03003348 130.34222860
51.98125299 129.09344811
95.68857006 120.97637494
130.65442372 120.35198470
74.45930177 84.76174079
17.63978957 51.04466762
43.23978957 57.28857006
40.74222860 46.67393592
48.85930177 35.43491153
57.60076518 30.43978957
72.58613104 47.29832616
71.96174079 38.55686275
80.70320421 24.19588714
93.81539933 46.67393592
119.41539933 45.42515543
110.04954567 24.82027738
108.80076518 12.95686275
130.65442372 27.31783835
151.25930177 35.43491153
141.89344811 27.31783835
146.88857006 47.29832616
341.07393592 88.50808226
432.85930177 78.51783835
494.67393592 62.28369201
577.71783835 51.04466762
600.82027738 41.67881396
667.63003348 32.93735055
687.61052128 33.56174079
766.90808226 29.81539933
788.13735055 24.19588714
822.47881396 27.31783835
874.92759445 7.33735055
931.74710665 18.57637494
948.60564323 11.70808226
1011.66905787 15.76661884
