20.70732146 523.75319302
67.38622054 512.30365174
40.96420219 512.30365174
91.16603706 549.29447742
129.03759669 542.24860586
148.41374348 518.46878935
164.26695449 544.89080770
148.41374348 566.90915632
505.11099119 519.34952330
546.50548660 382.83576183
491.01924807 505.25778018
479.56970678 501.73484440
511.27612880 495.56970678
538.57888109 499.09264256
547.38622054 529.91833064
502.46878935 568.67062421
462.83576183 573.07429394
445.22108293 573.07429394
439.05594531 586.28530311
419.67979852 560.74401871
398.54218385 632.96420219
409.99172513 727.20273430
352.74401871 548.41374348
354.50548660 538.72567008
326.32200036 587.16603706
294.61557834 562.50548660
631.05594531 706.94585357
569.40456917 682.28530311
526.24860586 642.65227559
489.25778018 639.12933981
561.47796366 591.56970678
567.64310128 611.82658752
584.37704623 605.66144990
622.24860586 648.81741320
589.66144990 633.84493614
643.38622054 636.48713797
634.57888109 573.07429394
458.43209210 460.34034898
454.02842238 454.17521137
697.99172513 602.13851412
712.96420219 576.59722972
757.88163339 554.57888109
789.58805541 551.93667926
803.67979852 563.38622054
791.34952330 601.25778018
755.23943155 586.28530311
742.02842238 574.83576183
722.65227559 568.67062421
750.83576183 617.99172513
739.38622054 622.39539486
718.24860586 632.96420219
702.39539486 647.05594531
638.98255082 737.77154164
616.08346825 761.55135816
793.11099119 689.33117467
807.20273430 625.91833064
863.56970678 703.42291779
909.36787192 682.28530311
889.99172513 626.79906458
879.42291779 581.88163339
860.92750495 579.23943155
905.84493614 582.76236733
956.92750495 622.39539486
983.34952330 591.56970678
999.20273430 628.56053247
1010.65227559 556.34034898
948.12016550 558.10181687
983.34952330 542.24860586
955.16603706 509.66144990
185.82719242 555.50551409
280.96405555 572.89612348
15.24577383 487.73328632
29.56745216 482.10691270
38.26275685 483.12988972
106.29072888 504.10091869
255.13388572 529.16385575
278.15086874 537.34767194
432.36465495 554.22679282
986.05096864 723.52949012
938.48253707 587.98503457
995.76925036 598.21480480
843.85716245 727.10990970
947.94507453 756.00901060
730.81820141 684.84817144
453.07993967 463.05396564
