114.21856873 589.04978471
425.04252518 707.52528380
266.14597345 517.96448525
857.12963951 743.76484823
19.43816946 413.42728017
129.55069215 439.91003879
176.94089178 400.88281556
250.81385004 453.84833280
222.93726202 359.06793353
125.36920394 332.58517490
52.89007509 321.43453970
8.28753425 257.31838725
40.34561048 274.04434006
77.97900431 292.16412227
104.46176293 262.89370485
169.97174478 313.07156329
186.69769759 272.65051066
225.72492082 272.65051066
249.42002064 307.49624569
222.93726202 317.25305149
285.65958507 278.22582826
355.35105512 262.89370485
391.59061955 287.98263407
314.93000249 332.58517490
387.40913135 378.58154514
419.46720757 361.85559233
480.79570122 307.49624569
441.76847799 275.43816946
528.18590086 342.34198071
553.27483008 462.21130921
646.66139995 439.91003879
735.86648162 406.45813316
802.77029287 416.21493897
918.45813316 333.97900431
1009.05704423 317.25305149
963.06067400 274.04434006
988.14960322 248.95541084
911.48898616 274.04434006
822.28390449 269.86285186
770.71221665 272.65051066
740.04796982 301.92092808
766.53072844 328.40368670
850.16049251 333.97900431
648.05522935 324.22219850
617.39098253 289.37646347
554.66865948 275.43816946
547.69951247 307.49624569
507.80114587 312.02619124
25.01348706 364.64325113
