62.68220837 513.92644800
46.16607933 465.55778440
187.73289961 394.77437427
380.02783049 450.22137887
610.07391344 445.50248486
750.46101021 445.50248486
966.35041113 235.51170145
1010.00018072 201.29971989
170.03704708 362.92183970
160.59925906 313.37345261
53.24442035 336.96792265
63.86193187 313.37345261
44.98635583 286.23981205
128.74672450 260.28589500
145.26285353 235.51170145
112.23059546 217.81584892
151.16147104 190.68220837
175.93566459 180.06469685
90.99557242 157.64995030
121.66838348 135.23520376
142.90340652 144.67299178
168.85732357 139.95409777
168.85732357 115.17990422
188.91262311 106.92183970
101.61308394 116.35962772
362.33197795 176.52552634
427.21677058 165.90801482
639.56700099 223.71446643
679.67760007 172.98635583
703.27207012 93.94488118
509.79741574 86.86654016
205.42875215 105.44718533
220.76515768 88.93105629
226.66377519 113.70524984
232.56239270 102.49787657
249.07852173 100.72829132
270.31354477 82.44257703
257.92644800 81.26285353
246.12921298 81.26285353
249.66838348 64.74672450
263.23520376 68.28589500
259.69603325 57.07852173
284.47022680 51.76976597
279.75133279 60.61769224
222.53474293 52.94948947
210.14764616 61.20755399
197.17068763 62.38727749
198.94027288 72.41492726
181.24442035 76.54395952
187.14303786 53.53935122
149.39188579 55.89879823
134.64534201 61.79741574
126.97713924 48.82045722
119.30893648 52.94948947
116.94948947 38.79280745
110.46101021 20.50709316
103.97253095 15.78819915
437.24442035 76.54395952
413.06008855 80.67299178
371.76976597 72.41492726
382.97713924 56.48865998
341.09695491 59.43796874
316.32276136 51.17990422
349.94488118 47.05087196
341.68681666 39.38266920
334.01861390 30.53474293
319.86193187 22.86654016
296.85732357 34.66377519
281.52091804 26.99557242
274.44257703 34.66377519
217.22598717 41.15225445
115.76976597 44.83889039
100.13842957 47.19833740
109.28128671 48.67299178
107.51170145 6.20294569
119.89879823 16.82045722
95.12460468 7.08773832
99.84349869 5.31815307
109.28128671 2.95870606
106.62690883 0.89418993
120.48865998 90.55317611
568.78359086 32.89418993
615.38266920 41.74211620
637.79741574 26.99557242
613.02322219 25.22598717
607.12460468 18.14764616
593.55778440 4.58082588
581.76054938 19.91723141
567.01400560 15.78819915
538.70064155 16.96792265
522.18451251 48.82045722
499.76976597 26.40571067
687.93566459 18.73750791
704.45179362 28.17529592
723.32736966 26.40571067
743.97253095 26.99557242
762.25824523 22.27667841
817.11538809 29.35501943
810.62690883 6.35041113
888.48865998 15.78819915
907.95409777 14.60847565
633.37345261 7.08773832
658.73750791 5.31815307
723.62230053 17.70524984
743.08773832 16.82045722
697.66838348 20.06469685
344.04626367 28.91262311
340.80202404 19.76976597
352.89418993 17.70524984
365.28128671 17.41031897
329.59465076 14.16607933
283.29050330 14.46101021
270.90340652 21.53935122
291.84349869 6.20294569
313.07852173 4.13842957
338.73750791 8.56239270
354.66377519 3.25363694
410.40571067 40.11999639
399.19833740 41.29971989
385.63151712 40.41492726
359.38266920 35.99096413
243.17990422 71.08773832
484.13842957 34.81124063
450.51630975 21.53935122
451.10617150 5.02322219
426.92183970 1.18912081
416.30432818 2.95870606
443.43796874 0.30432818
462.90340652 0.89418993
476.76515768 2.36884431
489.44718533 2.36884431
502.71907473 12.39649408
518.05548026 10.62690883
234.11004000 65.33412027
298.75218047 27.01973900
305.17358515 17.22709686
