138.77149689 633.91296031
75.08369201 567.72759445
10.14710665 442.84954567
28.87881396 327.96174079
70.08857006 310.47881396
1.40564323 215.57149689
67.59100909 246.79100909
128.78125299 224.31296031
40.11783835 139.39588714
41.36661884 33.24954567
73.83491153 12.02027738
111.29832616 12.02027738
90.06905787 65.71783835
141.26905787 88.19588714
155.00564323 32.00076518
155.00564323 10.77149689
263.64954567 28.25442372
274.88857006 7.02515543
302.36174079 50.73247250
263.64954567 88.19588714
293.62027738 84.44954567
277.38613104 149.38613104
218.69344811 188.09832616
218.69344811 258.03003348
161.24954567 275.51296031
216.19588714 370.42027738
259.90320421 412.87881396
271.14222860 126.90808226
623.29832616 539.00564323
574.59588714 471.57149689
996.68369201 445.34710665
756.91783835 266.77149689
699.47393592 251.78613104
573.34710665 263.02515543
434.73247250 291.74710665
432.23491153 251.78613104
594.57637494 195.59100909
609.56174079 149.38613104
700.72271640 141.89344811
934.24466762 20.76174079
940.48857006 3.27881396
925.50320421 5.77637494
894.28369201 5.77637494
980.44954567 176.85930177
1019.16174079 179.35686275
1016.66417982 78.20564323
524.64466762 135.64954567
475.94222860 141.89344811
447.22027738 126.90808226
424.74222860 108.17637494
397.26905787 106.92759445
379.78613104 95.68857006
439.72759445 83.20076518
489.67881396 68.21539933
