116.70732146 652.34034898
303.42291779 315.01924807
307.82658752 617.99172513
438.17521137 633.84493614
502.46878935 323.82658752
421.44126641 263.05594531
397.66144990 225.18438568
313.99172513 249.84493614
237.36787192 287.71649577
172.19355999 314.13851412
227.67979852 256.01007375
268.19355999 204.92750495
284.04677100 164.41374348
255.86328476 166.17521137
253.22108293 145.03759669
268.19355999 120.37704623
239.12933981 115.09264256
231.20273430 100.12016550
224.15686275 129.18438568
201.25778018 154.72567008
187.16603706 145.03759669
144.89080770 126.54218385
145.77154164 115.09264256
114.94585357 133.58805541
85.00089944 123.01924807
64.74401871 111.56970678
54.17521137 93.95502788
5.73484440 108.04677100
305.18438568 141.51466091
291.09264256 117.73484440
304.30365174 108.92750495
292.85411045 98.35869761
351.86328476 178.50548660
1017.69814715 246.32200036
413.51466091 136.23025724
366.83576183 117.73484440
382.68897284 108.04677100
889.99172513 371.38622054
955.16603706 529.91833064
793.11099119 692.85411045
864.45044073 191.71649577
779.89998201 184.67062421
772.85411045 169.69814715
936.67062421 246.32200036
886.46878935 229.58805541
819.53300953 117.73484440
857.40456917 108.92750495
931.38622054 116.85411045
760.52383522 81.62475265
742.90915632 68.41374348
682.13851412 92.19355999
698.87245908 112.45044073
654.83576183 102.76236733
638.10181687 135.34952330
657.47796366 151.20273430
584.37704623 130.94585357
543.86328476 142.39539486
542.10181687 175.86328476
498.06511963 123.01924807
458.43209210 126.54218385
457.55135816 138.87245908
525.36787192 89.55135816
570.28530311 87.78989027
599.34952330 106.28530311
57.91833064 84.15686275
73.55135816 72.26695449
57.25778018 30.87245908
27.97337651 19.64310128
119.34952330 27.12933981
149.95502788 38.57888109
157.44126641 47.16603706
203.67979852 53.99172513
214.90915632 24.26695449
198.83576183 26.68897284
230.76236733 33.29447742
241.99172513 28.23025724
12.85411045 17.27612880
3.05594531 10.12016550
28.70732146 9.56970678
71.53300953 11.33117467
73.62475265 9.89998201
115.67979852 9.78989027
64.74401871 56.41374348
102.61557834 124.45044073
401.25778018 47.16603706
409.40456917 45.62475265
406.54218385 23.60640403
419.97337651 29.33117467
456.52383522 24.26695449
463.56970678 31.97337651
471.27612880 33.29447742
482.50548660 45.62475265
487.78989027 19.64310128
494.17521137 28.23025724
497.25778018 73.36787192
523.01924807 51.78989027
534.90915632 24.70732146
547.23943155 33.95502788
554.06511963 34.83576183
566.17521137 35.49631229
563.31282605 46.28530311
550.98255082 52.45044073
572.56053247 64.78071596
587.75319302 49.36787192
587.09264256 23.16603706
596.56053247 48.04677100
611.75319302 41.66144990
623.42291779 54.87245908
611.09264256 60.15686275
612.41374348 18.54218385
611.75319302 28.23025724
353.25778018 189.18438568
499.01924807 19.64310128
525.66144990 155.05594531
446.83576183 13.28530311
437.94585357 3.72108293
467.20273430 5.41374348
462.74401871 16.75319302
494.34034898 9.10181687
501.55135816 5.63392697
520.32200036 4.36787192
479.06511963 2.59264256
487.59722972 2.39998201
530.12016550 13.23025724
548.06511963 11.52383522
557.31282605 24.07429394
560.12016550 6.73484440
565.18438568 9.26695449
538.87245908 6.95502788
533.69814715 5.96420219
580.54218385 9.48713797
595.34952330 4.86328476
601.56970678 9.37704623
610.54218385 8.49631229
573.09722972 1.55365174
629.67062421 56.13851412
636.82658752 59.77154164
661.70732146 29.16603706
660.60640403 11.11099119
642.77154164 22.67062421
635.06511963 23.66144990
641.14768843 3.61099119
658.84493614 24.10181687
685.37704623 69.56970678
708.71649577 30.15686275
700.56970678 23.99172513
707.94585357 16.72567008
686.03759669 20.13851412
735.57888109 47.99172513
728.09264256 34.01007375
728.53300953 10.23025724
748.45961504 21.67979852
758.36787192 16.72567008
777.30365174 20.24860586
794.69814715 26.08346825
789.63392697 23.44126641
790.29447742 12.87245908
779.61557834 10.12016550
760.78989027 64.83576183
749.12016550 40.94585357
786.22108293 49.64310128
728.20273430 22.42291779
845.89080770 35.33117467
831.90915632 16.39539486
819.13851412 27.84493614
824.64310128 14.41374348
805.37704623 20.35869761
815.72567008 11.88163339
869.34034898 11.33117467
859.43209210 40.28530311
867.24860586 63.07429394
879.68897284 38.85411045
876.71649577 17.93667926
884.75319302 10.34034898
885.85411045 29.82658752
892.67979852 32.13851412
905.01007375 17.82658752
899.06511963 12.10181687
921.08346825 12.98255082
919.43209210 29.38622054
909.19355999 32.46878935
933.41374348 70.28530311
927.46878935 73.36787192
936.93667926 42.54218385
958.07429394 35.05594531
948.16603706 61.91833064
975.90915632 45.62475265
926.14768843 32.41374348
1007.71649577 81.01924807
1003.42291779 30.15686275
1010.79906458 10.56053247
981.51466091 11.88163339
968.08346825 9.01924807
855.12016550 3.36328476
830.12933981 3.22567008
818.77612880 1.66374348
774.53300953 4.18897284
762.83576183 6.80365174
759.91833064 2.84034898
741.50548660 7.53989027
30.39539486 89.00089944
278.76236733 20.60640403
288.61557834 22.09264256
270.89080770 14.00089944
289.44126641 64.17521137
260.15686275 64.61557834
309.69814715 17.16603706
318.83576183 22.56053247
296.04677100 26.41374348
354.17521137 35.05594531
367.82658752 43.20273430
204.89080770 27.84493614
378.67062421 9.59722972
981.58805541 339.67979852
91.44783264 21.29398649
111.35418716 25.78896977
106.64515706 27.28729753
