757.72723312 182.67538126
780.48278867 192.15686275
831.68278867 198.79389978
861.07538126 180.77908497
935.97908497 239.56427015
841.63834423 112.27538126
899.00130719 116.06797386
963.94945534 116.06797386
960.15686275 74.82352941
874.34945534 68.66056645
872.45315904 47.44575163
899.94945534 37.96427015
923.17908497 34.64575163
939.29760349 37.01612200
984.57167756 8.95686275
1007.14945534 4.46797386
856.21612200 21.19389978
893.04575163 4.70501089
566.91241830 38.20130719
208.27538126 47.97908497
256.51241830 55.91982571
238.14204793 22.17167756
244.66056645 23.00130719
106.82352941 95.62352941
39.68278867 60.09760349
60.71982571 41.51982571
526.21612200 2.65315904
605.24777184 7.18982978
605.24777184 7.18982978
483.47458850 3.04649485
748.46455505 5.93612696
1013.02642796 50.45786609
14.49799987 70.68529084
176.95953833 84.70535773
