527.32723312 403.59389978
300.71982571 304.03834423
209.69760349 304.03834423
165.13464052 235.77167756
50.40871460 282.23093682
6.79389978 271.80130719
3.00130719 307.83093682
7.74204793 681.40130719
774.79389978 353.34204793
875.29760349 327.74204793
651.53464052 190.26056645
620.24575163 201.63834423
524.48278867 138.11241830
435.35686275 143.80130719
304.51241830 137.16427015
223.91982571 128.63093682
186.94204793 136.21612200
121.51982571 149.49019608
156.60130719 129.57908497
97.81612200 147.59389978
59.89019608 170.34945534
41.87538126 168.45315904
31.44575163 160.86797386
65.57908497 140.95686275
698.46797386 111.32723312
678.08278867 78.61612200
659.11982571 80.03834423
606.02352941 95.20871460
537.28278867 98.05315904
531.59389978 87.14945534
533.96427015 75.77167756
559.56427015 69.60871460
575.20871460 74.82352941
592.74945534 71.97908497
742.55686275 66.76427015
765.31241830 68.18649237
807.03093682 107.06056645
836.89760349 117.49019608
934.08278867 122.70501089
944.03834423 89.04575163
806.31982571 54.55686275
821.72723312 61.43093682
784.03834423 40.33464052
796.36427015 50.52723312
807.26797386 42.46797386
866.29019608 52.89760349
889.04575163 45.54945534
561.46056645 55.50501089
599.38649237 62.14204793
610.76427015 62.14204793
621.43093682 51.94945534
628.77908497 54.79389978
622.37908497 33.69760349
636.12723312 58.82352941
650.11241830 58.82352941
680.21612200 56.69019608
731.41612200 43.89019608
709.84575163 27.47538126
726.08278867 30.31982571
735.44575163 31.03093682
745.40130719 34.23093682
750.73464052 33.04575163
768.51241830 55.44575163
779.89019608 24.74945534
733.01612200 15.23834423
750.67538126 11.03093682
770.76427015 12.45315904
760.15686275 39.06056645
928.15686275 18.11241830
946.29019608 23.20871460
979.83093682 21.78649237
983.74204793 20.24575163
341.96427015 98.05315904
330.11241830 100.89760349
312.57167756 74.34945534
323.00130719 69.13464052
401.69760349 111.80130719
377.04575163 107.06056645
369.46056645 107.53464052
464.74945534 85.25315904
475.65315904 77.19389978
333.90501089 54.79389978
342.20130719 50.52723312
347.89019608 50.05315904
344.80871460 58.34945534
367.32723312 44.83834423
374.43834423 52.18649237
378.70501089 48.86797386
385.81612200 47.91982571
233.87538126 115.00130719
237.66797386 108.36427015
256.15686275 118.55686275
264.21612200 119.50501089
269.43093682 113.57908497
145.22352941 107.06056645
114.88278867 83.83093682
1011.71241830 95.50501089
945.72723312 6.06797386
940.18649237 4.73464052
897.93464052 23.20871460
893.54945534 17.87538126
874.34945534 29.72723312
864.39389978 25.34204793
846.85315904 21.31241830
880.63093682 12.92723312
809.28278867 10.31982571
35.71241830 130.76427015
1.57908497 147.35686275
1019.61740221 16.70031929
905.68333627 10.17884077
967.57344616 8.23678283
977.09991969 8.17284676
943.91710251 8.13288672
844.94407553 14.50251709
800.15686275 2.75826135
830.55846115 3.92909052
919.04597363 3.92909052
