73.29971989 630.71907473
323.40110238 565.83428210
267.95409777 493.87114846
568.78359086 412.47022680
580.58082588 351.12460468
692.65455860 411.29050330
772.87575675 485.61308394
809.44718533 371.17990422
763.43796874 336.96792265
768.15686275 288.59925906
712.70985814 275.62230053
632.48865998 312.19372910
404.80202404 379.43796874
993.48405169 421.90801482
991.12460468 346.40571067
1020.61769224 362.92183970
1004.10156321 242.59004247
942.75594109 253.20755399
921.52091804 280.34119454
70.94027288 398.31354477
107.51170145 400.67299178
158.23981205 384.15686275
115.76976597 318.09234662
125.20755399 273.26285353
40.26746182 320.45179362
34.36884431 292.13842957
23.75133279 275.62230053
22.57160929 221.35501943
17.85271528 193.04165537
54.42414385 227.25363694
44.98635583 213.09695491
177.70524984 285.64995030
209.55778440 256.15686275
246.12921298 256.15686275
241.41031897 281.52091804
240.82045722 303.34580284
250.25824523 341.09695491
314.55317611 272.08313003
295.08773832 256.74672450
281.52091804 224.30432818
309.83428210 228.43336044
340.50709316 240.23059546
372.94948947 260.28589500
394.77437427 271.49326828
427.21677058 299.21677058
431.93566459 258.51630975
470.86654016 250.84810698
483.25363694 296.26746182
483.25363694 237.87114846
428.98635583 210.73750791
396.54395952 233.15225445
403.03243878 203.06930514
386.51630975 179.47483510
353.48405169 218.99557242
359.38266920 240.23059546
338.14764616 204.24902864
336.37806090 190.09234662
319.86193187 204.83889039
301.57621758 158.82967381
279.16147104 193.04165537
265.00478901 200.11999639
269.72368302 211.91723141
183.60386735 204.24902864
193.04165537 180.06469685
174.16607933 180.06469685
121.07852173 202.47944339
95.12460468 200.11999639
119.30893648 258.51630975
76.24902864 142.31354477
94.53474293 138.18451251
123.43796874 129.92644800
172.98635583 132.28589500
253.79741574 163.54856781
219.58543417 178.29511159
425.44718533 151.16147104
446.09234662 195.40110238
481.48405169 202.47944339
477.94488118 194.22137887
473.22598717 174.16607933
489.15225445 171.21677058
439.60386735 126.38727749
846.01861390 239.64073371
899.10617150 220.76515768
903.82506551 191.86193187
969.88958164 182.42414385
978.73750791 148.21216228
1022.97713924 181.24442035
1021.20755399 142.31354477
1014.71907473 102.79280745
989.35501943 107.51170145
981.09695491 122.25824523
969.88958164 124.61769224
960.45179362 138.77437427
926.82967381 135.82506551
905.00478901 142.31354477
850.14764616 129.92644800
812.39649408 160.59925906
740.43336044 196.58082588
666.70064155 252.02783049
603.58543417 193.63151712
586.47944339 198.35041113
575.27207012 196.58082588
560.52552634 240.82045722
534.57160929 234.33197795
543.41953556 212.50709316
532.80202404 182.42414385
515.10617150 191.86193187
534.57160929 168.85732357
551.67760007 171.80663233
548.72829132 159.41953556
548.72829132 148.21216228
572.32276136 160.59925906
613.61308394 170.03704708
636.02783049 183.60386735
626.00018072 184.19372910
670.23981205 181.24442035
686.75594109 170.62690883
657.26285353 165.90801482
620.10156321 137.00478901
604.76515768 121.66838348
573.50248486 126.38727749
539.88036505 130.51630975
524.54395952 148.21216228
522.77437427 177.11538809
516.87575675 160.59925906
551.67760007 124.02783049
574.09234662 112.82045722
564.06469685 104.56239270
550.49787657 92.17529592
542.23981205 90.40571067
537.52091804 104.56239270
610.66377519 194.22137887
673.77898256 152.34119454
674.36884431 129.33658625
689.70524984 147.03243878
699.14303786 155.29050330
718.01861390 158.23981205
708.58082588 137.00478901
694.42414385 95.12460468
717.42875215 92.76515768
725.09695491 136.41492726
752.82045722 134.05548026
754.00018072 121.07852173
759.30893648 112.82045722
763.43796874 129.92644800
777.59465076 125.79741574
794.11077980 131.69603325
802.95870606 86.86654016
769.92644800 88.04626367
755.76976597 86.86654016
989.94488118 89.22598717
584.11999639 93.35501943
565.83428210 90.40571067
516.28589500 92.76515768
326.35041113 108.98635583
357.61308394 110.16607933
380.61769224 104.85732357
449.63151712 97.18912081
467.32736966 93.64995030
502.71907473 144.37806090
505.07852173 113.70524984
503.89879823 96.59925906
529.85271528 143.19833740
452.58082588 203.36423602
953.37345261 64.74672450
995.84349869 65.92644800
982.86654016 56.48865998
775.23520376 80.08313003
762.84810698 81.26285353
766.97713924 71.82506551
759.30893648 60.61769224
859.29050330 106.03704708
868.13842957 116.06469685
433.17358515 105.36087612
