18.94585357 336.15686275
77.07429394 145.03759669
88.52383522 116.85411045
120.23025724 157.36787192
119.34952330 233.99172513
147.53300953 142.39539486
183.64310128 211.09264256
204.78071596 164.41374348
286.68897284 351.12933981
280.52383522 282.43209210
383.56970678 300.92750495
380.04677100 195.23943155
311.34952330 200.52383522
269.95502788 169.69814715
235.60640403 169.69814715
241.77154164 132.70732146
214.46878935 114.21190862
274.35869761 77.22108293
284.04677100 92.19355999
343.05594531 145.03759669
265.55135816 138.87245908
343.05594531 115.09264256
354.50548660 86.90915632
348.34034898 71.93667926
382.68897284 80.74401871
380.92750495 101.88163339
470.76236733 102.76236733
475.16603706 154.72567008
535.05594531 108.04677100
313.99172513 54.10181687
268.19355999 40.01007375
308.26695449 35.60640403
344.37704623 48.37704623
356.70732146 44.85411045
376.96420219 38.68897284
380.92750495 63.34952330
426.72567008 49.69814715
439.49631229 46.61557834
455.78989027 40.01007375
485.29447742 65.55135816
523.16603706 66.43209210
511.27612880 58.50548660
506.87245908 45.29447742
539.45961504 44.85411045
540.34034898 67.75319302
293.73484440 46.72567008
308.04677100 22.06511963
417.91833064 21.62475265
319.38622054 9.34952330
363.86328476 5.13851412
709.14768843 43.09264256
1022.24860586 255.78989027
998.46878935 89.33117467
883.53300953 73.91833064
931.60640403 20.08346825
946.57888109 21.84493614
991.27612880 24.26695449
944.90915632 7.28530311
682.06511963 31.75319302
726.54218385 21.62475265
654.76236733 29.55135816
541.91833064 25.53300953
575.82658752 26.30365174
452.96420219 12.10181687
484.12016550 16.72567008
441.40456917 12.87245908
463.79906458 2.86787192
426.12016550 2.84034898
309.24047479 10.53813365
349.26723064 4.54482261
402.35084268 6.04315037
419.04649485 7.32743131
739.47458850 35.47458850
912.42442127 5.50803331
33.54816709 3.79565873
69.07993967 6.79231425
122.59164535 15.78228081
96.47793298 2.93947144
