901.14387573 629.14387573
1004.62439521 539.37764197
631.84517443 596.72829132
598.18283677 501.97504456
403.68933028 611.68933028
367.53348612 695.22179781
280.26075885 756.31270690
255.32569391 645.35166794
133.14387573 671.53348612
164.31270690 545.61140820
269.03997963 473.29971989
335.11790171 530.65036924
370.02699262 470.80621339
438.59842119 484.52049911
434.85816145 423.42959002
583.22179781 377.29971989
609.40361599 356.10491469
94.49452508 460.83218742
77.03997963 432.15686275
44.62439521 405.97504456
149.35166794 371.06595365
126.91010950 353.61140820
186.75426534 314.96205755
288.98803158 319.94907054
59.62557585 250.19110123
105.08248258 236.99393476
120.23478482 246.76961363
45.45084149 201.31270690
20.03407644 94.26902331
1.94907054 25.35048730
4.39299025 15.57480844
54.73773642 13.13088872
62.55827951 18.50751210
78.19936570 24.37291942
62.06949557 41.48035743
50.33868093 50.76725236
58.64800796 71.78496192
86.99747668 31.21589462
82.10963724 42.94670926
101.66099498 49.30090053
95.79558766 59.56536334
106.54883441 56.14387573
121.70113665 58.58779545
129.52167975 54.18873996
133.43195129 40.99157349
146.62911776 30.23832674
119.74600088 85.95969628
136.36465495 91.82510360
116.32451328 164.65391115
38.60786629 119.68578836
144.18519805 174.91837396
166.18047550 143.63620159
165.69169155 110.88767739
180.84399380 116.26430076
171.55709887 89.38118388
168.62439521 66.40833854
163.24777184 52.72238813
152.00574114 57.61022756
157.38236452 44.41306109
174.97858648 36.10373406
184.75426534 35.61495011
191.59724055 24.37291942
218.96914138 20.95143181
213.10373406 58.58779545
202.83927125 55.16630785
204.79440702 64.45320277
192.57480844 66.40833854
211.14859828 94.75780726
220.92427715 98.66807880
229.72238813 94.75780726
220.43549321 67.87469037
195.99629604 106.48862190
199.90656759 126.52876357
233.14387573 103.06713429
240.47563488 114.30916499
250.25131375 111.37646133
252.69523347 81.56064079
267.84753571 84.98212839
289.35402921 110.88767739
234.61022756 127.01754751
249.27374586 174.91837396
285.44375767 177.85107762
279.08956641 261.92191587
322.10255342 83.51577656
337.74363960 57.61022756
338.23242355 40.50278955
330.90066440 28.77197491
359.25013311 67.38590643
361.20526888 92.80267148
385.15568211 52.72238813
65.72525539 1.48432100
70.80621339 8.26075885
585.47243029 12.15888670
597.47040634 11.23596546
606.69961869 18.61933534
660.69051092 14.00472916
623.77366153 20.92663842
629.77264956 28.31000830
647.30815301 43.07674805
670.84264450 56.45910596
580.85782412 32.00169324
654.23006227 92.45303411
654.69152289 101.68224645
665.30511709 142.29078078
648.69253487 168.59403596
601.16209128 132.60010781
616.39029165 104.45101016
608.54546116 72.61022756
597.00894573 70.30292448
579.47344227 56.45910596
568.85984807 50.46011793
574.39737548 46.76843299
562.86086005 44.92259052
542.09513227 35.23191756
537.01906548 41.23090559
537.01906548 49.99865731
511.63873153 43.53820867
492.25738560 65.68831830
468.26143350 33.38607509
452.57177251 41.23090559
466.41559103 51.38303917
465.95413041 61.07371213
454.87907560 66.61123954
432.26750535 36.61629941
427.65289918 28.31000830
415.65492313 47.22989361
406.42571078 36.61629941
431.34458411 127.98550164
417.96222621 132.13864719
440.11233584 70.76438509
491.33446436 158.90336300
435.95919029 175.97740584
505.63974350 175.97740584
574.85883610 236.89020732
579.01198165 223.96931004
654.69152289 227.66099498
681.91769931 216.58594016
567.47546622 91.53011287
770.54647313 87.18165613
752.31270690 91.04942473
703.13679191 61.21235271
692.08602449 26.40243535
746.23478482 11.48389934
748.99747668 2.09074704
757.83809061 9.82628423
766.12616617 17.56182142
798.72593004 1.53820867
164.34467493 4.12089871
409.41438783 5.93612696
428.67860188 2.93947144
368.74549151 1.22709686
613.18696308 33.12007345
