133.03526565 722.85740721
298.90096438 635.04615494
429.92092808 446.87918579
959.57610049 693.58698979
991.63417672 328.40368670
807.64869578 260.10604605
714.26212590 279.61965766
579.06067400 308.89007509
482.88644532 183.44542899
626.45087363 186.23308779
662.69043806 182.05159959
679.41639088 172.29479378
675.23490267 143.02437636
698.93000249 130.47991175
800.67954877 127.69225294
905.21675385 205.74669941
924.73036547 140.23671755
1002.78481193 110.96630013
510.76303334 127.69225294
488.46176293 113.75395893
480.09878652 74.72673570
650.14597345 85.87737091
658.50894986 92.84651792
698.93000249 53.81929469
726.80659051 49.63780648
733.77573752 34.30568307
768.62147255 31.51802427
792.31657236 37.09334187
877.34016583 14.79207146
934.48717128 12.00441265
362.32020213 7.56158144
366.50169033 6.86466674
369.46357781 5.12237999
373.64506601 18.53798797
378.69769759 10.52346892
393.50713498 30.73399523
389.49987545 40.49080104
402.04434006 24.28753425
403.43816946 35.78662681
400.47628198 18.71221665
411.27845984 10.00078289
415.63417672 30.73399523
417.89914950 37.52891356
468.77392264 10.87192627
444.55613679 33.34742536
479.22764314 36.30931284
496.30205331 30.38553788
507.27845984 1.11512046
512.85377745 10.00078289
503.61965766 16.96992990
508.14960322 20.10604605
516.51257962 17.66684460
524.35287000 15.05341447
531.84470304 14.87918579
524.35287000 30.73399523
536.54887726 33.52165403
484.45450340 78.82110957
479.75032917 58.26212590
548.39642717 23.76484823
557.28208961 32.65051066
545.60876837 13.65958507
543.51802427 6.34198071
560.94089178 11.39461229
566.69043806 10.52346892
567.56158144 1.98626383
581.32564677 3.20586456
581.84833280 14.87918579
574.53072844 25.33290630
579.75758870 39.44542899
589.68862318 21.84833280
595.61239814 7.73581011
609.02800612 13.31112772
625.23127291 11.39461229
624.88281556 1.63780648
622.44361411 25.50713498
621.57247073 16.79570122
608.85377745 36.83199886
609.55069215 30.38553788
600.31657236 34.74125476
630.98081919 49.11512046
636.20767944 28.90459414
643.87374115 14.96630013
651.19134550 8.69406783
663.03889541 1.72492082
673.84107327 26.11693534
664.08426746 45.63054696
679.06793353 43.53980285
704.50532010 38.66139995
705.20223480 25.76847799
718.09515676 35.17682645
729.24579196 22.28390449
738.65414042 23.32927654
702.76303334 6.25486637
687.77936728 2.77029287
422.95178108 502.63236184
535.17384576 53.79922039
692.71230730 107.50551409
604.22479481 202.13088872
428.27274686 172.46455505
548.47254706 184.74027933
820.07294666 142.28673287
762.78623337 128.98803158
771.48153807 112.10891070
984.77224736 5.14387573
1020.57644316 55.26974986
390.15017378 6.73880254
425.46789953 34.93947144
445.90937111 1.06656174
452.11672897 7.05987278
514.72542462 67.26054167
543.62174569 66.40435438
505.09331759 62.97960522
554.53813365 50.77893632
527.78228081 119.38094301
431.67525739 556.25050823
714.21706341 55.48796642
504.23713030 123.76890288
763.01973900 29.16020723
780.57157846 1.12007345
832.79900321 30.44448816
946.02977244 28.94616040
990.12341793 22.95284937
907.28729753 11.82241458
857.62843465 58.69866877
856.55820054 21.66856843
966.79231425 21.88261525
960.79900321 6.89933766
675.90268214 86.95284937
616.82575907 77.74883599
639.72876910 62.33746475
