311.42959002 585.50751210
181.76725236 680.26075885
882.44257703 484.52049911
911.11790171 414.70231729
365.03997963 278.80621339
173.03997963 152.88413547
140.62439521 129.19582378
382.49452508 117.97504456
51.02935389 13.11495011
105.32991048 11.05811085
137.00523515 8.17853588
188.83758462 10.23537514
290.03407644 5.71032876
388.21387067 4.68190913
440.86895585 25.25030177
426.88244885 4.68190913
431.81886308 44.99595871
577.44308302 54.04605148
645.73014660 16.20020901
627.62996108 71.32350130
653.95750366 48.28690154
672.05768919 77.90538695
568.39299025 100.11925101
556.05195467 90.24642254
677.97504456 4.52049911
708.37022082 66.73090559
789.22449641 6.79415403
955.76016853 7.19641410
998.39973675 5.18511371
976.67769256 22.88455713
1007.65171854 35.75687961
1016.50144025 3.97833348
474.30671289 3.09792169
898.29733097 1.65519050
735.62174569 29.48127746
