77.03997963 498.23478482
23.42959002 331.16984976
67.06595365 261.35166794
226.65036924 364.83218742
220.41660300 313.71530430
280.26075885 309.97504456
244.10491469 212.72829132
414.91010950 291.27374586
383.74127833 287.53348612
484.72829132 373.55946015
474.75426534 300.00101859
217.50751210 140.10491469
206.28673287 123.89712249
185.71530430 123.89712249
107.79322638 87.74127833
42.33868093 47.84517443
19.89712249 77.14387573
3.68933028 102.07894067
168.26075885 73.40361599
186.96205755 80.88413547
167.01400560 57.19582378
206.91010950 47.84517443
236.83218742 64.67634326
241.81920041 38.49452508
254.91010950 30.39062898
289.19582378 36.62439521
289.19582378 36.62439521
305.40361599 45.97504456
317.87114846 26.02699262
290.44257703 77.14387573
321.61140820 122.02699262
304.78023937 161.29971989
304.15686275 188.10491469
428.20881080 176.88413547
388.93608352 102.07894067
387.06595365 37.24777184
410.75426534 39.74127833
387.06595365 4.20881080
371.48153807 9.19582378
450.02699262 32.26075885
450.02699262 32.26075885
469.97504456 32.26075885
462.49452508 14.80621339
455.01400560 6.70231729
507.37764197 25.40361599
504.26075885 7.94907054
507.37764197 51.58543417
513.71530430 79.79322638
528.67634326 67.63738223
533.66335625 24.93608352
533.03997963 11.22179781
499.68933028 21.81920041
546.13088872 142.75426534
534.28673287 165.81920041
552.05296664 183.58543417
609.09192768 76.36465495
584.15686275 33.97504456
593.50751210 19.94907054
607.53348612 15.58543417
630.59842119 23.68933028
635.58543417 91.94907054
622.18283677 134.02699262
595.37764197 153.97504456
614.70231729 122.18283677
541.14387573 255.27374586
560.46855106 235.63738223
574.49452508 274.28673287
632.78023937 248.10491469
666.13088872 218.49452508
689.19582378 134.18283677
731.58543417 117.97504456
731.58543417 117.97504456
822.59842119 314.96205755
791.42959002 291.27374586
894.91010950 280.05296664
757.55946015 24.00101859
784.36465495 18.70231729
793.09192768 3.42959002
805.24777184 0.93608352
826.44257703 2.18283677
852.93608352 24.93608352
892.20881080 1.87114846
892.20881080 1.87114846
607.94907054 155.22179781
