40.95075587 742.50800778
594.96602305 639.91258794
487.97365664 543.17976351
338.47747343 557.83625206
350.20266427 424.46220626
290.11106122 386.35533603
228.55380931 298.41640473
205.10342763 267.63777878
423.48510702 288.15686275
470.38587038 220.73701542
483.57671007 169.43930549
584.70648107 247.11869481
606.69121389 204.61487801
584.70648107 324.79808412
685.83625206 370.23319862
699.02709175 165.04235893
710.75228259 181.16449633
747.39350397 140.12632839
782.56907649 112.27900015
753.25609939 251.51564137
792.82861847 263.24083221
883.69884748 216.34006885
917.40877114 226.59961084
974.56907649 282.29426733
959.91258794 333.59197725
974.56907649 185.56144290
852.92022152 91.75991618
891.02709175 107.88205358
924.73701542 65.37823679
976.03472534 65.37823679
987.75991618 91.75991618
1011.21029786 122.53854213
590.93548870 95.79045053
546.23319862 87.72938183
492.00419099 67.94312229
