294.08278867 546.76427015
324.42352941 522.11241830
190.73464052 437.72723312
135.74204793 308.77908497
59.89019608 332.48278867
170.82352941 313.51982571
241.93464052 326.79389978
327.26797386 309.72723312
425.87538126 287.91982571
472.33464052 302.14204793
636.36427015 341.96427015
652.48278867 384.63093682
739.71241830 373.25315904
804.18649237 401.69760349
861.07538126 515.47538126
915.11982571 321.10501089
884.77908497 254.73464052
821.25315904 264.21612200
786.17167756 215.86056645
756.77908497 207.32723312
615.50501089 247.14945534
566.20130719 243.35686275
576.63093682 220.60130719
475.17908497 203.53464052
435.35686275 203.53464052
397.43093682 195.00130719
404.06797386 177.93464052
488.45315904 176.03834423
523.53464052 176.98649237
575.68278867 160.86797386
586.11241830 154.23093682
603.17908497 152.33464052
643.94945534 162.76427015
657.22352941 164.66056645
695.14945534 176.03834423
670.49760349 145.69760349
709.37167756 157.07538126
293.13464052 231.03093682
369.93464052 219.65315904
266.58649237 248.09760349
93.07538126 223.44575163
73.16427015 260.42352941
109.19389978 208.27538126
266.58649237 178.88278867
326.31982571 168.45315904
362.34945534 167.50501089
41.87538126 260.42352941
39.03093682 213.01612200
20.06797386 168.45315904
39.03093682 168.45315904
39.03093682 151.38649237
115.83093682 163.71241830
147.11982571 148.54204793
171.77167756 140.95686275
248.57167756 170.34945534
222.02352941 163.71241830
277.96427015 155.17908497
352.86797386 149.49019608
382.26056645 156.12723312
356.66056645 160.86797386
760.57167756 149.49019608
778.58649237 154.23093682
789.96427015 149.49019608
796.60130719 150.43834423
822.20130719 156.12723312
867.71241830 168.45315904
853.49019608 170.34945534
851.59389978 147.59389978
835.47538126 136.21612200
872.45315904 137.16427015
734.49760349 129.81612200
729.28278867 147.35686275
740.66056645 143.56427015
745.87538126 137.87538126
746.82352941 151.14945534
816.03834423 138.34945534
880.03834423 137.40130719
884.30501089 149.25315904
895.20871460 169.63834423
897.57908497 143.09019608
919.86056645 136.92723312
910.85315904 121.28278867
942.14204793 130.29019608
943.09019608 118.91241830
944.51241830 161.57908497
959.68278867 152.09760349
927.44575163 175.32723312
933.60871460 187.65315904
970.58649237 197.13464052
933.60871460 122.82352941
984.57167756 139.41612200
980.30501089 161.22352941
987.17908497 170.46797386
997.84575163 156.48278867
1004.24575163 146.05315904
971.29760349 129.46056645
971.53464052 121.87538126
977.46056645 118.79389978
972.24575163 111.20871460
969.16427015 115.00130719
978.64575163 96.98649237
984.09760349 97.93464052
979.83093682 109.31241830
986.94204793 109.07538126
988.12723312 115.00130719
991.91982571 113.34204793
987.41612200 129.93464052
957.31241830 123.77167756
960.63093682 128.51241830
964.18649237 143.68278867
1012.66056645 150.73464052
1010.17167756 125.96427015
1003.89019608 121.46056645
1006.73464052 109.96427015
995.11982571 109.01612200
1015.32723312 115.86056645
1017.10501089 110.94204793
999.26797386 114.58649237
993.57908497 211.00130719
1007.68278867 187.83093682
963.00130719 320.27538126
61.31241830 170.58649237
262.79389978 127.44575163
431.09019608 124.60130719
442.46797386 122.23093682
123.41612200 116.54204793
131.47538126 181.96427015
110.61612200 126.02352941
11.53464052 111.68278867
2.76427015 107.65315904
472.77224736 108.01700261
480.44457503 104.94807154
463.82119841 117.47954007
499.36964996 111.85316644
489.90711250 115.68933028
1.81920041 173.74327633
197.93612696 146.35084268
