270.26709897 529.86664902
373.93414059 551.75191336
511.00500673 513.74066477
563.99038355 483.79240830
567.44595161 357.08824632
587.02750391 344.41783012
687.23897748 366.30309447
789.75416308 396.25135093
836.98025982 375.51794261
815.09499548 321.38070976
818.55056353 278.76203710
956.77328569 241.90264452
1002.84752641 217.71366814
295.60793136 343.26597411
320.94876376 279.91389312
413.09724520 268.39533294
401.57868502 209.65067602
322.10061978 209.65067602
295.60793136 185.46169964
112.46282450 404.31434306
114.76653654 369.75866252
77.90714396 254.57306072
133.19623282 241.90264452
235.71141843 131.32446679
219.58543417 81.79465802
194.24460178 77.18723395
136.65180088 92.16136218
138.95551291 134.78003485
73.29971989 110.59105847
29.52919120 142.84302697
14.55506297 203.89139593
122.82952866 172.79128344
292.15236331 150.90601910
318.64505172 141.69117096
293.30421933 132.47632281
597.39420808 224.62480425
578.96451179 196.98025982
599.69792011 155.51344317
587.02750391 124.41333069
603.15348817 116.35033856
576.66079975 116.35033856
565.14223957 91.00950616
479.90489424 93.31321820
494.87902248 104.83177838
485.66417433 119.80590661
452.26034981 84.09837006
414.24910122 66.82052979
7.64392686 93.31321820
167.75191336 176.24685150
163.14448929 134.78003485
187.33346567 118.65405060
203.45944992 123.26147467
87.12199210 669.24122720
11.09949492 618.55956241
898.02862877 196.98025982
957.92514171 134.78003485
1005.15123845 102.52806634
899.18048479 140.53931494
878.44707647 138.23560290
811.63942742 124.41333069
834.67654778 110.59105847
879.59893249 67.97238580
868.08037231 64.51681775
840.43582787 27.65742517
819.70241955 48.39083350
808.18385937 59.90939368
751.74291449 105.98363440
764.41333069 88.70579413
747.13549042 88.70579413
727.55393811 110.59105847
694.15011359 119.80590661
718.33908997 96.76878625
704.51681775 96.76878625
667.65742517 93.31321820
642.31659278 93.31321820
616.97576038 72.57980988
636.55731269 74.88352191
657.29072101 46.08712146
400.42682900 51.84640155
367.02300448 50.69454553
310.58205960 48.39083350
286.39308322 51.84640155
392.36383687 127.86889874
396.97126095 110.59105847
379.69342068 104.83177838
360.11186837 120.95776263
350.89702023 111.74291449
365.87114846 148.60230706
347.44145217 149.75416308
329.01175588 169.33571539
780.53931494 27.65742517
460.32334194 143.99488299
400.42682900 93.31321820
511.00500673 137.08374688
543.25697523 160.12086724
517.91614284 176.24685150
505.24572664 173.94313946
542.10511921 191.22097973
575.50894373 134.78003485
628.49432056 116.35033856
517.91614284 51.84640155
687.23897748 19.59443305
843.89139593 82.94651404
854.25810009 100.22435431
801.27272326 26.50556916
588.17935993 32.26484925
774.16685276 24.88413547
770.20281679 22.07094866
763.29772189 19.38563397
752.17284676 19.76925036
746.16285675 23.34966994
754.34667293 53.01600360
766.62239721 45.21580380
761.76325635 33.45156804
767.13388572 29.10391569
786.95406554 8.77224736
796.92809152 18.10691270
785.67534426 30.89412548
788.23278682 35.62539421
788.48853108 44.32069891
794.62639321 38.69432528
805.11190770 30.12689272
829.02399561 35.11390570
825.05995965 40.10091869
737.33967993 75.52149811
744.24477483 17.59542418
738.49052908 14.78223737
735.29372588 13.11989971
738.23478482 9.53948013
734.65436524 2.25076884
737.85116844 2.50651309
744.50051909 4.55246714
749.10391569 8.77224736
753.06795166 9.53948013
757.15985975 9.66735226
763.16984976 7.36565395
766.49452508 10.56245715
777.61940021 10.30671289
768.28473487 4.80821140
771.86515445 4.16885076
765.34367593 2.63438522
760.22879082 6.34267693
758.18283677 6.59842119
754.85816145 5.95906055
783.37364596 6.47054906
787.33768193 0.33268692
791.30171789 2.63438522
797.31170790 5.31969991
796.67234726 11.20181779
804.08893068 9.92309651
812.14487473 11.32968992
810.35466494 13.37564396
807.02998962 16.95606354
812.01700261 15.80521439
816.74827134 22.58243717
825.05995965 12.99202758
820.32869092 9.53948013
818.41060900 11.45756205
817.25975985 5.57544416
816.62039921 1.86715246
827.61740221 7.74927034
832.98803158 11.07394566
840.53248712 18.87414546
830.43058902 20.02499461
824.80421539 25.52349611
837.97504456 35.62539421
848.58843118 56.59642318
803.19382578 4.29672288
810.22679282 6.85416544
789.38363597 7.23778183
783.75726235 13.50351609
675.96105855 47.13388572
633.25176784 48.92409551
642.58643317 41.63538422
652.94407553 33.83518442
631.71730231 17.08393567
640.79622338 29.23178782
658.44257703 23.86115845
659.20980980 17.85116844
669.56745216 16.57244716
682.61040920 19.38563397
688.36465495 24.11690271
692.58443517 26.93008952
704.47654306 27.82519441
708.31270690 25.26775186
704.86015945 18.87414546
700.51250710 21.94307653
692.96805156 20.40861100
700.89612348 12.48053907
704.34867094 7.87714247
702.94207753 2.50651309
697.44357603 7.10990970
713.04397563 14.14287673
716.88013947 10.05096864
726.72629331 11.96905056
730.69032928 34.21880081
733.88713248 29.23178782
720.20481479 20.79222738
722.50651309 36.00901060
716.88013947 55.06195765
718.54247713 43.68133827
731.71330630 64.90811150
684.01700261 69.51150810
691.81720241 61.19981979
693.22379581 76.03298662
694.24677284 90.61040920
679.15786175 91.88913048
714.83418542 82.04297663
723.52949012 81.01999961
744.37264696 11.07394566
727.36565395 1.61140820
743.47754207 88.94807154
687.46955006 40.74027933
609.33967993 59.92109851
625.45156804 45.98303657
624.42859102 53.39961999
633.12389571 36.77624336
621.10391569 74.37064896
656.39662298 38.95006954
576.86015945 21.81520440
577.37164796 15.42159801
576.22079881 38.18283677
581.33568392 30.25476484
584.27674286 28.08093867
607.93308652 31.78923038
603.84117843 45.98303657
606.65436524 47.00601359
597.83118842 42.40261699
603.20181779 55.70131829
553.58743218 38.95006954
553.71530430 55.06195765
546.17084876 88.30871090
540.03298662 69.76725236
546.55446514 59.15386574
501.67134826 50.37864097
491.44157803 62.39862099
531.33768193 57.79522438
518.55046914 77.74327633
517.27174786 93.08793168
540.28873088 123.26575385
876.97604356 103.28573387
649.49152808 96.28473487
660.48853108 75.56945016
660.23278682 64.82819142
655.62939022 59.96905056
661.25576384 53.31969991
643.86515445 54.59842119
664.32469491 47.69332628
780.43258702 17.00401559
911.11790171 146.89012948
482.40435438 138.64515706
507.87592629 99.04649485
329.36087612 146.99298315
523.71539117 102.04315037
559.24716375 62.01639452
455.22040790 100.75886943
432.31739786 99.90268214
427.82241458 109.10669552
436.17024067 115.52810020
435.10000656 136.71873565
447.72876910 142.49799987
453.29398649 215.48796642
405.13345137 100.75886943
469.13345137 53.66856843
514.29733097 56.98629418
548.97291626 34.93947144
561.38763198 34.29733097
495.67525739 85.45452161
217.84248147 182.73880254
217.62843465 149.13345137
318.23044134 124.94616040
272.63846810 85.77559184
286.76555840 81.49465539
330.00301659 101.61505673
260.43779920 109.32074234
69.93612696 176.74549151
53.24047479 239.67525739
168.39766542 202.00301659
473.62843465 326.36422060
839.64850154 265.78896977
939.39432094 222.55151157
946.67191291 194.72542462
990.33746475 139.50134435
927.83579251 146.77893632
933.82910355 138.21706341
896.58495639 102.68529084
782.06990622 98.08328415
761.09331759 100.86589285
816.10335104 99.36756509
830.23044134 71.96957178
785.49465539 57.62843465
796.83913699 68.33077579
590.28395305 95.08662863
574.44448816 67.26054167
602.05652830 39.54147813
612.54482261 31.83579251
618.32408683 29.16020723
622.60502328 32.37090957
618.32408683 41.03980589
615.75552495 43.28729753
607.40769887 55.48796642
654.39097646 18.72542462
649.46789953 39.70201325
701.69532428 51.26054167
703.62174569 42.91271559
692.70535773 39.48796642
706.83244803 68.59833432
637.90937111 42.80569218
651.71539117 106.85920388
831.72876910 55.91606007
836.00970555 49.92274903
843.07325070 45.42776576
773.40100990 44.30401994
760.98629418 47.30067545
745.14682930 43.23378582
738.72542462 38.63177913
727.16689619 42.80569218
730.37759853 42.91271559
709.72208014 41.30736442
714.00301659 29.21371893
677.72208014 28.46455505
682.00301659 32.53144468
725.24047479 24.71873565
721.92274903 17.22709686
662.95284937 28.46455505
588.25050823 14.55151157
584.61171224 16.47793298
586.21706341 9.73545806
770.93947144 30.39097646
791.59498984 9.73545806
787.74214703 24.29064201
791.38094301 20.00970555
789.88261525 13.26723064
763.98294970 14.97960522
812.57157846 30.17692963
757.72208014 24.18361860
754.51137780 15.56823398
747.34080923 12.59833432
778.75218047 1.81572562
770.19030756 12.83913699
773.18696308 16.79900321
738.51137780 23.64850154
730.69866877 20.97291626
733.48127746 17.01305004
797.48127746 24.39766542
805.93612696 23.22040790
801.65519050 13.80234769
919.27391960 85.88261525
941.42776576 106.32408683
921.94950489 138.53813365
