583.49631229 478.83576183
592.30365174 676.12016550
407.34952330 513.18438568
341.29447742 438.32200036
503.34952330 375.78989027
164.26695449 380.19355999
66.50548660 263.05594531
164.26695449 249.84493614
227.67979852 184.67062421
133.44126641 157.36787192
31.27612880 200.52383522
11.01924807 175.86328476
70.90915632 96.59722972
47.12933981 104.52383522
116.70732146 135.34952330
156.34034898 104.52383522
262.90915632 129.18438568
312.23025724 115.09264256
295.49631229 83.38622054
333.36787192 83.38622054
297.25778018 212.85411045
348.34034898 124.78071596
367.71649577 130.06511963
396.78071596 104.52383522
416.15686275 71.05594531
423.20273430 180.26695449
362.43209210 215.49631229
469.88163339 157.36787192
527.12933981 136.23025724
567.64310128 152.08346825
550.02842238 192.59722972
558.83576183 170.57888109
579.97337651 198.76236733
656.59722972 237.51466091
626.65227559 154.72567008
653.95502788 99.23943155
660.12016550 83.38622054
747.31282605 98.35869761
740.26695449 77.22108293
787.82658752 99.23943155
835.38622054 126.54218385
732.34034898 229.58805541
731.45961504 280.67062421
774.61557834 364.34034898
837.14768843 379.31282605
844.19355999 274.50548660
833.62475265 249.84493614
875.01924807 212.85411045
872.37704623 246.32200036
917.29447742 186.43209210
941.95502788 215.49631229
957.80823889 219.01924807
991.27612880 188.19355999
924.34034898 274.50548660
1007.12933981 562.50548660
191.42291779 55.86328476
211.67979852 57.18438568
216.52383522 47.93667926
226.21190862 49.25778018
255.71649577 48.37704623
292.26695449 55.42291779
321.33117467 41.77154164
309.00089944 37.36787192
8.81741320 46.50548660
3.31282605 29.33117467
15.42291779 37.91833064
21.36787192 34.39539486
28.63392697 29.55135816
39.20273430 26.46878935
34.35869761 26.24860586
48.01007375 22.50548660
47.78989027 31.31282605
22.90915632 27.12933981
53.73484440 45.18438568
59.45961504 27.12933981
64.96420219 24.04677100
69.80823889 28.01007375
86.76236733 50.90915632
117.80823889 47.16603706
108.12016550 27.78989027
99.31282605 18.76236733
139.16603706 41.22108293
135.64310128 28.67062421
142.46878935 28.01007375
137.18438568 21.62475265
151.49631229 25.58805541
159.86328476 24.04677100
167.78989027 37.25778018
177.03759669 38.57888109
187.82658752 28.67062421
182.32200036 17.44126641
208.74401871 21.62475265
225.03759669 23.38622054
148.41374348 83.49631229
136.74401871 86.35869761
197.14768843 42.48713797
196.92750495 19.36787192
199.56970678 9.78989027
225.77154164 13.42291779
241.40456917 10.12016550
252.30365174 15.95502788
256.37704623 15.95502788
266.28530311 20.24860586
282.57888109 12.87245908
291.16603706 12.10181687
274.32200036 23.99172513
314.61557834 19.03759669
328.26695449 17.16603706
317.58805541 9.89998201
344.01007375 25.53300953
342.90915632 14.74401871
353.03759669 15.95502788
360.85411045 22.45044073
363.82658752 13.75319302
373.07429394 22.12016550
324.68897284 5.24860586
338.72567008 6.01924807
346.26695449 5.35869761
353.14768843 9.37704623
356.61557834 5.63392697
362.34034898 8.05594531
374.17521137 8.44126641
333.49631229 34.14768843
385.51466091 11.66144990
393.88163339 20.68897284
400.48713797 20.68897284
277.76236733 7.07888109
254.06511963 3.41833064
409.23943155 20.60640403
422.17521137 11.30365174
412.48713797 32.00089944
432.46878935 27.48713797
429.16603706 34.31282605
431.09264256 3.36328476
441.24860586 4.43667926
437.09264256 26.44126641
457.29447742 18.29447742
448.81741320 39.81741320
465.33117467 37.21649577
467.53300953 27.01924807
478.10181687 19.86328476
485.75319302 19.64310128
484.04677100 29.60640403
486.15227559 7.26466091
502.62475265 13.64310128
519.46878935 11.44126641
534.77154164 10.12016550
548.53300953 12.87245908
559.10181687 12.43209210
571.10181687 19.47796366
551.28530311 33.89998201
570.66144990 43.25778018
542.47796366 88.28530311
525.63392697 34.56053247
599.17521137 55.53300953
596.53300953 43.64310128
617.01007375 54.21190862
626.03759669 40.12016550
628.67979852 30.87245908
620.31282605 20.08346825
614.36787192 17.88163339
584.87245908 15.98255082
572.81741320 10.20273430
598.85411045 4.86328476
614.76236733 7.50548660
620.48713797 8.22108293
624.94585357 8.44126641
637.11099119 27.48713797
655.16603706 33.21190862
653.67979852 12.23943155
662.59722972 10.64310128
668.48713797 23.19355999
662.21190862 47.79906458
646.57888109 54.81741320
672.23025724 71.22108293
682.35869761 63.40456917
688.19355999 53.05594531
683.34952330 29.49631229
676.74401871 33.34952330
671.23943155 11.66144990
696.12016550 18.26695449
698.87245908 29.82658752
691.93667926 30.92750495
699.20273430 45.45961504
679.00089944 5.15227559
764.54218385 68.74401871
734.81741320 48.70732146
742.96420219 35.05594531
745.38622054 23.16603706
754.63392697 27.12933981
772.46878935 30.21190862
794.92750495 23.38622054
790.96420219 39.01924807
790.08346825 51.34952330
787.00089944 64.12016550
797.78989027 51.78989027
811.88163339 46.72567008
846.45044073 64.12016550
829.71649577 41.88163339
830.15686275 29.33117467
864.28530311 42.54218385
879.69814715 44.08346825
878.59722972 50.90915632
885.64310128 39.45961504
889.38622054 26.68897284
925.49631229 29.33117467
894.67062421 180.81741320
755.73484440 10.36787192
769.60640403 6.67979852
756.01007375 4.86328476
781.27612880 9.37704623
856.68897284 11.33117467
836.54218385 9.78989027
879.14768843 9.56970678
891.42291779 3.03300953
981.20273430 102.87245908
994.85411045 94.06511963
1013.34952330 81.73484440
1007.18438568 57.29447742
979.22108293 47.16603706
963.36787192 47.16603706
958.08346825 26.68897284
964.90915632 17.44126641
976.57888109 23.60640403
982.52383522 24.70732146
993.09264256 30.21190862
1000.13851412 31.31282605
1005.42291779 40.12016550
922.12016550 7.34034898
939.45961504 5.52383522
945.40456917 8.22108293
969.01924807 5.52383522
958.20273430 2.51007375
1008.01007375 5.41374348
1013.40456917 6.29447742
1022.10181687 15.59722972
218.76236733 4.87704623
202.63392697 4.51924807
207.75319302 2.64768843
85.00089944 22.61557834
92.92750495 24.37704623
58.43209210 19.31282605
150.90915632 6.98255082
138.13851412 10.50548660
128.01007375 6.98255082
131.97337651 4.34034898
176.45044073 9.18438568
183.49631229 8.30365174
298.53813365 5.82910355
312.45117713 6.47124402
225.33412027 1.54816709
249.09331759 0.90602662
170.53813365 22.31070890
142.06990622 10.32408683
398.28395305 0.90602662
387.79565873 3.47458850
382.23044134 6.47124402
421.61505673 0.69197980
412.19699652 1.76221392
506.37759853 3.47458850
519.43445472 5.82910355
542.33746475 1.97626074
812.67860188 1.54816709
747.60836776 4.97291626
633.30736442 1.12007345
586.43111024 1.76221392
551.54147813 1.17358515
606.01639452 7.05987278
