19.11982571 316.36427015
12.48278867 246.20130719
57.04575163 234.82352941
103.50501089 171.29760349
127.20871460 164.66056645
67.47538126 279.38649237
131.94945534 295.50501089
138.58649237 381.78649237
188.83834423 369.46056645
277.01612200 172.24575163
581.37167756 271.80130719
588.95686275 292.66056645
640.15686275 368.51241830
493.19389978 177.93464052
431.56427015 147.59389978
447.68278867 137.16427015
499.83093682 148.54204793
536.80871460 143.80130719
413.54945534 129.57908497
843.06056645 236.71982571
844.00871460 178.88278867
889.51982571 182.67538126
907.53464052 137.16427015
98.76427015 133.37167756
11.17908497 38.37908497
13.66797386 29.60871460
48.98649237 43.59389978
20.77908497 83.94945534
55.86056645 119.74204793
65.57908497 80.63093682
85.72723312 44.60130719
114.17167756 73.51982571
171.29760349 121.28278867
248.57167756 78.61612200
278.91241830 123.65315904
296.92723312 112.27538126
310.20130719 107.53464052
339.59389978 104.69019608
407.86056645 86.67538126
428.71982571 79.09019608
279.38649237 69.60871460
173.19389978 46.02352941
198.55686275 60.24575163
220.36427015 55.50501089
187.41612200 40.80871460
253.54945534 61.19389978
271.32723312 52.66056645
301.19389978 52.18649237
141.13464052 24.42352941
152.03834423 17.01612200
158.85315904 9.13464052
143.97908497 20.45315904
193.57908497 33.75686275
199.38649237 21.19389978
184.45315904 30.67538126
212.66056645 29.13464052
199.74204793 37.54945534
359.50501089 40.57167756
382.02352941 49.57908497
388.89760349 35.11982571
409.28278867 40.33464052
419.71241830 40.33464052
430.14204793 46.73464052
484.18649237 48.15686275
504.80871460 44.83834423
607.44575163 89.51982571
633.51982571 90.46797386
630.67538126 71.03093682
611.71241830 73.87538126
602.23093682 65.81612200
397.07538126 16.33464052
389.01612200 18.46797386
372.18649237 20.60130719
474.11241830 20.36427015
357.37167756 23.09019608
333.90501089 21.31241830
292.54204793 27.59389978
307.59389978 24.27538126
237.43093682 23.32723312
424.98649237 12.63093682
403.00130719 8.60130719
382.55686275 9.43093682
330.52723312 10.91241830
349.19389978 8.66056645
361.93464052 13.51982571
369.16427015 10.31982571
365.07538126 9.31241830
357.66797386 9.49019608
319.50501089 14.76427015
252.54204793 14.46797386
243.06056645 12.33464052
273.93464052 12.03834423
281.63834423 13.81612200
823.62352941 107.53464052
965.37167756 116.06797386
824.80871460 55.97908497
804.89760349 61.19389978
789.96427015 59.06056645
803.00130719 53.37167756
812.00871460 43.41612200
838.55686275 33.46056645
862.26056645 42.94204793
876.24575163 38.43834423
879.09019608 53.84575163
889.99389978 54.55686275
904.69019608 49.34204793
915.59389978 42.46797386
936.45315904 38.67538126
934.08278867 47.44575163
916.30501089 67.35686275
921.28278867 55.03093682
950.43834423 50.05315904
963.47538126 39.86056645
977.46056645 46.49760349
984.80871460 39.62352941
994.05315904 45.54945534
1006.14204793 37.01612200
979.35686275 80.86797386
813.99389978 13.29760349
838.55686275 15.59389978
888.74945534 19.77167756
901.07538126 22.85315904
1002.82352941 21.78649237
937.16427015 13.28278867
923.65315904 8.77908497
958.55686275 2.28278867
975.09019608 10.85315904
988.00871460 9.54945534
997.90501089 11.97908497
854.67538126 9.37167756
877.60871460 14.05315904
1005.84575163 13.10501089
442.76427015 14.17167756
427.71241830 5.14945534
1019.80921040 106.73828133
1022.87814147 86.27874087
644.37664296 64.28473487
593.73928033 59.16984976
575.32569391 81.16385575
569.31570390 46.75026934
566.37464496 39.58943018
576.60441519 26.54647313
583.63738223 23.09392568
580.44057903 33.96305655
589.77524436 28.20881080
604.48053907 8.90011949
623.14986974 9.28373587
628.90411549 13.50351609
626.34667293 60.68833128
640.92409551 87.15786175
560.10891070 16.06095865
478.39862099 9.25975985
485.36765196 11.88113847
494.06295665 7.14986974
501.92709252 5.87114846
485.04797164 5.87114846
248.22879082 3.58943018
238.67034926 9.64337623
319.90111849 6.24277683
333.96705256 2.21480480
262.67834127 1.18583377
281.69932029 2.18283677
373.06395565 10.02699262
362.96205755 4.46455505
532.68033927 6.88213747
541.34367593 2.63038922
610.77824137 4.48453507
971.88913048 6.76625335
980.55246714 2.27874087
945.06795166 4.80421539
929.37164796 4.40061899
895.42159801 8.76825136
904.59642318 14.07494466
882.49052908 1.16984976
1022.43058902 15.29372588
1022.68633327 33.70731230
220.86415545 2.68233727
445.40761200 3.70531429
516.24877084 1.91510450
551.02998962 1.40361599
555.12189771 1.91510450
805.61505673 1.06656174
841.57492295 1.49465539
899.47458850 1.81572562
911.14014034 37.93612696
1022.65853499 8.82575907
967.75552495 5.77559184
988.62509017 34.67191291
944.21037445 57.25385271
904.93278248 6.41773231
910.81907010 4.08997311
