840.05296664 757.55946015
8.46855106 473.29971989
220.41660300 400.98803158
196.72829132 388.52049911
139.37764197 317.45556404
85.76725236 270.07894067
306.44257703 250.13088872
292.72829132 238.91010950
266.54647313 230.18283677
255.32569391 226.44257703
291.48153807 213.97504456
549.55946015 297.50751210
159.32569391 282.54647313
378.75426534 245.14387573
413.66335625 204.00101859
471.01400560 236.41660300
438.59842119 309.97504456
433.61140820 179.06595365
356.31270690 162.85816145
340.10491469 162.85816145
1018.33868093 349.87114846
1018.33868093 267.58543417
1002.13088872 151.63738223
967.22179781 120.46855106
924.83218742 95.53348612
946.02699262 103.01400560
968.46855106 103.01400560
893.66335625 96.78023937
867.48153807 120.46855106
831.32569391 169.09192768
791.42959002 125.45556404
772.72829132 130.44257703
710.39062898 181.55946015
692.93608352 154.13088872
700.41660300 127.94907054
644.31270690 166.59842119
595.68933028 174.07894067
614.39062898 151.63738223
588.20881080 149.14387573
528.36465495 177.81920041
154.33868093 181.55946015
85.76725236 166.59842119
32.36465495 189.97504456
112.78023937 156.93608352
106.54647313 143.84517443
84.72829132 148.20881080
71.01400560 159.42959002
76.00101859 135.11790171
112.78023937 129.50751210
45.45556404 119.53348612
62.91010950 84.62439521
84.72829132 84.62439521
23.63738223 188.10491469
119.63738223 130.75426534
102.18283677 75.27374586
146.44257703 74.65036924
127.74127833 71.53348612
130.23478482 43.48153807
177.61140820 72.15686275
167.01400560 115.16984976
152.05296664 108.93608352
138.96205755 109.55946015
128.36465495 103.32569391
139.58543417 126.39062898
148.93608352 117.66335625
181.97504456 120.15686275
207.53348612 133.24777184
233.71530430 91.48153807
244.31270690 97.09192768
256.15686275 115.79322638
289.19582378 130.75426534
306.65036924 119.53348612
335.32569391 113.92309651
342.80621339 111.42959002
349.66335625 87.11790171
319.74127833 54.07894067
337.81920041 45.97504456
318.49452508 42.23478482
316.62439521 36.62439521
357.76725236 54.07894067
383.94907054 54.07894067
371.48153807 84.62439521
396.41660300 92.10491469
390.18283677 95.84517443
386.44257703 76.52049911
407.63738223 85.24777184
407.63738223 115.79322638
388.31270690 122.02699262
422.59842119 84.62439521
435.68933028 133.87114846
426.33868093 116.41660300
436.31270690 103.32569391
437.55946015 94.59842119
423.22179781 54.70231729
427.58543417 45.97504456
440.05296664 45.35166794
430.07894067 37.87114846
453.14387573 40.98803158
474.33868093 42.23478482
460.62439521 54.07894067
470.59842119 67.16984976
445.03997963 65.29971989
447.53348612 82.75426534
460.00101859 85.24777184
469.35166794 87.11790171
473.09192768 93.97504456
484.31270690 84.62439521
483.06595365 72.15686275
501.76725236 88.36465495
499.89712249 102.70231729
514.65036924 72.78023937
527.74127833 86.49452508
527.74127833 76.52049911
506.23478482 77.92309651
508.72829132 74.49452508
520.88413547 122.80621339
510.91010950 128.72829132
543.94907054 94.13088872
561.40361599 85.09192768
558.91010950 73.55946015
554.54647313 75.42959002
549.55946015 62.02699262
569.81920041 83.84517443
581.35166794 94.13088872
591.01400560 89.76725236
594.44257703 128.41660300
621.24777184 124.36465495
641.19582378 103.79322638
638.07894067 86.33868093
614.70231729 86.96205755
606.28673287 86.33868093
608.15686275 32.10491469
630.28673287 47.37764197
644.93608352 42.70231729
656.46855106 52.36465495
663.01400560 86.33868093
669.87114846 100.20881080
677.35166794 88.98803158
686.70231729 84.62439521
702.91010950 108.31270690
704.15686275 93.35166794
730.33868093 97.71530430
734.07894067 108.31270690
672.98803158 47.84517443
782.07894067 110.80621339
780.83218742 96.46855106
760.88413547 92.10491469
725.35166794 54.07894067
680.46855106 44.10491469
737.50751210 44.57244716
744.05296664 43.32569391
746.54647313 35.22179781
761.19582378 35.84517443
773.03997963 43.01400560
782.07894067 39.58543417
799.22179781 40.20881080
808.26075885 20.57244716
817.61140820 20.57244716
829.45556404 20.57244716
835.06595365 24.93608352
839.74127833 25.24777184
836.93608352 40.83218742
822.28673287 50.49452508
838.49452508 103.79322638
837.24777184 86.33868093
848.46855106 69.81920041
846.91010950 43.63738223
848.15686275 33.03997963
848.46855106 27.42959002
788.00101859 81.97504456
810.44257703 95.06595365
738.75426534 96.31270690
855.63738223 27.11790171
856.88413547 17.14387573
866.23478482 15.58543417
871.22179781 13.40361599
862.49452508 33.66335625
856.57244716 44.88413547
857.81920041 38.02699262
861.87114846 45.81920041
875.58543417 55.48153807
868.41660300 59.84517443
868.10491469 52.36465495
864.67634326 65.14387573
855.32569391 68.57244716
852.52049911 81.97504456
865.29971989 92.88413547
867.79322638 77.61140820
872.46855106 101.61140820
911.74127833 66.70231729
893.66335625 53.61140820
925.14387573 45.19582378
915.79322638 45.81920041
935.74127833 43.94907054
948.20881080 38.02699262
960.05296664 42.70231729
960.36465495 35.22179781
967.22179781 54.54647313
980.00101859 46.13088872
1001.19582378 44.57244716
1012.41660300 45.50751210
1014.28673287 38.02699262
1020.20881080 39.27374586
1023.01400560 45.81920041
1023.63738223 30.85816145
996.83218742 95.68933028
976.88413547 90.70231729
959.11790171 82.91010950
946.02699262 75.42959002
1021.76725236 109.71530430
206.28673287 732.99202758
306.53848113 614.32669291
461.00801160 449.62739222
524.43258702 392.34067893
969.17184776 64.79622338
989.11989971 45.87114846
997.30371589 76.56045915
1017.25176784 84.74427533
30.12341793 334.49799987
36.54482261 163.90268214
49.81572562 175.03311693
91.34080923 128.79900321
134.25719719 69.72208014
147.42107679 65.54816709
463.78228081 64.21037445
480.37090957 57.36087612
778.43111024 187.44783264
824.45117713 81.49465539
981.77559184 34.24381927
982.95284937 102.36422060
807.11338448 119.80903666
965.29398649 24.82575907
723.74214703 31.03311693
840.39766542 33.17358515
