222.84179425 684.74394689
365.62065922 522.42692145
304.00030697 436.75960247
311.51498408 336.06292928
201.80069836 325.54238134
51.50715629 351.09228349
50.00422087 293.98073750
90.58347723 293.98073750
18.44257703 256.40735198
83.06880012 220.33690188
225.84766509 206.81048310
294.98269445 230.85744983
332.55607997 269.93377077
382.15294885 232.36038525
365.62065922 80.56390775
455.79678447 116.63435785
524.93181382 106.11380991
475.33494494 68.54042439
658.69306627 367.62457312
669.21361421 472.83005257
714.30167684 238.37212693
667.71067879 185.76938721
586.55216607 143.68719543
622.62261617 118.13729327
711.29580599 15.93768466
709.79287057 122.64609954
807.48367292 112.12555159
858.58347723 179.75764552
808.98660834 315.02183339
891.64805648 343.57760639
929.22144200 167.73416216
939.74198995 206.81048310
1016.39169640 113.62848701
876.61870228 80.56390775
470.82613867 12.93181382
427.24101147 20.44649093
391.17056138 5.41713672
147.69502321 2.41126588
162.72437742 47.49932850
34.97486666 27.96116803
3.41322282 86.57564944
143.88513447 82.89012948
75.08992968 64.54047913
503.71730231 277.31969991
510.36665295 150.98203757
529.54747214 64.54047913
773.01600360 34.36265695
990.65436524 31.29372588
101.18696308 415.83579251
137.14682930 522.85920388
165.82910355 196.86589285
218.48462194 254.65853499
114.88595974 35.47458850
74.21706341 3.79565873
186.37759853 3.79565873
150.41773231 280.34415371
347.76890288 149.77559184
377.73545806 26.91271559
273.70870221 14.49799987
470.20368549 464.63846810
88.34415371 754.88595974
868.75886943 27.76890288
253.80234769 25.30736442
