364.19355999 411.01924807
486.61557834 403.97337651
885.58805541 753.62475265
575.56970678 305.33117467
586.13851412 204.04677100
718.24860586 315.89998201
779.01924807 307.09264256
788.70732146 274.50548660
467.23943155 209.33117467
387.97337651 166.17521137
337.77154164 222.54218385
98.21190862 139.75319302
869.73484440 135.34952330
890.87245908 151.20273430
949.00089944 120.37704623
986.87245908 104.52383522
978.06511963 75.45961504
923.45961504 71.05594531
917.29447742 89.55135816
889.99172513 71.93667926
852.12016550 77.22108293
816.89080770 73.69814715
762.28530311 77.22108293
744.67062421 73.69814715
698.87245908 67.53300953
637.22108293 86.02842238
491.01924807 83.38622054
463.71649577 79.86328476
19.60640403 72.92750495
86.54218385 31.09264256
48.23025724 24.92750495
8.12016550 13.64310128
246.50548660 42.15686275
294.28530311 41.71649577
297.58805541 26.74401871
354.94585357 45.23943155
319.71649577 54.70732146
388.41374348 41.38622054
397.11099119 37.09264256
409.88163339 47.44126641
424.74401871 74.46878935
439.71649577 31.75319302
472.30365174 26.24860586
474.50548660 35.71649577
263.34952330 155.71649577
499.38622054 71.44126641
514.46878935 46.89080770
535.38622054 47.11099119
542.65227559 57.89998201
537.36787192 21.01924807
553.00089944 28.72567008
533.29447742 93.62475265
628.08346825 48.54218385
648.12016550 42.15686275
598.68897284 7.17521137
616.30365174 12.29447742
628.35869761 8.44126641
706.96420219 63.84493614
687.69814715 37.86328476
699.58805541 36.10181687
658.33117467 3.52842238
646.90915632 2.56511963
767.40456917 54.21190862
780.17521137 36.37704623
832.13851412 36.37704623
840.72567008 45.62475265
847.11099119 37.03759669
864.72567008 50.46878935
921.53300953 41.00089944
931.53300953 14.41374348
923.71649577 9.01924807
1020.26695449 31.36787192
191.56970678 1.47796366
989.51466091 6.76236733
