36.21320077 268.77658105
65.05827120 194.26014913
115.53714444 118.54183927
129.95967965 77.67798951
158.80475007 25.99723833
172.02540735 52.43855289
198.46672190 24.79536040
210.48550124 51.23667495
202.07235570 88.49489091
218.89864678 108.92681580
180.43855289 191.85639326
313.84700359 176.23198012
329.47141674 147.38690969
352.30709749 110.12869373
336.68268434 81.28362331
300.62634631 101.71554819
251.34935101 50.03479702
266.97376415 42.82352941
394.37282519 52.43855289
399.18033692 101.71554819
399.18033692 118.54183927
507.34935101 105.32118199
560.23198012 113.73432753
561.43385805 166.61695664
539.80005523 194.26014913
381.15216791 345.69676885
309.03949185 516.36343552
478.50428059 411.80005523
509.75310688 429.82822425
565.03949185 479.10521955
617.92212096 378.14747307
690.03479702 481.50897542
658.78597073 718.27892847
823.44324772 589.67798951
848.68268434 378.14747307
837.86578293 285.60287213
720.08174537 345.69676885
879.93151063 236.32587683
978.48550124 185.84700359
947.23667495 25.99723833
852.28831814 84.88925711
817.43385805 66.86108810
730.89864678 101.71554819
690.03479702 100.51367026
650.37282519 41.62165148
626.33526650 46.42916321
625.13338857 92.10052472
592.68268434 52.43855289
533.79066556 33.20850594
616.72024303 10.67329467
534.66235725 4.12089871
872.24477483 4.12089871
1000.61171224 113.38763198
