34.72370766 556.30659537
31.98573975 383.13012478
53.20499109 283.19429590
26.50980392 272.92691622
42.93761141 190.10338681
12.81996435 193.52584670
100.43493761 279.08734403
182.57397504 374.23172906
193.52584670 354.38146168
185.99643494 550.14616756
116.17825312 584.37076649
296.88413547 543.98573975
280.45632799 418.72370766
357.11942959 491.96434938
351.64349376 364.64884135
340.69162210 338.63814617
318.78787879 343.42959002
341.37611408 306.46702317
455.00178253 400.24242424
484.43493761 437.88948307
465.95365419 476.90552585
588.47771836 393.39750446
630.23172906 395.45098039
667.87878788 420.77718360
682.93761141 461.16221034
816.41354724 488.54188948
749.33333333 368.75579323
673.35472371 372.17825312
778.76648841 342.06060606
833.52584670 381.76114082
955.36541889 371.49376114
828.04991087 326.31729055
874.59536542 305.09803922
926.61675579 287.98573975
893.07664884 266.76648841
869.80392157 227.75044563
594.63814617 249.65418895
526.18894831 235.96434938
490.59536542 238.70231729
428.30659537 237.33333333
359.85739750 238.70231729
351.64349376 226.38146168
356.43493761 210.63814617
362.59536542 190.78787879
395.45098039 196.94830660
479.64349376 209.26916221
499.49376114 199.00178253
514.55258467 211.32263815
556.30659537 201.73975045
596.69162210 184.62745098
568.62745098 181.20499109
561.78253119 173.67557932
411.19429590 187.36541889
474.85204991 198.31729055
617.22638146 149.71836007
587.10873440 152.45632799
574.78787879 149.03386809
569.99643494 136.71301248
563.15151515 127.81461676
598.74509804 134.65953654
637.07664884 127.81461676
663.08734403 120.28520499
655.55793226 137.39750446
666.50980392 156.56327986
701.41889483 159.98573975
700.04991087 132.60606061
745.22638146 162.72370766
734.95900178 162.03921569
739.06595365 205.16221034
770.55258467 177.78253119
787.66488414 171.62210339
779.45098039 153.82531194
803.40819964 140.81996435
819.15151515 137.39750446
794.50980392 183.25846702
805.46167558 190.10338681
823.25846702 194.21033868
914.29590018 242.12477718
921.82531194 221.59001783
966.31729055 221.59001783
980.00713012 193.52584670
975.21568627 168.19964349
958.78787879 118.91622103
906.08199643 117.54723708
862.95900178 178.46702317
845.84670232 116.86274510
816.41354724 117.54723708
381.76114082 149.71836007
398.87344029 140.81996435
400.92691622 131.23707665
422.14616756 134.65953654
448.15686275 134.65953654
465.26916221 138.08199643
492.64884135 149.03386809
497.44028520 140.81996435
532.34937611 136.71301248
487.17290553 121.65418895
463.90017825 116.86274510
500.34937611 78.01782531
511.64349376 78.01782531
506.16755793 65.35472371
510.95900178 64.32798574
487.34402852 71.85739750
464.75579323 109.16221034
384.67023173 107.45098039
461.33333333 123.87878788
480.49910873 102.65953654
489.05525847 115.66488414
533.54723708 65.35472371
533.88948307 76.99108734
557.50445633 67.40819964
571.87878788 72.19964349
596.17825312 70.48841355
611.92156863 72.54188948
633.82531194 72.54188948
641.69696970 65.35472371
660.86274510 65.35472371
670.10338681 77.67557932
679.68627451 75.62210339
680.37076649 64.32798574
688.92691622 64.67023173
691.66488414 70.48841355
703.30124777 72.19964349
710.83065954 67.40819964
709.80392157 63.30124777
723.15151515 67.40819964
733.76114082 75.27985740
727.94295900 78.70231729
739.23707665 64.67023173
770.38146168 66.38146168
779.27985740 71.85739750
792.62745098 68.77718360
846.36007130 92.39215686
866.89483066 96.84135472
839.51515152 63.30124777
863.47237077 58.50980392
902.14616756 64.32798574
939.79322638 109.16221034
995.92156863 139.27985740
973.67557932 74.59536542
955.87878788 69.11942959
946.98039216 70.48841355
943.90017825 59.53654189
975.38680927 61.24777184
993.18360071 58.50980392
846.61675579 52.09269162
947.75044563 44.73440285
967.42959002 37.88948307
982.48841355 34.63814617
1008.15686275 36.00713012
1008.15686275 127.04456328
784.78023937 55.33368592
766.36665295 50.21880081
718.49799987 714.64515706
824.66522395 748.89264870
836.65184602 294.89933766
915.42107679 194.72542462
