103.22179781 72.93608352
53.35166794 73.24777184
31.22179781 71.37764197
16.88413547 77.29971989
1.92309651 79.79322638
128.15686275 24.00101859
120.05296664 28.05296664
98.54647313 27.11790171
86.70231729 26.18283677
80.78023937 28.36465495
77.66335625 33.66335625
66.44257703 34.91010950
55.53348612 35.84517443
51.16984976 36.46855106
44.31270690 35.84517443
34.33868093 36.46855106
20.62439521 35.22179781
11.58543417 39.27374586
47.42959002 29.61140820
49.92309651 24.31270690
1.29971989 24.00101859
38.07894067 30.23478482
347.58543417 67.16984976
356.31270690 54.07894067
358.18283677 42.85816145
362.54647313 64.67634326
381.24777184 67.16984976
408.67634326 65.92309651
445.45556404 65.29971989
464.15686275 71.53348612
440.46855106 52.20881080
451.68933028 51.58543417
558.28673287 82.75426534
552.05296664 45.97504456
567.63738223 45.35166794
592.57244716 45.97504456
626.85816145 42.85816145
605.03997963 87.11790171
572.00101859 79.01400560
609.40361599 40.98803158
646.80621339 49.71530430
659.27374586 41.61140820
654.91010950 102.07894067
642.44257703 102.70231729
630.59842119 97.71530430
668.62439521 141.35166794
649.92309651 19.16984976
634.96205755 30.39062898
636.20881080 19.16984976
620.62439521 4.20881080
607.53348612 4.20881080
602.54647313 12.31270690
546.44257703 3.58543417
640.57244716 0.46855106
682.33868093 86.49452508
695.42959002 47.84517443
684.20881080 38.49452508
679.22179781 36.62439521
674.23478482 14.80621339
665.50751210 4.20881080
666.75426534 12.31270690
681.09192768 4.83218742
693.55946015 17.29971989
716.62439521 15.42959002
719.74127833 36.62439521
710.39062898 38.49452508
697.29971989 0.46855106
747.79322638 25.40361599
756.52049911 19.16984976
750.28673287 38.49452508
762.75426534 58.44257703
780.20881080 28.52049911
773.35166794 26.65036924
768.36465495 1.71530430
800.15686275 19.79322638
795.79322638 6.07894067
813.24777184 21.03997963
835.06595365 12.31270690
833.19582378 29.76725236
818.85816145 34.13088872
814.49452508 49.71530430
786.44257703 58.44257703
775.84517443 67.79322638
744.05296664 84.62439521
850.02699262 25.40361599
872.46855106 21.03997963
892.41660300 12.93608352
879.94907054 4.83218742
909.87114846 12.93608352
926.70231729 54.07894067
931.68933028 74.02699262
894.91010950 60.93608352
901.76725236 100.83218742
934.18283677 133.24777184
901.14387573 126.39062898
871.84517443 116.41660300
861.24777184 100.20881080
832.57244716 93.35166794
815.74127833 73.40361599
797.66335625 93.35166794
795.79322638 130.75426534
782.70231729 150.07894067
696.05296664 151.32569391
698.54647313 124.52049911
687.94907054 172.52049911
684.83218742 182.49452508
696.67634326 209.92309651
695.42959002 256.67634326
674.23478482 220.52049911
702.28673287 289.09192768
790.80621339 184.36465495
850.65036924 179.37764197
891.16984976 194.33868093
934.18283677 198.70231729
893.03997963 150.70231729
949.55946015 12.93608352
975.74127833 16.67634326
1008.78023937 11.06595365
1019.37764197 32.26075885
1011.27374586 52.20881080
1022.49452508 47.22179781
1015.63738223 91.48153807
999.42959002 67.16984976
1020.00101859 115.16984976
985.09192768 107.06595365
967.63738223 103.32569391
955.16984976 82.13088872
938.33868093 72.15686275
998.80621339 130.75426534
988.20881080 186.85816145
980.10491469 221.76725236
872.46855106 472.05296664
741.55946015 763.79322638
895.77324636 696.67634326
