71.04531676 469.82418173
221.33885883 322.53651049
213.82418173 263.92202909
171.74198995 241.37799777
57.51889797 262.41909366
125.15099190 196.28993515
48.50128545 170.74003300
7.92202909 224.84570815
606.09032654 651.67936764
757.88680404 575.02966118
778.92789993 472.83005257
673.72242048 251.89854572
282.95921108 280.45431871
350.59130502 127.15490580
358.10598212 112.12555159
344.57956333 97.09619738
326.54433828 97.09619738
383.65588427 103.10793907
397.18230306 101.60500365
425.73807605 116.63435785
487.35842830 143.68719543
473.83200952 122.64609954
509.90245961 164.72829132
485.85549288 209.81635394
571.52281186 158.71654963
633.14316411 137.67545374
598.57564944 107.61674533
630.13729327 101.60500365
664.70480795 116.63435785
757.88680404 143.68719543
757.88680404 92.58739112
729.33103104 61.02574729
715.80461226 64.03161813
730.83396646 27.96116803
751.87506235 20.44649093
766.90441656 20.44649093
825.51889797 32.46997429
825.51889797 9.92594298
810.48954376 6.92007214
825.51889797 20.44649093
851.06880012 20.44649093
867.60108975 32.46997429
863.09228349 53.51107018
864.59521891 80.56390775
843.55412302 68.54042439
833.03357507 53.51107018
822.51302713 74.55216607
796.96312498 49.00226392
768.40735198 70.04335981
885.63631480 49.00226392
923.20970032 38.48171597
918.70089406 32.46997429
921.70676490 17.44062008
932.22731284 21.94942635
941.24492537 5.41713672
915.69502321 5.41713672
900.66566901 2.41126588
960.78308584 42.99052224
945.75373163 80.56390775
981.82418173 53.51107018
981.82418173 33.97290971
983.32711715 5.41713672
996.85353593 5.41713672
1007.37408388 5.41713672
966.79482752 8.42300756
999.85940678 58.01987644
1013.38582556 47.49932850
724.82222478 9.92594298
715.80461226 8.42300756
774.41909366 6.92007214
765.40148114 8.42300756
783.43670619 8.42300756
664.70480795 70.04335981
646.66958290 26.45823261
666.20774337 26.45823261
667.71067879 6.92007214
648.17251832 9.92594298
631.64022869 18.94355550
619.61674533 18.94355550
612.10206822 0.90833046
628.63435785 2.41126588
598.57564944 26.45823261
618.11380991 50.50519934
604.58739112 53.51107018
603.08445570 65.53455355
633.14316411 39.98465139
634.64609954 53.51107018
548.97878055 17.44062008
559.49932850 15.93768466
571.52281186 21.94942635
582.04335981 11.42887840
570.01987644 11.42887840
551.98465139 5.41713672
533.94942635 15.93768466
551.98465139 49.00226392
554.99052224 80.56390775
529.44062008 65.53455355
517.41713672 86.57564944
479.84375120 74.55216607
479.84375120 55.01400560
514.41126588 12.93181382
467.82026783 15.93768466
458.80265531 2.41126588
446.77917194 5.41713672
442.27036568 49.00226392
413.71459269 58.01987644
400.18817390 82.06684318
442.27036568 89.58152028
356.60304670 97.09619738
386.66175511 58.01987644
386.66175511 5.41713672
328.04727370 23.45236177
278.45040482 21.94942635
293.47975903 6.92007214
272.43866314 5.41713672
261.91811519 5.41713672
206.30950462 27.96116803
174.74786079 18.94355550
165.73024826 30.96703887
134.16860443 27.96116803
138.67741069 11.42887840
126.65392732 20.44649093
99.60108975 18.94355550
102.60696059 23.45236177
63.53063965 39.98465139
89.08054181 39.98465139
108.61870228 38.48171597
59.02183339 79.06097233
43.99247918 49.00226392
4.91615824 42.99052224
197.29189210 139.17838916
113.12750854 131.66371206
10.92789993 149.69893711
37.75126834 30.27074886
68.95206754 33.85116844
69.46355605 17.99502458
130.33068892 15.94907054
125.21580380 29.24777184
144.14087873 37.43158802
163.57744217 22.08693268
179.94507453 20.04097863
186.59442518 20.04097863
210.12289671 34.87414546
234.67434526 31.29372588
215.23778183 7.25376584
209.09991969 18.50651309
234.16285675 21.57544416
251.04197763 27.71330630
262.29472488 41.01200760
254.11090870 45.61540420
262.29472488 23.62139821
257.17983977 12.36865096
267.92109851 10.83418542
300.14487473 9.29971989
288.89212748 5.20781180
307.30571389 12.36865096
312.42059901 12.36865096
327.25376584 14.41460500
327.25376584 9.29971989
356.92009951 10.83418542
356.92009951 4.18483477
371.75326634 7.25376584
366.12689272 14.92609351
390.16685276 17.99502458
386.07494466 11.34567393
408.06895066 7.25376584
401.93108852 7.76525435
230.07094866 3.67334626
421.87914047 2.13888073
439.78123837 9.81120840
444.38463497 19.52949012
423.41360600 16.46055905
461.77524436 8.78823138
476.09692269 4.18483477
470.98203757 2.65036924
502.18283677 54.31070890
360.50051909 64.54047913
381.98303657 68.12089871
445.91910051 107.50551409
46.95806155 144.84417543
103.73328632 120.29272688
185.57144816 141.26375585
249.50751210 188.32069891
427.50551409 168.37264696
215.74927034 28.73628332
322.13888073 7.76525435
557.16785176 32.31670290
801.65936025 258.39462498
717.77524436 215.42959002
804.21680281 47.14986974
791.42959002 15.94907054
783.75726235 26.69032928
740.79222738 4.18483477
737.72329631 12.36865096
733.63138822 16.97204756
696.80421539 7.25376584
709.07993967 26.69032928
700.89612348 19.52949012
693.22379581 21.57544416
681.97104856 39.47754207
674.81020940 13.39162798
665.09192768 53.79922039
646.67834127 109.55146814
613.43158802 109.55146814
625.70731230 34.36265695
600.13288672 6.23078882
593.99502458 10.83418542
576.09292668 17.99502458
529.03598362 8.78823138
543.35766195 12.88013947
490.16285675 21.57544416
484.02499461 9.29971989
491.18583377 5.20781180
857.66735226 39.98903058
518.03898063 170.41860101
634.65836125 265.55546414
846.41460500 10.83418542
864.82819142 9.81120840
891.42559401 8.78823138
638.23878083 6.23078882
447.94281592 260.00970555
100.75886943 192.15686275
77.85585940 78.17692963
102.47124402 103.00636107
99.68863532 82.88595974
110.81907010 55.91606007
147.20702997 51.42107679
14.81907010 57.62843465
21.98963866 39.54147813
30.44448816 42.53813365
69.07993967 26.91271559
83.63512361 24.66522395
98.29733097 32.90602662
86.63177913 71.75552495
114.45786609 20.22375238
151.48796642 25.14682930
140.78562529 26.21706341
186.27057512 33.28060856
191.19365204 49.33412027
355.68863532 21.45452161
373.24047479 20.81238114
316.51806676 121.84248147
293.40100990 126.76555840
294.25719719 101.29398649
326.36422060 62.97960522
309.02642796 29.53478917
319.08662863 19.79565873
346.27057512 6.73880254
339.20702997 13.58830087
297.57492295 22.15017378
260.22375238 98.29733097
234.96622729 143.67525739
231.96957178 109.42776576
170.96622729 97.54816709
203.07325070 178.02977244
183.80903666 170.75218047
176.53144468 389.29398649
191.08662863 340.91940455
340.06321726 727.48796642
149.98963866 602.48462194
220.19699652 581.07993967
8.71873565 359.32743131
733.05318382 366.17692963
155.98294970 193.01305004
289.54816709 216.55820054
313.09331759 207.99632763
343.48796642 230.68529084
196.86589285 39.00636107
203.28729753 40.93278248
249.30736442 8.18361860
230.79231425 45.80234769
244.17024067 16.90602662
240.53144468 4.27726408
254.33746475 4.06321726
273.28060856 21.29398649
280.77224736 10.05652830
274.13679586 11.66187947
212.59833432 14.23044134
223.08662863 18.51137780
222.33746475 22.47124402
193.65519050 107.82241458
