109.87114846 437.24442035
92.17529592 373.53935122
28.47022680 381.79741574
108.69142496 293.31815307
142.90340652 283.88036505
183.01400560 462.01861390
194.81124063 452.58082588
179.47483510 405.39188579
245.53935122 392.41492726
220.76515768 423.08773832
244.35962772 359.38266920
242.00018072 342.86654016
254.97713924 320.45179362
234.92183970 296.85732357
252.61769224 263.82506551
278.57160929 285.06008855
339.91723141 229.61308394
379.43796874 194.81124063
423.08773832 190.68220837
439.60386735 273.26285353
482.07391344 292.72829132
490.33197795 283.88036505
463.78819915 372.94948947
549.31815307 310.42414385
511.56700099 309.24442035
568.78359086 286.82967381
590.01861390 375.89879823
596.50709316 408.34119454
552.26746182 266.18451251
578.22137887 211.32736966
544.59925906 203.65916689
539.88036505 190.68220837
573.50248486 200.11999639
592.37806090 210.14764616
276.21216228 273.26285353
293.31815307 293.90801482
328.70985814 313.37345261
575.56700099 273.85271528
632.19372910 223.12460468
666.99557242 226.07391344
676.13842957 230.20294569
689.41031897 227.25363694
722.44257703 225.48405169
717.13382127 282.99557242
707.40110238 280.63612542
408.34119454 482.07391344
434.29511159 480.89418993
607.71446643 480.89418993
657.26285353 404.21216228
755.17990422 347.58543417
915.62230053 473.81584892
987.58543417 539.88036505
946.29511159 347.58543417
895.56700099 332.24902864
836.58082588 321.63151712
810.62690883 283.88036505
955.73289961 305.70524984
932.13842957 294.49787657
874.92183970 290.36884431
858.40571067 285.06008855
856.63612542 260.28589500
878.46101021 252.02783049
899.10617150 252.02783049
901.46561851 275.03243878
955.73289961 247.89879823
981.68681666 210.14764616
905.00478901 216.63612542
916.80202404 223.71446643
917.98174754 214.27667841
929.18912081 196.58082588
879.64073371 198.94027288
754.00018072 224.30432818
706.22137887 175.64073371
722.44257703 176.23059546
714.47944339 163.54856781
718.60847565 165.61308394
738.07391344 167.08773832
791.75133279 175.64073371
797.94488118 169.74211620
812.69142496 172.39649408
815.93566459 176.52552634
827.73289961 168.85732357
829.50248486 197.17068763
800.30432818 173.87114846
917.98174754 193.63151712
896.45179362 193.63151712
895.56700099 205.13382127
886.42414385 180.65455860
871.97253095 189.79741574
854.86654016 187.14303786
853.39188579 177.11538809
841.59465076 172.98635583
833.33658625 167.97253095
937.74211620 158.82967381
948.06469685 156.76515768
958.97713924 160.89418993
944.23059546 189.50248486
970.18451251 192.74672450
990.53474293 200.41492726
1001.74211620 207.78819915
1010.00018072 192.15686275
994.07391344 177.41031897
974.90340652 169.74211620
1021.50248486 218.11077980
1023.56700099 193.04165537
