257.81920041 755.06595365
847.53348612 498.23478482
619.37764197 283.79322638
585.71530430 275.06595365
488.46855106 287.53348612
408.67634326 283.79322638
393.71530430 287.53348612
427.37764197 262.59842119
382.49452508 317.45556404
350.07894067 327.42959002
358.80621339 273.81920041
271.53348612 257.61140820
232.88413547 222.70231729
211.68933028 227.68933028
206.70231729 204.00101859
189.24777184 247.63738223
154.33868093 204.00101859
118.18283677 207.74127833
93.24777184 201.50751210
67.06595365 215.22179781
37.14387573 217.71530430
47.11790171 266.33868093
35.89712249 275.06595365
55.84517443 311.22179781
108.20881080 250.13088872
9.29971989 234.85816145
62.28673287 136.36465495
181.35166794 102.07894067
179.48153807 98.33868093
208.78023937 102.70231729
209.40361599 90.85816145
204.41660300 119.53348612
215.01400560 153.19582378
220.62439521 162.54647313
262.39062898 186.23478482
293.55946015 176.88413547
281.71530430 153.19582378
299.79322638 157.55946015
309.14387573 153.19582378
320.36465495 168.78023937
333.45556404 176.26075885
344.05296664 172.52049911
371.48153807 195.58543417
361.50751210 215.53348612
377.09192768 214.91010950
352.15686275 214.91010950
317.24777184 221.76725236
388.31270690 178.13088872
398.91010950 157.55946015
384.57244716 160.05296664
361.50751210 149.45556404
358.39062898 137.61140820
378.96205755 140.10491469
376.46855106 125.14387573
388.31270690 133.87114846
414.49452508 146.33868093
408.88413547 133.24777184
426.33868093 163.79322638
449.40361599 178.13088872
462.49452508 170.65036924
456.88413547 161.92309651
464.98803158 148.83218742
452.52049911 134.49452508
430.07894067 121.40361599
408.26075885 122.65036924
48.98803158 76.05296664
505.92309651 166.28673287
518.39062898 146.96205755
521.50751210 126.39062898
510.28673287 120.15686275
506.54647313 133.24777184
623.11790171 246.70231729
666.75426534 232.36465495
656.15686275 223.01400560
652.41660300 204.31270690
690.44257703 271.63738223
758.39062898 259.16984976
762.75426534 213.03997963
735.32569391 189.97504456
729.71530430 170.65036924
728.46855106 157.55946015
696.05296664 151.32569391
707.89712249 112.05296664
688.57244716 124.52049911
712.88413547 106.44257703
709.14387573 97.71530430
713.50751210 67.16984976
698.54647313 74.02699262
679.84517443 95.22179781
673.61140820 98.33868093
676.72829132 103.94907054
661.76725236 108.93608352
627.48153807 102.07894067
628.10491469 141.97504456
615.63738223 108.31270690
599.42959002 93.35166794
593.19582378 92.10491469
576.98803158 111.42959002
580.72829132 155.06595365
588.83218742 154.44257703
584.46855106 165.66335625
574.49452508 168.78023937
564.52049911 56.72829132
568.88413547 61.40361599
578.23478482 66.39062898
581.66335625 64.52049911
595.68933028 63.27374586
600.98803158 55.48153807
604.72829132 75.74127833
605.97504456 85.71530430
616.88413547 80.10491469
622.18283677 83.22179781
655.84517443 75.11790171
651.16984976 79.48153807
662.07894067 79.79322638
670.80621339 73.55946015
671.74127833 56.72829132
648.67634326 52.36465495
650.23478482 51.42959002
701.97504456 48.00101859
713.19582378 47.68933028
732.20881080 54.85816145
735.01400560 89.45556404
732.20881080 82.91010950
729.71530430 89.14387573
724.41660300 86.33868093
652.41660300 98.33868093
871.63738223 191.22179781
875.37764197 248.57244716
831.74127833 234.85816145
809.92309651 226.13088872
837.35166794 151.32569391
851.68933028 143.84517443
861.03997963 142.59842119
852.93608352 128.26075885
880.36465495 119.53348612
814.28673287 133.24777184
788.72829132 130.75426534
750.70231729 113.29971989
750.07894067 88.98803158
741.35166794 74.65036924
745.09192768 59.06595365
768.15686275 80.26075885
780.62439521 70.28673287
813.66335625 82.75426534
818.65036924 85.87114846
839.84517443 87.11790171
805.55946015 109.55946015
795.58543417 108.93608352
829.87114846 107.68933028
844.83218742 106.44257703
852.93608352 115.79322638
885.35166794 107.68933028
899.68933028 102.07894067
873.50751210 93.35166794
900.31270690 83.37764197
894.07894067 74.02699262
978.23478482 122.65036924
998.80621339 125.14387573
1006.91010950 88.98803158
1021.87114846 95.22179781
948.31270690 87.11790171
930.23478482 75.89712249
949.55946015 61.55946015
961.40361599 59.06595365
798.07894067 54.07894067
745.09192768 46.75426534
742.91010950 44.57244716
745.40361599 38.02699262
731.68933028 44.57244716
729.81920041 47.06595365
795.58543417 42.39062898
795.58543417 35.84517443
791.53348612 32.41660300
803.37764197 46.75426534
819.27374586 44.88413547
826.75426534 45.50751210
829.87114846 45.81920041
827.06595365 41.14387573
844.83218742 41.76725236
837.35166794 46.75426534
847.32569391 43.32569391
849.19582378 38.02699262
856.98803158 38.33868093
856.98803158 33.66335625
865.71530430 44.57244716
861.03997963 40.20881080
872.57244716 39.27374586
869.76725236 48.31270690
885.35166794 48.00101859
885.35166794 42.70231729
886.59842119 35.84517443
890.96205755 38.33868093
897.81920041 36.15686275
892.83218742 46.75426534
907.16984976 46.75426534
916.20881080 47.37764197
917.14387573 42.70231729
918.70231729 30.85816145
877.87114846 48.93608352
888.78023937 51.11790171
988.52049911 48.93608352
982.59842119 49.55946015
978.54647313 42.70231729
967.94907054 45.81920041
957.03997963 37.40361599
946.44257703 45.50751210
940.20881080 46.13088872
938.65036924 42.39062898
933.35166794 48.00101859
933.03997963 35.84517443
946.44257703 23.06595365
960.78023937 23.06595365
968.26075885 22.75426534
966.70231729 20.57244716
963.89712249 19.63738223
975.42959002 24.93608352
976.67634326 19.63738223
981.66335625 23.68933028
982.28673287 19.63738223
985.09192768 21.50751210
992.26075885 21.81920041
996.93608352 24.93608352
991.63738223 17.76725236
1003.79322638 25.87114846
1003.16984976 39.27374586
1000.36465495 46.13088872
982.28673287 29.61140820
1010.33868093 14.33868093
1013.14387573 17.14387573
1013.45556404 12.78023937
1011.58543417 11.22179781
1016.72829132 14.41660300
1018.28673287 11.61140820
1022.02699262 13.94907054
1021.55946015 18.00101859
1018.75426534 17.37764197
1023.74127833 14.72829132
1017.50751210 40.44257703
1022.96205755 41.68933028
918.23478482 73.79322638
83.89712249 62.02699262
151.80903666 99.04649485
200.50468883 102.04315037
184.34415371 123.34080923
219.87592629 151.80903666
991.08662863 35.79565873
942.39097646 68.33077579
929.86923733 69.61505673
1003.44783264 14.09666208
915.42107679 182.73880254
995.04649485 225.97626074
