47.11790171 495.74127833
154.33868093 544.36465495
509.66335625 391.01400560
438.59842119 344.88413547
484.72829132 308.72829132
462.28673287 301.24777184
717.87114846 296.26075885
795.16984976 313.71530430
866.23478482 323.68933028
322.65036924 302.49452508
260.31270690 293.76725236
259.06595365 245.14387573
199.22179781 247.63738223
423.63738223 212.72829132
469.76725236 215.22179781
476.00101859 189.03997963
427.37764197 180.31270690
563.27374586 195.27374586
109.45556404 216.46855106
34.65036924 221.45556404
828.83218742 208.98803158
918.59842119 223.94907054
787.68933028 169.09192768
675.48153807 151.63738223
898.65036924 117.97504456
876.20881080 121.71530430
931.06595365 112.98803158
989.66335625 134.18283677
994.65036924 164.10491469
1017.09192768 114.23478482
600.67634326 116.72829132
672.98803158 120.46855106
694.18283677 116.72829132
650.54647313 90.54647313
457.29971989 146.65036924
381.24777184 171.58543417
372.52049911 151.63738223
376.26075885 131.68933028
423.63738223 117.97504456
472.26075885 105.50751210
456.05296664 99.27374586
498.44257703 120.46855106
549.55946015 94.28673287
572.00101859 95.53348612
32.15686275 184.05296664
4.72829132 182.80621339
111.94907054 184.05296664
114.44257703 169.09192768
10.28774485 11.50059693
16.70872647 14.49705502
20.56131544 17.49351311
25.69810073 15.35318590
46.24524190 9.36026973
51.81009263 4.65154988
59.51527057 11.50059693
62.93979410 4.22348444
71.92916836 8.50413885
63.79592498 17.49351311
65.08012130 11.92866237
88.19565512 7.64800796
90.76404777 2.51122267
95.47276762 16.63738223
116.44797423 5.50768076
125.00928305 5.50768076
119.44443232 14.49705502
133.57059187 18.34964399
126.29347938 17.92157855
107.45859997 20.48997120
129.71800290 30.33547634
10.71581029 20.91803664
9.85967941 39.32485060
1.72643603 38.89678516
9.43161397 52.59487927
0.87030515 48.31422486
25.69810073 46.60196310
31.69101690 38.46871972
38.11199852 35.90032707
49.66976543 40.60904692
44.96104558 40.18098148
39.39619484 53.87907560
62.93979410 44.88970134
61.65559778 50.02648663
73.64143013 71.00169324
44.96104558 88.98044176
35.11554043 95.82948882
6.00709044 89.40850720
39.82426028 112.52404102
94.18857130 123.22567705
136.99511540 119.37308808
111.73925438 99.25401235
127.14961026 103.53466676
196.06814627 132.21505131
181.51392127 113.80823734
155.40192937 100.11014323
113.87958158 83.41559103
103.17794556 98.82594691
103.60601100 69.28943148
119.01636688 70.14556236
140.84770437 76.13847853
246.57986831 98.82594691
231.59757787 94.97335794
218.32754920 94.54529250
179.37359407 79.13493662
168.24389260 65.43684251
154.54579848 67.57716971
143.84416246 61.58425354
91.62017865 38.46871972
97.18502938 41.89324325
102.74988012 38.04065428
110.02699262 37.18452340
124.58121761 41.89324325
132.28639555 43.60550501
119.87249776 37.18452340
112.59538526 62.86844986
202.48912788 67.57716971
173.80874333 68.00523515
212.33463303 63.29651530
227.31692346 60.30005721
237.16242861 63.29651530
239.73082125 56.44746824
253.42891537 50.45455207
272.26379477 58.15973001
231.16951243 23.48642928
236.73436317 19.20577487
243.58341022 31.19160722
263.27442051 20.91803664
258.99376610 31.19160722
258.99376610 19.63384031
257.70956978 10.64446605
269.26733669 11.50059693
273.97605654 20.48997120
286.38995433 54.30714104
314.64227344 67.57716971
344.17878887 73.57008589
346.74718152 62.86844986
315.49840432 58.58779545
299.65998300 31.19160722
285.53382345 26.48288737
303.51257197 26.48288737
306.50903006 22.20223296
296.66352491 19.63384031
326.20004035 28.19514913
339.47006902 20.91803664
329.62456388 17.49351311
348.88750872 4.22348444
319.77905873 10.64446605
312.93001167 4.65154988
285.53382345 18.34964399
278.55406295 3.05541225
364.59521660 20.14159879
368.56165276 8.24229030
358.49300712 5.19118557
366.73098992 75.97681552
382.29162409 78.11258884
370.08720513 97.94476964
393.58071162 0.91963893
404.25957821 5.19118557
400.90336300 2.44519130
382.90184504 36.00734343
389.91938594 33.56645964
403.34424679 37.53289580
395.41137447 42.71977386
398.46247921 31.12557585
415.54866575 33.87157012
418.29466001 6.41162746
433.85529418 31.12557585
427.75308470 50.04242523
439.65239319 26.85402921
423.45876863 1.09724055
430.44443232 1.09724055
439.04217224 5.39611051
452.20746150 1.63459929
463.49199515 0.82856118
457.58104895 6.73950737
461.61123954 8.35158361
445.49047718 5.93346926
458.11840769 25.54706345
456.50633146 29.84593341
465.10407138 29.03989530
463.22331577 46.77273389
480.68747499 25.54706345
487.67313868 33.07008589
492.77804676 34.68216212
469.94030009 61.55009938
479.07539875 65.04293122
506.74937413 65.31161059
507.01805350 38.44367334
512.92899970 42.47386393
516.42183154 30.38329216
521.25806025 18.83007914
518.83994590 9.15762173
532.00523515 15.87460604
538.18486072 19.63611726
532.54259390 27.69649843
529.58712080 21.78555224
530.66183829 46.50405451
565.59015672 48.38481012
550.00675311 39.24971145
574.45657602 43.01122267
590.57733837 38.98103208
571.50110292 23.93498722
547.05128002 13.18781232
554.30562308 16.68064416
572.57582041 15.06856792
578.48676661 17.75536165
584.39771280 10.23233922
591.10305941 3.16242861
595.11048056 3.96391284
598.71715959 5.96762341
625.56688130 2.36094438
620.75797592 5.96762341
597.11419113 11.17727091
608.73571247 13.58172360
614.74684419 10.77652879
609.13645458 7.97133399
620.35723380 12.37949725
634.78394994 8.37207610
634.38320783 2.76168649
642.79879224 3.16242861
650.01215031 1.15871803
607.93422824 20.79508167
619.95649169 19.99359744
647.60769762 20.79508167
639.99359744 11.57801302
612.34239150 36.82476627
631.57801302 37.62625050
613.94535996 47.64480338
641.59656590 45.24035069
656.42402416 52.85445087
664.03812434 53.65593510
665.64109280 19.19211321
652.01586089 55.25890356
680.86929317 2.36094438
672.85445087 16.38691840
653.21808723 11.57801302
684.47597221 61.67077740
693.69304085 12.37949725
615.94907054 5.16613918
601.52235440 13.98246571
557.03997963 8.37207610
707.31827276 3.96391284
706.91753065 16.38691840
721.34424679 9.57430245
717.33682564 36.02328204
736.57244716 24.00101859
741.78209466 2.36094438
755.40631459 62.76143350
754.69287219 45.99553706
777.52302905 48.49258546
795.35908909 56.69717308
809.62793713 43.49848865
750.41221778 6.04276256
757.18992060 5.32932016
748.98533298 11.03685937
748.62861178 17.10111979
737.92697575 13.53390778
729.36566693 2.83227175
730.79255173 6.04276256
722.94468531 1.40538695
716.16698250 1.40538695
764.68106581 5.32932016
770.74532623 1.40538695
775.73942304 4.61587776
781.44696226 3.54571415
791.07843468 1.04866575
784.65745306 16.38767739
773.24237464 12.82046538
792.14859828 14.96079258
822.11317916 12.46374418
830.31776678 7.11292616
857.42857804 2.11882935
860.28234765 16.03095618
836.02530599 32.79685263
860.99579005 65.97192431
1019.11317916 50.00827108
992.09344564 49.46787641
1021.81515251 29.20307627
997.22719501 31.90504962
996.68680034 23.52893223
1002.90133905 18.66538020
1011.81785111 8.39788147
1003.71193105 12.18064416
998.84837902 1.91314542
978.31338155 3.53432943
984.52792026 1.91314542
974.53061886 8.39788147
972.09884284 2.72373743
962.10154144 11.64024949
957.50818675 5.42571078
945.88970134 5.42571078
947.78108268 9.47867081
954.26581872 38.93018034
949.67246403 51.35925775
941.29634664 29.20307627
930.48845323 11.09985482
912.38523178 14.34222284
911.57463977 7.85748680
901.03694370 6.50650012
888.87806362 29.20307627
895.63299700 37.57919366
880.23174890 38.93018034
880.77214357 28.12228693
881.85293291 4.61511877
875.09799953 3.53432943
874.28740752 26.23090559
1010.73706177 1.91314542
852.13122604 3.53432943
891.30983964 2.72373743
967.25418101 0.62743114
895.17727091 8.88135254
85.77559184 5.34749820
130.08328415 69.82910355
105.46789953 48.42442127
228.54482261 32.79900321
291.36756509 56.50468883
558.39097646 22.79231425
564.17024067 17.54816709
566.84582596 9.52141124
