3.94945534 469.96427015
919.86056645 584.69019608
722.64575163 353.34204793
794.70501089 254.73464052
866.76427015 219.65315904
815.56427015 156.12723312
371.83093682 180.77908497
251.41612200 168.45315904
204.95686275 154.23093682
12.48278867 92.36427015
20.54204793 71.50501089
70.31982571 107.53464052
43.53464052 59.06056645
84.18649237 18.26056645
100.83834423 16.18649237
111.44575163 8.48278867
78.02352941 12.09760349
54.91241830 12.69019608
840.21612200 107.06056645
872.92723312 92.36427015
858.82352941 18.94204793
126.81420540 12.13688273
133.75126834 2.47054906
691.94507453 46.38263697
623.40561399 49.96305655
565.60741220 43.31370590
521.10791170 43.82519441
442.33868093 45.26375585
360.88413547 1.34567393
173.55146814 6.99802159
324.95206754 2.90611349
339.78523437 1.88313647
496.81220740 6.99802159
669.69532428 5.65536424
691.17784177 2.58643317
56.87927077 1.12007345
