157.22108293 416.30365174
276.12016550 386.35869761
285.80823889 246.32200036
318.39539486 263.05594531
172.19355999 136.23025724
164.26695449 108.92750495
189.80823889 112.45044073
213.58805541 108.92750495
22.46878935 190.83576183
13.66144990 157.36787192
3.09264256 191.71649577
38.32200036 73.69814715
210.06511963 80.74401871
314.87245908 75.45961504
359.78989027 73.69814715
397.66144990 90.43209210
409.99172513 116.85411045
446.10181687 151.20273430
495.42291779 145.91833064
561.47796366 81.62475265
584.37704623 111.56970678
582.61557834 319.42291779
706.79906458 258.65227559
719.12933981 429.51466091
841.55135816 330.87245908
858.28530311 258.65227559
808.08346825 227.82658752
877.66144990 153.84493614
916.41374348 152.08346825
891.75319302 101.88163339
949.00089944 77.22108293
908.48713797 93.95502788
932.26695449 293.00089944
1021.22108293 294.76236733
816.89080770 737.77154164
69.88163339 46.17521137
246.90915632 53.22108293
275.53300953 44.85411045
67.60640403 16.72567008
61.11099119 13.97337651
55.49631229 20.57888109
34.46878935 11.33117467
25.22108293 16.50548660
128.04677100 23.22108293
117.03759669 38.30365174
107.34952330 18.81741320
93.03759669 12.10181687
82.68897284 16.72567008
124.74401871 11.00089944
111.68897284 5.86787192
149.75319302 13.20273430
161.20273430 14.52383522
174.96420219 76.61557834
175.49631229 11.44126641
198.72567008 13.20273430
218.10181687 15.18438568
228.34034898 12.10181687
237.03759669 10.34034898
264.67062421 14.08346825
274.90915632 26.30365174
284.37704623 21.67979852
207.25778018 6.67979852
183.12016550 3.44585357
305.84493614 21.92750495
306.06511963 40.14768843
353.34952330 19.36787192
379.00089944 25.97337651
397.60640403 28.61557834
404.21190862 9.01924807
444.94585357 17.05594531
479.62475265 22.23025724
387.17521137 6.11557834
428.21190862 1.36099119
537.47796366 28.23025724
504.89080770 25.58805541
550.24860586 29.33117467
661.22108293 70.28530311
630.17521137 39.01924807
613.88163339 57.51466091
600.23025724 21.84493614
654.17521137 38.13851412
676.63392697 22.50548660
707.67979852 30.43209210
718.46878935 65.00089944
736.30365174 38.57888109
717.36787192 18.10181687
760.30365174 30.21190862
754.13851412 67.86328476
793.99172513 32.85411045
936.70732146 17.82658752
955.20273430 43.03759669
970.72567008 33.78989027
971.93667926 14.74401871
813.58805541 50.41374348
847.27612880 20.35869761
854.76236733 9.01924807
888.12016550 10.56053247
837.91833064 99.51466091
165.14768843 29.44126641
239.12933981 5.66144990
255.42291779 6.10181687
219.75319302 3.89998201
283.16603706 5.22108293
310.90915632 3.01924807
497.62475265 8.74401871
639.86328476 12.04677100
801.91833064 5.88163339
530.99298315 121.30736442
