114.94585357 633.84493614
154.57888109 392.52383522
84.12016550 419.82658752
51.53300953 411.89998201
13.66144990 401.33117467
32.15686275 340.56053247
11.89998201 342.32200036
89.40456917 343.20273430
91.16603706 361.69814715
158.98255082 343.20273430
166.02842238 327.34952330
192.45044073 315.01924807
222.39539486 327.34952330
256.74401871 344.96420219
256.74401871 326.46878935
11.89998201 290.35869761
152.81741320 280.67062421
296.37704623 293.00089944
299.89998201 285.07429394
304.30365174 278.90915632
308.70732146 278.02842238
364.19355999 253.36787192
372.12016550 290.35869761
363.31282605 280.67062421
350.10181687 291.23943155
347.45961504 324.70732146
328.08346825 324.70732146
379.16603706 344.96420219
447.86328476 286.83576183
472.52383522 289.47796366
468.12016550 274.50548660
479.56970678 284.19355999
483.97337651 284.19355999
490.13851412 276.26695449
528.89080770 274.50548660
561.47796366 270.98255082
572.92750495 285.07429394
579.09264256 270.98255082
520.08346825 391.64310128
606.39539486 293.88163339
601.11099119 270.98255082
805.44126641 320.30365174
616.96420219 256.01007375
608.15686275 253.36787192
621.36787192 264.81741320
635.45961504 263.05594531
632.81741320 246.32200036
704.15686275 237.51466091
683.01924807 269.22108293
702.39539486 286.83576183
733.22108293 268.34034898
764.92750495 260.41374348
793.11099119 258.65227559
817.77154164 258.65227559
816.89080770 240.15686275
797.51466091 240.15686275
766.68897284 240.15686275
763.16603706 228.70732146
757.00089944 228.70732146
875.89998201 283.31282605
858.28530311 274.50548660
998.32200036 264.81741320
905.55135816 228.04677100
890.57888109 225.40456917
884.85411045 239.93667926
868.56053247 226.28530311
836.85411045 227.16603706
828.04677100 237.73484440
855.78989027 202.94585357
947.38622054 208.67062421
953.55135816 210.87245908
968.52383522 210.87245908
975.56970678 211.75319302
957.95502788 240.37704623
950.90915632 240.81741320
924.92750495 242.13851412
782.24860586 228.48713797
911.71649577 203.82658752
899.38622054 208.23025724
898.06511963 219.23943155
924.48713797 195.45961504
971.16603706 196.34034898
837.73484440 208.23025724
808.67062421 238.17521137
38.90211749 325.46355605
47.08593367 333.64737224
73.68333627 343.87714247
46.83018942 304.49252708
45.29572388 299.37764197
56.29272688 290.93808153
66.01100860 294.00701260
78.28673287 292.21680281
83.40161799 288.12489471
90.30671289 287.10191769
96.70031929 291.19382578
119.20581379 286.33468492
138.38663297 278.66235725
148.10491469 341.31969991
160.12489471 328.27674286
183.90911050 316.25676284
93.37564396 283.96905056
321.88313647 375.71730231
332.11290670 381.85516444
358.19882079 290.42659301
393.49152808 284.03298662
404.48853108 286.33468492
456.14887074 284.03298662
273.54747214 342.85416544
289.65936025 332.11290670
539.52149811 381.72729232
631.33368592 239.27774187
675.32169791 261.01600360
712.02099861 242.92209751
718.15886075 231.15786175
696.16485475 243.30571389
698.72229731 236.91210750
738.87414546 267.98503457
724.29672288 275.40161799
752.55646314 266.45056904
759.58943018 266.32269691
845.13588372 209.35566394
791.94107853 222.39862099
883.88113847 195.41760201
894.49452508 188.51250710
909.58343617 188.51250710
923.52149811 180.71230730
902.42259701 186.33868093
905.61940021 186.08293667
917.38363597 186.59442518
1022.87814147 262.23078882
