215.48322469 36.03390778
235.77231223 32.56991722
267.93793881 22.17794556
296.14471904 6.83741596
320.39265293 50.38472579
336.22803832 67.20982277
387.69304085 55.33328373
258.53567873 54.83842793
394.62102196 17.72424342
400.55929149 13.76539707
422.82780220 9.80655072
435.19919703 12.28082969
471.81852576 13.27054127
475.28251631 3.86828120
491.11790171 6.34256016
489.13847853 36.52876357
475.77737211 26.13679191
415.40496529 23.66251294
367.40395332 92.94232404
368.39366490 83.04520817
307.52640230 121.64396006
294.16529587 141.43819181
269.91736199 160.24271196
240.72087017 165.68612569
313.95952761 155.29415403
362.45539538 133.52049911
393.63131038 143.91247077
413.92039791 130.05650855
449.55001505 119.16968110
484.18992060 136.98448966
497.55102702 139.45876863
449.55001505 141.43819181
562.87199177 141.93304760
570.78968447 223.08939774
568.81026129 190.42891537
529.22179781 187.95463640
615.82156168 161.23242355
487.65391115 222.59454195
513.88126821 260.20358226
549.51088535 284.94637194
411.94097474 297.31776678
258.53567873 259.21387067
213.00894573 87.00405451
182.58762679 106.75426534
69.06831493 176.89627917
40.45775666 184.27964905
141.05617123 173.20459423
120.75190407 257.19042658
29.38270184 318.10322807
181.66470555 354.09715622
213.96694876 387.32232066
271.18806531 391.01400560
388.39906210 328.25536165
520.37679865 348.55962881
615.43768582 522.99174215
697.57767570 307.02817325
631.12734681 165.82122436
637.58779545 151.05448460
664.35251125 109.52302905
741.87789496 87.37291942
711.42149422 131.67313868
702.19228187 197.20054633
684.65677841 206.42975868
715.11317916 213.81312856
751.10710731 151.97740584
431.77636013 462.07894067
196.43144531 501.76455376
148.43954111 560.83151277
58.91618135 435.31422486
98.23478482 640.36465495
230.39062898 690.23478482
295.22179781 605.45556404
760.13561127 124.46559946
875.49924763 63.53761835
892.47917679 65.53525708
955.90420631 105.48803158
970.88649675 103.49039285
995.35757113 159.42427715
919.94670926 227.84340348
867.50869273 159.42427715
855.52286038 133.95438341
810.57598907 192.38531611
793.09665023 200.87528069
247.38094301 32.15686275
264.93278248 48.85251492
243.95619385 58.91271559
