689.17319668 612.74488452
747.71403153 533.29660866
816.01167218 509.60150884
913.57973026 512.38916765
983.27120031 543.05341447
868.97718942 658.74125476
80.06974841 367.43090993
85.64506601 333.97900431
119.09697164 299.13326928
346.29116402 343.73581011
376.95541084 318.64688089
308.65777019 310.28390449
300.29479378 286.58880467
346.29116402 257.31838725
347.68499342 225.26031102
351.86648162 208.53435821
516.33835095 347.91729832
612.51257962 274.04434006
591.60513861 200.17138180
644.57065585 195.98989360
538.63962137 159.75032917
510.76303334 144.41820576
648.75214405 127.69225294
644.57065585 108.17864133
708.68680830 73.33290630
737.95722572 105.39098253
722.62510231 137.44905875
802.07337817 129.08608235
820.19316039 193.20223480
1006.96630013 158.35649977
924.73036547 141.63054696
947.03163588 113.75395893
954.00078289 92.84651792
923.33653607 83.08971211
906.61058325 90.05885912
850.85740721 120.72310594
198.31294260 183.79388634
249.18771574 169.15867763
256.15686275 100.16412227
277.76121846 94.58880467
274.97355966 78.55976656
303.54706238 95.28571937
334.21130921 79.95359596
348.14960322 74.37827835
343.96811501 113.40550158
377.42002064 113.40550158
410.87192627 152.43272481
417.14415857 130.13145440
440.14234369 117.58698979
431.08245258 89.71040177
412.96267037 108.52709868
400.41820576 88.31657236
406.69043806 73.68136365
389.26757055 76.46902245
400.41820576 36.74488452
392.05522935 29.77573752
481.26031102 122.46539269
463.14052881 79.25668126
474.29116402 68.80296075
445.71766129 52.77392264
414.35649977 25.59424931
426.90096438 20.01893171
415.75032917 12.35287000
398.32746166 12.35287000
202.49443080 116.19316039
235.94633643 79.95359596
215.73581011 37.44179922
192.04071030 45.10786093
184.37464859 88.31657236
24.31657236 3.81566492
108.64325113 4.51257962
88.08426746 3.81566492
80.76666311 7.64869578
92.61421302 11.13326928
172.41094623 2.77029287
160.56339632 9.39098253
198.54524750 26.11693534
196.80296075 16.01167218
187.39461229 35.17682645
163.00259777 44.58517490
205.51439451 60.26575567
229.90640902 62.35649977
221.54343262 59.22038362
454.08063770 10.43635458
462.79207146 5.20949432
477.77573752 19.84470304
489.27483008 16.01167218
492.41094623 31.34379559
496.24397708 45.63054696
473.59424931 44.23671755
506.34924024 14.96630013
496.94089178 12.52709868
493.10786093 0.67954877
503.21312409 3.11875022
511.92455784 59.91729832
493.10786093 71.41639088
553.04252518 60.26575567
572.90459414 56.43272481
543.28571937 34.47991175
534.92274296 25.07156329
516.45450340 21.58698979
522.02982100 2.07337817
536.31657236 2.07337817
549.90640902 11.83018398
559.31475748 4.51257962
585.79751610 5.55795167
609.49261592 20.19316039
566.63236184 27.51076474
577.78299705 18.79933098
561.40550158 16.01167218
609.49261592 41.79751610
628.65777019 38.66139995
618.55250703 81.52165403
645.38372300 79.08245258
676.74488452 43.19134550
674.65414042 33.43453970
662.80659051 30.29842354
684.75940358 6.25486637
699.39461229 16.01167218
715.42365040 8.69406783
709.49987545 44.58517490
743.64869578 39.70677200
749.92092808 14.26938543
775.35831465 4.16412227
799.05341447 1.72492082
806.37101882 19.14778833
798.35649977 22.63236184
818.56702608 12.52709868
825.18771574 50.85740721
812.64325113 82.21856873
799.75032917 81.17319668
781.97900431 47.37283371
878.85014768 50.50894986
880.94089178 32.38916765
868.04796982 22.28390449
894.87918579 11.48172663
903.24216220 59.56884097
97.12007345 3.68863532
406.63177913 21.66856843
372.38428749 34.93947144
738.19030756 168.61171224
927.83579251 178.45786609
