27.16984976 642.85816145
141.87114846 543.11790171
242.85816145 544.36465495
200.46855106 644.10491469
205.45556404 737.61140820
116.93608352 655.32569391
100.72829132 624.15686275
384.98803158 659.06595365
477.24777184 632.88413547
388.72829132 580.52049911
322.65036924 568.05296664
331.37764197 526.91010950
328.88413547 490.75426534
361.29971989 473.29971989
418.65036924 463.32569391
433.61140820 499.48153807
495.94907054 478.28673287
488.46855106 452.10491469
409.92309651 434.65036924
320.15686275 408.46855106
363.79322638 388.52049911
358.80621339 364.83218742
411.16984976 405.97504456
462.28673287 391.01400560
446.07894067 373.55946015
798.91010950 654.07894067
969.71530430 278.80621339
964.72829132 341.14387573
938.54647313 322.44257703
957.24777184 247.63738223
1008.36465495 18.23478482
967.22179781 55.63738223
965.97504456 73.09192768
987.16984976 95.53348612
1007.11790171 96.78023937
1023.32569391 151.63738223
958.49452508 100.52049911
286.67668059 312.36381164
337.08821711 276.88902669
377.04402753 263.81936907
354.26548140 267.18013817
362.85411355 255.23073692
406.17069307 273.52825758
406.17069307 263.07253149
334.84770437 301.90808555
374.43009601 330.28791351
396.08838577 316.09799953
477.86710056 367.62979241
482.72154482 335.51577656
518.19632977 341.11705839
544.70906379 335.51577656
434.92393982 252.61680540
547.69641410 254.48389934
376.29718995 246.82881417
406.91753065 225.91736199
415.87958158 234.13257534
425.58847010 228.90471230
427.08214525 218.44898621
446.49992228 223.67684925
468.90504962 209.48693527
456.95564838 199.03120918
480.85445087 176.62608184
453.96829806 189.32232066
471.89239994 226.66419956
484.58863876 204.25907222
495.79120243 184.09445762
510.72795399 163.92984301
533.13308133 197.53753402
556.28504625 184.84129520
554.04453352 239.36043839
559.27239656 305.08214525
598.85478820 154.22095450
689.22213514 138.53736536
644.41188045 223.67684925
636.94350467 245.33513901
663.08281990 234.87941292
692.95632303 299.85428221
946.64362274 11.28656421
931.01468025 7.02412535
921.06898958 2.76168649
901.17760823 11.76016853
925.33142844 44.43886646
931.96188889 65.27745644
911.12329891 111.21707526
901.17760823 124.47799616
953.27408319 139.15973001
957.53652205 195.51864382
932.43549321 198.83387405
849.08113328 29.75713261
824.45370876 26.91550670
835.82021238 56.27897440
839.60904692 67.64547803
851.44915487 97.48255004
897.86237801 69.06629098
839.13544261 115.95311844
825.40091739 105.06021913
808.35116195 146.73739909
804.56232741 116.42672276
808.82476627 102.69219754
822.55929149 92.27290255
810.71918354 86.11604642
803.14151446 41.12363623
771.41002517 29.28352829
786.09175902 51.06932690
788.45978061 66.22466507
781.35571584 80.90639892
770.46281653 94.64092414
759.56991722 106.00742776
749.62422655 119.74195298
729.25924089 151.94704659
788.45978061 268.45370876
710.31506818 242.40547128
690.42368683 121.16276593
697.05414728 114.05870117
644.01046369 100.79778027
652.53534141 91.32569391
658.69219754 81.38000324
667.21707526 63.38303917
687.10845661 51.06932690
709.84146386 52.49013986
713.15669408 43.49165782
742.52016178 38.28201032
747.72980928 44.43886646
755.30747836 45.38607509
739.67853588 49.17490963
726.41761498 70.01349961
713.15669408 84.22162915
724.52319771 96.53534141
752.46585246 90.85208960
690.89729115 84.69523347
675.74195298 78.06477302
679.53078752 74.27593847
697.05414728 82.32721188
680.95160047 95.11452846
905.44004709 104.58661481
590.53230548 120.83690997
600.56300206 124.91719332
591.55237632 136.13797254
612.80385212 119.13679191
620.11435979 110.12616617
616.71412367 99.41542237
633.54529250 92.61495011
627.42486747 107.06595365
872.61171224 299.18027412
959.94281592 281.20034101
