241.75395893 636.43998434
432.70858688 636.43998434
277.99352336 414.82110957
166.48717128 414.82110957
889.88463044 580.68680830
913.57973026 195.98989360
860.61421302 222.47265222
820.19316039 296.34561048
778.37827835 294.95178108
960.96992990 12.00441265
835.52528380 30.12419487
824.37464859 39.88100068
770.01530195 51.03163588
757.47083734 99.81566492
735.16956692 83.08971211
704.50532010 152.78118216
678.02256147 209.92818761
559.54706238 225.26031102
574.87918579 70.54524750
528.88281556 10.61058325
494.03708053 12.00441265
310.05159959 5.03526565
466.16049251 102.60332373
413.19497527 105.39098253
453.61602790 239.19860503
353.26031102 250.34924024
301.68862318 232.22945803
300.29479378 129.08608235
250.11693534 83.08971211
244.54161774 49.63780648
167.88100068 6.42909505
180.42546529 45.45631828
177.63780648 95.63417672
212.48354151 119.32927654
167.88100068 187.62691719
155.33653607 144.41820576
116.30931284 56.60695349
95.40187182 34.30568307
71.70677200 6.42909505
21.52891356 159.75032917
22.92274296 138.84288815
31.28571937 198.77755240
78.67591901 248.95541084
50.79933098 308.89007509
317.80234769 29.48127746
364.03646141 29.90937111
402.99298315 23.48796642
402.13679586 3.79565873
951.80903666 3.79565873
