143.48898616 732.61421302
165.79025657 523.53980285
58.46539269 527.72129106
172.75940358 353.49261592
103.06793353 313.07156329
86.34198071 264.28753425
4.10604605 262.89370485
328.86829650 423.18408598
277.29660866 384.15686275
235.48172663 324.22219850
181.12237999 308.89007509
335.83744351 322.82836910
294.02256147 357.67410412
379.04615494 336.76666311
362.32020213 473.36194441
429.22401338 630.86466674
1003.48172663 600.20041991
844.58517490 551.41639088
997.90640902 512.38916765
893.36920394 432.94089178
650.84288815 452.45450340
557.45631828 377.18771574
462.67591901 317.25305149
415.28571937 283.80114587
402.74125476 239.19860503
457.10060140 226.65414042
528.18590086 228.04796982
574.18227109 297.73943988
607.63417672 225.26031102
629.93544714 229.44179922
632.72310594 260.10604605
659.20586456 331.19134550
657.81203516 366.03708053
719.14052881 374.40005694
840.40368670 374.40005694
896.15686275 313.07156329
949.12237999 332.58517490
847.37283371 243.38009324
766.53072844 268.46902245
735.86648162 216.89733461
766.53072844 175.08245258
689.87011138 137.44905875
753.98626383 130.47991175
714.95904060 141.63054696
797.19497527 103.99715313
843.19134550 77.51439451
875.24942173 81.69588271
844.58517490 148.59969396
891.97537454 176.47628198
933.79025657 194.59606420
1010.45087363 229.44179922
911.37283371 161.49261592
968.51983915 132.91911320
1005.45631828 112.01167218
979.67047436 116.89007509
967.82292445 102.25486637
955.97537454 72.98444895
919.73581011 78.55976656
1013.81929469 85.52891356
576.15686275 21.41276111
586.43635458 21.93544714
600.37464859 29.25305149
606.99533824 18.45087363
621.97900431 16.01167218
647.76484823 16.01167218
643.23490267 12.52709868
635.56884097 2.42183552
616.75214405 12.52709868
605.94996619 8.34561048
611.52528380 5.20949432
594.45087363 5.90640902
586.43635458 2.77029287
523.36557418 6.25486637
513.95722572 7.30023843
518.13871392 14.61784278
506.29116402 17.05704423
497.23127291 17.05704423
497.57973026 34.13145440
337.63780648 72.11330558
349.48535639 76.29479378
372.48354151 52.94815131
379.80114587 46.32746166
395.13326928 76.29479378
409.76847799 78.03708053
392.34561048 29.25305149
476.67228924 34.82836910
480.15686275 4.86103697
103.18408598 84.13508416
145.69588271 112.01167218
204.23671755 115.49624569
193.78299705 54.86466674
211.20586456 51.38009324
224.44724387 50.68317853
135.93907690 66.01530195
149.18045621 68.80296075
179.14778833 53.47083734
5.61602790 59.04615494
6.31294260 29.07882282
57.01348706 76.29479378
90.46539269 71.41639088
89.76847799 82.91548343
91.85922209 19.49624569
104.40368670 13.57247073
116.59969396 10.08789723
183.50350521 7.64869578
206.15323298 2.42183552
770.71221665 734.00804242
105.46789953 70.15017378
540.83913699 26.80569218
