163.00259777 635.04615494
383.22764314 589.04978471
530.97355966 590.44361411
773.49987545 752.12782463
898.94452155 439.91003879
1009.05704423 520.75214405
661.99352336 498.45087363
546.30568307 481.72492082
372.07700794 452.45450340
190.87918579 502.63236184
236.87555603 491.48172663
130.94452155 530.50894986
89.12963951 476.14960322
34.77029287 434.33472118
11.07519305 413.42728017
54.28390449 410.63962137
115.61239814 437.12237999
169.97174478 385.55069215
227.11875022 400.88281556
278.69043806 400.88281556
324.68680830 423.18408598
408.31657236 393.91366855
457.10060140 391.12600975
491.94633643 410.63962137
409.71040177 417.60876837
526.79207146 391.12600975
579.75758870 393.91366855
607.63417672 398.09515676
613.20949432 364.64325113
649.44905875 359.06793353
696.83925839 410.63962137
779.07519305 420.39642717
726.10967581 356.28027472
772.10604605 366.03708053
806.95178108 395.30749795
832.04071030 324.22219850
903.12600975 368.82473933
982.57428561 386.94452155
946.33472118 352.09878652
972.81747980 318.64688089
354.30568307 414.82110957
136.86829650 423.88100068
