62.65451533 655.78127589
8.57000829 726.69207401
422.01601767 696.64512566
512.15686275 493.52775476
360.72024303 495.93151063
343.89395195 434.63573598
30.20381110 411.80005523
120.34465617 445.45263739
182.84230875 429.82822425
220.10052472 373.33996134
203.27423364 328.87047777
115.53714444 328.87047777
36.21320077 233.92212096
41.02071251 147.38690969
156.40099420 157.00193317
196.06296603 126.95498481
190.05357636 102.91742613
218.89864678 125.75310688
276.58878763 155.80005523
239.33057167 165.41507871
283.80005523 194.26014913
336.68268434 189.45263739
369.13338857 195.46202706
309.03949185 260.36343552
264.57000829 273.58409279
200.87047777 259.16155758
281.39629936 328.87047777
413.60287213 364.92681580
461.67798951 355.31179232
563.83761392 403.38690969
783.78127589 610.10991439
857.09582988 580.06296603
1007.33057167 495.93151063
925.60287213 325.26484397
1016.94559514 243.53714444
492.92681580 110.12869373
459.27423364 113.73432753
619.12399890 88.49489091
637.15216791 89.69676885
656.38221486 77.67798951
668.40099420 108.92681580
704.45733223 93.30240265
735.70615852 75.27423364
717.67798951 54.84230875
685.22728528 54.84230875
846.27892847 93.30240265
1013.33996134 89.69676885
995.31179232 71.66859983
956.85169843 41.62165148
979.68737918 44.02540735
1003.72493786 44.02540735
688.83291908 30.80475007
741.71554819 25.99723833
673.20850594 25.99723833
593.88456228 35.61226181
340.28831814 101.71554819
334.27892847 92.10052472
301.82822425 89.69676885
276.58878763 75.27423364
250.14747307 58.44794256
206.87986744 58.44794256
215.29301298 51.23667495
473.09582988 97.80944490
508.55122894 100.81413974
428.62634631 40.72024303
419.61226181 33.50897542
376.94559514 20.88925711
349.30240265 19.08644021
353.50897542 12.47611157
333.07705054 16.68268434
321.65921016 17.28362331
314.44794256 11.27423364
286.80475007 13.07705054
275.98784866 11.27423364
256.75780171 14.87986744
265.77188622 35.91273129
239.33057167 33.50897542
231.51836509 11.27423364
214.69207401 16.68268434
16.98315382 34.71085336
27.80005523 28.10052472
14.57939796 50.33526650
45.22728528 37.71554819
74.67329467 36.51367026
79.48080641 51.53714444
72.87047777 44.32587683
84.28831814 35.91273129
86.69207401 61.15216791
98.71085336 59.95028998
112.53244960 57.54653411
137.17094725 48.53244960
155.19911627 48.53244960
167.21789561 48.53244960
175.63104115 41.92212096
117.94090030 25.09582988
101.11460922 27.49958575
77.67798951 11.27423364
98.71085336 11.27423364
117.33996134 13.67798951
167.21789561 17.28362331
181.64043082 10.67329467
91.49958575 49.13338857
673.20850594 12.47611157
615.51836509 16.68268434
765.75310688 13.07705054
957.45263739 16.68268434
140.81620340 3.09792169
162.29872089 5.14387573
331.60141819 5.20781180
385.81920041 2.65036924
586.83418542 9.29971989
597.06395565 6.23078882
668.67234726 3.67334626
686.06295665 4.18483477
886.56645315 3.09792169
737.12007345 15.46121057
703.94281592 24.66522395
809.68194636 15.67525739
818.45786609 11.82241458
752.74549151 11.18027412
748.03646141 17.38763198
