489.06825515 390.84040705
401.57458426 444.30876148
219.29610325 524.51129312
89.27078680 531.80243237
84.41002730 322.78977414
212.00496401 276.61255895
258.18217920 258.38471085
309.22015388 231.65053363
422.23281211 271.75179945
448.96698933 237.72648300
496.35939439 224.35939439
609.37205262 407.85306528
684.71382477 255.95433110
760.05559692 213.42268553
813.52395135 297.27078680
806.23281211 365.32141971
919.24547034 237.72648300
927.75179945 197.62521718
942.33407793 230.43534376
997.01762224 262.03028047
1000.66319186 309.42268553
983.65053363 132.00496401
1003.09357161 112.56192604
995.80243237 59.09357161
972.71382477 55.44800199
949.62521718 62.73914123
956.91635642 12.91635642
988.51129312 25.06825515
995.80243237 16.56192604
864.56192604 118.63787540
884.00496401 101.62521718
904.66319186 88.25812857
896.15686275 42.08091338
909.52395135 46.94167287
880.35939439 10.48597667
843.90369819 1.97964756
832.96698933 53.01762224
854.84040705 55.44800199
820.81509059 44.51129312
774.63787540 36.00496401
741.82774882 49.37205262
726.03028047 45.72648300
693.22015388 37.22015388
676.20749566 49.37205262
651.90369819 29.92901464
667.70116654 33.57458426
732.10622983 71.24547034
769.77711591 74.89103996
775.85306528 62.73914123
481.77711591 122.28344502
512.15686275 87.04293869
534.03028047 104.05559692
9.06825515 208.56192604
12.71382477 142.94167287
44.30876148 152.66319186
17.57458426 87.04293869
60.10622983 67.59990072
63.75179945 49.37205262
55.24547034 32.35939439
71.04293869 27.49863490
55.24547034 8.05559692
72.25812857 8.05559692
90.48597667 44.51129312
117.22015388 36.00496401
124.51129312 23.85306528
98.99230578 18.99230578
102.63787540 36.00496401
156.10622983 36.00496401
175.54926781 23.85306528
196.20749566 23.85306528
180.41002730 4.41002730
224.15686275 50.58724249
179.19483743 67.59990072
158.53660958 100.41002730
117.22015388 106.48597667
71.04293869 108.91635642
88.05559692 132.00496401
169.47331844 122.28344502
194.99230578 151.44800199
231.44800199 151.44800199
248.46066021 125.92901464
281.27078680 114.99230578
310.43534376 121.06825515
327.44800199 151.44800199
287.34673616 149.01762224
383.34673616 164.81509059
395.49863490 151.44800199
423.44800199 123.49863490
352.96698933 70.03028047
363.90369819 40.86572350
234.97580202 37.84481339
239.57891049 23.46009941
248.20973889 21.73393373
287.33616093 25.18626508
258.56673296 19.43237949
266.62217279 17.13082525
335.66879993 46.47564179
292.51465797 51.65413882
297.11776645 74.09429264
278.70533254 89.62978375
320.70869739 70.06657273
343.14885121 15.40465957
369.61672495 21.15854517
365.01361647 13.10310533
399.53693004 14.25388245
408.16775843 17.13082525
432.90946649 5.62305406
436.93718641 24.03548797
442.69107201 33.81709348
455.34962032 23.46009941
421.40169530 1.01994558
229.79730498 7.78076116
234.97580202 4.04073552
271.51297555 4.61612408
296.54237789 0.58840416
319.27022599 5.19151264
308.33784336 8.64384400
312.36556327 6.62998404
327.90105438 2.60226412
337.68265989 3.75304124
280.14380394 69.34733703
115.13867656 1.95495199
563.61255895 32.45433110
589.24547034 43.04926781
611.46066021 45.09990072
599.84040705 18.78344502
685.28344502 34.84673616
586.85306528 19.80876148
576.25812857 20.49230578
552.33407793 13.99863490
514.39736907 31.08724249
504.48597667 4.42901464
524.99230578 5.45433110
515.08091338 1.01129312
710.79231425 25.94950489
689.38763198 1.54816709
674.19030756 0.90602662
703.08662863 24.87927077
792.98629418 30.65853499
804.75886943 33.44114368
838.36422060 43.92943800
827.87592629 45.42776576
740.11672897 38.79231425
709.07993967 43.28729753
751.88930422 79.24716375
755.31405338 111.99632763
836.65184602 92.08997311
849.49465539 113.92274903
194.51137780 7.32743131
190.87258181 16.31739786
195.79565873 16.31739786
