519.23520376 682.62690883
683.21677058 439.60386735
621.87114846 405.39188579
582.94027288 354.66377519
541.64995030 390.05548026
495.64073371 384.15686275
423.67760007 420.72829132
405.98174754 339.32736966
371.76976597 355.84349869
387.10617150 268.54395952
744.56239270 359.38266920
744.56239270 285.06008855
712.70985814 301.57621758
879.05087196 296.85732357
880.23059546 359.38266920
939.21677058 293.31815307
933.31815307 439.60386735
1007.64073371 430.16607933
961.63151712 253.20755399
913.26285353 234.33197795
973.42875215 196.58082588
1000.56239270 226.07391344
637.20755399 267.36423602
262.05548026 307.47483510
207.78819915 273.26285353
198.35041113 275.62230053
180.65455860 276.80202404
152.34119454 275.62230053
139.36423602 288.59925906
118.12921298 268.54395952
98.07391344 269.72368302
69.76054938 276.80202404
26.70064155 213.98174754
32.89418993 219.88036505
35.84349869 225.18912081
20.21216228 221.35501943
21.39188579 229.61308394
14.60847565 235.80663233
19.03243878 244.94948947
18.14764616 265.59465076
31.12460468 265.59465076
78.90340652 270.60847565
69.17068763 235.21677058
67.99096413 228.13842957
74.77437427 229.31815307
80.96792265 231.38266920
87.75133279 240.82045722
60.61769224 234.33197795
53.53935122 228.13842957
151.16147104 266.47944339
182.42414385 265.29971989
189.79741574 256.15686275
162.36884431 230.49787657
208.96792265 256.45179362
185.66838348 257.92644800
136.41492726 275.91723141
312.19372910 273.26285353
280.93105629 260.87575675
318.09234662 193.63151712
359.97253095 200.11999639
379.43796874 197.76054938
385.92644800 214.27667841
361.15225445 247.30893648
353.48405169 246.12921298
346.40571067 251.43796874
328.70985814 256.74672450
367.05087196 265.00478901
376.48865998 246.12921298
384.74672450 242.00018072
407.75133279 237.28128671
426.03704708 247.30893648
439.60386735 249.66838348
467.91723141 256.74672450
456.11999639 222.53474293
480.89418993 224.89418993
490.92183970 224.89418993
431.34580284 205.42875215
438.42414385 202.47944339
417.77898256 210.14764616
419.54856781 206.01861390
431.93566459 198.35041113
439.60386735 191.86193187
453.76054938 193.63151712
454.35041113 206.60847565
470.27667841 204.24902864
473.81584892 195.99096413
467.32736966 195.40110238
487.67760007 198.94027288
494.75594109 191.86193187
507.73289961 194.22137887
503.60386735 203.95409777
520.41492726 208.08313003
539.29050330 231.67760007
553.74211620 226.07391344
555.80663233 210.14764616
572.02783049 208.67299178
581.76054938 220.47022680
602.40571067 204.54395952
581.76054938 192.45179362
567.60386735 186.25824523
561.70524984 189.20755399
554.33197795 185.07852173
549.61308394 198.94027288
531.03243878 196.28589500
532.50709316 187.43796874
525.42875215 184.19372910
526.90340652 193.63151712
515.99096413 186.25824523
538.70064155 185.66838348
586.77437427 183.30893648
622.75594109 201.29971989
623.64073371 214.86654016
413.35501943 192.74672450
721.55778440 212.80202404
735.71446643 198.64534201
767.27207012 192.15686275
778.47944339 193.92644800
783.78819915 206.31354477
788.50709316 186.84810698
805.31815307 198.64534201
802.95870606 189.20755399
818.59004247 207.78819915
830.68220837 195.99096413
821.53935122 184.19372910
825.07852173 175.64073371
835.69603325 176.52552634
849.85271528 175.64073371
872.26746182 188.02783049
874.03704708 175.05087196
894.38727749 182.71907473
854.86654016 197.46561851
904.70985814 175.64073371
896.74672450 172.98635583
822.42414385 171.21677058
837.17068763 160.00939731
829.20755399 162.36884431
810.62690883 166.20294569
802.07391344 166.49787657
799.41953556 172.69142496
799.12460468 162.66377519
801.18912081 159.41953556
794.99557242 161.18912081
782.01861390 167.67760007
771.69603325 167.08773832
763.43796874 166.79280745
752.82045722 190.09234662
752.23059546 171.21677058
747.80663233 171.51170145
742.49787657 169.15225445
745.15225445 164.43336044
733.06008855 194.51630975
726.86654016 172.98635583
730.40571067 172.39649408
713.59465076 171.80663233
710.05548026 173.87114846
705.63151712 194.81124063
705.04165537 203.06930514
706.51630975 210.44257703
693.53935122 203.65916689
688.52552634 204.24902864
932.72829132 168.85732357
937.74211620 168.56239270
933.02322219 155.29050330
987.43796874 158.82967381
967.23520376 167.08773832
955.29050330 165.76054938
956.61769224 147.76976597
964.28589500 145.70524984
964.28589500 141.42875215
934.49787657 159.27207012
1017.96331436 170.92183970
1011.47483510 162.66377519
1020.91262311 152.34119454
1008.23059546 153.52091804
1002.92183970 153.52091804
661.98174754 218.11077980
639.56700099 223.41953556
631.89879823 209.85271528
674.95870606 212.80202404
677.90801482 181.83428210
637.79741574 178.59004247
662.86654016 201.00478901
915.07578166 168.96767356
908.58929518 171.88659247
458.64515706 195.36756509
583.43445472 213.77559184
488.39766542 192.37090957
528.10335104 185.94950489
737.97626074 192.47793298
759.48796642 190.01639452
727.16689619 179.63512361
721.17358515 172.03646141
774.89933766 166.15017378
788.17024067 165.72208014
794.16355171 165.07993967
795.34080923 170.21706341
701.26723064 194.51137780
696.77224736 183.16689619
681.25385271 172.25050823
663.48796642 180.38428749
