71.04531676 361.61283143
122.14512106 346.58347723
84.57173554 209.81635394
102.60696059 167.73416216
1.91028740 181.26058094
15.43670619 76.05510149
45.49541460 80.56390775
161.22144200 47.49932850
99.60108975 122.64609954
129.65979817 154.20774337
153.70676490 179.75764552
221.33885883 233.86332067
192.78308584 293.98073750
272.43866314 248.89267488
407.70285100 269.93377077
425.73807605 274.44257703
416.72046353 367.62457312
503.89071793 309.01009171
532.44649093 372.13337938
433.25275316 732.83788036
609.09619738 227.85157899
712.79874141 343.57760639
460.30559073 224.84570815
385.15881969 170.74003300
518.92007214 121.14316411
616.61087449 124.14903496
628.63435785 64.03161813
684.24296842 64.03161813
697.76938721 74.55216607
714.30167684 64.03161813
875.11576685 388.66566901
860.08641265 103.10793907
852.57173554 79.06097233
870.60696059 15.93768466
923.20970032 9.92594298
942.74786079 53.51107018
933.73024826 76.05510149
1010.37995472 49.00226392
243.88289014 89.58152028
243.88289014 50.50519934
212.32124631 32.46997429
203.30363378 36.97878055
260.41517977 21.94942635
282.95921108 64.03161813
383.65588427 9.92594298
413.71459269 5.41713672
449.78504278 18.94355550
484.35255746 33.97290971
598.57564944 6.92007214
612.10206822 8.42300756
685.74590384 18.94355550
709.79287057 5.41713672
673.72242048 36.97878055
597.07271402 42.99052224
435.94507453 14.92609351
444.12889072 37.94307653
569.95506454 15.94907054
512.15686275 32.82819142
553.07594366 43.56945016
709.59142818 17.99502458
732.09692269 9.81120840
654.35066894 7.18982978
1020.57644316 44.01700261
472.26075885 3.09792169
248.22879082 24.58043917
104.61171224 138.64515706
90.91271559 130.08328415
101.61505673 238.81907010
66.51137780 219.12676241
107.18027412 44.89264870
221.05318382 13.32074234
207.99632763 15.03311693
201.78896977 7.96957178
298.96622729 38.79231425
338.56488950 49.92274903
311.38094301 26.80569218
318.87258181 21.45452161
254.87258181 67.90268214
272.42442127 176.31739786
334.06990622 172.46455505
352.47793298 37.29398649
363.82241458 17.81572562
396.14348482 14.17692963
424.18361860 36.65184602
469.34749820 48.42442127
469.98963866 18.67191291
397.64181258 1.54816709
359.32743131 258.93947144
358.89933766 201.57492295
274.56488950 98.40435438
639.30067545 10.53813365
647.64850154 8.82575907
650.21706341 58.27057512
691.10000656 49.49465539
752.53144468 11.39432094
792.55820054 3.04649485
839.00636107 22.95284937
828.73211358 65.33412027
921.41438783 105.68194636
562.24381927 133.07993967
487.96957178 7.32743131
517.29398649 0.90602662
525.85585940 0.69197980
915.42107679 34.19030756
979.63512361 1.22709686
1008.74549151 1.22709686
