161.22144200 190.27819347
141.68328153 157.21361421
77.05705844 118.13729327
59.02183339 85.07271402
22.95138329 95.59326196
120.64218564 71.54629523
152.20382948 71.54629523
170.23905453 64.03161813
203.30363378 61.02574729
225.84766509 71.54629523
255.90637351 70.04335981
276.94746940 61.02574729
335.56195081 85.07271402
365.62065922 12.93181382
377.64414259 44.49345766
395.67936764 42.99052224
404.69698016 55.01400560
449.78504278 33.97290971
397.18230306 85.07271402
377.64414259 121.14316411
509.90245961 12.93181382
538.45823261 33.97290971
527.93768466 26.45823261
557.99639308 5.41713672
597.07271402 18.94355550
682.74003300 32.46997429
688.75177468 59.52281186
727.82809562 29.46410345
715.80461226 11.42887840
730.83396646 49.00226392
717.30754768 95.59326196
691.75764552 134.66958290
663.20187253 154.20774337
759.38973946 116.63435785
790.95138329 58.01987644
808.98660834 8.42300756
825.51889797 21.94942635
888.64218564 50.50519934
1002.86527762 59.52281186
869.10402517 158.71654963
834.53651049 158.71654963
801.47193124 191.78112889
789.44844787 220.33690188
765.40148114 275.94551245
867.60108975 293.98073750
960.78308584 315.02183339
873.61283143 411.20970032
870.60696059 510.40343809
768.40735198 603.58543417
325.04140286 465.31537547
104.10989601 720.81439699
236.97604356 564.71230730
693.22379581 10.25876085
641.05196764 10.25876085
317.79122838 82.95406554
468.16885076 46.63838123
545.40361599 30.27074886
565.86315645 44.59242718
567.39762199 29.24777184
477.88713248 25.66735226
445.15186774 6.23078882
423.15786175 29.24777184
338.76225735 43.05796165
431.34167793 45.10391569
308.07294666 20.04097863
334.67034926 18.50651309
442.37759853 12.89264870
263.64850154 113.28060856
425.25385271 6.68529084
390.15017378 5.82910355
404.06321726 1.76221392
215.27391960 76.25050823
346.27057512 105.36087612
481.54816709 0.90602662
468.91940455 1.54816709
365.53478917 1.97626074
431.88930422 62.12341793
447.51472228 85.66856843
909.42776576 27.87592629
874.75218047 27.44783264
823.59498984 12.03646141
