335.11790171 690.23478482
467.27374586 634.13088872
761.50751210 637.87114846
764.00101859 526.91010950
788.93608352 452.10491469
603.16984976 314.96205755
513.40361599 362.33868093
532.10491469 425.92309651
462.28673287 362.33868093
449.81920041 317.45556404
408.67634326 270.07894067
500.93608352 267.58543417
318.91010950 366.07894067
261.55946015 353.61140820
281.50751210 322.44257703
214.18283677 301.24777184
49.61140820 280.05296664
69.55946015 273.81920041
226.65036924 238.91010950
249.40361599 222.85816145
259.68933028 216.31270690
241.92309651 207.27374586
267.79322638 150.54647313
343.53348612 182.33868093
358.18283677 155.53348612
527.74127833 227.22179781
483.16984976 172.05296664
500.31270690 160.20881080
537.40361599 126.23478482
571.37764197 171.42959002
586.96205755 166.44257703
592.57244716 214.44257703
653.66335625 185.76725236
641.81920041 136.20881080
625.92309651 127.48153807
419.27374586 150.70231729
434.85816145 150.07894067
449.19582378 119.53348612
431.11790171 218.65036924
408.05296664 239.84517443
396.20881080 201.19582378
380.62439521 188.10491469
714.75426534 111.42959002
745.92309651 233.61140820
772.10491469 233.61140820
807.63738223 179.37764197
790.18283677 164.41660300
740.31270690 155.06595365
735.32569391 127.01400560
745.29971989 125.76725236
760.88413547 110.80621339
782.07894067 133.24777184
819.48153807 135.11790171
813.24777184 96.46855106
828.83218742 80.26075885
820.10491469 74.65036924
821.97504456 60.93608352
811.37764197 68.41660300
918.59842119 326.18283677
962.23478482 318.70231729
994.65036924 353.61140820
1018.33868093 283.79322638
1005.87114846 171.58543417
967.22179781 161.61140820
884.93608352 204.00101859
862.49452508 233.92309651
860.00101859 190.28673287
503.74127833 26.49452508
554.54647313 22.75426534
567.01400560 22.13088872
570.44257703 22.75426534
582.28673287 18.70231729
585.40361599 22.13088872
616.26075885 21.81920041
593.50751210 7.48153807
620.93608352 17.14387573
724.52049911 12.78023937
754.44257703 16.20881080
761.92309651 15.58543417
765.97504456 7.48153807
773.14387573 12.78023937
785.61140820 9.66335625
871.32569391 11.84517443
857.61140820 71.06595365
858.85816145 79.79322638
863.53348612 87.89712249
845.76725236 104.72829132
846.07894067 124.36465495
854.49452508 141.50751210
860.41660300 156.15686275
867.58543417 110.33868093
876.93608352 80.72829132
877.55946015 62.02699262
892.41660300 57.03997963
904.57244716 58.59842119
916.41660300 74.49452508
925.14387573 58.59842119
935.74127833 56.41660300
935.11790171 65.76725236
942.91010950 89.45556404
1000.57244716 104.41660300
1008.36465495 131.84517443
982.18283677 43.32569391
972.83218742 48.93608352
969.71530430 3.11790171
919.84517443 2.18283677
913.29971989 1.24777184
1006.91010950 47.84517443
