978.65855003 636.98925870
989.02525420 495.31096848
924.52131719 490.70354441
903.78790886 376.66979863
900.33234081 266.09162090
827.76541168 253.42120470
775.93189087 290.28059728
796.66529919 375.51794261
675.72041730 340.96226207
597.39420808 360.54381438
475.29747017 422.74403935
485.66417433 331.74741393
428.07137343 308.71029357
337.07474801 314.46957366
782.84302697 210.80253204
782.84302697 171.63942742
800.12086724 131.32446679
754.04662652 118.65405060
815.09499548 58.75753766
755.19848254 69.12424182
744.83177838 42.63155341
751.74291449 24.20185712
798.96901123 10.37958490
812.79128344 12.68329694
968.29184587 28.80928119
998.24010234 40.32784137
918.76203710 16.13886499
697.60568164 208.49882000
666.50556916 261.48419683
643.46844880 231.53594036
596.24235206 223.47294823
589.33121595 196.98025982
625.03875251 163.57643530
635.40545667 109.43920245
649.22772889 96.76878625
665.35371314 91.00950616
720.64280200 92.16136218
673.41670526 48.39083350
650.37958490 34.56856128
686.08712146 19.59443305
661.89814508 8.07587287
707.97238580 24.20185712
717.18723395 4.62030481
623.88689649 72.57980988
593.93864002 73.73166589
565.14223957 109.43920245
574.35708772 145.14673901
553.62367939 155.51344317
486.81603035 152.05787512
489.11974239 138.23560290
521.37171089 120.95776263
561.68667152 70.27609784
570.90151966 49.54268952
572.05337568 31.11299323
580.11636781 9.22772889
546.71254329 38.02412934
536.34583912 28.80928119
522.52356691 18.44257703
520.21985487 28.80928119
504.09387062 32.26484925
490.27159840 28.80928119
487.96788637 19.59443305
496.03087849 10.37958490
455.71591786 43.78340943
490.27159840 46.08712146
500.63830257 62.21310571
523.67542293 55.30196961
481.05675026 71.42795386
463.77890999 77.18723395
430.37508547 69.12424182
437.28622158 59.90939368
434.98250954 33.41670526
441.89364565 21.89814508
384.30084475 21.89814508
385.45270077 62.21310571
386.60455678 88.70579413
357.80815633 76.03537793
353.20073226 59.90939368
353.20073226 43.78340943
358.96001235 14.98700898
335.92289199 5.77216083
308.27834756 27.65742517
345.13774014 91.00950616
363.56743642 117.50219458
370.47857253 109.43920245
440.74178963 103.67992236
446.50106972 116.35033856
377.38970864 158.96901123
414.24910122 201.58768389
361.26372439 196.98025982
244.92626657 125.56518670
216.12986612 120.95776263
180.42232956 119.80590661
225.34471426 163.57643530
246.07812259 190.06912371
210.37058603 186.61355566
254.14111471 271.85090099
225.34471426 248.81378063
195.39645780 324.83627782
119.37396061 319.07699773
182.72604160 240.75078850
138.95551291 198.13211584
181.57418558 182.00613159
62.93301573 203.89139593
74.45157591 266.09162090
9.94763890 229.23222832
14.55506297 176.24685150
34.13661528 116.35033856
64.08487174 119.80590661
111.31096848 119.80590661
132.04437681 110.59105847
104.39983237 95.61693024
114.76653654 84.09837006
79.05899998 78.33908997
3.03650279 95.61693024
12.25135093 82.94651404
98.64055228 50.69454553
87.12199210 41.47969739
106.70354441 28.80928119
143.56293699 82.94651404
121.67767264 72.57980988
174.66304947 29.96113721
186.18160965 11.53144092
182.72604160 48.39083350
165.44820133 67.97238580
185.02975363 74.88352191
186.18160965 92.16136218
218.43357816 96.76878625
250.68554666 10.37958490
289.84865127 26.50556916
261.05225082 44.93526544
293.30421933 44.93526544
864.62480425 8.07587287
963.68442180 183.15798760
660.74628907 305.25472551
507.54943867 205.04325195
475.29747017 225.77666027
483.36046230 108.28734643
82.51456803 182.00613159
104.39983237 162.42457928
6.49207084 63.36496173
174.66304947 100.22435431
159.68892124 91.00950616
212.67429807 43.78340943
229.95213834 11.53144092
525.97913496 71.42795386
291.00050729 77.18723395
598.54606409 39.17598535
621.58318445 43.78340943
614.67204835 14.98700898
650.37958490 9.22772889
890.01900061 5.11190770
911.50151809 3.57744217
965.97504456 17.38763198
667.13788173 32.17284676
697.95506454 13.11989971
704.60441519 9.28373587
676.08893068 8.00501459
700.64037923 39.97304656
651.40961000 21.43158802
757.79922039 5.57544416
591.69332628 3.65736225
583.63738223 3.52949012
628.00901060 8.00501459
565.86315645 9.79522438
568.93208752 17.33967993
567.65336624 24.11690271
592.71630330 43.04197763
592.07694267 58.25876085
618.29072888 34.47454506
484.40861100 5.44757204
513.30771190 50.33068892
446.81420540 49.69132828
438.88613347 5.83118842
216.51650310 75.28173787
196.56845116 70.67834127
204.75226734 63.00601359
215.49352608 66.58643317
234.93008952 59.93708253
248.74027933 55.33368592
264.08493467 69.65536424
248.22879082 106.48253707
208.84417543 106.48253707
346.94607353 10.83418542
294.77424536 4.18483477
155.13788173 37.94307653
36.72829132 94.71830131
36.72829132 84.48853108
69.46355605 67.09792169
131.86515445 70.16685276
107.31370590 64.54047913
248.48453507 39.47754207
307.30571389 3.67334626
318.04697264 3.67334626
843.60141819 9.81120840
824.16485475 2.65036924
790.40661299 5.71930031
766.36665295 7.25376584
716.24077883 20.55246714
123.44783264 165.61505673
20.91940455 62.33746475
73.36087612 99.79565873
50.88595974 97.44114368
152.98629418 49.92274903
167.96957178 59.12676241
193.22709686 83.10000656
19.84917044 97.44114368
5.93612696 125.90937111
76.99967211 67.26054167
96.04983933 89.09331759
146.24381927 53.66856843
138.85920388 47.88930422
193.65519050 28.30401994
190.44448816 40.29064201
237.53478917 12.03646141
251.44783264 26.16355171
264.71873565 30.01639452
278.41773231 10.96622729
240.10335104 29.80234769
233.03980589 29.37425405
310.73880254 86.73880254
307.95619385 59.76890288
307.74214703 49.92274903
319.30067545 76.89264870
333.64181258 53.77559184
330.00301659 67.26054167
364.03646141 45.64181258
346.27057512 28.94616040
340.49131091 24.45117713
276.06321726 55.48796642
255.94281592 62.97960522
246.52475572 62.76555840
272.85251492 68.97291626
396.35753164 35.36756509
399.35418716 21.88261525
414.12341793 21.02642796
406.63177913 53.98963866
414.12341793 35.15351826
401.49465539 73.68194636
412.83913699 70.47124402
372.38428749 77.96288281
449.65519050 79.46121057
437.02642796 89.30736442
467.63512361 100.43779920
414.33746475 126.55151157
394.21706341 119.05987278
409.84248147 151.80903666
423.75552495 152.87927077
130.93947144 100.11672897
449.22709686 303.46121057
25.20034101 74.75218047
265.57492295 103.54147813
350.97960522 51.52810020
325.72208014 37.18696308
290.40435438 11.71539117
316.51806676 14.28395305
345.62843465 235.39432094
319.08662863 329.36087612
784.63846810 19.95619385
785.92274903 37.29398649
782.71204669 62.33746475
783.99632763 90.59164535
695.16689619 62.33746475
602.37759853 3.42107679
593.70870221 12.08997311
603.34080923 13.80234769
589.32074234 31.24716375
530.77893632 42.16355171
539.34080923 51.47458850
567.05987278 45.80234769
477.26723064 42.00301659
492.03646141 92.08997311
541.90937111 96.79900321
448.47793298 17.01305004
458.75218047 20.97291626
468.70535773 8.66522395
294.47124402 120.87927077
288.26388616 97.97626074
331.50134435 115.31405338
306.67191291 194.08328415
264.71873565 85.66856843
209.70870221 57.20034101
157.26723064 181.13345137
282.27057512 51.63512361
394.53813365 1.28060856
423.32743131 24.29064201
432.85251492 45.69532428
