453.14768843 588.04677100
603.75319302 633.84493614
547.38622054 441.84493614
587.01924807 411.89998201
729.69814715 332.63392697
653.07429394 268.34034898
778.13851412 297.40456917
771.97337651 337.91833064
612.56053247 169.69814715
548.26695449 281.55135816
531.53300953 243.67979852
476.92750495 254.24860586
464.59722972 204.04677100
435.53300953 203.16603706
449.62475265 185.55135816
478.68897284 170.57888109
387.97337651 256.01007375
367.71649577 219.01924807
343.93667926 262.17521137
355.38622054 309.73484440
380.04677100 380.19355999
428.48713797 371.38622054
465.47796366 315.01924807
202.13851412 368.74401871
169.55135816 405.73484440
189.80823889 343.20273430
132.56053247 446.24860586
182.76236733 454.17521137
303.42291779 250.72567008
324.56053247 212.85411045
321.91833064 188.19355999
299.89998201 173.22108293
277.00089944 164.41374348
242.65227559 237.51466091
71.78989027 311.49631229
99.09264256 271.86328476
71.78989027 167.05594531
110.54218385 172.34034898
49.77154164 157.36787192
25.99172513 161.77154164
16.30365174 182.02842238
42.72567008 188.19355999
151.05594531 133.58805541
93.80823889 106.28530311
35.67979852 74.57888109
108.63392697 140.85411045
214.32200036 132.48713797
178.21190862 128.08346825
199.78989027 60.26695449
215.64310128 58.50548660
404.56053247 84.04677100
447.27612880 80.08346825
488.23025724 88.01007375
281.69814715 44.85411045
510.61557834 74.46878935
510.61557834 60.37704623
533.73484440 83.49631229
547.38622054 140.52383522
567.86328476 114.54218385
598.24860586 140.96420219
584.59722972 117.62475265
617.18438568 119.82658752
637.66144990 74.24860586
630.17521137 71.16603706
664.30365174 61.25778018
664.52383522 79.31282605
650.65227559 101.33117467
654.39539486 128.85411045
673.55135816 102.43209210
686.76236733 87.01924807
681.03759669 72.26695449
703.71649577 88.56053247
729.25778018 62.13851412
741.14768843 50.02842238
736.30365174 81.95502788
730.57888109 104.41374348
749.73484440 129.29447742
786.72567008 130.39539486
768.89080770 59.71649577
786.50548660 51.12933981
784.30365174 41.88163339
497.18438568 159.89998201
791.67979852 43.14768843
757.33117467 13.75319302
771.42291779 10.89080770
817.88163339 15.73484440
827.56970678 29.38622054
814.02842238 62.08346825
838.90915632 114.54218385
885.36787192 111.45961504
889.33117467 92.96420219
878.10181687 52.67062421
898.35869761 58.61557834
888.45044073 28.67062421
857.18438568 26.24860586
844.41374348 33.51466091
839.67979852 15.51466091
862.24860586 12.87245908
868.52383522 17.16603706
885.25778018 9.34952330
904.30365174 16.28530311
914.54218385 17.49631229
847.16603706 7.50548660
914.81741320 10.97337651
911.07429394 4.86328476
904.19355999 34.89080770
920.15686275 27.18438568
998.32200036 213.73484440
1022.10181687 215.49631229
