14.70231729 504.46855106
269.03997963 490.75426534
322.65036924 382.28673287
340.10491469 641.61140820
509.66335625 432.15686275
598.18283677 553.09192768
953.50751210 186.54647313
1018.33868093 79.32569391
699.16984976 64.36465495
649.29971989 69.35166794
467.27374586 7.01400560
377.50751210 18.23478482
414.91010950 41.92309651
403.68933028 65.61140820
386.23478482 112.98803158
327.63738223 9.50751210
337.61140820 73.09192768
274.02699262 3.27374586
206.70231729 7.01400560
235.37764197 53.14387573
194.23478482 60.62439521
136.88413547 33.19582378
108.20881080 18.23478482
53.35166794 25.71530430
28.41660300 7.01400560
12.20881080 4.52049911
44.62439521 88.05296664
