71.85989987 258.89252079
52.85427557 263.49994486
15.99488299 183.44595161
21.75416308 141.97913496
409.35371314 313.02975363
409.35371314 262.92401685
420.29634531 132.76428682
287.83290324 489.26372439
308.27834756 563.27047354
942.95101348 575.94088974
703.36496173 199.28397186
789.75416308 177.39870751
334.19510796 9.87564790
381.42120470 35.21648029
416.55281325 65.74066477
389.48419683 82.44257703
475.87339818 4.11636781
489.69567039 16.21085600
495.45495048 86.47407309
521.94763890 85.89814508
527.13099098 116.42232956
547.28847129 71.49994486
539.22547917 53.64617658
532.31434306 27.15348817
540.95326320 20.24235206
546.13661528 0.08487174
576.08487174 9.29971989
606.03312821 12.75528794
615.24797636 19.66642405
656.71479300 24.27384812
672.84077726 4.11636781
705.09274576 2.38858378
728.12986612 6.99600785
723.52244205 31.18498423
712.00388187 38.67204835
714.88352191 57.67767264
737.92064227 46.73504047
676.29634531 39.82390436
591.05899998 51.91839255
572.05337568 69.77216083
853.10624407 61.06124970
888.81378063 49.54268952
870.38408434 9.22772889
957.92514171 58.75753766
29.95106854 76.72029931
56.54847114 90.78623337
44.27274686 51.40161799
25.85916045 26.08293667
30.46255705 12.78423537
24.58043917 4.85616344
12.30471489 2.81020940
16.65236724 2.55446514
5.91110850 14.57444516
5.39961999 115.84917044
1008.30071889 602.56245715
384.28473487 68.56845116
408.83618342 528.90811150
888.02308348 365.32074234
440.23713030 245.45452161
816.10335104 115.10000656
840.93278248 93.69532428
111.46121057 522.85920388
356.11672897 25.94950489
369.81572562 19.31405338
354.19030756 15.88930422
348.83913699 2.83244803
369.70870221 3.74214703
414.97960522 24.45117713
434.02977244 24.87927077
395.71539117 2.19030756
418.40435438 4.97291626
462.49799987 12.03646141
479.19365204 38.36422060
754.67191291 22.52475572
836.00970555 17.81572562
