41.84493614 588.92750495
103.49631229 500.85411045
10.13851412 374.02842238
15.42291779 346.72567008
7.49631229 300.92750495
63.86328476 374.90915632
94.68897284 258.65227559
56.81741320 160.01007375
30.39539486 145.03759669
126.39539486 74.57888109
110.54218385 215.49631229
145.77154164 176.74401871
150.17521137 231.34952330
207.42291779 288.59722972
261.14768843 505.25778018
336.01007375 315.89998201
427.60640403 332.63392697
305.18438568 256.01007375
241.77154164 274.50548660
236.48713797 243.67979852
255.86328476 221.66144990
259.38622054 192.59722972
196.85411045 197.00089944
226.79906458 160.89080770
245.29447742 166.17521137
265.55135816 149.44126641
283.16603706 98.35869761
295.49631229 95.71649577
314.87245908 178.50548660
320.15686275 216.37704623
343.05594531 194.35869761
404.70732146 173.22108293
449.62475265 163.53300953
485.73484440 231.34952330
550.90915632 219.01924807
487.49631229 151.20273430
475.16603706 133.58805541
462.83576183 92.19355999
480.45044073 86.90915632
509.51466091 90.43209210
512.15686275 123.01924807
533.29447742 93.95502788
538.57888109 114.21190862
577.33117467 90.43209210
592.30365174 92.19355999
621.36787192 167.93667926
563.23943155 175.86328476
397.66144990 98.35869761
406.46878935 126.54218385
373.00089944 110.68897284
343.05594531 96.59722972
323.67979852 104.52383522
323.67979852 86.02842238
361.55135816 71.93667926
363.31282605 92.19355999
380.04677100 92.19355999
383.56970678 104.52383522
406.46878935 86.02842238
391.49631229 86.02842238
397.66144990 68.41374348
421.44126641 80.74401871
435.53300953 73.69814715
438.17521137 93.07429394
727.05594531 92.19355999
707.67979852 84.26695449
676.85411045 86.02842238
744.67062421 78.10181687
763.16603706 86.90915632
895.27612880 80.74401871
948.12016550 87.78989027
1003.60640403 170.57888109
165.00089944 61.58805541
355.67979852 58.50548660
295.78989027 35.60640403
442.43209210 56.30365174
435.82658752 65.11099119
416.89080770 70.83576183
440.67062421 47.05594531
433.18438568 57.18438568
483.97337651 24.10181687
488.81741320 24.98255082
514.35869761 21.34952330
525.47796366 15.51466091
519.42291779 17.49631229
516.45044073 29.38622054
528.78071596 31.80823889
532.52383522 23.22108293
540.01007375 31.36787192
538.79906458 9.01924807
551.34952330 12.43209210
555.20273430 9.56970678
555.53300953 25.53300953
904.52383522 38.79906458
897.25778018 21.18438568
922.13851412 20.08346825
923.01924807 29.33117467
918.17521137 40.56053247
939.75319302 32.85411045
942.17521137 19.42291779
966.61557834 38.79906458
979.38622054 41.66144990
1004.04677100 41.00089944
988.19355999 18.54218385
1022.54218385 67.86328476
923.11099119 6.67979852
923.78989027 8.79906458
