743.53254333 710.31294260
937.27483008 626.68317853
292.39642717 603.68499342
267.30749795 566.05159959
265.21675385 258.01530195
263.82292445 223.86648162
249.18771574 196.68680830
332.12056510 165.32564677
350.93726202 221.07882282
359.99715313 212.71584641
380.20767944 250.34924024
388.57065585 225.26031102
444.32383189 271.25668126
457.56521120 235.01711683
346.05885912 347.22038362
369.05704423 184.83925839
391.35831465 175.08245258
394.84288815 165.32564677
401.81203516 182.74851429
435.26394079 185.53617309
435.96085549 162.53798797
461.04978471 148.59969396
507.74306964 197.38372300
547.69951247 153.47809686
531.67047436 141.63054696
563.03163588 138.14597345
599.96811501 153.47809686
632.02619124 229.44179922
610.42183552 315.85922209
669.65958507 294.95178108
674.53798797 158.35649977
712.86829650 143.72129106
776.28753425 177.87011138
758.86466674 169.50713498
807.64869578 243.38009324
884.54161774 223.51802427
924.96267037 206.09515676
823.21312409 162.18953062
835.75758870 148.25123661
911.72129106 181.70314224
886.63236184 99.46720757
895.69225294 98.07337817
901.96448525 83.43816946
915.20586456 84.83199886
927.05341447 74.37827835
917.99352336 73.68136365
929.14415857 59.04615494
922.17501157 134.31294260
910.32746166 107.83018398
938.90096438 169.15867763
977.92818761 147.55432191
984.20041991 114.10241628
982.10967581 99.46720757
1013.47083734 81.34742536
1023.22764314 121.07156329
1003.71403153 152.43272481
1014.86466674 171.94633643
998.83562863 280.66502971
961.89914950 267.42365040
193.78299705 112.88281556
210.50894986 108.70132735
213.64506601 105.56521120
200.05522935 104.86829650
186.81385004 90.93000249
189.94996619 82.21856873
206.32746166 86.05159959
212.25123661 89.88463044
216.78118216 80.82473933
211.55432191 80.12782463
230.37101882 111.14052881
259.29297890 106.26212590
264.86829650 103.12600975
274.62510231 96.50532010
280.20041991 82.56702608
289.60876837 108.70132735
295.88100068 128.91185367
312.95541084 77.16593716
327.24216220 78.55976656
304.24397708 103.64869578
310.51620939 110.26938543
319.57610049 118.98081919
331.07519305 124.90459414
358.95178108 131.17682645
368.36012953 123.51076474
407.38735276 140.58517490
419.23490267 135.35831465
406.34198071 118.63236184
377.07156329 104.69406783
379.16230739 95.98263407
369.40550158 91.10423117
365.57247073 85.87737091
338.74125476 99.11875022
340.83199886 90.40731647
342.92274296 70.89370485
361.04252518 83.08971211
365.57247073 70.89370485
358.60332373 68.45450340
386.47991175 73.33290630
380.55613679 59.39461229
361.56521120 50.77029287
362.78481193 40.83925839
366.61784278 39.44542899
367.14052881 35.78662681
375.67773389 35.61239814
374.10967581 42.93000249
376.02619124 54.08063770
370.62510231 50.77029287
365.74669941 48.33109142
388.22219850 57.39098253
391.88100068 49.89914950
387.52528380 48.67954877
385.08608235 46.06611864
381.42728017 50.77029287
389.96448525 38.05159959
382.47265222 41.18771574
378.98807872 35.26394079
400.06974841 66.62510231
400.76666311 59.65595530
399.72129106 52.86103697
396.93363226 46.06611864
398.15323298 40.66502971
399.89551973 38.74851429
403.90277926 37.52891356
407.21312409 35.96085549
397.45631828 36.30931284
394.14597345 38.40005694
407.91003879 47.98263407
411.74306964 42.40731647
419.40913135 48.33109142
422.19679015 42.58154514
419.93181737 40.49080104
413.13689904 54.60332373
415.22764314 62.61784278
401.81203516 85.96448525
404.77392264 81.95722572
424.46176293 67.49624569
425.85559233 61.92092808
431.25668126 64.36012953
435.43816946 69.41276111
434.91548343 79.16956692
435.61239814 85.26757055
427.77210775 50.77029287
429.16593716 44.84651792
432.30205331 42.40731647
429.16593716 34.56702608
443.97537454 54.95178108
438.92274296 51.11875022
440.66502971 44.14960322
436.65777019 34.91548343
444.14960322 33.87011138
454.95178108 44.84651792
450.42183552 49.20223480
448.15686275 43.10423117
446.06611864 47.28571937
449.02800612 46.06611864
450.07337817 87.18408598
453.55795167 74.46539269
454.42909505 69.06430376
455.47446710 61.74669941
460.52709868 65.05704423
467.67047436 70.28390449
476.73036547 91.88826020
492.23671755 90.66865948
476.55613679 66.27664496
488.75214405 63.83744351
467.84470304 60.52709868
480.21493897 47.63417672
475.33653607 33.87011138
463.66321483 47.63417672
468.19316039 31.95359596
479.16956692 33.87011138
483.35105512 35.96085549
485.96448525 37.18045621
487.00985730 39.61965766
489.97174478 41.71040177
493.28208961 38.05159959
486.48717128 32.82473933
485.61602790 29.51439451
493.45631828 28.29479378
500.25123661 29.51439451
432.30205331 10.52346892
436.13508416 16.09878652
430.21130921 17.66684460
447.28571937 8.43272481
455.82292445 8.78118216
456.69406783 5.12237999
420.97718942 16.62147255
407.73581011 17.31838725
404.59969396 16.96992990
398.85014768 17.66684460
505.82655422 30.38553788
508.09152699 27.07519305
500.77392264 38.40005694
502.69043806 38.74851429
506.69769759 37.70314224
509.83381374 37.18045621
518.02256147 38.40005694
513.84107327 51.64143625
508.26575567 44.14960322
509.13689904 56.51983915
501.29660866 56.86829650
492.75940358 50.77029287
490.32020213 48.67954877
498.68317853 63.31475748
499.90277926 75.68499342
513.31838725 75.33653607
517.49987545 66.27664496
513.66684460 58.26212590
520.11330558 53.55795167
525.51439451 41.27483008
517.32564677 19.32201701
523.94633643 24.20041991
529.17319668 27.33653607
534.57428561 35.52528380
527.77936728 30.82110957
541.54343262 25.76847799
540.84651792 41.62328743
534.74851429 47.02437636
529.87011138 48.24397708
529.87011138 55.38735276
528.65051066 59.22038362
537.18771574 66.18953062
532.65777019 81.34742536
538.93000249 65.14415857
533.35468489 65.84107327
536.31657236 93.89188997
548.33835095 74.90096438
550.60332373 60.96267037
554.78481193 53.12237999
554.08789723 40.75214405
547.64143625 39.00985730
546.24760685 45.63054696
557.74669941 41.62328743
560.88281556 47.54706238
562.27664496 58.00078289
566.80659051 81.17319668
575.16956692 78.73399523
581.26757055 89.01348706
591.72129106 90.23308779
588.23671755 74.02982100
583.18408598 62.18227109
575.34379559 63.75032917
580.39642717 52.42546529
579.87374115 46.85014768
573.77573752 47.72129106
575.16956692 35.69951247
576.56339632 30.47265222
583.70677200 31.69225294
583.70677200 22.98081919
587.36557418 38.83562863
581.44179922 38.13871392
591.89551973 46.85014768
591.72129106 39.35831465
596.07700794 41.27483008
599.91003879 53.64506601
596.07700794 62.53072844
611.75758870 53.29660866
608.79570122 46.32746166
613.84833280 40.22945803
618.20404968 36.74488452
615.76484823 33.08608235
601.82655422 36.57065585
601.82655422 30.64688089
600.95541084 77.51439451
614.02256147 70.02256147
624.12782463 70.28390449
622.38553788 61.04978471
626.39279741 50.42183552
625.69588271 43.27845984
625.17319668 35.08971211
627.78662681 20.62873207
631.61965766 81.60876837
641.20223480 70.45813316
649.21675385 71.15504786
654.96630013 64.36012953
659.84470304 53.20949432
648.34561048 51.64143625
638.93726202 40.66502971
636.14960322 27.77210775
652.00441265 24.81022028
652.17864133 28.81747980
657.05704423 23.59061955
664.37464859 23.59061955
647.64869578 34.56702608
651.65595530 38.22582826
661.41276111 39.27120031
655.14052881 43.10423117
671.16956692 41.88463044
669.94996619 32.82473933
674.82836910 29.68862318
675.87374115 23.41639088
680.40368670 24.98444895
681.10060140 18.53798797
683.71403153 34.56702608
690.68317853 28.64325113
695.38735276 27.42365040
693.99352336 42.93000249
690.33472118 39.27120031
678.83562863 47.45994804
686.85014768 43.10423117
676.74488452 59.48172663
672.91185367 69.93544714
684.23671755 57.73943988
698.17501157 48.33109142
701.13689904 43.10423117
708.62873207 25.85559233
707.93181737 16.79570122
711.59061955 17.31838725
724.13508416 46.76303334
718.73399523 56.86829650
712.63599160 45.71766129
702.35649977 84.04796982
732.14960322 82.82836910
733.02074659 38.40005694
729.01348706 22.19679015
733.19497527 19.75758870
739.11875022 20.97718942
737.55069215 48.50532010
752.01167218 76.29479378
753.75395893 59.91729832
762.11693534 47.02437636
754.45087363 48.41820576
789.99352336 67.93181737
808.11330558 83.61239814
812.64325113 70.02256147
802.53798797 98.94452155
811.59787908 113.57973026
819.26394079 111.14052881
773.96448525 102.42909505
830.06611864 78.38553788
849.23127291 76.29479378
893.83381374 57.12963951
899.40913135 30.99533824
863.51802427 15.31475748
871.88100068 14.96630013
553.58743218 122.85016944
533.12789172 122.85016944
513.17983977 131.54547413
444.12889072 140.24077883
419.06595365 102.90211749
351.54947014 115.68933028
515.22579381 93.18383577
531.59342618 108.01700261
545.91510450 102.39062898
572.00101859 110.06295665
605.24777184 103.92509451
618.54647313 88.58043917
226.23478482 87.55746215
225.72329631 102.39062898
895.72876910 440.66522395
195.68863532 84.49131091
176.85251492 89.41438783
181.24047479 92.19699652
192.69197980 97.01305004
199.64850154 95.72876910
269.85585940 486.89933766
346.59164535 71.54147813
346.91271559 78.39097646
365.74883599 78.28395305
372.81238114 74.11004000
376.02308348 77.96288281
358.68529084 97.86923733
364.78562529 103.32743131
344.98629418 101.18696308
403.84917044 44.51806676
405.98963866 43.55485606
425.46789953 37.02642796
455.00636107 34.67191291
431.14014034 74.91271559
416.04983933 87.64850154
415.83579251 76.73211358
424.93278248 84.00970555
429.96288281 93.85585940
428.57157846 103.22040790
399.24716375 113.28060856
382.33746475 126.33746475
514.19030756 82.99298315
482.72542462 74.43111024
488.18361860 78.28395305
406.52475572 56.87927077
438.31070890 117.34749820
470.84582596 109.42776576
493.96288281 126.55151157
517.93612696 103.86254836
411.76890288 165.18696308
489.03980589 272.63846810
334.92609351 227.68863532
310.95284937 173.74883599
300.67860188 149.56154502
292.75886943 150.41773231
141.42776576 691.52810020
940.46455505 125.26723064
789.56154502 511.72876910
690.24381927 357.61505673
614.89933766 211.63512361
574.01639452 216.98629418
604.83913699 211.63512361
544.47793298 167.75552495
899.36756509 219.76890288
785.92274903 181.02642796
759.27391960 74.75218047
780.99967211 55.48796642
766.55151157 55.80903666
879.03311693 68.54482261
703.94281592 60.03646141
928.26388616 25.57492295
645.50803331 43.44783264
597.13345137 50.51137780
569.62843465 38.68529084
610.83244803 35.04649485
628.06321726 32.21037445
590.81907010 34.51137780
