260.79808412 414.20266427
161.13396198 298.41640473
64.40113755 292.55380931
54.14159557 222.20266427
105.43930549 163.57671007
210.96602305 126.93548870
208.03472534 153.31716809
269.59197725 210.47747343
357.53090855 228.06525969
367.79045053 163.57671007
290.11106122 112.27900015
304.76754977 84.43167191
306.23319862 56.58434366
334.08052687 84.43167191
353.13396198 40.46220626
389.77518336 17.01182458
383.91258794 52.18739710
410.29426733 169.43930549
432.27900015 145.98892381
446.93548870 55.11869481
445.46983984 31.66831313
471.85151923 109.34770244
523.14922916 113.74464900
486.50800778 60.98129023
531.94312229 211.94312229
527.54617572 160.64541236
574.44693908 179.69884748
669.71411465 367.30190091
650.66067954 647.24083221
675.57671007 595.94312229
747.39350397 497.74464900
775.24083221 373.16449633
826.53854213 354.11106122
814.81335129 321.86678641
417.25609939 10.04999252
375.48510702 17.37823679
498.59961084 47.42403832
517.65304595 37.89732076
504.46220626 10.04999252
522.78281694 69.40877114
567.48510702 51.08816046
597.53090855 86.99655740
593.86678641 46.69121389
612.18739710 13.71411465
598.26373297 13.71411465
654.69121389 12.98129023
639.30190091 34.23319862
657.62251160 37.89732076
681.07289328 40.82861847
677.40877114 12.24846580
638.56907649 135.36296962
673.01182458 155.88205358
670.08052687 195.45457267
632.70648107 237.95838946
727.24083221 186.66067954
778.53854213 113.37823679
828.37060320 166.14159557
818.11106122 88.46220626
769.74464900 72.34006885
765.34770244 33.50037420
751.42403832 59.14922916
712.58434366 56.21793145
686.93548870 76.73701542
655.42403832 107.51564137
719.91258794 113.37823679
739.69884748 20.30953450
712.58434366 18.84388565
689.86678641 10.04999252
649.56144290 3.45457267
585.80571771 1.25609939
489.07289328 4.92022152
879.91258794 130.23319862
848.40113755 229.89732076
910.69121389 215.97365664
964.18739710 232.82861847
1022.81335129 85.53090855
1015.48510702 53.28663374
985.43930549 49.62251160
961.25609939 48.15686275
924.61487801 25.43930549
900.43167191 21.04235893
888.70648107 29.10342763
877.71411465 54.75228259
851.33243526 7.85151923
965.65304595 4.92022152
