197.29189210 447.28015042
153.70676490 430.74786079
308.50911323 421.73024826
347.58543417 478.84179425
320.53259660 648.67349680
270.93572772 620.11772380
400.18817390 406.70089406
557.99639308 468.32124631
573.02574729 370.63044396
646.66958290 361.61283143
612.10206822 293.98073750
521.92594298 315.02183339
446.77917194 284.96312498
314.52085492 315.02183339
391.17056138 316.52476881
520.42300756 280.45431871
538.45823261 242.88093320
508.39952419 227.85157899
473.83200952 212.82222478
404.69698016 241.37799777
361.11185296 233.86332067
310.01204866 233.86332067
288.97095276 266.92789993
249.89463183 263.92202909
225.84766509 254.90441656
219.83592341 309.01009171
120.64218564 307.50715629
71.04531676 290.97486666
30.46606040 199.29580599
83.06880012 185.76938721
54.51302713 178.25471010
46.99835002 161.72242048
31.96899582 146.69306627
12.43083535 160.21948505
80.06292928 143.68719543
87.57760639 170.74003300
188.27427957 182.76351637
207.81244004 175.24883926
224.34472967 172.24296842
215.32711715 149.69893711
248.39169640 161.72242048
338.56782165 85.07271402
352.09424044 91.08445570
296.48562987 143.68719543
276.94746940 160.21948505
316.02379034 160.21948505
270.93572772 179.75764552
237.87114846 209.81635394
201.80069836 217.33103104
304.00030697 188.77525805
334.05901539 199.29580599
353.59717586 178.25471010
377.64414259 149.69893711
448.28210736 146.69306627
472.32907410 146.69306627
603.08445570 248.89267488
589.55803691 199.29580599
643.66371206 202.30167684
682.74003300 242.88093320
715.80461226 203.80461226
744.36038525 188.77525805
721.81635394 143.68719543
678.23122674 161.72242048
655.68719543 137.67545374
637.65197038 140.68132458
557.99639308 158.71654963
588.05510149 127.15490580
538.45823261 127.15490580
508.39952419 131.66371206
500.88484709 193.28406431
478.34081578 188.77525805
598.57564944 112.12555159
606.09032654 107.61674533
582.04335981 103.10793907
625.62848701 121.14316411
660.19600169 122.64609954
691.75764552 121.14316411
808.98660834 169.23709758
821.01009171 188.77525805
891.64805648 212.82222478
938.23905453 212.82222478
945.75373163 290.97486666
968.29776294 128.65784122
908.18034611 133.16664748
706.78699973 92.58739112
691.75764552 89.58152028
675.22535590 89.58152028
655.68719543 79.06097233
670.71654963 59.52281186
703.78112889 64.03161813
727.82809562 42.99052224
736.84570815 71.54629523
610.36265695 81.86715246
691.17784177 38.90211749
715.72929032 55.33368592
724.93608352 57.37963997
736.18883078 57.37963997
716.24077883 73.23578382
689.13188772 53.79922039
678.90211749 58.91410550
649.74727234 58.91410550
643.60941020 64.54047913
653.32769192 73.23578382
674.81020940 75.79322638
691.68933028 64.54047913
733.11989971 99.32169791
740.28073887 105.45956005
711.63738223 111.08593367
840.53248712 194.45856105
877.35965995 126.94207753
628.26475485 80.90811150
636.44857104 116.71230730
552.56445515 140.24077883
559.21380580 122.85016944
565.35166794 118.75826135
468.16885076 283.45756205
475.84117843 70.67834127
387.35366594 154.05096864
309.09592368 148.42459501
234.41860101 166.83818143
223.67734227 233.33168792
67.92909052 250.40261699
67.41760201 265.23578382
86.63177913 248.02308348
64.79900321 152.55820054
707.36756509 57.41438783
734.97960522 119.48796642
1022.44448816 346.05652830
960.15686275 124.51806676
931.68863532 130.51137780
723.63512361 175.67525739
944.95953833 133.93612696
