190.10338681 658.98039216
301.67557932 476.90552585
175.72905526 309.88948307
172.30659537 267.45098039
154.50980392 166.14616756
159.98573975 137.39750446
14.18894831 124.39215686
409.82531194 316.73440285
474.16755793 309.20499109
449.52584670 270.87344029
656.92691622 585.73975045
962.89483066 580.94830660
906.08199643 741.11942959
678.83065954 405.03386809
671.30124777 362.59536542
664.45632799 320.15686275
550.14616756 177.09803922
562.46702317 161.35472371
646.65953654 140.13547237
23.25846702 66.03921569
45.16221034 61.93226381
57.48306595 64.67023173
75.62210339 102.65953654
434.98039216 112.58467023
450.38146168 96.49910873
230.57397504 30.70231729
316.47771836 39.77183601
323.70766488 20.81996435
987.02317291 249.82531194
841.91087344 80.75579323
861.07664884 79.72905526
792.62745098 96.84135472
725.54723708 72.54188948
802.63814617 43.19429590
864.37076649 23.55793226
908.78562529 5.82910355
926.55151157 0.47793298
