549.55946015 418.44257703
1012.10491469 570.54647313
946.02699262 280.05296664
888.67634326 243.89712249
908.62439521 248.88413547
879.94907054 318.70231729
840.05296664 288.78023937
796.41660300 283.79322638
13.45556404 296.26075885
94.49452508 308.72829132
130.65036924 364.83218742
96.98803158 256.36465495
133.14387573 227.68933028
113.19582378 164.10491469
259.06595365 256.36465495
244.10491469 250.13088872
231.63738223 187.79322638
266.54647313 147.89712249
288.98803158 147.89712249
327.63738223 119.22179781
416.15686275 127.94907054
432.36465495 207.74127833
441.09192768 231.42959002
490.96205755 230.18283677
544.57244716 278.80621339
651.79322638 339.89712249
853.76725236 186.54647313
793.92309651 169.09192768
760.26075885 161.61140820
741.55946015 137.92309651
722.85816145 149.14387573
700.41660300 169.09192768
676.72829132 195.27374586
658.02699262 245.14387573
610.65036924 225.19582378
576.98803158 179.06595365
527.11790171 133.24777184
516.52049911 119.53348612
530.85816145 119.53348612
547.06595365 107.06595365
566.39062898 108.31270690
548.93608352 131.37764197
565.14387573 150.70231729
574.49452508 129.50751210
604.41660300 141.97504456
578.85816145 150.07894067
594.44257703 98.96205755
601.92309651 95.22179781
624.36465495 110.80621339
626.23478482 133.24777184
644.93608352 120.78023937
653.66335625 96.46855106
630.59842119 93.97504456
663.01400560 86.49452508
691.68933028 117.03997963
729.71530430 94.59842119
762.13088872 109.55946015
771.48153807 74.02699262
742.18283677 75.89712249
706.65036924 74.65036924
777.09192768 54.07894067
759.01400560 42.85816145
780.20881080 32.26075885
797.66335625 47.84517443
818.23478482 137.61140820
840.67634326 139.48153807
830.70231729 103.94907054
821.97504456 52.20881080
812.00101859 27.89712249
834.44257703 26.65036924
853.76725236 27.89712249
421.45556404 17.14387573
434.23478482 18.39062898
438.28673287 16.20881080
439.84517443 11.84517443
453.24777184 8.72829132
457.29971989 14.02699262
463.53348612 11.84517443
467.27374586 11.84517443
481.29971989 0.93608352
503.11790171 11.84517443
519.32569391 9.66335625
523.06595365 8.72829132
560.15686275 7.79322638
568.26075885 4.67634326
573.87114846 6.23478482
611.58543417 3.42959002
616.57244716 1.87114846
599.11790171 1.24777184
942.91010950 109.09192768
964.41660300 112.52049911
982.18283677 105.97504456
855.32569391 49.55946015
860.31270690 24.31270690
877.45556404 24.00101859
887.11790171 25.24777184
926.39062898 24.31270690
942.59842119 67.63738223
958.18283677 64.52049911
996.20881080 70.75426534
1008.67634326 98.18283677
954.44257703 25.87114846
941.66335625 20.57244716
928.88413547 13.40361599
924.20881080 5.61140820
945.09192768 14.02699262
955.06595365 17.14387573
958.80621339 11.84517443
967.84517443 1.87114846
982.80621339 7.79322638
988.72829132 10.91010950
997.14387573 10.91010950
1011.16984976 9.66335625
122.13088872 239.22179781
254.44448816 120.02308348
387.15351826 185.09331759
425.68194636 186.37759853
493.74883599 190.65853499
