140.48713797 489.40456917
111.42291779 457.69814715
104.37704623 382.83576183
77.07429394 387.23943155
48.01007375 297.40456917
6.61557834 227.82658752
98.21190862 182.90915632
104.37704623 287.71649577
128.15686275 288.59722972
210.94585357 405.73484440
303.42291779 376.67062421
401.18438568 330.87245908
380.04677100 295.64310128
372.12016550 288.59722972
395.01924807 260.41374348
362.43209210 243.67979852
378.28530311 206.68897284
258.50548660 268.34034898
228.56053247 194.35869761
210.94585357 158.24860586
246.17521137 108.04677100
325.44126641 130.06511963
493.66144990 300.04677100
497.18438568 278.90915632
408.23025724 215.49631229
411.75319302 130.06511963
343.93667926 137.11099119
408.23025724 104.52383522
450.50548660 114.21190862
509.51466091 108.92750495
570.28530311 212.85411045
607.27612880 157.36787192
594.94585357 135.34952330
646.02842238 124.78071596
640.74401871 160.01007375
652.19355999 164.41374348
677.73484440 141.51466091
677.73484440 166.17521137
690.06511963 197.00089944
662.76236733 223.42291779
716.48713797 178.50548660
712.08346825 166.17521137
698.87245908 145.03759669
725.29447742 188.19355999
749.95502788 175.86328476
771.97337651 166.17521137
777.25778018 147.67979852
889.11099119 160.01007375
872.37704623 114.21190862
843.31282605 105.40456917
1017.69814715 151.20273430
18.05896065 74.70631329
91.58543417 55.62139821
86.47054906 56.38863098
80.07694267 25.44357603
80.84417543 22.37464496
86.98203757 19.81720241
46.57444516 0.12489471
59.87314646 0.89212748
68.82419541 5.75126834
74.19482478 5.49552408
81.61140820 2.93808153
153.47554406 78.89412548
173.16785176 95.51750211
199.76525435 70.96605355
313.44357603 93.69532428
353.33967993 66.07494466
371.75326634 78.86215745
405.00001959 41.52349611
436.71230730 36.40861100
440.29272688 43.05796165
455.12589371 7.25376584
428.52849112 5.20781180
468.93608352 32.82819142
486.32669291 25.15586374
493.48753208 30.27074886
530.57044916 21.57544416
610.87414546 23.10990970
609.85116844 41.52349611
622.12689272 43.56945016
613.43158802 66.07494466
633.37963997 82.44257703
696.80421539 50.21880081
698.33868093 72.21280680
698.33868093 82.44257703
723.91310650 84.48853108
739.76925036 88.06895066
738.74627333 53.79922039
677.87914047 1.62739222
771.48153807 68.12089871
788.36065895 80.90811150
806.77424536 39.47754207
812.91210750 44.59242718
825.69932029 58.91410550
818.53848113 71.70131829
844.11290670 63.51750211
842.06695266 48.17284676
901.78323637 83.49752209
911.75726235 77.35965995
910.47854107 88.86815146
913.80321639 50.76225735
969.81120840 90.65836125
990.52649311 88.86815146
995.64137823 77.10391569
986.43458502 65.08393567
968.78823138 58.69032928
1020.19282678 100.63238722
1013.28773188 100.63238722
499.88113847 103.34966994
25.09192768 59.20181779
47.08593367 30.04697264
65.49952009 77.10391569
227.38563397 109.07194766
1.81920041 6.26275685
868.53648312 57.41160800
851.40161799 59.71330630
908.68833128 115.46555405
858.81820141 28.76825136
821.22379581 43.08992968
790.02299661 48.46055905
