507.41612200 493.66797386
521.63834423 400.74945534
488.45315904 336.27538126
541.54945534 348.60130719
482.76427015 292.66056645
459.06056645 295.50501089
108.24575163 384.63093682
105.40130719 360.92723312
59.89019608 255.68278867
347.17908497 249.99389978
326.31982571 269.90501089
458.11241830 268.00871460
449.57908497 249.04575163
570.94204793 249.04575163
545.34204793 236.71982571
818.40871460 333.43093682
816.51241830 270.85315904
796.60130719 254.73464052
772.89760349 256.63093682
736.86797386 257.57908497
743.50501089 238.61612200
713.16427015 200.69019608
658.17167756 200.69019608
702.73464052 184.57167756
767.20871460 197.84575163
775.74204793 223.44575163
814.61612200 224.39389978
837.37167756 249.99389978
861.07538126 267.06056645
846.85315904 285.07538126
916.06797386 290.76427015
877.19389978 251.89019608
853.49019608 229.13464052
846.85315904 225.34204793
879.09019608 225.34204793
894.26056645 238.61612200
966.31982571 252.83834423
953.99389978 217.75686275
935.03093682 190.26056645
916.06797386 177.93464052
881.93464052 202.58649237
878.14204793 192.15686275
885.72723312 176.03834423
859.17908497 184.57167756
844.00871460 189.31241830
809.87538126 186.46797386
832.63093682 182.67538126
758.67538126 170.34945534
968.21612200 184.57167756
164.18649237 224.39389978
150.91241830 216.80871460
105.40130719 206.37908497
82.64575163 207.32723312
94.02352941 196.89760349
40.92723312 181.72723312
105.40130719 158.97167756
97.81612200 158.97167756
112.98649237 151.38649237
166.08278867 185.51982571
167.97908497 161.81612200
199.26797386 159.91982571
201.16427015 193.10501089
219.17908497 176.03834423
205.90501089 154.23093682
214.43834423 181.72723312
250.46797386 228.18649237
270.37908497 209.22352941
289.34204793 199.74204793
279.86056645 175.09019608
253.31241830 151.38649237
268.48278867 142.85315904
281.75686275 149.49019608
287.44575163 160.86797386
43.29760349 133.60871460
51.35686275 134.55686275
101.60871460 127.91982571
103.97908497 124.12723312
128.63093682 135.50501089
210.64575163 151.62352941
223.91982571 134.08278867
218.70501089 123.65315904
237.66797386 128.86797386
252.83834423 140.24575163
256.63093682 130.76427015
265.16427015 130.76427015
313.04575163 183.38649237
317.31241830 175.32723312
359.97908497 210.88278867
335.80130719 187.65315904
342.91241830 185.75686275
353.81612200 177.69760349
368.98649237 175.32723312
397.43093682 212.77908497
391.26797386 203.77167756
381.31241830 200.45315904
391.26797386 172.95686275
387.47538126 167.26797386
404.06797386 163.47538126
391.26797386 142.61612200
416.39389978 139.77167756
417.81612200 179.59389978
425.87538126 177.69760349
436.77908497 175.32723312
452.89760349 176.27538126
441.51982571 217.51982571
456.69019608 226.52723312
467.11982571 223.68278867
467.59389978 171.53464052
460.95686275 166.79389978
429.19389978 149.72723312
422.08278867 125.07538126
417.34204793 126.02352941
409.75686275 128.86797386
405.96427015 128.86797386
429.19389978 120.80871460
456.69019608 128.86797386
458.58649237 149.72723312
436.30501089 127.91982571
475.17908497 144.51241830
436.30501089 135.97908497
432.51241830 138.82352941
521.63834423 130.40871460
532.54204793 131.35686275
558.14204793 131.35686275
539.41612200 140.12723312
532.77908497 141.31241830
520.21612200 140.83834423
512.86797386 142.97167756
521.87538126 153.63834423
484.18649237 151.50501089
506.46797386 174.26056645
487.26797386 186.11241830
533.72723312 182.55686275
533.25315904 157.66797386
532.77908497 148.89760349
568.33464052 147.47538126
570.23093682 144.39389978
583.50501089 151.26797386
572.60130719 159.32723312
592.27538126 158.85315904
594.88278867 139.89019608
575.68278867 126.61612200
603.89019608 136.33464052
601.04575163 139.65315904
599.14945534 149.60871460
610.05315904 145.10501089
613.13464052 153.40130719
624.98649237 160.51241830
633.28278867 145.57908497
629.49019608 142.26056645
631.86056645 136.57167756
635.89019608 137.51982571
623.56427015 139.17908497
637.78649237 148.42352941
642.05315904 146.05315904
652.48278867 143.20871460
657.22352941 143.91982571
648.69019608 136.80871460
656.27538126 137.51982571
659.83093682 132.54204793
663.86056645 143.91982571
668.12723312 135.86056645
634.94204793 124.48278867
679.26797386 149.13464052
671.91982571 142.49760349
677.37167756 141.78649237
680.45315904 134.67538126
682.58649237 155.53464052
697.51982571 141.78649237
685.90501089 128.03834423
696.57167756 134.43834423
701.54945534 124.71982571
703.44575163 135.62352941
705.81612200 137.99389978
705.57908497 143.44575163
707.71241830 135.86056645
719.09019608 142.26056645
732.36427015 148.66056645
752.74945534 147.23834423
734.26056645 134.67538126
724.77908497 128.51241830
732.36427015 130.40871460
741.84575163 128.27538126
743.50501089 125.19389978
751.32723312 129.46056645
761.04575163 108.12723312
767.44575163 107.65315904
748.48278867 108.60130719
752.27538126 108.12723312
755.59389978 135.38649237
763.89019608 133.96427015
758.67538126 132.77908497
766.26056645 131.35686275
774.55686275 134.20130719
780.48278867 134.91241830
779.06056645 131.83093682
790.43834423 137.51982571
798.26056645 135.62352941
797.78649237 131.83093682
871.26797386 130.40871460
877.90501089 131.59389978
882.40871460 130.88278867
883.59389978 112.63093682
881.93464052 123.53464052
878.14204793 121.63834423
881.93464052 119.50501089
823.62352941 163.11982571
750.37908497 138.46797386
752.74945534 134.67538126
736.86797386 131.59389978
797.54945534 175.44575163
767.44575163 180.66056645
836.89760349 167.14945534
849.69760349 163.35686275
866.05315904 167.14945534
817.69760349 170.70501089
802.76427015 176.63093682
867.00130719 224.03834423
916.77908497 107.41612200
921.04575163 110.49760349
927.91982571 110.26056645
883.83093682 108.60130719
908.24575163 108.12723312
999.74204793 120.92723312
1002.82352941 121.40130719
1006.61612200 122.82352941
958.73464052 159.32723312
915.11982571 160.74945534
922.46797386 160.51241830
901.13464052 163.11982571
894.97167756 164.77908497
947.83093682 158.61612200
979.11982571 185.16427015
998.79389978 188.48278867
988.12723312 214.79389978
976.74945534 254.49760349
1020.30501089 273.54945534
1023.23834423 311.94204793
965.60871460 158.39389978
846.85315904 183.75686275
998.26056645 125.83093682
1016.74945534 123.28278867
1019.23834423 125.59389978
438.37464496 125.66335625
455.12589371 124.89612348
459.21780181 121.05995965
54.84582596 118.52475572
187.66187947 147.84917044
188.51806676 154.27057512
437.24047479 148.17024067
433.17358515 145.28060856
452.54482261 150.31070890
459.60836776 130.61840121
471.05987278 145.60167880
466.13679586 142.71204669
384.47793298 137.89599318
391.11338448 139.60836776
438.84582596 122.27057512
446.01639452 124.19699652
443.34080923 123.34080923
855.91606007 168.50468883
