284.92750495 704.30365174
542.10181687 528.15686275
689.18438568 356.41374348
733.22108293 293.00089944
845.07429394 319.42291779
895.27612880 252.48713797
786.94585357 143.27612880
579.97337651 132.70732146
513.91833064 104.52383522
475.16603706 98.35869761
454.02842238 71.05594531
300.78071596 79.86328476
274.35869761 90.43209210
235.60640403 153.84493614
173.95502788 130.94585357
183.64310128 170.57888109
62.98255082 226.06511963
13.66144990 227.82658752
10.13851412 89.55135816
784.30365174 79.86328476
830.10181687 86.02842238
897.91833064 132.70732146
917.29447742 143.27612880
963.97337651 129.18438568
978.94585357 81.62475265
996.56053247 81.62475265
1006.24860586 86.90915632
994.79906458 149.44126641
827.01924807 61.91833064
834.72567008 70.94585357
799.27612880 55.53300953
776.81741320 65.88163339
841.55135816 48.70732146
835.82658752 56.41374348
854.54218385 73.58805541
897.25778018 65.00089944
1020.78071596 25.58805541
987.56970678 13.64310128
1000.23025724 16.06511963
963.12933981 19.80823889
932.85411045 17.60640403
909.62475265 15.95502788
984.51924807 1.84264256
908.96420219 2.97796366
935.11099119 3.08805541
905.71649577 70.56053247
845.23943155 10.97337651
857.67979852 9.43209210
741.56053247 7.56053247
760.49631229 6.34952330
776.84493614 7.67062421
706.88163339 23.74401871
720.58805541 19.78071596
643.96420219 12.67979852
659.70732146 9.21190862
624.25778018 15.76236733
616.78530311 1.64998201
543.14768843 18.29447742
557.73484440 27.87245908
554.70732146 5.74401871
574.85411045 14.11099119
547.49631229 48.10181687
35.23943155 22.72567008
53.29447742 31.09264256
66.50548660 32.41374348
93.14768843 23.38622054
113.40456917 24.04677100
370.21190862 57.62475265
413.80823889 43.97337651
331.01924807 58.94585357
304.15686275 60.26695449
52.57888109 14.05594531
82.37704623 5.79906458
152.23025724 15.76236733
137.97337651 4.86328476
124.59722972 7.34034898
208.81741320 12.73484440
258.88163339 8.78530311
245.72567008 3.66603706
289.84493614 7.06511963
288.19355999 14.60640403
308.89080770 6.73484440
348.57888109 19.36787192
433.34952330 9.81741320
448.76236733 18.07429394
984.01466091 2.84034898
