543.37637494 535.25930177
366.04954567 547.74710665
174.98613104 505.28857006
115.04466762 411.63003348
192.46905787 432.85930177
243.66905787 397.89344811
58.84954567 296.74222860
0.15686275 305.48369201
31.37637494 204.33247250
161.24954567 136.89832616
231.18125299 120.66417982
228.68369201 148.13735055
264.89832616 113.17149689
298.61539933 93.19100909
323.59100909 54.47881396
339.82515543 55.72759445
328.58613104 79.45442372
348.56661884 76.95686275
372.29344811 60.72271640
362.30320421 55.72759445
326.08857006 123.16174079
284.87881396 173.11296031
311.10320421 201.83491153
322.34222860 213.07393592
472.19588714 213.07393592
525.89344811 210.57637494
729.44466762 307.98125299
799.37637494 291.74710665
893.03491153 179.35686275
930.49832616 154.38125299
743.18125299 141.89344811
668.25442372 138.14710665
633.28857006 125.65930177
519.64954567 98.18613104
418.49832616 24.19588714
437.23003348 7.33735055
461.58125299 4.83978957
472.19588714 16.70320421
495.92271640 31.68857006
493.42515543 54.79100909
505.91296031 57.91296031
514.65442372 44.17637494
510.28369201 19.82515543
518.40076518 3.59100909
524.64466762 2.34222860
527.14222860 8.58613104
524.64466762 19.20076518
542.75198470 4.83978957
537.75686275 44.17637494
538.38125299 66.03003348
560.23491153 46.67393592
573.97149689 62.28369201
574.59588714 29.81539933
564.60564323 2.96661884
574.59588714 9.21052128
609.56174079 11.70808226
592.70320421 2.96661884
620.80076518 12.95686275
613.30808226 33.56174079
643.90320421 12.95686275
645.15198470 6.08857006
646.40076518 27.31783835
679.49344811 1.24954567
678.24466762 12.17637494
676.68369201 28.72271640
673.87393592 39.33735055
685.73735055 72.43003348
707.59100909 83.35686275
708.83978957 29.03491153
748.80076518 10.30320421
760.35198470 36.21539933
744.11783835 70.86905787
765.97149689 54.63491153
808.74222860 59.16174079
839.96174079 89.75686275
860.56661884 41.05442372
911.76661884 72.89832616
918.63491153 159.68857006
934.86905787 12.95686275
937.99100909 61.65930177
945.48369201 76.64466762
974.83003348 6.08857006
638.01639452 1.28060856
666.05652830 0.63846810
