7.92202909 382.65392732
48.50128545 304.50128545
89.08054181 251.89854572
98.09815433 112.12555159
110.12163770 95.59326196
168.73611911 110.62261617
4.91615824 59.52281186
65.03357507 12.93181382
104.10989601 15.93768466
149.19795864 18.94355550
149.19795864 39.98465139
182.26253789 36.97878055
164.22731284 70.04335981
191.28015042 61.02574729
270.93572772 49.00226392
261.91811519 26.45823261
239.37408388 30.96703887
349.08836959 21.94942635
367.12359464 5.41713672
427.24101147 42.99052224
261.91811519 188.77525805
322.03553202 179.75764552
398.68523848 128.65784122
445.27623652 265.42496451
461.80852615 137.67545374
494.87310541 112.12555159
523.42887840 122.64609954
574.52868271 85.07271402
573.02574729 157.21361421
615.10793907 65.53455355
652.68132458 118.13729327
675.22535590 164.72829132
672.21948505 36.97878055
711.29580599 59.52281186
700.77525805 6.92007214
807.48367292 36.97878055
824.01596255 103.10793907
781.93377077 116.63435785
899.16273359 50.50519934
948.75960247 91.08445570
975.81244004 82.06684318
992.34472967 38.48171597
1014.88876098 118.13729327
935.23318368 504.39169640
702.27819347 753.87897625
795.98294970 8.93278248
835.79565873 1.22709686
843.92943800 5.50803331
698.80569218 42.75218047
1019.01973900 31.19365204
423.96957178 276.27726408
