85.49019608 311.62352941
93.07538126 230.08278867
98.76427015 165.60871460
195.47538126 165.60871460
248.57167756 245.25315904
276.06797386 230.08278867
446.73464052 192.15686275
413.54945534 162.76427015
635.41612200 191.20871460
678.08278867 160.86797386
591.80130719 150.43834423
617.40130719 146.64575163
140.00871460 112.27538126
119.14945534 106.11241830
55.62352941 118.43834423
163.71241830 108.00871460
183.14945534 78.14204793
3.59389978 22.61612200
63.44575163 17.04575163
7.44575163 6.92723312
21.28278867 4.88278867
316.83834423 60.95686275
443.89019608 98.17167756
488.69019608 114.76427015
535.38649237 76.12723312
646.31982571 70.55686275
672.86797386 71.03093682
821.25315904 90.46797386
689.22352941 34.88278867
829.07538126 55.50501089
766.14204793 28.66056645
859.65315904 32.69019608
856.95686275 5.71241830
929.46056645 27.00130719
900.33464052 5.14945534
1004.12723312 19.65315904
556.00871460 28.06797386
654.08278867 12.27538126
523.89019608 8.60130719
543.26797386 9.60871460
549.07538126 8.95686275
224.63093682 28.42352941
264.21612200 23.80130719
298.82352941 32.03834423
284.06797386 11.74204793
280.80871460 34.14204793
301.57908497 4.34945534
248.69019608 9.72723312
112.03834423 141.54945534
702.23044134 130.51137780
742.47124402 124.51806676
238.39097646 2.83244803
274.13679586 1.12007345
799.62174569 25.30736442
923.34080923 67.68863532
