43.60640403 201.40456917
149.29447742 151.20273430
248.81741320 264.81741320
299.89998201 337.91833064
623.12933981 354.65227559
525.36787192 203.16603706
414.39539486 106.28530311
481.33117467 102.76236733
350.10181687 124.78071596
7.01924807 15.95502788
297.77154164 52.01007375
329.47796366 38.79906458
351.05594531 38.13851412
386.50548660 38.13851412
396.19355999 21.62475265
430.21190862 9.98255082
471.63392697 3.66603706
710.72567008 61.69814715
733.84493614 68.08346825
780.74401871 63.23943155
813.33117467 80.19355999
693.58805541 5.88163339
441.09331759 266.85920388
