728.11408200 731.53654189
938.93761141 380.39215686
912.92691622 413.93226381
884.86274510 381.07664884
553.56862745 516.60606061
587.10873440 475.53654189
546.72370766 322.21033868
511.81461676 343.42959002
491.96434938 311.25846702
448.84135472 325.63279857
387.23707665 387.92156863
329.73975045 438.57397504
197.63279857 452.26381462
89.48306595 394.08199643
14.18894831 442.68092692
160.67023173 340.00713012
168.19964349 288.67023173
120.96969697 285.93226381
36.09269162 312.62745098
36.77718360 288.67023173
16.24242424 261.97504456
8.71301248 245.54723708
3.23707665 277.03386809
29.24777184 248.28520499
55.94295900 254.44563280
33.35472371 225.01247772
57.31194296 190.10338681
66.89483066 227.06595365
81.95365419 233.22638146
89.48306595 248.28520499
112.07130125 238.70231729
138.76648841 235.96434938
144.24242424 223.64349376
152.45632799 222.95900178
178.46702317 235.27985740
194.89483066 232.54188948
149.03386809 257.18360071
136.02852050 185.99643494
62.78787879 171.62210339
80.58467023 180.52049911
279.08734403 183.94295900
311.94295900 153.14081996
320.84135472 178.46702317
333.16221034 174.36007130
350.95900178 184.62745098
335.90017825 186.68092692
335.90017825 192.84135472
322.89483066 192.84135472
311.25846702 188.04991087
287.98573975 192.15686275
287.30124777 203.10873440
298.93761141 210.63814617
319.47237077 205.84670232
318.10338681 233.22638146
263.34402852 226.38146168
241.44028520 242.12477718
224.32798574 226.38146168
283.19429590 226.38146168
358.48841355 229.80392157
374.23172906 233.91087344
387.92156863 214.74509804
394.08199643 192.15686275
408.45632799 190.10338681
415.30124777 230.48841355
441.31194296 244.86274510
468.69162210 225.01247772
464.58467023 205.84670232
448.84135472 201.73975045
471.42959002 195.57932264
507.70766488 187.36541889
550.83065954 181.88948307
574.10338681 178.46702317
588.47771836 175.72905526
635.02317291 168.19964349
671.98573975 149.03386809
677.46167558 137.39750446
691.15151515 144.92691622
701.41889483 149.03386809
689.78253119 188.04991087
682.25311943 190.10338681
680.19964349 206.53119430
662.40285205 275.66488414
305.78253119 283.19429590
246.23172906 275.66488414
229.11942959 264.02852050
257.86809269 258.55258467
296.88413547 332.47771836
902.65953654 292.09269162
908.13547237 266.08199643
862.95900178 259.92156863
856.79857398 177.78253119
821.88948307 170.93761141
823.25846702 155.87878788
859.53654189 113.44028520
869.11942959 120.96969697
872.54188948 128.49910873
887.60071301 118.91622103
901.29055258 117.54723708
890.33868093 131.92156863
921.14081996 118.23172906
930.03921569 126.44563280
936.88413547 132.60606061
958.10338681 127.81461676
959.47237077 173.67557932
956.04991087 138.76648841
887.08734403 87.25846702
926.10338681 82.80926916
928.49910873 79.72905526
811.10873440 88.96969697
753.26916221 95.47237077
769.69696970 93.76114082
853.20499109 75.27985740
862.78787879 80.75579323
924.39215686 59.19429590
916.86274510 58.16755793
912.41354724 67.06595365
997.63279857 156.73440285
986.80926916 192.37076649
1016.84135472 182.70231729
97.85116844 274.18683278
1009.32369591 445.02399561
895.00601359 110.06295665
902.16685276 111.08593367
897.56345615 102.90211749
935.92509451 53.79922039
1013.41560400 143.24577383
235.18027412 233.03980589
21.98963866 293.40100990
915.84917044 52.27726408
916.70535773 51.42107679
933.50803331 53.24047479
911.78228081 59.98294970
889.52141124 60.73211358
903.00636107 61.37425405
933.82910355 80.21037445
936.18361860 78.71204669
