385.21471398 466.66925944
100.86430076 437.47256522
175.76016853 243.25107762
208.76512721 234.36512721
298.89405283 202.62959002
387.75355696 197.55190407
452.49405283 384.15686275
559.12545779 409.54529250
504.54033382 239.44281316
437.26099498 184.85768919
663.21801977 178.51058175
680.98992060 307.99157349
726.68909415 249.59818506
783.81306109 278.79487927
799.04611894 189.93537514
875.21140820 252.13702803
941.22132556 382.88744126
925.98826770 335.91884622
873.94198671 215.32380489
833.84942473 108.05768919
861.14198671 125.82959002
900.49405283 95.68082969
914.45768919 104.88413547
874.47091233 77.27421812
946.82793713 84.89074704
965.55190407 72.83124291
791.32380489 55.69405283
804.65273051 61.40644952
1001.20149084 41.88909415
1017.38661481 3.17173878
991.68082969 5.71058175
949.78992060 25.70397018
964.38826770 25.70397018
914.24611894 46.01471398
921.54529250 28.56016853
915.83289580 21.26099498
902.50397018 17.77008589
855.53537514 34.58992060
819.99157349 50.77504456
840.93702803 27.60810241
820.30892886 44.42793713
822.21306109 22.84777184
831.41636688 22.53041646
808.88413547 10.15355696
786.98661481 19.35686275
775.24446605 23.79983795
777.78330903 12.69239994
746.57669746 22.21306109
703.41636688 0.95025117
701.82959002 19.67421812
692.94363960 14.91388754
714.52380489 0.31554043
676.75851564 16.81801977
665.96843299 11.42297845
654.54363960 8.56678010
642.16678010 15.54859828
638.04116027 24.75190407
613.92215200 25.38661481
602.49735861 1.26760655
613.60479663 1.58496192
542.83454870 2.85438341
546.96016853 5.71058175
484.44116027 61.40644952
499.03950737 71.56182142
417.79653217 86.79487927
471.74694539 1.74363960
349.88248258 136.46099498
387.33041646 96.79157349
346.70892886 114.56347432
321.32049911 56.17008589
306.08744126 49.18826770
354.32545779 23.48248258
372.73206936 48.87091233
380.98330903 17.77008589
370.19322638 0.95025117
442.23289580 8.56678010
433.98165613 1.26760655
294.87421812 117.26099498
253.61801977 114.08744126
200.30231729 115.35686275
200.30231729 91.23785448
237.11554043 87.42959002
259.96512721 84.25603630
185.06925944 114.08744126
132.38826770 86.79487927
84.78496192 117.26099498
96.84446605 104.56678010
14.96678010 122.33868093
1.00314374 265.14859828
60.66595365 95.68082969
5.44611894 62.67587101
66.37835035 82.98661481
84.78496192 76.63950737
94.94033382 84.89074704
70.82132556 45.53868093
54.31884622 24.59322638
55.58826770 3.64777184
34.64281316 9.99487927
35.91223465 16.34198671
86.68909415 24.59322638
125.40644952 9.36016853
113.98165613 8.09074704
135.56182142 6.18661481
167.93206936 36.01801977
168.56678010 13.80314374
192.68578836 2.37835035
266.94694539 45.53868093
247.90562308 60.77173878
286.62297845 18.24611894
246.00149084 29.67091233
232.03785448 9.36016853
259.96512721 1.74363960
267.58165613 2.37835035
317.72380489 2.37835035
97.69074704 0.63289580
111.01967266 1.58496192
841.78330903 16.18330903
