160.59925906 615.38266920
279.75133279 228.43336044
371.76976597 177.70524984
566.42414385 126.97713924
744.56239270 170.62690883
946.29511159 181.24442035
941.57621758 89.22598717
797.64995030 126.97713924
802.36884431 99.84349869
766.97713924 69.17068763
728.04626367 90.40571067
659.62230053 103.38266920
665.52091804 78.60847565
578.22137887 102.20294569
556.98635583 104.56239270
508.61769224 70.35041113
385.92644800 36.13842957
337.55778440 39.67760007
297.44718533 42.03704708
201.88958164 53.83428210
162.95870606 47.93566459
191.27207012 9.00478901
960.45179362 52.65455860
1013.53935122 53.83428210
901.46561851 37.31815307
893.20755399 12.54395952
794.11077980 14.90340652
741.02322219 17.26285353
640.74672450 19.62230053
695.01400560 3.10617150
633.66838348 0.74672450
653.72368302 6.64534201
3.10617150 51.32736966
13.72368302 2.07391344
41.15225445 5.90801482
44.10156321 11.21677058
100.43336044 0.45179362
141.13382127 0.45179362
407.75133279 24.04626367
416.59925906 7.53013463
378.84810698 7.53013463
345.22598717 3.40110238
772.87575675 2.22137887
841.88958164 5.76054938
913.85271528 6.35041113
934.49787657 9.88958164
1020.61769224 4.58082588
