167.23318368 406.70089406
7.92202909 493.87114846
445.27623652 746.36429914
24.45431871 312.01596255
63.53063965 256.40735198
95.09228349 169.23709758
122.14512106 196.28993515
288.97095276 164.72829132
410.70872184 116.63435785
406.19991558 89.58152028
440.76743026 79.06097233
487.35842830 101.60500365
514.41126588 133.16664748
545.97290971 133.16664748
562.50519934 122.64609954
583.54629523 134.66958290
630.13729327 161.72242048
783.43670619 178.25471010
464.81439699 167.73416216
884.13337938 462.30950462
906.67741069 259.41322282
936.73611911 238.37212693
869.10402517 233.86332067
801.47193124 272.93964161
831.53063965 170.74003300
960.78308584 157.21361421
1014.88876098 137.67545374
1013.38582556 107.61674533
951.76547331 128.65784122
953.26840873 64.03161813
941.24492537 15.93768466
879.62457312 12.93181382
860.08641265 12.93181382
836.03944592 21.94942635
842.05118760 39.98465139
816.50128545 26.45823261
801.47193124 29.46410345
793.95725413 12.93181382
784.93964161 11.42887840
763.89854572 15.93768466
729.33103104 20.44649093
700.77525805 30.96703887
738.34864357 49.00226392
786.44257703 36.97878055
822.51302713 39.98465139
857.08054181 68.54042439
903.67153985 55.01400560
911.18621695 103.10793907
852.57173554 137.67545374
867.60108975 95.59326196
825.51889797 86.57564944
777.42496451 82.06684318
759.38973946 97.09619738
771.41322282 116.63435785
805.98073750 127.15490580
738.34864357 112.12555159
715.80461226 61.02574729
654.18426001 70.04335981
625.62848701 86.57564944
616.61087449 53.51107018
603.08445570 80.56390775
597.07271402 53.51107018
562.50519934 64.03161813
493.37016999 53.51107018
478.34081578 59.52281186
460.30559073 49.00226392
463.31146157 20.44649093
485.85549288 26.45823261
502.38778251 23.45236177
524.93181382 21.94942635
284.46214650 44.49345766
328.04727370 74.55216607
352.09424044 80.56390775
359.60891754 71.54629523
219.83592341 74.55216607
135.67153985 64.03161813
122.14512106 59.52281186
921.34767194 14.35066894
928.50851110 7.18982978
897.81920041 4.12089871
633.12389571 114.66635325
697.05995965 54.31070890
733.88713248 51.75326634
756.39262698 58.91410550
730.81820141 91.13788173
892.44857104 112.10891070
893.98303657 43.05796165
883.75326634 32.31670290
886.82219741 8.78823138
929.27574386 44.59242718
108.08093867 107.44157803
177.64337623 74.70631329
452.82419541 34.87414546
485.04797164 59.93708253
506.01900061 34.36265695
243.74214703 92.41104335
251.44783264 47.99632763
277.34749820 43.92943800
670.97960522 90.69866877
678.25719719 74.43111024
958.01639452 40.29064201
920.13010689 104.07659519
854.84582596 102.57826743
856.13010689 121.41438783
807.54147813 72.18361860
807.32743131 45.85585940
882.45786609 46.28395305
816.95953833 224.04983933
673.12007345 157.05318382
814.81907010 45.42776576
680.61171224 145.17358515
852.06321726 49.92274903
