771.94945534 735.44575163
773.84575163 597.01612200
899.00130719 503.14945534
893.31241830 457.63834423
791.86056645 435.83093682
832.63093682 372.30501089
786.17167756 156.12723312
493.19389978 259.47538126
485.60871460 222.49760349
507.41612200 183.62352941
593.69760349 151.38649237
304.51241830 210.17167756
248.57167756 202.58649237
323.47538126 148.54204793
220.12723312 138.11241830
50.40871460 218.70501089
4.42352941 182.55686275
1.81612200 99.59389978
27.65315904 88.45315904
6.55686275 37.96427015
7.50501089 47.44575163
35.71241830 47.20871460
50.17167756 39.86056645
68.66056645 43.17908497
188.36427015 46.97167756
204.71982571 34.88278867
227.00130719 83.00130719
105.04575163 18.08278867
52.30501089 26.17167756
16.86797386 36.24575163
21.72723312 32.09760349
160.86797386 31.14945534
271.56427015 69.25315904
306.88278867 77.31241830
267.06056645 38.67538126
358.55686275 74.34945534
316.60130719 63.38649237
271.23834423 10.24575163
350.60130719 35.77167756
366.71982571 30.79389978
429.29760349 61.13464052
538.95686275 117.49019608
458.83834423 55.26797386
492.97167756 65.69760349
587.54945534 54.31982571
628.31982571 42.94204793
1022.49760349 158.98649237
771.47538126 91.41612200
803.71241830 80.03834423
809.04575163 19.14945534
798.79389978 15.29760349
1014.55686275 57.34204793
1023.29760349 14.04575163
275.42107679 1.12007345
