178.73247250 687.61052128
314.84954567 435.35686275
324.83978957 355.43491153
362.30320421 384.15686275
66.34222860 305.48369201
90.06905787 300.48857006
71.33735055 244.29344811
5.15198470 278.01052128
102.55686275 174.36174079
695.72759445 372.91783835
951.72759445 345.44466762
982.94710665 345.44466762
964.21539933 266.77149689
861.81539933 233.05442372
830.59588714 188.09832616
861.81539933 139.39588714
823.10320421 68.21539933
790.63491153 74.45930177
776.89832616 70.71296031
764.41052128 93.19100909
949.23003348 83.20076518
932.99588714 59.47393592
997.93247250 134.40076518
916.13735055 52.91783835
321.09344811 185.60076518
344.82027738 190.59588714
419.74710665 166.86905787
468.44954567 166.86905787
430.98613104 95.68857006
389.77637494 145.63978957
364.80076518 145.63978957
382.28369201 111.92271640
336.07881396 131.90320421
313.60076518 124.41052128
227.43491153 128.15686275
186.22515543 95.68857006
105.05442372 54.16661884
90.06905787 56.03978957
70.71296031 53.54222860
130.65442372 21.69832616
200.58613104 36.68369201
231.18125299 39.18125299
986.05652830 71.86254836
