10.14710665 249.28857006
25.13247250 210.57637494
37.62027738 215.57149689
68.83978957 188.09832616
116.29344811 193.09344811
163.74710665 179.35686275
188.72271640 181.85442372
209.95198470 193.09344811
227.43491153 155.63003348
262.40076518 158.12759445
286.12759445 206.83003348
301.11296031 218.06905787
246.16661884 230.55686275
299.86417982 364.17637494
344.82027738 392.89832616
637.03491153 565.23003348
667.00564323 625.17149689
462.20564323 336.70320421
424.74222860 321.71783835
492.17637494 299.23978957
522.14710665 271.76661884
499.66905787 238.04954567
519.64954567 294.24466762
552.11783835 319.22027738
440.97637494 188.09832616
422.24466762 249.28857006
372.29344811 221.81539933
372.29344811 188.09832616
389.77637494 181.85442372
374.79100909 173.11296031
348.56661884 170.61539933
468.44954567 125.65930177
502.16661884 126.90808226
548.37149689 164.37149689
549.62027738 153.13247250
580.83978957 144.39100909
604.56661884 181.85442372
572.09832616 181.85442372
597.07393592 226.81052128
630.79100909 213.07393592
638.28369201 195.59100909
622.04954567 185.60076518
628.29344811 176.85930177
703.22027738 325.46417982
698.22515543 294.24466762
848.07881396 339.20076518
845.58125299 275.51296031
884.29344811 271.76661884
798.12759445 275.51296031
759.41539933 253.03491153
708.21539933 235.55198470
685.73735055 166.86905787
718.20564323 184.35198470
753.17149689 188.09832616
789.38613104 201.83491153
870.55686275 230.55686275
908.02027738 246.79100909
1020.41052128 233.05442372
1022.90808226 199.33735055
999.18125299 176.85930177
984.19588714 158.12759445
967.96174079 166.86905787
967.96174079 153.13247250
960.46905787 135.64954567
945.48369201 151.88369201
924.25442372 130.65442372
648.89832616 131.59100909
662.63491153 123.47393592
678.86905787 126.59588714
705.71783835 142.83003348
750.67393592 86.63491153
803.74710665 152.82027738
816.23491153 148.44954567
828.09832616 169.67881396
868.68369201 178.42027738
869.30808226 207.76661884
914.88857006 175.29832616
936.74222860 183.41539933
902.40076518 145.95198470
875.55198470 143.45442372
863.68857006 134.71296031
881.17149689 112.23491153
893.65930177 124.72271640
952.97637494 96.62515543
1000.43003348 107.86417982
979.84917044 114.67191291
984.13010689 115.95619385
992.26388616 115.31405338
848.21037445 193.44114368
