226.65036924 594.23478482
368.78023937 720.15686275
414.91010950 560.57244716
550.80621339 493.24777184
600.67634326 418.44257703
685.45556404 364.83218742
719.11790171 319.94907054
797.66335625 252.62439521
823.84517443 231.42959002
840.05296664 221.45556404
860.00101859 205.24777184
874.96205755 196.52049911
23.42959002 293.76725236
73.29971989 256.36465495
210.44257703 317.45556404
240.36465495 337.40361599
188.00101859 394.75426534
418.65036924 200.26075885
183.01400560 177.81920041
246.59842119 140.41660300
226.65036924 134.18283677
120.67634326 125.45556404
59.58543417 90.54647313
32.15686275 91.79322638
5.97504456 96.78023937
110.70231729 33.19582378
144.36465495 78.07894067
277.76725236 136.67634326
260.31270690 99.27374586
250.33868093 74.33868093
222.91010950 73.09192768
163.06595365 4.52049911
464.78023937 199.01400560
539.58543417 207.74127833
325.14387573 140.41660300
341.35166794 111.74127833
323.89712249 90.54647313
340.10491469 90.54647313
351.32569391 61.87114846
360.05296664 51.89712249
373.76725236 68.10491469
371.27374586 120.46855106
586.33868093 76.52049911
621.87114846 84.62439521
643.06595365 61.55946015
610.02699262 34.13088872
586.33868093 37.24777184
495.94907054 54.07894067
461.66335625 58.44257703
437.97504456 59.06595365
453.55946015 43.48153807
489.71530430 4.83218742
575.11790171 6.70231729
609.40361599 6.70231729
668.00101859 64.05296664
694.80621339 78.39062898
709.14387573 75.89712249
727.84517443 93.97504456
675.48153807 93.97504456
694.18283677 47.84517443
681.09192768 54.07894067
710.39062898 54.07894067
727.22179781 12.93608352
709.14387573 19.16984976
680.46855106 13.55946015
794.96205755 93.97504456
826.75426534 62.80621339
832.36465495 36.62439521
790.59842119 12.31270690
776.88413547 9.19582378
876.00101859 64.05296664
938.96205755 88.98803158
948.31270690 62.80621339
890.33868093 26.65036924
861.03997963 36.62439521
912.15686275 26.02699262
959.53348612 32.26075885
980.10491469 42.85816145
999.42959002 36.62439521
989.45556404 7.94907054
1016.26075885 6.07894067
41.09192768 81.50751210
459.16984976 8.72829132
465.40361599 6.23478482
500.00101859 41.76725236
751.53348612 3.11790171
874.96205755 99.42959002
62.43058902 2.93808153
