31.96899582 532.94746940
173.24492537 420.22731284
243.88289014 505.89463183
320.53259660 624.62653006
487.35842830 424.73611911
732.33690188 699.77330110
987.83592341 502.88876098
1022.40343809 112.12555159
1007.37408388 86.57564944
986.33298799 101.60500365
966.79482752 42.99052224
908.18034611 82.06684318
878.12163770 140.68132458
870.60696059 116.63435785
954.77134415 203.80461226
720.31341852 79.06097233
720.31341852 41.48758682
697.76938721 47.49932850
822.51302713 64.03161813
845.05705844 26.45823261
694.76351637 18.94355550
760.89267488 32.46997429
675.22535590 2.41126588
606.09032654 38.48171597
618.11380991 12.93181382
568.51694102 20.44649093
576.03161813 58.01987644
580.54042439 95.59326196
532.44649093 42.99052224
530.94355550 112.12555159
493.37016999 79.06097233
490.36429914 133.16664748
567.01400560 227.85157899
612.10206822 196.28993515
654.18426001 315.02183339
508.39952419 286.46606040
473.83200952 259.41322282
385.15881969 382.65392732
340.07075707 343.57760639
302.49737155 188.77525805
364.11772380 139.17838916
428.74394689 86.57564944
454.29384905 91.08445570
443.77330110 29.46410345
383.65588427 58.01987644
377.64414259 42.99052224
370.12946548 76.05510149
379.14707801 89.58152028
403.19404474 91.08445570
323.53846744 95.59326196
255.90637351 95.59326196
260.41517977 193.28406431
111.62457312 154.20774337
53.01009171 175.24883926
31.96899582 137.67545374
53.01009171 107.61674533
75.55412302 95.59326196
99.60108975 101.60500365
135.67153985 112.12555159
197.29189210 80.56390775
206.30950462 64.03161813
189.77721500 49.00226392
158.21557116 55.01400560
269.43279230 55.01400560
246.88876098 49.00226392
260.41517977 30.96703887
221.33885883 26.45823261
290.47388819 12.93181382
273.94159856 5.41713672
313.01791950 21.94942635
332.55607997 18.94355550
358.10598212 6.92007214
497.87897625 26.45823261
302.49737155 59.52281186
3.41322282 103.10793907
95.09228349 277.44844787
222.84179425 95.59326196
436.45656304 147.33768193
49.00401559 83.97704257
225.46755206 5.20781180
341.57544416 59.93708253
318.04697264 5.71930031
392.21280680 12.36865096
434.15486474 7.25376584
455.12589371 22.08693268
514.20281679 122.33868093
111.88930422 193.22709686
11.28729753 598.20368549
163.68863532 160.04983933
154.69866877 94.55151157
383.72876910 276.49131091
551.32743131 6.04315037
599.05987278 2.40435438
484.11672897 21.45452161
467.42107679 52.91940455
415.19365204 17.81572562
741.18696308 221.69532428
767.72876910 107.39432094
787.84917044 271.35418716
626.45786609 62.44448816
