134.79389978 548.66056645
101.60871460 542.02352941
431.56427015 648.21612200
480.86797386 642.52723312
390.79389978 519.26797386
411.65315904 536.33464052
495.09019608 506.94204793
610.76427015 512.63093682
652.48278867 598.91241830
802.29019608 743.97908497
355.71241830 495.56427015
359.50501089 478.49760349
433.46056645 463.32723312
440.09760349 454.79389978
503.62352941 458.58649237
545.34204793 465.22352941
542.49760349 478.49760349
584.21612200 432.03834423
143.56427015 281.63834423
149.01612200 281.40130719
137.87538126 286.85315904
158.02352941 287.56427015
162.52723312 286.37908497
170.11241830 285.90501089
167.97908497 291.83093682
178.64575163 282.34945534
182.91241830 281.40130719
181.25315904 305.34204793
184.09760349 299.41612200
191.68278867 306.29019608
190.73464052 303.44575163
171.29760349 325.01612200
181.72723312 324.77908497
198.55686275 321.46056645
184.80871460 366.73464052
114.17167756 357.01612200
104.69019608 358.43834423
212.30501089 384.51241830
235.53464052 381.66797386
243.83093682 384.27538126
223.20871460 383.56427015
255.91982571 359.86056645
81.22352941 358.08278867
324.42352941 395.53464052
326.31982571 389.37167756
322.05315904 366.14204793
302.61612200 354.29019608
335.32723312 365.66797386
371.35686275 388.42352941
447.20871460 406.91241830
412.12723312 362.34945534
472.80871460 416.39389978
484.18649237 381.78649237
495.56427015 379.65315904
529.69760349 383.91982571
539.65315904 385.81612200
555.77167756 364.00871460
608.86797386 398.61612200
615.03093682 388.66056645
627.83093682 391.03093682
630.20130719 379.65315904
646.31982571 367.80130719
649.63834423 360.21612200
662.43834423 327.03093682
652.95686275 322.76427015
645.84575163 317.54945534
664.80871460 322.76427015
676.18649237 317.07538126
697.99389978 313.75686275
699.89019608 311.38649237
689.93464052 324.18649237
693.25315904 322.29019608
689.93464052 331.29760349
680.92723312 336.98649237
685.66797386 331.29760349
698.94204793 339.35686275
705.10501089 340.30501089
708.89760349 332.24575163
712.69019608 317.54945534
718.37908497 316.12723312
720.27538126 319.91982571
724.54204793 307.11982571
727.38649237 313.75686275
721.22352941 334.14204793
722.17167756 341.25315904
742.08278867 338.40871460
747.77167756 332.24575163
751.09019608 328.45315904
750.14204793 359.26797386
670.97167756 409.51982571
662.91241830 409.51982571
654.37908497 381.07538126
644.89760349 420.42352941
780.95686275 458.34945534
794.23093682 436.06797386
795.65315904 362.58649237
944.98649237 665.87538126
965.60871460 635.29760349
976.27538126 599.14945534
971.29760349 402.29019608
920.33464052 413.54945534
918.20130719 311.26797386
1016.69019608 712.15686275
