197.84833280 701.94996619
285.65958507 745.15867763
12.46902245 501.23853244
54.28390449 343.73581011
19.43816946 347.91729832
12.46902245 318.64688089
144.88281556 359.06793353
220.14960322 313.07156329
256.38916765 331.19134550
122.58154514 200.17138180
359.53254333 287.98263407
961.66684460 197.38372300
131.06067400 122.46539269
158.93726202 128.04071030
172.87555603 148.94815131
195.87374115 131.52528380
230.71947618 118.98081919
264.17138180 71.59061955
334.55976656 115.49624569
409.82655422 254.18227109
405.64506601 211.67047436
470.45813316 245.81929469
430.73399523 95.98263407
469.06430376 11.65595530
354.07337817 29.07882282
332.46902245 38.83562863
301.10786093 3.29297890
220.96267037 4.68680830
227.93181737 37.44179922
159.63417672 6.77755240
519.47446710 187.27845984
568.25849614 178.21856873
589.86285186 192.85377745
618.43635458 183.09697164
651.88826020 181.00622754
656.76666311 142.67591901
602.40731647 131.52528380
617.04252518 123.16230739
647.70677200 117.58698979
684.64325113 107.13326928
725.06430376 102.25486637
670.70495712 82.74125476
729.24579196 74.37827835
750.85014768 63.22764314
764.78844169 51.38009324
772.45450340 36.74488452
752.24397708 26.29116402
794.75577382 51.38009324
796.84651792 29.77573752
805.20949432 6.77755240
835.87374115 44.41094623
791.27120031 13.04978471
507.62691719 2.59606420
538.98807872 8.17138180
561.98626383 15.14052881
985.94270667 114.10241628
1011.72855059 109.22401338
1019.39461229 7.47446710
866.77029287 14.44361411
848.65051066 8.17138180
