74.67329467 644.96437448
98.71085336 298.82352941
102.31648716 161.80944490
134.76719138 304.83291908
198.46672190 362.52305993
242.93620547 265.17094725
351.10521955 261.56531345
391.96906932 175.03010218
340.28831814 152.19442143
500.13808340 157.00193317
541.00193317 113.73432753
572.25075946 147.38690969
608.30709749 125.75310688
686.42916321 223.10521955
597.49019608 487.51836509
971.27423364 576.45733223
912.38221486 363.72493786
810.22259044 406.99254350
710.46672190 392.57000829
772.96437448 295.21789561
795.80005523 235.12399890
915.98784866 183.44324772
971.27423364 200.26953880
1022.95498481 286.80475007
918.39160453 38.01601767
849.88456228 44.02540735
710.46672190 149.79066556
717.67798951 119.74371721
679.21789561 81.28362331
733.30240265 38.01601767
646.76719138 71.66859983
615.51836509 54.84230875
589.07705054 50.03479702
572.25075946 63.25545429
521.77188622 75.27423364
537.39629936 51.23667495
490.52305993 75.27423364
474.89864678 77.67798951
459.27423364 96.90803645
459.27423364 63.25545429
431.63104115 51.23667495
412.40099420 54.84230875
373.94090030 38.01601767
379.95028998 75.27423364
413.60287213 27.19911627
440.04418669 29.60287213
476.10052472 21.18972659
113.13338857 25.99723833
989.30240265 738.71085336
426.82352941 181.33996134
390.42259701 12.30471489
761.76325635 7.18982978
807.79722239 7.18982978
894.44448816 2.08328415
987.34080923 9.78896977
