58.53854213 148.92022152
11.63777878 106.41640473
23.36296962 56.58434366
71.72938183 19.94312229
171.39350397 354.11106122
234.41640473 424.46220626
356.06525969 414.20266427
303.30190091 107.88205358
348.73701542 128.40113755
495.30190091 153.31716809
553.92785511 179.69884748
616.95075587 184.09579404
553.92785511 71.24083221
589.10342763 60.98129023
679.97365664 77.10342763
631.60724442 93.22556504
675.57671007 6.75228259
762.04999252 254.44693908
861.71411465 359.97365664
913.01182458 216.34006885
924.73701542 160.64541236
873.43930549 63.91258794
838.26373297 43.39350397
806.01945816 72.70648107
804.55380931 17.01182458
773.77518336 2.35533603
1015.60724442 43.39350397
