229.90640902 569.53617309
229.90640902 416.21493897
176.94089178 311.67773389
427.83018398 446.87918579
266.14597345 52.42546529
221.54343262 45.45631828
111.43090993 67.75758870
129.55069215 71.93907690
422.25486637 64.96992990
423.64869578 10.61058325
381.83381374 5.03526565
451.52528380 58.00078289
498.91548343 91.45268852
515.64143625 35.69951247
707.98989360 127.69225294
749.80477563 155.56884097
914.27664496 145.81203516
483.93181737 4.68680830
738.53798797 33.95722572
797.07882282 21.41276111
831.22764314 12.35287000
854.22582826 16.53435821
955.97537454 38.83562863
1012.42546529 12.35287000
893.94996619 3.29297890
1022.01639452 42.85920388
