27.10423117 261.49987545
142.79207146 230.83562863
255.69225294 345.12963951
312.83925839 235.01711683
463.37283371 363.24942173
524.70132735 538.87192627
390.89370485 612.74488452
594.39279741 339.55432191
657.11512046 267.07519305
800.67954877 353.49261592
889.88463044 320.04071030
962.36375930 255.92455784
949.81929469 119.32927654
987.45268852 73.33290630
1001.39098253 5.03526565
909.39824206 53.81929469
862.00804242 10.61058325
845.28208961 6.42909505
860.61421302 98.42183552
838.31294260 201.56521120
811.83018398 186.23308779
743.53254333 186.23308779
730.98807872 83.08971211
744.92637273 59.39461229
768.62147255 21.76121846
718.44361411 7.82292445
661.29660866 24.54887726
648.75214405 30.12419487
640.38916765 45.45631828
633.42002064 64.96992990
613.90640902 41.27483008
583.24216220 14.79207146
555.36557418 53.81929469
570.69769759 49.63780648
545.60876837 109.57247073
627.84470304 95.63417672
666.87192627 148.59969396
680.81022028 102.60332373
597.18045621 166.71947618
638.99533824 177.87011138
573.48535639 144.41820576
438.28390449 207.14052881
436.89007509 149.99352336
432.70858688 124.90459414
429.92092808 110.61784278
482.88644532 137.10060140
493.34016583 104.34561048
424.34561048 69.15141810
395.07519305 60.78844169
353.26031102 39.88100068
323.98989360 56.60695349
328.17138180 83.08971211
296.11330558 55.21312409
304.47628198 85.87737091
188.78844169 137.44905875
131.64143625 149.99352336
42.43635458 141.63054696
46.61784278 112.36012953
75.88826020 90.05885912
116.30931284 60.78844169
135.82292445 39.88100068
163.69951247 49.63780648
80.06974841 56.60695349
34.07337817 78.90822391
35.46720757 39.88100068
4.80296075 92.84651792
8.98444895 130.47991175
339.08971211 1.20223480
403.90277926 3.98989360
438.74851429 13.74669941
469.41276111 3.98989360
359.99715313 24.89733461
669.65958507 31.86648162
752.59243443 94.58880467
919.30171789 101.30371589
159.62174569 79.14014034
80.63846810 40.18361860
3.15351826 164.11672897
307.52810020 205.42776576
177.81572562 87.80903666
231.96957178 98.93947144
250.59164535 1.54816709
378.16355171 6.89933766
360.18361860 316.94616040
625.38763198 3.47458850
