10.89812149 568.80421539
14.22279681 383.38962998
46.44657303 380.32069891
63.83718243 305.13188772
35.70531429 291.83318642
8.08493467 272.39662298
5.52749212 295.92509451
7.57344616 226.36265695
41.33168792 179.81720241
127.77324636 163.44957004
116.00901060 200.27674286
145.67534426 197.71930031
170.22679282 210.50651309
179.43358602 175.72529431
186.59442518 154.24277683
233.13987973 138.89812149
238.25476484 177.77124836
224.95606354 245.28773188
209.09991969 240.68433527
194.77824137 297.45956005
151.81320640 287.74127833
108.33668292 246.31070890
97.59542418 227.38563397
163.06595365 379.29772189
211.14587373 380.83218742
664.58043917 620.97604356
918.27874087 570.85016944
862.01500460 448.09292668
602.17884077 426.61040920
539.77724237 390.80621339
451.80121839 568.80421539
493.74327633 535.04597363
403.72129831 516.63238722
488.62839122 384.66835126
517.27174786 345.79522438
448.73228732 345.79522438
455.89312648 307.94507453
380.19282678 338.63438522
319.83718243 270.09492468
353.59542418 247.58943018
298.35466494 269.07194766
263.57344616 260.88813148
263.57344616 222.01500460
287.10191769 204.62439521
301.42359601 190.30271689
332.11290670 177.57944017
324.44057903 158.65436524
272.78023937 164.79222738
269.19981979 146.89012948
292.21680281 142.28673287
307.04996964 133.59142818
322.39462498 130.52249711
321.88313647 148.93608352
333.13588372 143.30970990
360.24477483 166.83818143
385.30771190 167.34966994
355.64137823 129.49952009
368.94007953 126.43058902
352.57244716 102.90211749
391.44557403 137.68333627
415.48553407 119.26974986
414.46255705 164.79222738
382.23878083 221.05596364
497.32369591 273.73928033
500.90411549 232.30871090
508.57644316 213.38363597
514.20281679 182.69432528
493.23178782 179.62539421
508.06495465 160.18883078
513.17983977 145.86715246
500.90411549 134.61440520
448.22079881 137.17184776
451.28972988 118.24677284
436.96805156 122.85016944
448.22079881 104.94807154
469.19182778 110.06295665
469.70331629 83.97704257
433.38763198 76.81620340
445.66335625 56.35666294
440.03698263 50.21880081
393.49152808 82.95406554
378.14687274 76.81620340
406.27874087 62.49452508
371.49752209 58.91410550
355.64137823 54.31070890
321.37164796 60.96005955
236.97604356 63.80521439
247.46155805 65.33967993
231.60541419 52.29672288
221.88713248 30.55846115
257.94707254 57.92309651
279.42959002 69.94307653
283.77724237 58.17884077
292.98403557 55.87714247
299.12189771 68.66435525
312.93208752 58.69032928
316.25676284 50.76225735
322.39462498 52.04097863
346.94607353 54.59842119
269.45556404 101.39961999
153.09192768 64.54047913
162.81020940 63.51750211
548.47254706 291.64137823
557.16785176 228.72829132
534.66235725 220.54447513
529.03598362 126.43058902
514.71430530 99.32169791
497.32369591 82.44257703
504.99602358 73.23578382
485.55946015 58.91410550
529.03598362 67.09792169
544.89212748 72.21280680
552.05296664 91.13788173
543.35766195 93.69532428
536.19682279 86.53448512
581.71930031 80.39662298
562.28273687 59.42559401
581.20781180 56.35666294
599.62139821 88.58043917
605.75926035 63.00601359
616.50051909 68.12089871
632.86815146 57.37963997
585.81120840 105.45956005
569.44357603 133.07993967
602.69032928 111.08593367
613.43158802 169.39562398
638.49452508 312.10091869
595.52949012 301.35965995
675.83318642 292.66435525
712.14887074 214.40661299
682.48253707 145.35566394
664.06895066 142.28673287
669.69532428 100.34467493
640.02899062 91.13788173
652.30471489 75.28173787
674.29872089 51.75326634
685.03997963 52.77624336
659.97704257 14.41460500
654.86215745 43.05796165
645.65536424 44.59242718
701.40761200 39.47754207
688.62039921 9.29971989
738.23478482 14.92609351
731.58543417 30.27074886
715.72929032 43.56945016
708.56845116 57.37963997
695.78123837 73.23578382
682.99402558 77.32769192
699.36165795 115.68933028
725.95906055 123.36165795
708.56845116 74.25876085
726.47054906 66.07494466
737.21180780 55.84517443
756.13688273 71.70131829
753.57944017 91.13788173
763.29772189 137.68333627
747.95306654 199.06195765
752.55646314 235.88913048
772.50451509 204.68833128
798.59042918 183.71730231
798.07894067 132.56845116
785.29172788 94.71830131
784.78023937 60.96005955
795.01000960 51.75326634
773.52749212 35.89712249
763.80921040 38.45456504
743.86115845 37.43158802
756.64837124 52.26475485
772.50451509 20.55246714
783.75726235 28.73628332
710.61440520 320.22079881
717.77524436 355.00201759
857.92309651 302.83018942
926.46255705 305.89912049
984.77224736 323.28972988
997.04797164 167.79722239
862.01500460 174.95806155
929.53148812 153.47554406
968.66035925 138.19482478
958.94207753 119.26974986
993.21180780 111.08593367
916.48853108 105.97104856
887.84517443 124.38463497
880.17284676 78.86215745
910.86215745 89.60341619
866.87414546 71.70131829
861.75926035 56.35666294
825.95506454 68.63238722
816.23678283 93.69532428
798.33468492 94.71830131
797.82319641 80.39662298
815.72529431 47.14986974
833.11590370 45.61540420
877.10391569 46.63838123
889.89112848 48.68433527
890.40261699 30.27074886
875.56945016 28.73628332
823.39762199 15.94907054
804.98403557 5.71930031
793.21979981 2.65036924
780.94407553 3.67334626
838.23078882 3.67334626
830.55846115 12.36865096
925.69532428 66.07494466
904.21280680 62.49452508
923.13788173 43.05796165
910.35066894 9.81120840
888.86815146 14.41460500
875.05796165 13.39162798
858.69032928 9.29971989
896.54047913 5.20781180
927.22978982 12.36865096
935.92509451 7.25376584
948.20081879 7.25376584
950.24677284 18.50651309
944.62039921 39.47754207
944.62039921 53.79922039
956.89612348 48.17284676
961.49952009 23.62139821
969.68333627 17.99502458
963.54547413 5.71930031
979.91310650 10.83418542
986.05096864 14.92609351
985.53948013 29.24777184
1001.39562398 43.05796165
979.91310650 53.79922039
997.30371589 68.63238722
1016.22879082 58.91410550
1014.69432528 23.10990970
1020.83218742 26.69032928
1020.83218742 15.94907054
1005.99902059 19.52949012
1001.90711250 3.67334626
1019.29772189 3.67334626
934.90211749 131.54547413
775.06195765 312.03698263
766.01639452 87.70201325
620.25050823 105.03980589
