310.18283677 696.46855106
96.98803158 371.06595365
33.40361599 359.84517443
40.88413547 323.68933028
197.97504456 391.01400560
169.29971989 297.50751210
560.78023937 323.68933028
608.15686275 309.97504456
580.72829132 248.88413547
641.81920041 351.11790171
640.57244716 280.05296664
661.76725236 285.03997963
680.46855106 326.18283677
999.63738223 314.96205755
240.98803158 216.78023937
172.41660300 200.57244716
173.03997963 183.11790171
289.61140820 162.54647313
317.66335625 307.79322638
337.61140820 271.01400560
325.14387573 224.88413547
369.40361599 238.59842119
415.53348612 264.15686275
439.22179781 254.18283677
416.78023937 233.61140820
414.91010950 204.31270690
366.91010950 198.70231729
337.61140820 171.27374586
323.89712249 189.97504456
320.78023937 204.31270690
366.28673287 166.28673287
340.10491469 151.32569391
355.06595365 160.05296664
377.50751210 140.72829132
402.44257703 127.63738223
411.79322638 128.26075885
442.33868093 148.83218742
428.00101859 163.16984976
408.67634326 155.68933028
391.22179781 171.27374586
437.35166794 178.13088872
483.48153807 157.55946015
474.13088872 146.96205755
467.27374586 198.70231729
492.20881080 230.49452508
476.00101859 249.81920041
623.74127833 146.96205755
585.09192768 142.59842119
540.20881080 128.26075885
518.39062898 131.37764197
486.59842119 124.52049911
476.62439521 128.26075885
451.68933028 118.28673287
467.89712249 115.16984976
164.93608352 70.91010950
170.54647313 72.78023937
181.76725236 71.53348612
195.48153807 64.67634326
218.54647313 72.15686275
222.28673287 57.81920041
234.75426534 70.28673287
240.98803158 69.03997963
510.28673287 103.32569391
522.13088872 96.46855106
528.98803158 96.46855106
537.71530430 93.35166794
543.32569391 107.68933028
558.28673287 110.80621339
557.03997963 92.10491469
569.50751210 87.74127833
575.11790171 83.37764197
629.97504456 115.79322638
654.28673287 118.28673287
664.88413547 145.71530430
623.74127833 89.61140820
274.02699262 64.67634326
279.63738223 66.54647313
320.15686275 63.42959002
315.16984976 64.67634326
340.72829132 59.68933028
370.65036924 61.55946015
461.97504456 48.31270690
474.75426534 52.67634326
479.74127833 53.92309651
489.40361599 53.61140820
491.58543417 48.31270690
527.74127833 43.01400560
533.97504456 43.01400560
540.83218742 38.96205755
535.84517443 55.48153807
565.45556404 52.36465495
606.28673287 71.06595365
607.53348612 27.11790171
616.57244716 24.93608352
617.19582378 80.10491469
848.78023937 207.74127833
740.31270690 235.16984976
726.59842119 171.58543417
682.96205755 162.85816145
679.22179781 125.45556404
702.91010950 125.45556404
751.53348612 131.68933028
762.75426534 116.72829132
781.45556404 125.45556404
792.67634326 94.28673287
811.37764197 114.23478482
813.87114846 103.01400560
826.33868093 121.71530430
845.03997963 116.72829132
842.54647313 99.27374586
871.84517443 114.70231729
887.74127833 120.31270690
911.74127833 129.66335625
924.20881080 111.89712249
951.63738223 103.79322638
912.36465495 107.53348612
900.20881080 95.06595365
883.68933028 93.81920041
875.27374586 98.49452508
850.65036924 89.76725236
852.83218742 77.61140820
851.27374586 62.96205755
868.41660300 73.24777184
881.81920041 55.79322638
892.41660300 59.22179781
889.29971989 74.18283677
908.31270690 81.03997963
911.74127833 67.94907054
923.89712249 75.42959002
932.62439521 66.70231729
952.88413547 69.81920041
964.72829132 72.00101859
964.72829132 59.84517443
984.98803158 67.94907054
977.81920041 28.36465495
936.05296664 54.23478482
930.13088872 50.18283677
922.96205755 57.97504456
917.97504456 53.92309651
922.65036924 47.68933028
941.03997963 48.31270690
936.05296664 40.20881080
924.20881080 40.20881080
920.46855106 35.22179781
930.44257703 29.29971989
938.23478482 34.59842119
941.97504456 30.54647313
948.52049911 27.74127833
956.31270690 29.92309651
946.65036924 42.39062898
847.84517443 44.57244716
835.68933028 41.14387573
830.39062898 40.20881080
826.65036924 35.22179781
815.74127833 35.84517443
804.83218742 45.81920041
793.92309651 46.75426534
786.75426534 50.18283677
781.76725236 46.13088872
774.28673287 51.42959002
775.53348612 62.02699262
771.16984976 42.39062898
772.10491469 35.84517443
785.19582378 34.28673287
784.57244716 29.29971989
789.87114846 25.87114846
797.97504456 22.13088872
801.09192768 16.52049911
814.80621339 11.22179781
809.81920041 20.57244716
797.03997963 28.36465495
798.59842119 33.66335625
795.48153807 32.41660300
812.62439521 29.92309651
815.74127833 25.87114846
818.54647313 23.68933028
844.41660300 28.05296664
855.63738223 31.79322638
857.50751210 27.11790171
852.83218742 21.50751210
876.52049911 33.66335625
897.71530430 23.06595365
907.37764197 21.81920041
915.16984976 14.02699262
911.74127833 9.66335625
915.79322638 4.05296664
904.57244716 4.36465495
906.44257703 1.24777184
916.72829132 1.24777184
924.52049911 4.05296664
920.15686275 9.66335625
925.76725236 10.59842119
931.06595365 4.67634326
868.41660300 6.23478482
881.81920041 9.66335625
885.24777184 9.66335625
878.39062898 6.85816145
879.32569391 4.05296664
881.50751210 0.93608352
888.98803158 3.42959002
896.15686275 4.05296664
895.53348612 6.23478482
958.80621339 5.29971989
952.26075885 20.57244716
952.26075885 16.20881080
967.22179781 19.32569391
980.93608352 22.75426534
1018.96205755 4.36465495
1015.53348612 4.05296664
954.13088872 61.09192768
926.39062898 19.32569391
933.24777184 8.41660300
936.67634326 4.05296664
934.49452508 1.24777184
942.91010950 1.87114846
945.71530430 5.29971989
948.20881080 1.87114846
888.36465495 6.85816145
798.91010950 45.19582378
651.16984976 84.15686275
656.78023937 83.22179781
655.84517443 76.36465495
640.88413547 81.97504456
644.31270690 75.42959002
664.26075885 73.55946015
665.19582378 67.63738223
674.85816145 71.37764197
682.65036924 66.70231729
704.78023937 80.72829132
704.78023937 65.14387573
701.97504456 44.57244716
725.66335625 70.75426534
737.19582378 69.19582378
751.53348612 46.75426534
759.63738223 41.45556404
760.88413547 34.91010950
756.52049911 38.65036924
749.03997963 37.40361599
737.19582378 37.09192768
723.16984976 34.59842119
651.79322638 36.78023937
664.57244716 32.72829132
670.80621339 33.97504456
655.84517443 17.45556404
647.11790171 21.50751210
650.85816145 17.14387573
636.52049911 19.63738223
631.22179781 19.63738223
623.42959002 24.93608352
625.29971989 34.91010950
630.91010950 32.10491469
630.59842119 49.24777184
625.92309651 48.93608352
621.55946015 51.42959002
641.81920041 35.84517443
647.11790171 33.03997963
694.18283677 29.92309651
710.07894067 33.66335625
718.80621339 28.05296664
741.87114846 22.13088872
739.37764197 28.05296664
743.11790171 27.74127833
755.27374586 23.68933028
758.39062898 23.68933028
719.42959002 42.70231729
712.88413547 39.58543417
721.29971989 48.93608352
723.79322638 44.57244716
730.96205755 40.20881080
674.54647313 32.72829132
763.68933028 60.15686275
762.13088872 93.81920041
111.94907054 201.50751210
150.59842119 222.70231729
155.58543417 262.59842119
63.32569391 177.81920041
