80.06292928 196.28993515
141.68328153 209.81635394
78.55999386 133.16664748
116.13337938 110.62261617
152.20382948 121.14316411
59.02183339 32.46997429
159.71850658 23.45236177
275.44453398 5.41713672
314.52085492 9.92594298
310.01204866 27.96116803
316.02379034 50.50519934
200.29776294 80.56390775
291.97682361 127.15490580
338.56782165 161.72242048
6.41909366 41.48758682
382.15294885 272.93964161
442.27036568 137.67545374
428.74394689 71.54629523
431.74981774 47.49932850
418.22339895 17.44062008
466.31733241 18.94355550
535.45236177 79.06097233
545.97290971 169.23709758
648.17251832 91.08445570
652.68132458 167.73416216
624.12555159 223.34277273
554.99052224 333.05705844
352.09424044 447.28015042
252.90050267 638.15294885
548.97878055 609.59717586
909.68328153 563.00617781
971.30363378 507.39756725
792.45431871 304.50128545
818.00422087 74.55216607
717.30754768 18.94355550
78.15886075 36.40861100
482.49052908 182.11890071
143.56823398 70.57826743
123.87592629 6.79231425
71.22040790 4.65184602
236.46455505 7.64850154
