913.22352941 518.31982571
844.95686275 452.89760349
781.43093682 375.14945534
686.61612200 330.58649237
673.34204793 294.55686275
629.72723312 268.95686275
616.45315904 254.73464052
575.68278867 231.03093682
569.04575163 216.80871460
544.39389978 193.10501089
529.22352941 188.36427015
514.05315904 170.34945534
501.72723312 149.49019608
452.42352941 159.91982571
405.96427015 167.50501089
392.69019608 150.43834423
382.26056645 150.43834423
675.23834423 161.81612200
361.87538126 120.80871460
366.14204793 110.37908497
370.40871460 104.69019608
354.76427015 95.68278867
439.14945534 71.50501089
513.10501089 67.23834423
718.37908497 104.69019608
439.62352941 59.06056645
468.77908497 52.66056645
457.99389978 25.69760349
342.31982571 10.91241830
970.58649237 148.66056645
998.79389978 142.97167756
816.51241830 56.21612200
842.58649237 45.07538126
906.34945534 64.03834423
932.18649237 52.18649237
866.88278867 21.43093682
878.14204793 18.70501089
1015.46155805 295.15786175
666.62639321 46.89412548
570.46655305 12.81620340
