133.28663374 497.74464900
114.23319862 560.76754977
206.56907649 553.43930549
332.61487801 705.86678641
328.21793145 395.14922916
271.05762610 288.15686275
341.40877114 173.83625206
379.51564137 226.59961084
477.71411465 384.88968717
485.04235893 468.43167191
633.07289328 144.52327496
649.19503068 138.66067954
619.88205358 124.00419099
665.31716809 189.95838946
703.42403832 217.80571771
732.73701542 210.47747343
976.03472534 44.85915282
999.48510702 78.56907649
1018.53854213 132.79808412
785.37823679 15.17976351
742.87442000 30.56907649
715.75991618 15.17976351
761.19503068 28.37060320
