161.81920041 615.42959002
255.32569391 460.83218742
274.02699262 521.92309651
176.78023937 382.28673287
150.59842119 362.33868093
116.93608352 297.50751210
43.37764197 230.18283677
25.92309651 162.85816145
72.05296664 192.78023937
77.03997963 180.31270690
164.31270690 204.00101859
168.05296664 119.22179781
188.00101859 212.72829132
227.89712249 226.44257703
255.32569391 233.92309651
313.92309651 226.44257703
313.92309651 302.49452508
227.89712249 397.24777184
476.00101859 659.06595365
584.46855106 591.74127833
429.87114846 319.94907054
428.62439521 256.36465495
535.84517443 243.89712249
565.76725236 232.67634326
553.29971989 181.55946015
567.01400560 157.87114846
595.68933028 186.54647313
604.41660300 140.41660300
438.59842119 226.44257703
459.79322638 216.46855106
477.24777184 204.00101859
488.46855106 195.27374586
473.50751210 181.55946015
598.18283677 393.50751210
568.26075885 444.62439521
735.32569391 405.97504456
903.63738223 747.58543417
980.93608352 534.39062898
911.11790171 382.28673287
862.49452508 383.53348612
815.11790171 331.16984976
677.97504456 204.00101859
651.79322638 182.80621339
676.72829132 151.63738223
687.94907054 120.46855106
694.18283677 151.63738223
764.00101859 162.85816145
778.96205755 161.61140820
776.46855106 140.41660300
732.83218742 223.94907054
726.59842119 200.26075885
818.85816145 292.52049911
892.41660300 238.91010950
881.19582378 213.97504456
862.49452508 165.35166794
843.79322638 169.09192768
896.15686275 149.14387573
936.05296664 166.59842119
943.53348612 179.06595365
951.01400560 154.13088872
990.91010950 196.52049911
994.65036924 166.59842119
997.14387573 145.40361599
979.68933028 231.42959002
956.00101859 273.81920041
1014.59842119 301.24777184
804.31270690 30.54647313
808.36465495 31.48153807
813.35166794 28.67634326
819.58543417 32.10491469
837.66335625 25.24777184
855.42959002 19.32569391
843.89712249 33.66335625
853.24777184 30.85816145
764.72829132 31.79322638
644.00101859 22.75426534
650.85816145 23.06595365
993.71530430 40.52049911
989.97504456 41.45556404
1007.11790171 34.28673287
1017.40361599 41.14387573
1008.67634326 150.85816145
