314.52085492 447.28015042
227.35060051 543.46801734
129.65979817 749.37016999
545.97290971 409.70676490
679.73416216 517.91811519
711.29580599 457.80069836
702.27819347 391.67153985
996.85353593 726.82613867
1014.88876098 312.01596255
1022.40343809 235.36625609
1016.39169640 178.25471010
939.74198995 259.41322282
819.50715629 242.88093320
821.01009171 185.76938721
744.36038525 167.73416216
660.19600169 185.76938721
684.24296842 146.69306627
739.85157899 116.63435785
783.43670619 116.63435785
784.93964161 65.53455355
736.84570815 58.01987644
774.41909366 29.46410345
745.86332067 15.93768466
867.60108975 11.42887840
893.15099190 39.98465139
891.64805648 21.94942635
846.55999386 74.55216607
969.80069836 55.01400560
993.84766509 36.97878055
1019.39756725 2.41126588
699.27232263 8.42300756
718.81048310 39.98465139
628.63435785 85.07271402
604.58739112 61.02574729
589.55803691 42.99052224
589.55803691 91.08445570
469.32320325 49.00226392
454.29384905 49.00226392
449.78504278 21.94942635
404.69698016 18.94355550
427.24101147 74.55216607
397.18230306 65.53455355
377.64414259 106.11380991
430.24688231 106.11380991
346.08249875 39.98465139
346.08249875 11.42887840
272.43866314 41.48758682
252.90050267 53.51107018
225.84766509 53.51107018
212.32124631 64.03161813
191.28015042 118.13729327
176.25079621 100.10206822
212.32124631 175.24883926
162.72437742 44.49345766
197.29189210 49.00226392
149.19795864 59.52281186
132.66566901 53.51107018
116.13337938 59.52281186
75.55412302 58.01987644
89.08054181 103.10793907
518.80621339 9.81120840
506.53048912 3.67334626
499.88113847 2.13888073
400.65236724 1.62739222
412.92809152 42.03498462
145.93108852 284.48053907
231.34966994 146.89012948
776.29064201 10.53813365
