184.62745098 276.34937611
281.82531194 273.61140820
276.34937611 244.86274510
450.89483066 365.33333333
465.95365419 300.30659537
486.48841355 274.29590018
679.51515152 493.33333333
631.60071301 702.78787879
442.68092692 147.66488414
459.79322638 128.49910873
448.15686275 120.96969697
47.72905526 134.65953654
71.85739750 106.42424242
21.46167558 37.88948307
482.55258467 99.92156863
579.40819964 85.88948307
605.76114082 67.40819964
656.67023173 37.37611408
731.79322638 66.63814617
771.32263815 40.79857398
803.83600713 48.15686275
991.81461676 192.67023173
1007.98573975 146.89483066
14.71204669 24.77224736
300.67860188 2.08328415
428.67860188 2.08328415
754.02977244 4.22375238
