55.93667926 221.66144990
31.27612880 216.37704623
144.89080770 285.07429394
210.06511963 249.84493614
306.06511963 318.54218385
303.42291779 380.19355999
439.05594531 449.77154164
545.62475265 305.33117467
424.08346825 241.03759669
438.17521137 166.17521137
391.49631229 178.50548660
330.72567008 194.35869761
276.12016550 197.88163339
203.01924807 203.16603706
13.51466091 55.86328476
577.33117467 145.03759669
630.17521137 163.53300953
717.36787192 249.84493614
683.01924807 126.54218385
764.92750495 120.37704623
810.72567008 120.37704623
970.13851412 70.28530311
1016.08346825 185.77154164
