109.52775476 308.43855289
78.27892847 208.68268434
281.39629936 367.33057167
157.60287213 303.63104115
226.10991439 248.34465617
303.03010218 251.95028998
366.72963270 181.03949185
324.66390500 157.00193317
275.38690969 149.79066556
544.60756697 354.10991439
591.48080641 328.87047777
745.32118199 459.87517260
823.44324772 411.80005523
824.64512566 291.61226181
947.23667495 283.19911627
744.11930406 318.05357636
645.56531345 239.93151063
682.82352941 197.86578293
745.32118199 126.95498481
807.81883458 166.61695664
872.72024303 169.02071251
884.73902237 29.60287213
836.66390500 42.82352941
714.07235570 58.44794256
634.74841204 60.85169843
653.97845899 21.18972659
640.75780171 125.75310688
616.72024303 140.17564209
602.29770782 193.05827120
548.21320077 147.38690969
477.30240265 220.70146368
424.41977354 237.52775476
452.06296603 136.57000829
477.30240265 117.33996134
492.92681580 83.68737918
510.95498481 66.86108810
544.60756697 75.27423364
596.28831814 98.10991439
446.05357636 76.47611157
436.43855289 89.69676885
434.03479702 119.74371721
401.58409279 113.73432753
401.58409279 89.69676885
384.75780171 105.32118199
348.70146368 125.75310688
328.26953880 105.32118199
307.83761392 71.66859983
286.20381110 54.84230875
301.82822425 34.41038387
324.66390500 25.99723833
361.92212096 24.79536040
351.10521955 50.03479702
388.36343552 46.42916321
156.40099420 30.80475007
48.23198012 24.79536040
989.30240265 63.25545429
914.78597073 22.39160453
740.51367026 22.39160453
405.79066556 192.15686275
944.23198012 14.87986744
826.44794256 11.27423364
429.22728528 763.95028998
985.79522438 7.18982978
842.64515706 3.79565873
