82.73750791 378.25824523
122.84810698 315.73289961
405.98174754 425.44718533
381.20755399 253.20755399
564.06469685 460.83889039
599.45640192 381.79741574
572.32276136 329.88958164
573.50248486 256.74672450
605.35501943 252.02783049
645.46561851 141.13382127
856.63612542 362.92183970
912.08313003 506.84810698
941.57621758 482.07391344
1014.71907473 292.13842957
1000.56239270 198.94027288
960.45179362 197.76054938
643.10617150 114.00018072
463.78819915 20.80202404
335.19833740 73.88958164
160.59925906 99.84349869
109.87114846 108.10156321
118.12921298 209.55778440
27.29050330 227.25363694
127.56700099 52.65455860
699.73289961 170.62690883
476.76515768 27.88036505
19.03243878 4.28589500
172.39649408 1.63151712
969.36087612 13.42776576
