19.03243878 480.89418993
48.52552634 285.06008855
103.97253095 280.34119454
125.20755399 273.26285353
155.88036505 268.54395952
214.86654016 307.47483510
226.66377519 223.71446643
285.64995030 268.54395952
334.01861390 397.13382127
312.78359086 397.13382127
330.47944339 365.28128671
349.35501943 332.24902864
350.53474293 353.48405169
384.74672450 339.32736966
541.64995030 452.58082588
342.27667841 313.37345261
331.65916689 273.26285353
342.27667841 269.72368302
352.89418993 260.28589500
368.23059546 289.77898256
370.59004247 247.30893648
369.41031897 281.22598717
598.27667841 551.67760007
560.52552634 535.16147104
554.62690883 365.28128671
519.23520376 359.38266920
651.36423602 387.69603325
678.49787657 381.79741574
775.23520376 482.07391344
785.85271528 531.62230053
932.13842957 524.54395952
971.06930514 460.83889039
985.22598717 559.93566459
961.63151712 660.21216228
1017.07852173 713.29971989
833.04165537 359.38266920
715.06930514 336.96792265
636.02783049 334.60847565
614.79280745 334.60847565
571.14303786 263.82506551
474.40571067 272.08313003
472.04626367 203.65916689
488.56239270 202.47944339
540.47022680 227.25363694
441.37345261 197.76054938
472.04626367 188.91262311
433.70524984 184.78359086
450.81124063 260.28589500
562.29511159 221.35501943
579.40110238 221.35501943
586.47944339 221.35501943
614.20294569 217.81584892
597.68681666 170.62690883
579.40110238 164.13842957
631.89879823 260.87575675
653.72368302 270.90340652
743.97253095 249.07852173
662.57160929 206.60847565
681.44718533 170.62690883
688.52552634 164.72829132
700.32276136 168.85732357
716.24902864 166.49787657
730.40571067 197.17068763
754.59004247 326.35041113
802.95870606 324.58082588
812.98635583 309.83428210
801.77898256 303.34580284
769.92644800 286.23981205
786.44257703 275.03243878
777.00478901 257.92644800
805.31815307 273.85271528
804.72829132 287.41953556
857.22598717 290.36884431
860.76515768 263.82506551
917.98174754 267.36423602
940.39649408 256.15686275
968.11999639 269.72368302
837.17068763 239.05087196
785.85271528 217.22598717
979.32736966 305.70524984
984.63612542 270.31354477
989.94488118 255.56700099
1022.38727749 215.45640192
1003.51170145 190.68220837
916.80202404 239.05087196
938.03704708 236.10156321
932.13842957 203.06930514
906.77437427 207.19833740
866.07391344 199.53013463
879.05087196 191.86193187
855.45640192 199.53013463
844.83889039 189.50248486
754.29511159 246.42414385
800.30432818 219.29050330
789.09695491 210.44257703
777.88958164 191.56700099
795.88036505 189.50248486
804.43336044 198.35041113
813.57621758 189.20755399
822.42414385 189.20755399
829.20755399 164.72829132
824.78359086 155.29050330
838.05548026 158.53474293
850.44257703 194.22137887
866.07391344 175.34580284
860.17529592 173.28128671
767.56700099 177.70524984
755.47483510 185.07852173
742.49787657 184.48865998
736.89418993 175.34580284
723.32736966 168.56239270
903.53013463 195.10617150
913.26285353 204.54395952
939.80663233 193.63151712
933.61308394 182.71907473
902.64534201 174.46101021
896.45179362 175.34580284
882.29511159 178.29511159
910.90340652 150.27667841
915.03243878 149.98174754
926.53474293 149.39188579
922.99557242 148.80202404
945.70524984 162.95870606
953.96331436 170.92183970
956.02783049 179.47483510
968.41492726 168.85732357
969.00478901 185.96331436
984.93105629 176.23059546
984.63612542 167.97253095
990.53474293 162.66377519
997.90801482 169.15225445
1022.09234662 188.91262311
1021.20755399 173.57621758
972.83889039 156.17529592
959.56700099 150.27667841
947.47483510 152.63612542
922.11077980 143.19833740
314.25824523 181.83428210
