113.93464052 761.04575163
164.18649237 729.75686275
172.71982571 701.31241830
252.36427015 662.43834423
305.46056645 650.11241830
404.06797386 634.94204793
470.43834423 695.62352941
501.72723312 668.12723312
506.46797386 725.01612200
415.44575163 762.94204793
741.60871460 537.28278867
704.63093682 523.06056645
805.13464052 503.14945534
866.76427015 517.37167756
886.67538126 515.47538126
866.76427015 462.37908497
849.69760349 447.20871460
872.45315904 445.31241830
709.37167756 460.48278867
716.00871460 453.84575163
713.16427015 442.46797386
594.64575163 487.03093682
545.34204793 499.35686275
535.86056645 504.09760349
403.11982571 487.74204793
437.25315904 487.74204793
456.21612200 496.74945534
465.69760349 488.21612200
448.63093682 469.72723312
454.31982571 444.12723312
455.26797386 438.91241830
388.89760349 482.52723312
393.16427015 488.21612200
377.99389978 473.99389978
367.56427015 474.94204793
592.74945534 419.00130719
644.42352941 426.11241830
647.26797386 420.89760349
678.55686275 429.90501089
641.10501089 421.37167756
546.29019608 419.00130719
506.94204793 409.04575163
476.12723312 424.21612200
456.69019608 425.16427015
447.20871460 428.95686275
454.79389978 421.37167756
757.25315904 420.89760349
773.37167756 424.21612200
793.28278867 430.37908497
816.03834423 439.38649237
792.80871460 407.14945534
771.47538126 403.35686275
757.72723312 409.04575163
756.30501089 400.98649237
728.33464052 401.93464052
543.44575163 481.34204793
876.00871460 348.95686275
867.00130719 352.74945534
865.34204793 350.37908497
857.75686275 357.49019608
860.36427015 357.01612200
849.93464052 369.57908497
843.77167756 370.29019608
843.53464052 366.02352941
858.23093682 375.50501089
861.07538126 371.47538126
853.25315904 372.18649237
873.16427015 377.63834423
884.30501089 377.40130719
858.23093682 386.40871460
848.03834423 379.77167756
824.80871460 401.81612200
830.49760349 403.23834423
828.36427015 409.40130719
830.73464052 425.28278867
812.95686275 400.15686275
844.48278867 416.74945534
843.53464052 433.34204793
844.48278867 426.23093682
859.17908497 433.34204793
855.86056645 430.49760349
865.10501089 403.47538126
886.67538126 398.97167756
880.51241830 395.65315904
782.14204793 399.44575163
857.04575163 346.11241830
806.79389978 342.79389978
902.79389978 445.31241830
749.66797386 351.91982571
756.06797386 367.20871460
750.85315904 363.89019608
738.52723312 361.51982571
731.89019608 362.70501089
720.74945534 367.20871460
712.92723312 360.80871460
708.89760349 372.89760349
720.51241830 389.25315904
735.44575163 389.25315904
740.18649237 399.91982571
698.46797386 386.88278867
707.71241830 387.83093682
705.81612200 389.01612200
698.46797386 370.05315904
695.86056645 364.60130719
701.07538126 359.38649237
693.25315904 365.07538126
669.78649237 368.39389978
654.61612200 362.46797386
653.90501089 356.77908497
640.63093682 366.49760349
628.77908497 357.49019608
627.83093682 363.89019608
623.32723312 368.15686275
625.93464052 368.86797386
614.08278867 366.73464052
623.09019608 382.85315904
619.77167756 393.28278867
627.83093682 389.72723312
646.79389978 395.17908497
652.95686275 395.17908497
661.25315904 389.49019608
661.96427015 396.12723312
664.57167756 380.24575163
600.33464052 364.48278867
597.25315904 354.64575163
607.20871460 345.63834423
597.72723312 357.72723312
557.90501089 362.46797386
526.37908497 373.60871460
515.00130719 372.42352941
504.57167756 375.74204793
498.17167756 355.35686275
485.60871460 389.96427015
479.91982571 400.15686275
473.51982571 394.46797386
519.97908497 392.33464052
517.13464052 386.88278867
527.56427015 400.15686275
532.54204793 397.07538126
551.50501089 398.49760349
562.17167756 392.80871460
567.86056645 400.63093682
588.71982571 411.29760349
455.26797386 388.89760349
432.98649237 392.69019608
1022.87814147 517.65536424
1014.18283677 495.66135825
1022.87814147 385.17983977
1018.27474486 369.32369591
748.97604356 392.34067893
1015.16689619 389.93612696
