362.54647313 521.92309651
485.97504456 575.53348612
590.70231729 758.80621339
994.65036924 397.24777184
866.23478482 344.88413547
810.13088872 296.26075885
595.68933028 347.37764197
583.22179781 287.53348612
519.63738223 287.53348612
482.23478482 242.65036924
476.00101859 204.00101859
523.37764197 206.49452508
572.00101859 221.45556404
605.66335625 207.74127833
638.07894067 182.80621339
687.94907054 200.26075885
687.94907054 164.10491469
665.50751210 134.18283677
615.63738223 161.61140820
33.40361599 408.46855106
153.09192768 347.37764197
5.97504456 301.24777184
92.00101859 275.06595365
3.48153807 218.96205755
14.70231729 179.06595365
32.15686275 16.98803158
7.22179781 9.50751210
48.36465495 20.72829132
60.83218742 15.74127833
67.06595365 13.24777184
59.58543417 46.91010950
55.84517443 35.68933028
69.55946015 64.36465495
96.98803158 38.18283677
92.00101859 13.24777184
78.28673287 12.00101859
111.94907054 9.50751210
68.52049911 97.71530430
109.66335625 98.33868093
74.13088872 133.24777184
109.66335625 151.32569391
64.78023937 181.24777184
162.02699262 247.94907054
170.13088872 211.79322638
166.39062898 159.42959002
172.00101859 110.80621339
153.92309651 96.46855106
142.70231729 73.40361599
136.46855106 73.40361599
153.92309651 59.06595365
182.59842119 29.76725236
198.80621339 27.89712249
150.80621339 30.39062898
184.46855106 58.44257703
188.20881080 42.85816145
199.42959002 51.58543417
208.15686275 27.89712249
205.03997963 7.94907054
188.20881080 8.57244716
178.23478482 14.80621339
226.85816145 6.70231729
239.32569391 11.06595365
247.42959002 28.52049911
231.22179781 30.39062898
223.11790171 39.74127833
245.55946015 54.70231729
269.87114846 67.16984976
251.16984976 98.96205755
269.24777184 110.80621339
299.16984976 133.24777184
296.05296664 103.32569391
292.93608352 69.03997963
327.22179781 90.85816145
337.19582378 69.03997963
284.20881080 165.66335625
296.05296664 29.76725236
284.83218742 34.13088872
285.45556404 23.53348612
271.74127833 11.06595365
260.52049911 12.31270690
268.00101859 6.70231729
292.31270690 1.71530430
317.24777184 4.83218742
329.09192768 2.33868093
344.67634326 4.20881080
360.88413547 38.49452508
334.70231729 45.97504456
327.22179781 24.15686275
315.37764197 29.76725236
466.85816145 50.33868093
499.89712249 80.88413547
485.55946015 128.88413547
509.87114846 150.07894067
452.52049911 170.65036924
444.41660300 142.59842119
410.75426534 118.28673287
428.83218742 52.20881080
413.87114846 58.44257703
412.62439521 39.74127833
436.93608352 14.80621339
459.37764197 11.06595365
476.83218742 31.01400560
456.26075885 34.75426534
426.33868093 12.31270690
322.85816145 12.93608352
357.14387573 1.71530430
378.33868093 3.58543417
390.80621339 4.20881080
495.32569391 1.71530430
522.75426534 19.79322638
532.10491469 43.48153807
540.83218742 55.94907054
541.45556404 72.15686275
550.18283677 25.40361599
546.44257703 6.70231729
550.80621339 6.70231729
578.85816145 7.94907054
585.09192768 38.49452508
595.68933028 4.83218742
617.50751210 35.37764197
636.83218742 6.70231729
631.84517443 6.70231729
649.92309651 23.53348612
657.40361599 9.19582378
674.23478482 28.52049911
690.44257703 7.94907054
681.09192768 1.71530430
694.80621339 16.67634326
704.78023937 16.67634326
712.88413547 23.53348612
687.32569391 55.32569391
697.29971989 47.22179781
727.84517443 32.88413547
741.55946015 26.65036924
732.20881080 8.57244716
727.84517443 3.58543417
762.13088872 29.76725236
778.96205755 30.39062898
783.94907054 19.16984976
781.45556404 2.33868093
796.41660300 50.33868093
782.70231729 143.84517443
747.79322638 123.89712249
729.71530430 72.78023937
617.50751210 95.84517443
836.72829132 34.13088872
825.50751210 22.28673287
814.91010950 23.53348612
807.42959002 11.06595365
835.48153807 16.67634326
850.44257703 12.31270690
858.54647313 12.31270690
867.27374586 21.03997963
874.75426534 38.49452508
890.96205755 24.15686275
901.55946015 23.53348612
912.15686275 31.01400560
905.29971989 16.67634326
925.24777184 50.33868093
942.70231729 67.16984976
935.84517443 80.26075885
927.74127833 96.46855106
922.13088872 109.55946015
912.78023937 110.80621339
931.48153807 155.68933028
942.07894067 160.05296664
919.01400560 207.42959002
904.05296664 226.13088872
910.91010950 161.92309651
890.33868093 165.66335625
861.03997963 160.05296664
826.75426534 216.15686275
1014.39062898 175.01400560
1008.78023937 64.05296664
992.57244716 2.33868093
986.33868093 2.33868093
280.26075885 278.80621339
15.56823398 580.22375238
245.02642796 199.22040790
104.61171224 34.51137780
125.37425405 39.64850154
12.78562529 60.19699652
23.05987278 55.91606007
133.50803331 7.32743131
158.97960522 1.76221392
341.34749820 149.13345137
365.32074234 1.97626074
301.53478917 2.02977244
245.02642796 86.20368549
212.27726408 25.94950489
795.55485606 116.38428749
929.97626074 71.96957178
998.68529084 79.88930422
942.17692963 1.54816709
753.60167880 13.96288281
