65.62475265 486.76236733
118.46878935 588.92750495
350.10181687 328.23025724
583.49631229 318.54218385
734.10181687 248.08346825
793.99172513 392.52383522
907.60640403 497.33117467
1000.08346825 534.32200036
337.77154164 114.21190862
177.47796366 104.52383522
133.44126641 108.92750495
124.48713797 78.76236733
107.75319302 79.20273430
162.35869761 49.25778018
316.04677100 33.84493614
282.57888109 37.36787192
13.88163339 20.96420219
52.85411045 28.01007375
79.05594531 18.54218385
118.24860586 20.52383522
173.51466091 17.88163339
201.25778018 23.16603706
219.53300953 23.38622054
211.89998201 9.78989027
246.02842238 28.89080770
502.54218385 26.24860586
511.12933981 33.51466091
597.44126641 40.56053247
631.12933981 41.00089944
159.83579251 0.90602662
79.99632763 3.04649485
43.82241458 1.76221392
