1.19582378 349.55946015
17.40361599 342.07894067
29.87114846 350.80621339
67.27374586 350.80621339
53.55946015 328.98803158
46.07894067 322.13088872
42.33868093 317.14387573
58.54647313 317.14387573
67.89712249 317.14387573
81.61140820 313.40361599
77.24777184 319.01400560
44.20881080 319.01400560
152.05296664 314.65036924
166.39062898 302.80621339
140.20881080 328.98803158
111.53348612 304.67634326
105.29971989 307.79322638
103.42959002 315.89712249
190.70231729 309.66335625
196.93608352 310.28673287
200.05296664 315.89712249
178.85816145 327.11790171
185.71530430 360.78023937
224.36465495 352.05296664
185.09192768 402.54647313
140.20881080 385.71530430
143.32569391 373.87114846
132.72829132 373.87114846
120.88413547 390.07894067
167.01400560 414.39062898
178.23478482 459.89712249
155.79322638 473.61140820
127.11790171 481.09192768
279.22179781 459.27374586
291.06595365 446.80621339
306.65036924 437.45556404
293.55946015 370.13088872
307.27374586 366.39062898
298.54647313 350.80621339
281.09192768 347.68933028
282.33868093 338.96205755
275.48153807 339.58543417
266.13088872 359.53348612
309.14387573 280.98803158
281.71530430 283.48153807
292.31270690 302.18283677
310.39062898 298.44257703
329.71530430 298.44257703
349.03997963 300.31270690
358.39062898 300.31270690
367.11790171 302.18283677
364.00101859 317.14387573
387.68933028 315.89712249
396.41660300 312.78023937
402.65036924 322.75426534
408.26075885 298.44257703
442.54647313 291.58543417
441.29971989 282.85816145
430.07894067 306.54647313
425.09192768 305.29971989
461.87114846 303.42959002
416.36465495 340.83218742
380.20881080 345.19582378
444.41660300 336.46855106
458.13088872 337.71530430
464.36465495 356.41660300
473.09192768 339.58543417
480.57244716 334.59842119
501.14387573 305.29971989
504.88413547 327.74127833
489.29971989 368.26075885
420.72829132 413.14387573
393.92309651 433.71530430
387.06595365 393.19582378
392.05296664 378.23478482
365.87114846 385.71530430
357.76725236 376.98803158
489.29971989 282.85816145
499.89712249 276.62439521
508.00101859 274.13088872
508.00101859 267.27374586
493.66335625 257.29971989
498.02699262 255.42959002
488.05296664 261.03997963
509.24777184 302.80621339
483.79322638 272.72829132
499.68933028 263.37764197
519.94907054 253.09192768
525.87114846 265.55946015
529.92309651 253.40361599
532.41660300 267.74127833
536.46855106 262.75426534
548.31270690 296.72829132
533.66335625 296.72829132
534.59842119 302.02699262
530.54647313 302.65036924
524.00101859 302.02699262
529.61140820 309.81920041
483.79322638 345.35166794
533.03997963 342.23478482
544.26075885 332.26075885
615.32569391 296.72829132
625.92309651 288.00101859
626.23478482 281.76725236
645.87114846 281.76725236
636.52049911 301.40361599
617.19582378 335.06595365
623.74127833 316.98803158
616.26075885 322.28673287
656.78023937 333.81920041
627.48153807 404.10491469
657.40361599 386.65036924
695.42959002 408.46855106
709.14387573 333.66335625
851.89712249 392.10491469
830.07894067 387.11790171
859.37764197 368.72829132
867.16984976 351.27374586
884.62439521 397.09192768
873.40361599 283.01400560
875.58543417 288.31270690
851.89712249 275.22179781
802.33868093 292.67634326
758.70231729 294.85816145
744.36465495 337.24777184
735.01400560 331.63738223
722.23478482 299.84517443
710.39062898 296.72829132
711.63738223 292.05296664
709.45556404 288.31270690
713.50751210 325.40361599
907.06595365 329.45556404
938.54647313 291.74127833
941.03997963 287.37764197
949.45556404 277.71530430
959.11790171 287.37764197
971.89712249 299.53348612
980.93608352 282.07894067
1014.59842119 272.10491469
1011.16984976 358.44257703
1022.70231729 289.55946015
1013.35166794 287.37764197
815.11790171 425.92309651
563.27374586 516.93608352
547.06595365 493.24777184
3.48153807 386.02699262
81.92274903 306.88595974
500.06321726 267.60836776
503.38094301 255.08662863
499.74214703 249.84248147
528.31739786 260.54482261
550.57826743 253.69532428
554.96622729 253.05318382
515.15351826 262.04315037
788.27726408 285.90937111
999.96957178 268.89264870
994.72542462 265.89599318
636.30401994 286.76555840
632.45117713 394.00301659
