300.62634631 731.49958575
14.57939796 309.64043082
147.98784866 315.64982049
147.98784866 345.69676885
223.70615852 208.68268434
212.88925711 279.59348246
234.52305993 285.60287213
485.71554819 360.11930406
614.31648716 350.50428059
674.41038387 357.71554819
708.06296603 406.99254350
771.76249655 445.45263739
694.84230875 334.87986744
676.81413974 321.65921016
656.38221486 291.61226181
645.56531345 275.98784866
625.13338857 308.43855289
462.87986744 279.59348246
482.71085336 302.42916321
523.57470312 300.62634631
541.00193317 243.53714444
563.83761392 270.57939796
574.65451533 268.77658105
606.50428059 277.18972659
734.50428059 281.99723833
726.09113505 268.77658105
705.05827120 236.92681580
700.25075946 201.47141674
679.81883458 205.67798951
548.81413974 151.59348246
593.88456228 209.28362331
588.47611157 207.48080641
583.06766087 211.68737918
541.60287213 205.67798951
528.38221486 211.68737918
515.76249655 179.83761392
507.95028998 159.40568904
483.91273129 171.42446838
471.89395195 190.65451533
500.13808340 199.06766087
482.10991439 210.48550124
447.25545429 203.27423364
278.39160453 259.16155758
248.34465617 153.39629936
265.77188622 148.58878763
278.99254350 164.21320077
290.41038387 149.18972659
300.02540735 142.57939796
337.88456228 154.59817730
354.10991439 175.03010218
348.10052472 182.24136979
381.75310688 186.44794256
760.94559514 232.11930406
756.73902237 209.28362331
800.60756697 233.92212096
816.83291908 229.11460922
799.40568904 315.04888152
844.47611157 305.43385805
868.51367026 308.43855289
920.79536040 306.03479702
941.82822425 354.71085336
973.67798951 305.43385805
972.47611157 293.41507871
960.45733223 259.76249655
877.52775476 192.45733223
884.73902237 208.08174537
920.79536040 196.66390500
939.42446838 222.50428059
888.94559514 247.74371721
869.11460922 237.52775476
854.69207401 235.12399890
1013.33996134 239.33057167
1019.34935101 275.38690969
111.33057167 141.67798951
146.78597073 141.07705054
161.20850594 142.27892847
388.36343552 115.83761392
383.55592378 99.01132284
471.89395195 139.87517260
576.15686275 128.58495639
