264.92398603 483.35060051
547.47584513 693.76155942
418.22339895 262.41909366
273.94159856 8.42300756
194.28602126 8.42300756
116.13337938 38.48171597
167.23318368 74.55216607
237.87114846 112.12555159
663.20187253 122.64609954
783.43670619 118.13729327
831.53063965 68.54042439
885.63631480 29.46410345
962.28602126 101.60500365
1010.37995472 42.99052224
990.84179425 575.02966118
776.08493467 93.11989971
132.00970555 3.79565873
311.80903666 4.65184602
363.60836776 134.36422060
437.66856843 99.68863532
514.72542462 34.19030756
516.43779920 3.79565873
603.34080923 2.93947144
424.39766542 54.73880254
564.38428749 215.48796642
