227.80644952 346.07421812
293.81636688 337.18826770
425.83620159 476.82463134
795.23785448 692.62628423
890.44446605 620.26925944
585.78330903 334.64942473
372.52049911 243.25107762
387.75355696 193.74363960
300.16347432 117.57835035
166.87421812 88.38165613
196.07091233 102.34529250
56.43454870 50.29901151
20.89074704 64.26264787
5.65768919 3.33041646
211.30397018 19.83289580
287.46925944 78.22628423
300.16347432 4.59983795
353.47917679 22.37173878
367.44281316 16.02463134
404.25603630 8.40810241
409.33372225 79.49570572
442.33868093 104.88413547
441.06925944 17.29405283
460.11058175 26.18000324
474.07421812 42.68248258
482.96016853 42.68248258
504.54033382 62.99322638
527.38992060 42.68248258
598.47752390 150.58330903
628.94363960 187.39653217
642.90727597 215.32380489
664.48744126 126.46430076
613.71058175 85.84281316
606.09405283 68.07091233
588.32215200 9.67752390
686.06760655 99.80644952
792.69901151 106.15355696
813.00975531 145.50562308
793.96843299 169.62463134
955.18496192 179.78000324
970.41801977 188.66595365
981.84281316 292.75851564
1016.11719332 427.31719332
315.39653217 9.99487927
625.98165613 3.64777184
650.10066440 7.45603630
664.06430076 4.91719332
639.31058175 4.28248258
718.64942473 15.70727597
683.74033382 6.82132556
759.90562308 8.72545779
752.92380489 8.72545779
773.86925944 5.55190407
811.95190407 4.28248258
842.41801977 22.05438341
864.63289580 40.46099498
879.23124291 45.53868093
865.26760655 28.40149084
874.78826770 10.62959002
940.16347432 51.88578836
957.93537514 31.57504456
963.01306109 42.36512721
980.78496192 19.51554043
992.84446605 36.01801977
1013.15520985 72.19653217
