500.73206936 748.48082969
230.34529250 363.84611894
314.12711068 400.65934208
376.32876357 351.15190407
317.93537514 291.48909415
218.92049911 216.59322638
6.92711068 206.43785448
489.30727597 313.06925944
658.14033382 390.50397018
730.49735861 423.50892886
887.90562308 504.75190407
914.56347432 361.30727597
744.46099498 346.07421812
674.64281316 208.97669746
904.40810241 263.56182142
958.99322638 295.29735861
979.30397018 269.90892886
484.22959002 159.46925944
372.52049911 168.35520985
32.31554043 104.88413547
78.01471398 113.77008589
119.90562308 104.88413547
22.16016853 74.41801977
81.82297845 59.18496192
84.36182142 13.48578836
122.44446605 68.07091233
140.21636688 92.18992060
141.48578836 29.98826770
166.87421812 19.83289580
182.10727597 61.72380489
189.72380489 79.49570572
218.92049911 60.45438341
197.34033382 18.56347432
262.08082969 62.99322638
272.23620159 109.96182142
302.70231729 117.57835035
306.51058175 95.99818506
331.89901151 99.80644952
411.87256522 131.54198671
380.13702803 49.02959002
399.17835035 54.10727597
425.83620159 41.41306109
355.70066440 23.16512721
388.07091233 17.45273051
407.11223465 1.26760655
461.69735861 16.81801977
471.21801977 22.84777184
476.93041646 15.23124291
466.14033382 2.85438341
506.76182142 35.22463134
463.91884622 103.77339167
498.51058175 142.80810241
511.52215200 132.33537514
534.37173878 133.92215200
568.96347432 132.97008589
581.34033382 152.96347432
565.15520985 112.97669746
558.49074704 91.39653217
521.67752390 84.73206936
503.90562308 95.83950737
517.55190407 38.39818506
533.73702803 30.46430076
537.22793713 43.47587101
556.26925944 55.53537514
569.59818506 60.93041646
481.05603630 1.26760655
505.49239994 1.58496192
529.29405283 2.21967266
551.82628423 16.50066440
576.58000324 21.57835035
568.01140820 18.72215200
570.86760655 32.68578836
589.27421812 35.85934208
577.84942473 81.24116027
588.95686275 22.53041646
583.56182142 9.20149084
604.18992060 25.06925944
627.67421812 110.27917679
605.45934208 75.37008589
628.94363960 79.81306109
638.46430076 97.58496192
620.05768919 56.32876357
642.90727597 66.48413547
649.25438341 48.07752390
664.48744126 80.44777184
682.89405283 80.44777184
705.74363960 84.89074704
694.95355696 72.19653217
672.10397018 40.46099498
647.98496192 19.51554043
622.59653217 16.97669746
663.85273051 24.59322638
678.45107762 20.78496192
733.98826770 82.19322638
738.43124291 91.71388754
770.80149084 91.07917679
795.55520985 111.07256522
766.99322638 68.54694539
722.88082969 62.51719332
682.25934208 33.32049911
697.49239994 27.60810241
700.66595365 33.63785448
722.56347432 31.41636688
718.43785448 47.91884622
748.26925944 41.25438341
748.58661481 52.04446605
759.05934208 57.43950737
773.02297845 44.74529250
764.45438341 14.27917679
766.04116027 6.02793713
772.38826770 24.11719332
788.89074704 47.28413547
805.07587101 47.28413547
799.99818506 12.69239994
815.23124291 18.08744126
820.94363960 12.37504456
822.53041646 2.85438341
796.50727597 42.20644952
847.28413547 57.59818506
858.07421812 63.94529250
854.90066440 13.16843299
862.51719332 6.82132556
874.57669746 17.61140820
874.57669746 28.40149084
893.61801977 19.51554043
889.80975531 27.13206936
956.45438341 36.01801977
892.98330903 51.88578836
884.09735861 69.02297845
876.48082969 83.62132556
912.65934208 80.44777184
928.52711068 85.52545779
875.21140820 144.55355696
879.65438341 186.44446605
910.12049911 197.86925944
905.67752390 144.55355696
938.04777184 131.85934208
953.91554043 121.70397018
953.91554043 261.34033382
1001.83620159 90.12711068
981.84281316 37.76347432
975.49570572 30.46430076
971.68744126 23.16512721
967.56182142 14.27917679
978.66925944 14.27917679
996.75851564 32.68578836
1004.37504456 25.06925944
1011.67421812 36.17669746
1017.38661481 26.02132556
1023.41636688 76.79818506
1008.81801977 4.12380489
785.45273051 5.94859828
45.10669552 2.93947144
