24.19442143 378.14747307
83.08644021 267.57470312
53.03949185 235.12399890
128.75780171 349.30240265
9.77188622 108.92681580
7.36813035 80.08174537
57.84700359 144.98315382
44.62634631 68.06296603
6.16625242 22.39160453
99.91273129 86.09113505
168.41977354 54.84230875
197.26484397 83.68737918
253.75310688 56.04418669
238.12869373 58.44794256
352.30709749 92.10052472
393.17094725 60.85169843
434.03479702 64.45733223
458.07235570 46.42916321
483.31179232 72.87047777
454.46672190 147.38690969
554.22259044 250.74841204
545.80944490 290.41038387
580.66390500 157.00193317
522.97376415 102.91742613
531.38690969 54.84230875
506.14747307 41.62165148
492.92681580 33.20850594
578.26014913 29.60287213
609.50897542 42.82352941
631.14277824 47.63104115
672.00662800 66.86108810
724.88925711 75.27423364
728.49489091 108.92681580
769.35874068 84.88925711
708.06296603 141.37752002
662.39160453 164.21320077
831.85639326 200.26953880
821.03949185 257.95967965
834.26014913 149.79066556
865.50897542 135.36813035
858.29770782 108.92681580
876.32587683 63.25545429
903.96906932 60.85169843
923.19911627 125.75310688
984.49489091 102.91742613
982.09113505 189.45263739
1019.34935101 443.04888152
1021.75310688 367.33057167
809.02071251 66.86108810
804.21320077 50.03479702
840.26953880 34.41038387
815.03010218 25.99723833
772.96437448 39.21789561
736.90803645 42.82352941
710.46672190 44.02540735
973.67798951 47.63104115
948.43855289 34.41038387
1012.13808340 69.26484397
667.19911627 22.09113505
637.75310688 19.08644021
623.93151063 20.88925711
700.25075946 17.28362331
881.73432753 40.72024303
875.12399890 86.99254350
914.78597073 44.92681580
1001.32118199 19.08644021
992.30709749 14.87986744
1021.15216791 38.31648716
1013.94090030 99.61226181
461.07705054 313.54653411
929.80944490 114.03479702
564.43855289 21.49019608
864.30709749 7.51836509
948.43855289 9.92212096
984.79536040 6.91742613
140.77658105 12.47611157
50.03479702 6.31648716
713.68333627 3.09792169
