34.13661528 415.83290324
413.09724520 575.94088974
428.07137343 448.08487174
474.14561415 391.64392686
262.20410684 237.29522045
247.22997861 150.90601910
314.03762765 211.95438805
439.58993361 211.95438805
535.19398311 215.40995611
590.48307197 169.33571539
671.11299323 167.03200335
869.23222832 205.04325195
1008.60680650 353.63267827
847.34696398 89.85765015
921.06574913 64.51681775
967.13998985 77.18723395
1021.27722270 67.97238580
903.78790886 8.07587287
843.89139593 6.92401685
754.04662652 40.32784137
757.50219458 16.13886499
724.09837006 42.63155341
734.46507422 6.92401685
44.50331944 205.04325195
37.59218333 141.69117096
153.92964115 94.46507422
125.13324070 44.93526544
145.86664902 40.32784137
151.62592911 16.13886499
105.55168839 12.68329694
221.88914621 51.84640155
193.09274576 12.68329694
266.81153091 18.44257703
286.39308322 24.20185712
315.18948367 23.05000110
315.18948367 58.75753766
277.17823507 46.08712146
441.89364565 18.44257703
538.64955116 14.98700898
573.20523170 17.29072101
552.47182338 3.46844880
5.34021483 214.25810009
32.98475926 9.22772889
167.75191336 9.22772889
428.27274686 3.60941020
485.55946015 81.35566394
180.81238114 38.89933766
232.18361860 18.77893632
245.02642796 26.48462194
389.29398649 49.17358515
