954.75426534 344.88413547
863.74127833 323.68933028
826.33868093 348.62439521
823.84517443 371.06595365
972.20881080 467.06595365
949.76725236 493.24777184
975.94907054 594.23478482
775.22179781 711.42959002
757.76725236 501.97504456
691.68933028 565.55946015
663.01400560 508.20881080
578.23478482 672.78023937
505.92309651 703.94907054
222.91010950 585.50751210
346.33868093 600.46855106
19.68933028 629.14387573
13.45556404 571.79322638
38.39062898 493.24777184
62.07894067 528.15686275
25.92309651 475.79322638
3.48153807 334.91010950
47.11790171 400.98803158
67.06595365 400.98803158
146.85816145 425.92309651
190.49452508 388.52049911
165.55946015 429.66335625
616.88413547 399.74127833
497.19582378 376.05296664
360.05296664 348.62439521
494.70231729 260.10491469
63.26059019 355.76134917
123.02277605 354.21909921
156.18115015 369.25603630
218.25671095 347.66453689
210.15989867 333.01316229
160.42233753 334.94097474
112.99815133 334.94097474
72.51408993 320.67516263
34.72896597 308.72272545
27.40327867 281.73335119
51.69371550 272.09428896
9.66740415 234.69472748
46.68140314 227.36904018
113.76927631 260.91297676
169.29027479 272.09428896
206.30427378 250.11722706
233.67921053 256.67178938
87.93658951 296.38472579
13.13746656 205.39197828
33.18671601 202.69304085
144.99983795 211.56097811
168.51914981 227.75460267
287.27239656 239.32147735
305.39383357 231.22466507
166.59133736 201.53635338
154.10356539 39.98567030
105.52876357 116.64277943
90.72862864 119.29921390
114.63653891 122.71462965
125.64176745 137.89425522
75.54900307 140.93018034
65.68224645 136.75578331
42.91280810 141.68916162
53.15905536 147.00203056
44.05128002 162.18165613
36.08197659 163.32012805
37.59993915 171.66892211
11.03559440 170.15095956
1.16883778 164.83809061
9.13814121 186.08956641
2.68680034 224.79761161
86.55423161 178.87924426
117.67246403 178.12026298
123.74431425 173.56637531
154.86254667 111.32991048
169.28319096 98.04773810
173.45758799 68.06797760
174.59605991 57.06274907
184.08332589 67.30899633
196.60651699 52.88835204
178.39096630 79.45269678
175.73453183 109.43245728
169.28319096 127.26851732
157.13949051 136.75578331
139.68292110 163.69961869
138.92393982 187.60752896
127.15973001 189.50498216
171.56013480 175.46382851
152.58560284 170.15095956
179.52943822 144.34559609
188.63721356 170.15095956
206.09378297 178.12026298
248.21724392 178.12026298
205.33480169 120.81717646
196.22702635 114.36583559
213.68359575 120.05819518
228.86322132 108.67347600
229.24271196 127.64800796
239.86844986 123.47361093
243.28386561 108.67347600
255.80705671 104.11958833
277.81751378 91.21690660
297.93051766 59.33969290
303.62287725 85.14505637
307.03829300 96.52977555
302.10491469 101.84264450
267.95075716 116.64277943
253.90960351 124.99157349
244.42233753 134.09934883
239.48895922 139.41221778
244.04284689 147.00203056
257.32501926 143.58661481
272.12515419 148.89948376
288.06376104 139.41221778
297.93051766 135.23782075
303.24338661 120.81717646
287.68427040 165.59707189
288.06376104 184.95109449
295.65357383 192.92039791
164.04908740 33.37671432
209.48018877 13.68115015
218.93405957 14.99418776
249.65913969 18.14547803
241.78091402 18.14547803
230.22618304 24.71066608
222.34795736 22.08459086
318.98752559 47.82012805
329.75443401 54.12270859
336.31962206 41.51754751
318.72491807 83.79735861
330.01704153 129.75367502
205.27846841 21.03416077
340.76016853 165.99098317
334.74144699 170.15779039
319.46315386 164.60204743
322.70400392 177.10246909
351.40867587 176.63949051
365.29803326 159.04630447
365.29803326 146.54588282
346.77889007 132.19354684
340.76016853 101.17398199
392.15079089 102.09993915
407.89206261 105.34078921
399.55844817 172.47268329
392.15079089 175.71353335
437.52269172 168.76885465
489.37629267 182.19523347
475.94991385 182.19523347
490.76522841 168.76885465
523.17372900 218.30756269
479.65374249 147.93481856
445.39332758 121.54503950
475.02395669 105.34078921
501.41373574 98.85908909
512.06224308 123.39695382
519.00692178 102.09993915
526.87755763 122.00801808
538.45202213 143.76801134
577.80520142 140.99013986
606.04689479 177.10246909
642.15922402 175.25055477
650.95581704 163.67609027
657.90049574 121.54503950
644.47411692 106.26674637
673.17878887 122.47099666
568.54562982 104.41483205
588.91668734 110.43355359
580.12009432 97.47015335
604.65795905 110.43355359
623.17710225 99.32206767
391.81987506 35.39939943
409.27948039 31.51948713
405.39956809 47.68578836
400.87300375 48.97909246
440.31877875 38.63265968
455.19177588 39.92596377
455.19177588 11.47327361
464.89155662 15.35318590
488.17103040 2.42014492
484.93777015 17.93979410
474.59133736 24.40631459
476.53129351 47.03913632
493.34424679 42.51257197
507.57059187 0.48018877
514.68376441 13.41322975
453.89847179 74.19852238
468.12481687 78.72508673
680.22668902 149.85681215
715.14589968 215.16866912
735.19211321 190.59589125
521.79693696 47.03913632
532.14336974 50.27239656
540.54984638 42.51257197
552.18958327 72.25856624
565.12262426 85.19160722
569.64918860 30.87283508
594.86861852 21.81970639
605.21505131 14.05988180
629.14117713 9.53331746
650.48069476 60.61882935
717.73250788 12.76657771
730.66554886 56.09226501
719.67246403 56.09226501
693.15973001 63.20543755
699.62625050 77.43178263
672.46686443 54.15230886
678.93338492 62.55878550
687.98651361 101.35790845
639.48760992 83.25165107
636.25434967 69.67195804
629.78782918 78.72508673
618.14809229 78.72508673
614.26818000 87.77821542
518.72660469 7.18958327
526.65947701 8.99899464
798.99713935 168.15736873
880.34475278 118.64143013
870.44156506 115.81194792
876.10052947 62.75915656
840.02463134 40.12329891
818.09614424 48.61174552
804.65610376 18.90218236
772.11705839 4.04740078
760.79912957 19.60955291
787.67921053 15.36532960
802.53399211 43.66015166
762.92124122 48.61174552
748.77383019 72.66234428
793.33817494 78.32130869
790.50869273 100.95716634
777.77602281 120.76354178
759.38438847 112.27509516
556.86996782 1.75072343
586.01484891 3.11688973
660.69860672 50.47732151
770.90268835 14.04622014
666.16327192 96.92697575
408.83618342 2.65036924
517.82910355 1.17358515
589.85585940 18.45786609
636.94616040 4.43779920
539.55485606 10.75218047
545.54816709 2.72542462
540.41104335 94.23044134
560.95953833 106.85920388
826.59164535 5.82910355
784.85251492 0.90602662
