2.84388565 711.72938183
354.59961084 604.73701542
269.59197725 540.24846580
190.44693908 352.64541236
232.95075587 292.55380931
212.43167191 264.70648107
379.51564137 197.28663374
464.52327496 112.27900015
496.76754977 166.50800778
530.47747343 148.92022152
518.75228259 367.30190091
473.31716809 343.85151923
455.72938183 321.86678641
638.93548870 607.66831313
696.09579404 625.25609939
682.90495435 383.42403832
769.37823679 339.45457267
828.00419099 324.79808412
817.74464900 280.82861847
863.17976351 263.24083221
984.82861847 244.18739710
873.43930549 220.73701542
829.46983984 195.82098488
745.92785511 185.56144290
709.28663374 207.54617572
690.23319862 128.40113755
641.86678641 138.66067954
876.37060320 195.82098488
713.68358030 99.08816046
732.73701542 106.41640473
784.03472534 109.34770244
753.86678641 80.40113755
769.25609939 56.95075587
797.10342763 54.75228259
811.75991618 53.28663374
830.08052687 49.62251160
841.07289328 54.75228259
865.25609939 51.82098488
861.59197725 35.69884748
875.51564137 38.63014519
886.50800778 33.50037420
897.50037420 37.89732076
916.55380931 53.28663374
930.47747343 127.30190091
963.45457267 84.79808412
1008.88968717 82.59961084
987.63777878 107.51564137
1008.88968717 128.76754977
1015.48510702 10.04999252
35.26054167 182.73880254
134.15017378 200.71873565
204.78562529 188.94616040
367.46121057 128.79900321
