970.96205755 539.37764197
946.02699262 353.61140820
805.14387573 296.26075885
847.53348612 262.59842119
838.80621339 226.44257703
767.74127833 260.10491469
777.71530430 212.72829132
731.58543417 204.00101859
696.67634326 223.94907054
669.24777184 230.18283677
649.29971989 261.35166794
624.36465495 192.78023937
666.75426534 191.53348612
630.59842119 260.10491469
578.23478482 336.15686275
441.09192768 336.15686275
464.78023937 301.24777184
499.68933028 270.07894067
576.98803158 199.01400560
559.53348612 179.06595365
352.57244716 337.40361599
313.92309651 366.07894067
237.87114846 339.89712249
123.16984976 317.45556404
169.29971989 235.16984976
227.89712249 240.15686275
262.80621339 247.63738223
287.74127833 197.76725236
327.63738223 201.50751210
326.39062898 164.10491469
264.05296664 137.92309651
175.53348612 122.96205755
159.32569391 142.91010950
149.35166794 125.45556404
135.63738223 134.18283677
79.53348612 170.33868093
74.54647313 137.92309651
30.91010950 155.37764197
37.14387573 139.16984976
8.46855106 137.92309651
4.72829132 160.36465495
21.76725236 97.71530430
11.79322638 82.75426534
1.19582378 82.13088872
9.29971989 69.66335625
3.06595365 47.84517443
12.41660300 48.46855106
9.29971989 40.98803158
36.72829132 81.50751210
26.75426534 72.15686275
29.87114846 52.20881080
15.53348612 42.85816145
35.48153807 45.35166794
45.45556404 49.71530430
49.81920041 48.46855106
42.96205755 63.42959002
52.93608352 68.41660300
57.92309651 67.79322638
67.89712249 72.15686275
49.19582378 88.98803158
78.49452508 69.03997963
90.96205755 68.41660300
84.72829132 85.24777184
100.31270690 70.28673287
107.16984976 71.53348612
102.80621339 90.85816145
100.93608352 47.22179781
101.55946015 42.85816145
92.83218742 49.71530430
94.07894067 40.98803158
90.33868093 31.01400560
115.27374586 60.93608352
115.27374586 54.07894067
130.23478482 82.13088872
131.48153807 67.16984976
128.98803158 56.57244716
137.09192768 52.20881080
145.81920041 47.84517443
143.94907054 51.58543417
157.03997963 59.06595365
154.54647313 50.33868093
161.40361599 51.58543417
167.63738223 56.57244716
173.87114846 48.46855106
178.85816145 52.83218742
188.83218742 58.44257703
186.96205755 50.33868093
193.19582378 51.58543417
196.93608352 54.07894067
196.93608352 39.74127833
208.15686275 36.62439521
201.92309651 45.35166794
204.41660300 54.07894067
214.39062898 47.84517443
210.02699262 47.84517443
234.96205755 47.22179781
237.45556404 42.85816145
226.85816145 39.11790171
264.26075885 59.68933028
243.06595365 47.22179781
265.50751210 49.71530430
258.02699262 39.74127833
263.01400560 37.24777184
247.42959002 32.88413547
283.58543417 43.48153807
283.58543417 31.01400560
297.29971989 36.62439521
291.06595365 37.24777184
329.71530430 41.61140820
337.19582378 29.76725236
342.80621339 21.66335625
368.36465495 54.07894067
372.10491469 23.53348612
368.98803158 25.40361599
387.68933028 23.53348612
423.84517443 52.20881080
436.93608352 54.07894067
418.23478482 65.29971989
430.70231729 78.39062898
433.81920041 90.85816145
412.00101859 77.14387573
399.53348612 82.75426534
317.24777184 62.80621339
303.53348612 60.31270690
284.83218742 49.71530430
233.71530430 85.87114846
221.87114846 79.01400560
225.61140820 55.32569391
229.35166794 50.33868093
229.97504456 135.74127833
211.27374586 113.92309651
205.66335625 97.71530430
176.98803158 84.62439521
153.29971989 87.74127833
274.85816145 141.97504456
296.05296664 113.92309651
307.27374586 102.07894067
334.70231729 97.71530430
378.33868093 115.16984976
390.18283677 112.05296664
443.16984976 133.24777184
463.11790171 107.68933028
478.07894067 76.52049911
470.59842119 54.07894067
476.20881080 54.07894067
490.54647313 68.41660300
491.79322638 81.50751210
498.65036924 94.59842119
514.65036924 96.46855106
512.15686275 58.44257703
522.75426534 45.35166794
541.45556404 80.26075885
565.14387573 58.44257703
578.85816145 58.44257703
604.41660300 55.32569391
592.57244716 54.70231729
628.72829132 57.19582378
629.35166794 74.65036924
628.10491469 85.24777184
595.06595365 103.94907054
568.26075885 107.68933028
607.53348612 155.68933028
662.39062898 148.83218742
684.83218742 144.46855106
721.61140820 102.70231729
699.79322638 98.96205755
696.67634326 63.42959002
734.70231729 55.94907054
739.68933028 82.13088872
755.89712249 51.58543417
789.55946015 75.89712249
797.66335625 74.02699262
828.83218742 91.48153807
797.66335625 139.48153807
802.65036924 164.41660300
749.03997963 151.32569391
730.96205755 170.02699262
732.83218742 146.33868093
734.07894067 139.48153807
734.07894067 125.76725236
734.07894067 112.05296664
856.05296664 143.84517443
429.03997963 265.40361599
864.15686275 159.42959002
876.00101859 143.84517443
857.92309651 93.97504456
860.41660300 65.29971989
842.96205755 11.06595365
811.16984976 21.03997963
868.52049911 10.44257703
905.29971989 7.94907054
924.62439521 14.80621339
897.19582378 71.53348612
947.06595365 71.53348612
972.62439521 84.62439521
987.58543417 56.57244716
995.68933028 122.02699262
999.42959002 176.88413547
1011.27374586 209.29971989
931.48153807 218.65036924
919.01400560 189.97504456
947.06595365 171.27374586
923.37764197 152.57244716
898.44257703 155.68933028
858.54647313 196.20881080
952.67634326 360.15686275
311.65336624 37.17584376
20.87214746 32.22079881
20.61640320 42.45056904
120.66522395 71.75552495
235.60836776 122.59164535
