31.40568904 694.24136979
221.30240265 706.26014913
300.62634631 630.54183927
627.53714444 569.24606462
373.94090030 378.14747307
146.78597073 396.17564209
103.51836509 345.69676885
104.72024303 275.98784866
164.81413974 320.45733223
403.98784866 271.18033692
432.83291908 291.61226181
688.83291908 256.75780171
77.07705054 203.87517260
4.96437448 152.19442143
72.26953880 71.66859983
235.72493786 59.64982049
258.56061861 72.87047777
239.33057167 98.10991439
280.19442143 100.51367026
298.22259044 63.25545429
347.49958575 138.97376415
385.95967965 75.27423364
403.98784866 77.67798951
478.50428059 125.75310688
500.13808340 105.32118199
574.65451533 81.28362331
620.32587683 75.27423364
565.03949185 71.36813035
539.19911627 59.95028998
522.37282519 44.92681580
629.94090030 40.11930406
585.47141674 35.91273129
624.53244960 20.88925711
656.38221486 29.90334162
682.82352941 44.92681580
726.09113505 40.11930406
825.84700359 96.60756697
851.08644021 92.40099420
769.35874068 14.87986744
783.18033692 16.68268434
798.20381110 16.68268434
810.82352941 17.88456228
852.28831814 21.49019608
865.50897542 17.88456228
877.52775476 25.09582988
490.52305993 19.23667495
517.86578293 14.12869373
537.39629936 12.92681580
552.11930406 17.43385805
498.63573598 62.20381110
571.34935101 27.95028998
566.24136979 18.03479702
650.07235570 14.72963270
679.81883458 10.82352941
687.63104115 9.02071251
523.27423364 7.51836509
727.29301298 8.41977354
712.87047777 7.51836509
703.25545429 12.92681580
742.61695664 10.52305993
809.32118199 8.41977354
818.63573598 9.62165148
826.14747307 9.62165148
737.20850594 7.51836509
630.54183927 6.31648716
433.38763198 12.30471489
37.49552408 48.10891070
878.12689272 7.25376584
861.24777184 4.18483477
914.44257703 5.20781180
