10.76648841 509.07664884
5.29055258 313.31194296
97.69696970 331.10873440
98.38146168 162.72370766
163.40819964 135.34402852
634.33868093 536.45632799
719.21568627 550.83065954
467.32263815 127.81461676
426.25311943 116.86274510
988.73440285 263.17290553
921.65418895 64.32798574
754.98039216 90.33868093
549.97504456 93.07664884
594.03921569 41.48306595
635.79322638 42.50980392
575.55793226 34.46702317
560.32798574 30.70231729
725.63279857 51.40819964
732.09269162 30.40285205
393.56862745 70.83065954
463.04456328 60.90552585
512.32798574 87.25846702
402.03921569 43.70766488
62.04697264 25.60341619
76.36865096 22.53448512
87.62139821 25.60341619
164.34467493 8.21280680
203.21780181 3.09792169
642.07494466 14.35066894
605.24777184 4.12089871
850.76225735 40.94807154
1010.34667293 74.70631329
1010.34667293 128.92409551
