45.87114846 751.32569391
599.42959002 510.70231729
544.57244716 515.68933028
487.22179781 452.10491469
447.32569391 423.42959002
751.53348612 440.88413547
768.98803158 388.52049911
133.14387573 362.33868093
104.46855106 306.23478482
90.75426534 174.07894067
48.36465495 127.94907054
126.91010950 130.44257703
211.68933028 206.49452508
266.54647313 227.68933028
342.59842119 172.83218742
335.11790171 161.61140820
381.24777184 189.03997963
398.70231729 180.31270690
438.59842119 205.24777184
512.15686275 144.15686275
518.39062898 104.26075885
502.18283677 96.78023937
487.22179781 94.28673287
431.11790171 99.27374586
403.68933028 83.06595365
388.72829132 85.55946015
371.27374586 85.55946015
352.57244716 95.53348612
331.37764197 99.27374586
296.46855106 88.05296664
262.80621339 103.01400560
247.84517443 99.27374586
131.89712249 181.55946015
477.24777184 51.89712249
463.53348612 48.15686275
512.15686275 56.88413547
525.87114846 50.65036924
615.63738223 252.62439521
588.20881080 243.89712249
629.35166794 251.37764197
648.05296664 232.67634326
690.44257703 225.19582378
701.66335625 222.70231729
717.87114846 195.27374586
746.54647313 213.97504456
739.06595365 189.03997963
690.44257703 140.41660300
1022.07894067 283.79322638
1014.59842119 271.32569391
1018.33868093 253.87114846
1019.58543417 235.16984976
1018.33868093 221.45556404
1004.62439521 241.40361599
497.19582378 103.32569391
533.97504456 39.11790171
542.07894067 50.33868093
533.97504456 51.58543417
550.80621339 60.31270690
557.66335625 68.41660300
561.40361599 47.22179781
572.00101859 51.58543417
582.59842119 56.57244716
592.57244716 62.80621339
595.68933028 54.07894067
606.91010950 58.44257703
616.88413547 62.80621339
611.89712249 36.62439521
625.61140820 55.94907054
633.09192768 58.44257703
627.48153807 64.67634326
653.66335625 52.83218742
649.92309651 64.05296664
661.14387573 56.57244716
664.88413547 60.93608352
669.24777184 70.28673287
685.45556404 57.19582378
669.87114846 47.22179781
677.35166794 40.98803158
665.50751210 31.01400560
674.85816145 29.76725236
680.46855106 27.89712249
683.58543417 23.53348612
689.19582378 36.62439521
686.70231729 45.97504456
701.03997963 49.71530430
707.27374586 60.31270690
715.37764197 63.42959002
722.85816145 67.16984976
748.41660300 58.44257703
717.87114846 45.35166794
707.27374586 34.75426534
711.63738223 26.65036924
701.03997963 26.65036924
723.48153807 38.49452508
728.46855106 32.88413547
733.45556404 27.89712249
740.31270690 50.33868093
751.53348612 48.46855106
755.27374586 27.89712249
752.15686275 16.67634326
762.85816145 25.87114846
757.87114846 16.20881080
759.42959002 11.22179781
761.61140820 39.27374586
766.59842119 32.10491469
780.93608352 38.65036924
777.19582378 38.96205755
782.18283677 47.68933028
773.45556404 51.42959002
789.35166794 56.10491469
774.39062898 67.94907054
786.23478482 50.18283677
806.80621339 76.67634326
801.81920041 85.09192768
821.14387573 72.93608352
868.20881080 81.97504456
839.22179781 98.80621339
884.72829132 98.18283677
1011.89712249 208.05296664
125.47154806 682.86615345
289.14787174 696.16485475
389.39961999 731.96905056
