1010.64575163 317.66797386
958.26056645 272.15686275
984.80871460 268.36427015
988.83834423 251.53464052
949.96427015 243.94945534
868.42352941 285.43093682
875.77167756 247.50501089
867.47538126 245.13464052
849.22352941 254.85315904
896.15686275 241.10501089
803.71241830 244.66056645
802.76427015 257.22352941
944.27538126 337.81612200
936.92723312 328.33464052
947.83093682 366.14204793
844.00871460 367.56427015
802.76427015 403.59389978
782.85315904 389.37167756
767.68278867 403.59389978
689.93464052 383.20871460
704.63093682 385.10501089
695.62352941 330.11241830
684.71982571 296.92723312
695.62352941 292.66056645
705.10501089 275.59389978
749.19389978 264.69019608
743.03093682 253.78649237
660.30501089 252.48278867
679.50501089 251.29760349
679.50501089 260.30501089
700.83834423 257.93464052
674.52723312 262.67538126
663.86056645 268.36427015
648.21612200 262.20130719
638.49760349 264.80871460
624.27538126 268.36427015
629.96427015 280.92723312
582.55686275 283.53464052
583.50501089 268.60130719
558.14204793 271.68278867
544.63093682 281.40130719
580.89760349 269.54945534
563.83093682 292.30501089
577.81612200 288.98649237
613.37167756 296.33464052
610.29019608 305.81612200
541.54945534 304.39389978
531.35686275 300.36427015
530.40871460 306.29019608
529.69760349 315.77167756
541.07538126 320.98649237
490.82352941 310.91241830
516.42352941 315.65315904
518.79389978 306.17167756
467.59389978 282.94204793
505.99389978 267.77167756
451.00130719 270.97167756
438.20130719 244.42352941
443.17908497 243.94945534
417.57908497 249.40130719
410.94204793 251.53464052
410.23093682 266.70501089
419.47538126 262.20130719
436.06797386 271.68278867
438.43834423 268.36427015
436.30501089 276.66056645
439.14945534 275.94945534
429.66797386 277.60871460
433.46056645 275.71241830
425.87538126 296.33464052
421.60871460 308.18649237
406.43834423 313.63834423
406.20130719 301.54945534
434.88278867 341.13464052
682.82352941 424.45315904
462.85315904 543.91982571
396.48278867 574.26056645
300.71982571 696.57167756
192.63093682 757.25315904
26.70501089 609.34204793
389.84575163 321.10501089
288.15686275 329.99389978
316.36427015 328.33464052
291.00130719 298.70501089
304.51241830 299.41612200
318.02352941 293.49019608
339.11982571 303.44575163
345.28278867 285.90501089
334.14204793 287.80130719
329.40130719 288.98649237
328.92723312 280.21612200
311.86056645 293.72723312
383.68278867 282.82352941
397.90501089 275.00130719
383.20871460 265.28278867
390.31982571 259.59389978
306.40871460 277.84575163
300.48278867 290.17167756
296.45315904 277.37167756
291.94945534 276.18649237
279.86056645 281.16427015
287.91982571 269.78649237
272.98649237 285.66797386
263.50501089 299.41612200
261.84575163 278.55686275
268.95686275 279.97908497
265.16427015 264.09760349
269.19389978 261.72723312
279.62352941 260.30501089
299.29760349 258.64575163
302.37908497 257.22352941
314.94204793 259.59389978
318.73464052 256.27538126
337.22352941 255.80130719
343.86056645 254.61612200
327.26797386 255.56427015
356.06797386 250.76427015
361.51982571 251.94945534
391.14945534 248.51241830
398.97167756 241.63834423
401.46056645 241.16427015
351.20871460 243.53464052
336.98649237 246.73464052
339.47538126 247.20871460
331.41612200 247.09019608
326.91241830 247.44575163
343.86056645 246.73464052
346.34945534 246.37908497
241.46056645 375.38649237
218.23093682 372.54204793
236.71982571 323.71241830
212.54204793 333.19389978
224.86797386 318.49760349
243.83093682 321.34204793
249.51982571 300.95686275
252.36427015 298.11241830
253.78649237 291.94945534
247.62352941 287.20871460
239.09019608 283.89019608
238.14204793 291.47538126
236.24575163 299.53464052
215.86056645 312.80871460
249.04575163 266.23093682
255.20871460 261.96427015
259.23834423 263.38649237
256.15686275 268.12723312
247.14945534 266.46797386
240.74945534 267.17908497
239.80130719 268.36427015
238.37908497 268.60130719
237.43093682 267.41612200
235.53464052 268.83834423
232.21612200 270.49760349
219.89019608 265.28278867
223.44575163 269.54945534
214.67538126 278.08278867
207.56427015 271.91982571
195.94945534 267.41612200
194.76427015 265.28278867
201.63834423 271.68278867
203.06056645 269.54945534
193.10501089 274.05315904
186.46797386 275.71241830
180.30501089 275.94945534
176.27538126 274.52723312
177.69760349 278.08278867
163.94945534 277.84575163
166.55686275 275.94945534
167.74204793 278.31982571
169.16427015 281.87538126
156.83834423 278.55686275
155.41612200 279.26797386
150.43834423 272.39389978
152.33464052 268.60130719
146.17167756 268.12723312
142.37908497 277.37167756
138.11241830 275.94945534
136.92723312 280.45315904
129.57908497 279.26797386
131.71241830 288.27538126
156.83834423 289.93464052
155.89019608 283.77167756
162.52723312 287.56427015
173.66797386 285.19389978
160.15686275 295.14945534
183.14945534 295.62352941
200.69019608 297.51982571
212.06797386 292.54204793
223.20871460 288.03834423
194.76427015 311.97908497
192.86797386 314.58649237
180.54204793 309.84575163
184.09760349 307.71241830
168.92723312 315.77167756
167.03093682 308.18649237
153.99389978 304.63093682
148.77908497 297.51982571
134.79389978 296.57167756
125.78649237 289.93464052
121.75686275 282.11241830
122.46797386 293.01612200
132.66056645 320.27538126
126.26056645 309.37167756
121.99389978 331.17908497
151.14945534 364.83834423
81.69760349 371.35686275
120.57167756 374.20130719
117.72723312 355.71241830
170.34945534 372.30501089
185.04575163 375.62352941
91.17908497 333.43093682
97.34204793 307.83093682
99.71241830 292.66056645
104.45315904 285.54945534
109.66797386 293.13464052
113.93464052 291.71241830
117.25315904 284.12723312
110.61612200 278.91241830
49.93464052 370.40871460
63.20871460 368.98649237
65.10501089 344.33464052
42.34945534 348.12723312
46.14204793 332.95686275
57.51982571 329.16427015
77.43093682 322.05315904
74.11241830 312.57167756
81.22352941 306.88278867
70.31982571 312.09760349
66.05315904 315.89019608
55.62352941 316.36427015
40.92723312 319.20871460
34.29019608 316.36427015
46.61612200 312.09760349
59.89019608 308.77908497
31.68278867 309.37167756
22.43834423 306.76427015
22.67538126 302.49760349
45.90501089 304.39389978
56.57167756 302.26056645
94.73464052 284.71982571
101.37167756 283.53464052
104.92723312 280.69019608
96.15686275 278.08278867
90.94204793 280.69019608
88.80871460 283.06056645
76.71982571 279.03093682
81.46056645 276.89760349
79.09019608 276.18649237
73.87538126 278.31982571
64.63093682 279.26797386
68.66056645 276.42352941
65.34204793 277.60871460
61.07538126 279.97908497
60.36427015 276.66056645
57.04575163 274.76427015
52.54204793 276.89760349
58.46797386 279.74204793
47.32723312 276.18649237
115.11982571 287.80130719
131.00130719 284.48278867
151.86056645 286.14204793
20.77908497 291.11982571
21.01612200 284.48278867
14.85315904 284.00871460
15.56427015 280.92723312
19.59389978 281.16427015
16.74945534 277.84575163
22.67538126 277.60871460
27.41612200 282.11241830
27.41612200 279.74204793
26.46797386 277.37167756
29.31241830 278.08278867
30.49760349 279.26797386
30.97167756 281.63834423
44.71982571 275.23834423
47.32723312 280.92723312
50.17167756 275.47538126
49.22352941 278.08278867
34.29019608 279.74204793
32.86797386 278.31982571
31.44575163 275.71241830
38.31982571 276.66056645
37.13464052 278.55686275
42.82352941 280.69019608
42.11241830 277.84575163
36.89760349 281.16427015
40.69019608 279.74204793
39.97908497 280.69019608
42.82352941 277.13464052
64.63093682 275.00130719
56.09760349 279.74204793
58.23093682 278.08278867
49.69760349 281.87538126
118.43834423 320.74945534
113.69760349 316.48278867
394.64237723 248.48453507
54.31070890 278.53448512
94.59042918 276.23278682
54.84582596 281.52141124
