146.17167756 489.87538126
94.97167756 589.43093682
234.34945534 477.54945534
424.92723312 642.52723312
550.08278867 696.57167756
597.49019608 664.33464052
752.98649237 585.63834423
841.16427015 492.71982571
610.76427015 473.75686275
514.05315904 466.17167756
649.63834423 391.26797386
508.36427015 433.93464052
424.92723312 433.93464052
355.71241830 416.86797386
439.14945534 408.33464052
182.20130719 396.95686275
151.86056645 345.75686275
45.66797386 371.35686275
39.03093682 360.92723312
176.51241830 325.84575163
162.29019608 326.79389978
474.23093682 330.58649237
390.79389978 330.58649237
349.07538126 315.41612200
333.90501089 290.76427015
259.00130719 317.31241830
243.83093682 309.72723312
282.70501089 297.40130719
405.01612200 294.55686275
427.77167756 309.72723312
436.30501089 293.60871460
460.00871460 300.24575163
491.29760349 293.60871460
525.43093682 310.67538126
508.36427015 321.10501089
558.61612200 345.75686275
575.68278867 312.57167756
601.28278867 313.51982571
577.57908497 282.23093682
936.92723312 366.61612200
853.49019608 359.03093682
792.80871460 360.92723312
792.80871460 347.65315904
871.50501089 357.13464052
852.54204793 334.37908497
899.94945534 350.49760349
871.50501089 283.17908497
931.23834423 281.28278867
992.57167756 186.55686275
992.27538126 191.77167756
1002.70501089 191.00130719
1011.65315904 189.34204793
1007.26797386 200.83834423
987.41612200 205.46056645
973.49019608 194.37908497
958.97167756 188.48278867
948.42352941 190.26056645
944.63093682 208.51241830
939.41612200 196.77908497
917.84575163 193.57908497
930.40871460 205.07538126
960.74945534 214.91241830
967.74204793 215.97908497
977.22352941 213.25315904
990.73464052 217.40130719
999.38649237 212.06797386
944.27538126 214.91241830
963.59389978 217.63834423
934.91241830 218.23093682
931.59389978 225.57908497
1014.08278867 194.94204793
1003.41612200 244.95686275
1008.15686275 221.72723312
932.06797386 246.14204793
991.44575163 268.00871460
982.20130719 270.61612200
937.63834423 273.93464052
830.97167756 262.31982571
1019.65315904 289.49019608
1016.33464052 282.49760349
898.88278867 328.95686275
801.34204793 322.61612200
806.08278867 280.18649237
527.56427015 225.90501089
538.94204793 218.79389978
559.32723312 223.29760349
567.86056645 239.17908497
559.32723312 246.52723312
550.55686275 242.02352941
515.23834423 251.50501089
478.02352941 256.48278867
464.03834423 278.76427015
638.73464052 228.51241830
649.87538126 225.90501089
634.46797386 210.97167756
648.21612200 218.55686275
650.11241830 212.86797386
663.38649237 211.44575163
673.34204793 219.74204793
670.73464052 250.31982571
661.25315904 259.09019608
653.90501089 216.89760349
667.89019608 216.18649237
448.63093682 234.55686275
451.47538126 226.02352941
427.77167756 249.25315904
440.57167756 245.93464052
425.40130719 269.16427015
409.75686275 241.66797386
420.66056645 212.74945534
431.09019608 214.17167756
406.43834423 204.21612200
393.16427015 208.95686275
376.09760349 202.31982571
362.82352941 208.95686275
369.93464052 227.44575163
391.26797386 244.98649237
392.21612200 236.92723312
382.26056645 259.68278867
344.80871460 253.04575163
337.22352941 242.61612200
346.70501089 214.17167756
341.49019608 202.31982571
328.21612200 211.32723312
307.35686275 250.70501089
301.66797386 272.51241830
293.60871460 224.15686275
276.54204793 203.77167756
292.66056645 210.40871460
259.94945534 212.30501089
266.58649237 208.51241830
267.53464052 195.23834423
255.68278867 199.03093682
250.94204793 200.45315904
247.62352941 243.11982571
263.26797386 259.23834423
246.20130719 271.09019608
229.60871460 266.82352941
219.65315904 265.40130719
208.74945534 273.93464052
188.83834423 264.92723312
217.75686275 228.42352941
209.22352941 208.51241830
200.21612200 199.50501089
202.58649237 192.39389978
190.73464052 196.18649237
190.73464052 204.24575163
185.51982571 212.77908497
175.56427015 231.74204793
172.71982571 211.83093682
171.77167756 205.19389978
173.19389978 199.50501089
181.72723312 192.86797386
182.20130719 200.45315904
112.98649237 218.94204793
112.51241830 208.98649237
30.97167756 218.94204793
10.58649237 223.68278867
4.89760349 224.15686275
7.74204793 282.46797386
129.57908497 276.30501089
67.47538126 286.73464052
316.76825136 195.92909052
1021.34367593 269.07194766
436.06321726 241.17358515
792.77224736 279.48796642
