1.68157180 246.24895247
39.18941461 239.84517443
52.91179612 245.33412704
84.93068632 246.24895247
31.87081113 317.60533635
148.96846673 367.92073524
130.67195804 371.58003697
135.24608521 421.89543586
27.29668396 466.72188214
39.18941461 645.11284183
55.65627243 688.10963724
224.89897777 474.95531105
189.22078583 459.40327867
353.88936401 453.91432606
375.84517443 393.53584740
193.79491301 264.54546116
277.95885296 211.48558597
309.06291773 274.60854094
382.24895247 233.44139639
416.09749354 242.58965074
440.79778027 251.73790508
499.34660806 269.11958833
536.85445087 291.99022419
584.42537346 312.11638374
694.20442557 264.54546116
652.12245559 260.88615942
640.22972495 206.91145880
473.50751210 755.06595365
380.66335625 76.80157518
380.21252137 86.71994252
382.91753065 109.71252137
384.72087017 146.68098148
410.41845829 162.00936738
409.96762341 107.90918185
436.11604642 89.87578668
463.16613918 105.20417258
466.77281822 132.25426534
441.97689985 149.38599076
451.89526720 171.92773473
473.98617629 174.63274401
504.64294809 156.14851395
518.16799447 146.23014660
513.20881080 184.10027647
543.86558260 196.72365310
595.26075885 160.65686275
591.65407981 138.11511877
592.10491469 95.28580523
558.74313362 111.06502601
643.04925607 82.66242861
666.49266980 74.99823566
261.07978398 126.64514070
248.67802989 128.37561802
492.65509179 12.94873321
507.61916667 13.43144531
774.55895416 194.44848022
813.65863370 142.79828626
584.85310157 68.94333601
598.85175227 44.32501926
615.26396344 43.84230717
631.19346251 33.22264112
643.74397693 19.70670252
653.39821879 19.70670252
634.57244716 48.66942810
643.26126484 67.49519973
674.63755089 55.42739741
678.49924763 42.39417089
691.53247415 20.18941461
703.11756438 25.49924763
721.94333601 17.29314205
723.87418438 54.46197322
759.59487927 52.04841275
776.00709044 45.29044345
776.48980253 26.94738391
854.20644952 16.32771786
813.17592161 4.74262763
796.28099835 11.98330903
765.38742439 20.67212670
772.14539369 0.39821879
767.31827276 30.80908066
750.42334951 8.12161228
744.14809229 9.56974856
720.01248764 2.81177926
831.68123448 88.88582210
899.09091571 79.99663336
944.27762510 81.84854768
951.31489951 76.66318759
973.53787135 80.36701623
979.09361431 126.66487421
946.49992228 118.88683407
952.79643097 141.10980591
890.94249270 187.77804676
893.53517275 264.44729958
1019.09496361 89.25620496
893.19211321 20.90614593
934.13004541 18.15863370
939.35031864 24.47791183
953.63738223 17.88388248
957.20914812 33.54470218
976.44173372 37.11646807
995.94907054 26.40117039
1000.34509010 43.43574620
1022.32518793 40.96298519
930.63620159 1.77501083
1020.83218742 256.36465495
902.67834127 9.81120840
922.11490470 7.25376584
918.02299661 3.67334626
674.61840121 13.96288281
579.36756509 157.80234769
