159.41953556 314.55317611
78.01861390 269.72368302
146.44257703 204.83889039
78.01861390 168.26746182
53.24442035 139.95409777
70.94027288 88.04626367
142.90340652 88.04626367
216.04626367 73.88958164
246.71907473 112.82045722
247.89879823 72.70985814
232.56239270 9.00478901
322.22137887 64.45179362
352.89418993 80.96792265
385.92644800 44.39649408
381.20755399 417.18912081
894.38727749 497.41031897
905.00478901 299.21677058
785.85271528 252.02783049
700.91262311 188.32276136
601.81584892 102.20294569
547.54856781 83.32736966
496.82045722 135.23520376
418.95870606 102.20294569
467.32736966 72.70985814
459.06930514 17.26285353
416.59925906 36.13842957
409.52091804 17.26285353
15.49326828 136.41492726
770.51630975 119.89879823
940.39649408 110.46101021
995.84349869 151.75133279
1012.35962772 70.35041113
975.78819915 17.26285353
599.45640192 62.09234662
527.49326828 11.36423602
