115.61239814 481.72492082
23.61965766 476.14960322
50.10241628 388.33835095
195.06067400 393.91366855
321.89914950 331.19134550
570.00078289 531.90277926
1016.02619124 544.44724387
1003.48172663 346.52346892
905.91366855 301.92092808
912.88281556 248.95541084
90.52346892 269.86285186
41.73943988 303.31475748
30.58880467 165.32564677
312.14234369 254.53072844
448.73762500 262.89370485
436.19316039 219.68499342
461.28208961 218.29116402
533.76121846 166.71947618
588.12056510 207.14052881
629.93544714 214.10967581
653.63054696 216.89733461
963.06067400 197.38372300
20.94815131 117.58698979
38.37101882 136.40368670
48.82473933 124.55613679
27.22038362 86.22582826
66.24760685 97.37646347
83.67047436 70.19679015
63.45994804 69.49987545
100.39642717 69.49987545
140.12056510 100.86103697
181.23853244 144.06974841
177.75395893 127.34379559
225.84107327 116.89007509
200.75214405 91.10423117
178.45087363 87.61965766
131.06067400 48.59243443
147.08971211 50.68317853
112.94089178 54.16775204
167.99715313 42.32020213
223.05341447 70.89370485
247.44542899 61.13689904
292.04796982 82.74125476
277.41276111 75.07519305
13.97900431 41.62328743
27.91729832 26.29116402
20.25123661 17.23127291
1.43453970 16.53435821
30.70495712 49.28934913
71.12600975 48.59243443
65.55069215 29.77573752
42.55250703 22.80659051
55.09697164 17.23127291
78.79207146 16.53435821
95.51802427 19.32201701
95.51802427 33.95722572
110.85014768 8.17138180
122.69769759 16.53435821
101.09334187 15.14052881
136.63599160 3.29297890
153.36194441 8.17138180
188.20767944 36.74488452
200.05522935 63.92455784
199.35831465 38.83562863
211.20586456 44.41094623
223.75032917 54.86466674
230.02256147 38.83562863
243.96085549 45.80477563
236.29479378 29.07882282
266.26212590 38.83562863
285.07882282 43.71403153
299.71403153 29.77573752
322.71221665 26.29116402
341.52891356 45.80477563
358.25486637 81.34742536
372.89007509 85.52891356
357.55795167 40.92637273
393.10060140 50.68317853
412.61421302 50.68317853
448.15686275 68.80296075
487.88100068 99.46720757
179.67047436 2.42183552
189.07882282 2.42183552
207.19860503 4.86103697
193.60876837 25.07156329
241.69588271 27.16230739
262.25486637 6.25486637
267.13326928 1.72492082
237.86285186 14.61784278
230.19679015 4.16412227
207.89551973 25.07156329
217.65232554 32.04071030
178.97355966 11.13326928
189.77573752 13.22401338
695.32927654 176.12782463
656.99896801 160.79570122
788.71584641 149.64506601
822.16775204 132.91911320
849.34742536 142.67591901
944.12782463 114.79933098
1017.30386819 97.37646347
981.76121846 82.74125476
383.11149069 236.06248888
995.00259777 93.19497527
997.09334187 58.34924024
960.85377745 68.10604605
950.40005694 56.25849614
1015.21312409 4.68680830
983.15504786 4.68680830
962.94452155 14.44361411
960.15686275 26.29116402
872.34561048 151.73581011
965.67410412 2.77029287
948.59969396 33.43453970
941.63054696 49.81203516
931.52528380 61.31112772
926.99533824 41.44905875
939.53980285 22.98081919
900.51257962 7.30023843
907.13326928 13.22401338
900.51257962 37.26757055
903.64869578 81.87011138
880.30205331 79.43090993
876.46902245 125.42728017
857.30386819 114.97355966
899.11875022 62.00804242
907.13326928 49.81203516
870.54524750 42.84288815
870.89370485 62.35649977
840.92637273 36.91911320
853.47083734 20.54161774
856.60695349 6.25486637
872.98444895 8.69406783
832.56339632 16.01167218
836.39642717 7.64869578
814.44361411 11.48172663
790.40005694 2.42183552
776.11330558 6.60332373
804.68680830 39.70677200
827.68499342 44.58517490
829.42728017 68.97718942
844.75940358 59.22038362
813.74669941 108.35287000
838.48717128 101.03526565
815.14052881 93.71766129
799.80840539 97.20223480
782.03708053 100.33835095
783.77936728 63.40187182
555.42365040 102.77755240
565.52891356 108.70132735
592.36012953 105.91366855
627.55432191 80.82473933
664.14234369 83.26394079
697.59424931 68.97718942
743.24216220 53.64506601
767.28571937 44.58517490
761.36194441 18.10241628
751.95359596 11.48172663
746.02982100 24.37464859
737.66684460 22.98081919
746.37827835 39.00985730
723.38009324 40.05522935
721.98626383 63.40187182
721.28934913 48.76666311
716.75940358 22.28390449
722.33472118 17.05704423
697.24579196 4.16412227
695.85196256 14.61784278
696.89733461 43.88826020
696.54887726 27.16230739
671.45994804 36.57065585
658.91548343 61.31112772
615.00985730 58.52346892
601.76847799 78.38553788
596.19316039 63.75032917
599.67773389 51.90277926
580.16412227 41.79751610
594.45087363 14.96630013
608.04071030 16.01167218
616.40368670 10.78481193
644.62873207 25.07156329
654.38553788 23.32927654
641.49261592 14.96630013
638.70495712 5.90640902
653.68862318 7.64869578
657.52165403 2.77029287
673.55069215 12.52709868
559.95359596 8.34561048
509.54343262 61.65958507
547.52528380 51.20586456
536.72310594 34.82836910
551.00985730 23.67773389
528.01167218 29.25305149
522.08789723 34.82836910
484.10604605 47.37283371
455.18408598 55.38735276
460.06248888 48.76666311
429.74669941 63.75032917
426.26212590 50.50894986
431.14052881 7.30023843
390.02256147 8.34561048
380.61421302 7.64869578
364.58517490 21.23853244
463.54706238 7.30023843
493.51439451 2.42183552
511.98263407 14.61784278
521.73943988 19.49624569
293.84833280 13.22401338
324.16412227 13.92092808
345.07156329 17.05704423
344.37464859 3.46720757
195.93181737 8.34561048
439.50350521 6.60332373
321.37646347 4.16412227
523.83018398 14.61784278
546.47991175 19.49624569
666.34924024 2.77029287
402.74125476 13.39824206
471.91606007 50.35084268
144.85251492 31.94281592
115.31405338 30.44448816
124.73211358 35.79565873
63.51472228 52.27726408
147.84917044 22.95284937
183.16689619 23.16689619
168.61171224 5.82910355
265.14682930 26.37759853
275.84917044 19.95619385
287.40769887 4.33077579
295.11338448 3.47458850
440.23713030 60.19699652
531.20702997 25.30736442
446.01639452 5.40100990
925.05318382 1.97626074
