11.89998201 645.29447742
7.49631229 359.05594531
94.68897284 249.84493614
168.67062421 237.51466091
226.79906458 231.34952330
239.12933981 371.38622054
258.50548660 300.92750495
268.19355999 344.08346825
306.06511963 280.67062421
291.97337651 216.37704623
336.89080770 203.16603706
473.40456917 175.86328476
507.75319302 243.67979852
548.26695449 397.80823889
669.80823889 300.92750495
653.07429394 265.69814715
525.36787192 184.67062421
560.59722972 154.72567008
651.31282605 147.67979852
694.46878935 142.39539486
828.04677100 92.41374348
909.95502788 83.60640403
955.31282605 80.52383522
1001.99172513 73.03759669
989.22108293 180.48713797
