17.85271528 518.64534201
11.95409777 283.88036505
283.29050330 305.11538809
569.96331436 411.29050330
875.51170145 462.01861390
836.58082588 362.92183970
945.11538809 276.80202404
962.81124063 207.19833740
895.56700099 184.78359086
809.44718533 163.54856781
774.05548026 213.09695491
790.57160929 201.29971989
774.05548026 155.29050330
736.30432818 198.94027288
732.76515768 272.08313003
619.51170145 214.27667841
580.58082588 187.14303786
604.17529592 141.13382127
634.84810698 135.23520376
665.52091804 137.59465076
712.70985814 143.49326828
709.17068763 69.17068763
166.49787657 160.00939731
112.23059546 151.75133279
220.76515768 137.59465076
217.22598717 110.46101021
304.52552634 185.96331436
313.96331436 135.23520376
343.45640192 126.97713924
264.41492726 77.42875215
245.53935122 62.09234662
187.73289961 88.04626367
159.41953556 102.20294569
134.64534201 77.42875215
736.89418993 68.87575675
745.15225445 47.05087196
800.00939731 48.82045722
815.93566459 19.91723141
795.88036505 14.01861390
824.19372910 61.20755399
792.93105629 67.69603325
737.48405169 7.53013463
779.36423602 14.01861390
929.18912081 86.57160929
946.29511159 75.95409777
963.99096413 60.02783049
988.76515768 62.38727749
965.17068763 100.72829132
982.27667841 33.48405169
641.33658625 47.05087196
634.25824523 32.89418993
626.59004247 29.35501943
588.83889039 70.05548026
571.14303786 107.80663233
613.61308394 104.85732357
588.83889039 10.47944339
574.09234662 3.99096413
561.70524984 9.88958164
550.49787657 24.63612542
534.57160929 10.47944339
515.69603325 21.09695491
517.46561851 100.72829132
507.43796874 223.12460468
463.78819915 226.07391344
397.72368302 198.94027288
411.88036505 151.16147104
440.19372910 126.97713924
454.94027288 81.55778440
483.84349869 79.19833740
423.67760007 80.96792265
405.39188579 70.94027288
383.56700099 60.32276136
365.87114846 95.12460468
40.26746182 88.34119454
33.18912081 50.00018072
60.91262311 67.69603325
80.37806090 64.15686275
85.09695491 47.64073371
102.20294569 61.79741574
94.53474293 12.83889039
214.27667841 84.21216228
214.86654016 65.33658625
175.93566459 52.94948947
222.53474293 38.79280745
243.76976597 48.82045722
254.97713924 32.30432818
244.94948947 18.14764616
227.84349869 14.60847565
265.00478901 32.89418993
276.21216228 25.22598717
284.47022680 41.15225445
306.29511159 42.92183970
319.86193187 45.28128671
311.01400560 26.40571067
348.76515768 45.87114846
382.97713924 45.28128671
382.97713924 24.04626367
344.04626367 22.27667841
332.24902864 43.51170145
450.81124063 35.25363694
424.26746182 28.17529592
361.15225445 15.78819915
367.05087196 4.58082588
390.64534201 1.63151712
5.46561851 19.91723141
78.01861390 0.45179362
759.60386735 11.21677058
