548.31270690 566.80621339
664.26075885 536.88413547
801.40361599 443.37764197
883.68933028 318.70231729
936.05296664 291.27374586
707.89712249 243.89712249
666.75426534 187.79322638
695.42959002 174.07894067
726.59842119 165.35166794
746.54647313 94.28673287
767.74127833 38.18283677
800.15686275 79.32569391
858.75426534 94.28673287
850.02699262 166.59842119
871.22179781 48.15686275
605.66335625 3.27374586
510.91010950 55.63738223
499.68933028 25.71530430
466.02699262 3.27374586
431.11790171 12.00101859
418.65036924 29.45556404
407.42959002 43.16984976
376.26075885 34.44257703
386.23478482 60.62439521
381.24777184 90.54647313
276.52049911 90.54647313
153.09192768 140.41660300
84.52049911 240.15686275
60.83218742 134.18283677
65.81920041 108.00101859
108.20881080 79.32569391
136.88413547 79.32569391
221.66335625 65.61140820
252.20881080 36.62439521
259.68933028 26.02699262
292.10491469 14.80621339
300.20881080 17.92309651
321.40361599 7.94907054
183.63738223 6.07894067
217.92309651 19.79322638
158.70231729 9.19582378
138.75426534 10.44257703
103.22179781 3.58543417
71.42959002 12.93608352
58.96205755 54.07894067
44.00101859 65.29971989
9.29971989 219.27374586
10.54647313 185.61140820
8.67634326 72.15686275
26.13088872 60.93608352
