23.42959002 580.91719332
183.37669746 513.63785448
317.93537514 561.87587101
79.28413547 387.96512721
136.40810241 339.72711068
328.09074704 415.89239994
364.90397018 375.27091233
230.34529250 282.60314374
178.29901151 238.17339167
192.26264787 184.85768919
211.30397018 182.31884622
282.39157349 196.28248258
319.20479663 272.44777184
251.92545779 271.17835035
272.23620159 287.68082969
562.93372225 328.30231729
566.74198671 443.81967266
569.28082969 537.75686275
507.07917679 739.59487927
653.06264787 526.33206936
716.53372225 474.28578836
693.68413547 403.19818506
773.65768919 443.81967266
818.08744126 387.96512721
792.69901151 356.22959002
673.37339167 313.06925944
565.47256522 300.37504456
548.97008589 263.56182142
527.38992060 258.48413547
383.94529250 219.13206936
328.09074704 182.31884622
127.52215200 137.88909415
64.05107762 135.35025117
45.00975531 123.92545779
85.63124291 132.81140820
168.14363960 140.42793713
998.34529250 440.01140820
989.45934208 368.92380489
922.18000324 320.68578836
906.94694539 301.64446605
828.24281316 285.14198671
833.32049911 268.63950737
805.39322638 325.76347432
749.53868093 302.91388754
701.30066440 254.67587101
651.79322638 273.71719332
602.28578836 233.09570572
655.60149084 259.75355696
661.94859828 229.28744126
628.94363960 196.28248258
603.55520985 192.47421812
906.94694539 247.05934208
392.83124291 203.89901151
405.52545779 210.24611894
437.26099498 179.78000324
462.64942473 175.97173878
531.19818506 181.04942473
595.93868093 168.35520985
913.29405283 206.43785448
45.64446605 110.27917679
51.99157349 104.56678010
53.89570572 89.33372225
62.78165613 81.08248258
67.22463134 93.14198671
67.85934208 109.00975531
92.61306109 101.39322638
91.34363960 89.96843299
41.20149084 80.44777184
26.60314374 96.79157349
5.97504456 93.93537514
58.65603630 53.63124291
45.64446605 48.23620159
68.49405283 57.75686275
81.82297845 56.17008589
76.74529250 60.29570572
60.24281316 69.81636688
44.05768919 73.62463134
22.47752390 39.66760655
18.03454870 47.60149084
115.78000324 66.64281316
108.48082969 61.56512721
109.43289580 83.14529250
113.87587101 84.41471398
120.85768919 82.51058175
127.20479663 78.06760655
116.73206936 104.40810241
169.73041646 125.67091233
150.68909415 119.64116027
175.12545779 136.14363960
208.44777184 121.54529250
176.71223465 98.37835035
163.38330903 97.74363960
149.10231729 73.62463134
144.65934208 65.37339167
120.54033382 65.05603630
111.33702803 57.75686275
120.85768919 47.28413547
126.57008589 45.69735861
132.28248258 54.58330903
125.30066440 55.85273051
127.83950737 64.73868093
135.45603630 67.59487927
150.37173878 61.24777184
154.49735861 61.24777184
164.65273051 59.97835035
163.06595365 73.62463134
174.17339167 59.66099498
178.29901151 74.25934208
190.67587101 84.73206936
187.50231729 69.18165613
184.01140820 24.43454870
187.81967266 30.78165613
197.65768919 26.65603630
214.79487927 33.00314374
212.89074704 27.92545779
222.09405283 24.43454870
227.48909415 25.38661481
224.95025117 38.71554043
238.59653217 24.43454870
142.43785448 19.67421812
147.51554043 20.94363960
193.84942473 75.84611894
198.29239994 69.49901151
214.16016853 79.65438341
204.95686275 97.42628423
218.92049911 105.36016853
229.71058175 87.58826770
226.85438341 74.57669746
216.38165613 70.45107762
211.62132556 54.58330903
220.50727597 49.50562308
232.56678010 68.22959002
225.90231729 68.54694539
239.86595365 77.43289580
245.89570572 76.48082969
251.60810241 75.84611894
248.75190407 89.17504456
252.24281316 115.19818506
253.51223465 88.54033382
31.46925944 55.69405283
293.60479663 49.34694539
257.42628423 32.84446605
232.67256522 16.34198671
305.66430076 50.61636688
258.06099498 83.62132556
264.40810241 73.46595365
265.67752390 85.52545779
282.81471398 93.77669746
272.02463134 53.15520985
298.04777184 117.26099498
286.62297845 134.39818506
304.39487927 113.45273051
324.07091233 122.97339167
323.43620159 135.66760655
331.68744126 122.97339167
320.89735861 92.50727597
395.15851564 168.67256522
388.17669746 147.09239994
371.67421812 128.68578836
389.44611894 130.58992060
409.75686275 143.28413547
411.02628423 162.32545779
435.78000324 153.43950737
451.01306109 155.34363960
476.40149084 155.34363960
490.36512721 159.15190407
504.96347432 144.55355696
473.22793713 107.74033382
440.85768919 133.76347432
333.27421812 90.76182142
336.13041646 95.83950737
326.60975531 77.75025117
324.70562308 69.81636688
328.51388754 59.97835035
336.44777184 70.45107762
340.89074704 83.46264787
356.75851564 59.97835035
366.27917679 58.70892886
381.82959002 65.05603630
392.30231729 59.97835035
407.21801977 70.45107762
412.93041646 71.72049911
412.61306109 63.46925944
394.84116027 106.94694539
425.30727597 105.99487927
451.33041646 143.44281316
458.31223465 138.99983795
513.53206936 137.41306109
516.38826770 145.98165613
522.73537514 120.59322638
478.30562308 105.04281316
426.57669746 88.85768919
421.18165613 89.33372225
533.52545779 145.82297845
557.64446605 154.07421812
561.45273051 161.05603630
572.87752390 154.07421812
558.91388754 145.82297845
592.55355696 127.41636688
565.89570572 90.12711068
579.85934208 90.44446605
587.47587101 88.54033382
599.21801977 114.24611894
592.87091233 107.58165613
621.11554043 128.20975531
628.41471398 124.71884622
632.22297845 171.05273051
675.70066440 158.99322638
605.56512721 189.45934208
573.19487927 66.64281316
597.94859828 85.68413547
601.43950737 66.32545779
603.66099498 66.96016853
586.20644952 68.54694539
582.71554043 66.32545779
615.72049911 63.78661481
617.62463134 81.24116027
631.27091233 76.79818506
633.49239994 94.57008589
629.04942473 95.20479663
644.91719332 115.83289580
668.08413547 92.66595365
647.13868093 79.65438341
643.33041646 68.86430076
591.91884622 67.75355696
589.69735861 66.48413547
620.16347432 64.42132556
633.80975531 63.62793713
628.57339167 63.31058175
635.55520985 65.37339167
636.82463134 68.07091233
643.33041646 63.94529250
638.25273051 62.04116027
654.59653217 64.58000324
648.88413547 62.67587101
646.18661481 62.51719332
649.04281316 68.07091233
662.05438341 61.88248258
666.18000324 61.88248258
677.28744126 62.83454870
670.30562308 79.65438341
684.58661481 84.09735861
682.36512721 117.73702803
700.13702803 137.09570572
697.28082969 127.89239994
705.84942473 122.81471398
701.72380489 117.10231729
712.51388754 128.20975531
718.86099498 88.22297845
707.11884622 88.22297845
693.78992060 85.04942473
725.68413547 62.83454870
733.93537514 65.37339167
725.52545779 100.44116027
736.95025117 98.53702803
740.12380489 92.18992060
747.10562308 125.35355696
741.71058175 147.25107762
782.01471398 153.91554043
781.38000324 142.49074704
766.46430076 92.98330903
682.04777184 76.79818506
788.99653217 83.14529250
806.76843299 79.97173878
811.52876357 79.97173878
792.17008589 100.28248258
795.34363960 118.37173878
787.09239994 135.82628423
795.02628423 142.80810241
802.64281316 137.09570572
804.22959002 128.52711068
816.60644952 139.63454870
822.00149084 148.52049911
810.25934208 188.18992060
803.59487927 190.09405283
815.01967266 105.67752390
802.00810241 112.65934208
844.53372225 193.42628423
833.10892886 183.27091233
862.94033382 155.97835035
896.58000324 196.59983795
817.24116027 289.90231729
949.26099498 200.40810241
901.65768919 149.63124291
904.83124291 154.70892886
868.65273051 145.82297845
836.91719332 121.06925944
932.75851564 149.63124291
945.45273051 152.17008589
909.90892886 131.22463134
929.58496192 130.58992060
903.56182142 139.47587101
949.89570572 117.26099498
948.62628423 97.58496192
893.40644952 111.54859828
907.37008589 102.66264787
834.06099498 83.78000324
824.85768919 106.31223465
835.01306109 109.16843299
836.28248258 76.48082969
840.40810241 81.55851564
845.80314374 86.00149084
845.80314374 81.55851564
848.34198671 76.79818506
865.79653217 82.51058175
869.28744126 85.04942473
878.80810241 83.46264787
892.77173878 88.22297845
905.78330903 91.39653217
917.52545779 86.31884622
906.10066440 79.97173878
914.03454870 83.46264787
888.01140820 81.24116027
908.00479663 84.41471398
961.63785448 89.49239994
955.60810241 128.20975531
960.68578836 166.92711068
967.66760655 158.67587101
968.93702803 149.15520985
984.48744126 124.71884622
968.93702803 128.20975531
1005.43289580 129.16182142
913.08248258 72.03785448
914.35190407 70.13372225
921.33372225 72.03785448
919.11223465 68.86430076
923.23785448 67.59487927
924.18992060 65.05603630
928.31554043 65.05603630
928.63289580 69.81636688
962.37835035 212.46760655
956.66595365 213.10231729
975.70727597 212.46760655
989.03620159 215.00644952
1022.04116027 170.57669746
979.62132556 201.36016853
1021.19487927 344.80479663
796.51806676 100.43779920
803.15351826 105.57492295
830.65853499 82.02977244
914.24381927 67.47458850
918.09666208 65.86923733
913.38763198 64.37090957
917.02642796 63.62174569
920.98629418 64.37090957
922.48462194 79.88930422
