498.88278867 331.53464052
598.43834423 253.78649237
438.20130719 159.91982571
361.40130719 170.34945534
101.60871460 189.31241830
21.96427015 185.51982571
3.00130719 261.37167756
729.28278867 132.42352941
82.76427015 30.08278867
84.42352941 61.96427015
138.58649237 19.17908497
165.37167756 46.49760349
179.59389978 88.69019608
279.62352941 50.34945534
318.73464052 72.74945534
296.27538126 4.17167756
413.43093682 33.16427015
461.78649237 53.31241830
488.21612200 29.25315904
767.20871460 107.17908497
