6.61557834 482.35869761
252.34034898 243.67979852
567.64310128 241.03759669
686.54218385 189.07429394
753.47796366 160.01007375
903.20273430 194.35869761
739.38622054 127.42291779
101.73484440 106.28530311
539.77724237 7.18982978
484.53648312 21.51150810
105.01200760 44.01700261
105.01200760 10.25876085
4.76025935 42.99402558
908.04897064 65.49952009
873.26775186 82.89012948
931.57744217 85.95906055
947.94507453 14.35066894
865.08393567 11.28173787
496.81220740 5.14387573
1016.48453507 50.15486474
803.70531429 64.47654306
434.41060900 255.77324636
886.56645315 257.81920041
622.63838123 90.05096864
138.77024936 35.83318642
990.91010950 81.86715246
