463.53348612 624.15686275
437.35166794 757.55946015
386.23478482 425.92309651
280.26075885 166.59842119
284.00101859 154.13088872
261.55946015 129.19582378
293.97504456 135.42959002
285.24777184 108.00101859
326.39062898 81.81920041
368.78023937 68.10491469
391.22179781 73.09192768
409.92309651 103.01400560
418.65036924 78.07894067
441.09192768 94.28673287
449.81920041 122.96205755
457.29971989 151.63738223
432.36465495 172.83218742
489.71530430 135.42959002
467.27374586 216.46855106
519.63738223 195.27374586
543.32569391 190.28673287
542.07894067 222.70231729
552.05296664 151.63738223
572.00101859 121.71530430
639.32569391 160.36465495
677.97504456 231.42959002
999.63738223 131.68933028
988.41660300 88.05296664
1015.84517443 3.27374586
861.24777184 135.42959002
840.05296664 145.40361599
672.98803158 136.67634326
680.46855106 90.54647313
636.83218742 90.54647313
594.44257703 90.54647313
580.72829132 85.55946015
601.92309651 78.07894067
562.02699262 55.63738223
548.31270690 50.65036924
502.18283677 26.96205755
472.26075885 55.63738223
448.57244716 41.92309651
443.58543417 29.45556404
426.13088872 44.41660300
388.72829132 33.19582378
380.00101859 41.92309651
342.59842119 59.37764197
311.42959002 60.62439521
271.53348612 64.36465495
225.40361599 86.80621339
168.05296664 65.61140820
141.87114846 64.36465495
116.93608352 68.10491469
261.55946015 29.45556404
277.76725236 34.44257703
280.26075885 53.14387573
310.18283677 38.18283677
340.10491469 34.44257703
338.85816145 13.24777184
357.55946015 25.71530430
367.53348612 21.97504456
155.58543417 12.00101859
129.61140820 23.53348612
100.31270690 19.16984976
87.84517443 19.16984976
162.02699262 8.57244716
183.84517443 2.33868093
215.01400560 29.76725236
244.31270690 21.66335625
258.65036924 14.80621339
253.03997963 6.70231729
269.24777184 12.31270690
279.84517443 12.31270690
292.93608352 6.07894067
274.23478482 1.71530430
302.28673287 6.07894067
307.89712249 21.03997963
303.53348612 38.49452508
378.33868093 7.94907054
359.63738223 1.71530430
345.92309651 3.58543417
405.14387573 1.71530430
437.55946015 39.74127833
460.62439521 21.66335625
532.72829132 21.66335625
643.68933028 37.24777184
672.36465495 40.98803158
676.10491469 29.76725236
690.44257703 6.07894067
734.07894067 23.53348612
742.80621339 25.40361599
765.87114846 24.15686275
593.81920041 113.92309651
987.84117843 351.42159801
777.10791170 217.41160800
764.83218742 147.84917044
721.86715246 152.96405555
303.46955006 270.60641319
291.19382578 229.68733228
294.26275685 194.90611349
440.54847114 3.60941020
172.67860188 13.96288281
206.49799987 82.56488950
541.26723064 7.54147813
560.95953833 16.31739786
467.20702997 25.94950489
847.35418716 213.56154502
1017.30736442 302.60502328
