328.88413547 591.74127833
641.81920041 528.15686275
606.91010950 506.96205755
544.57244716 410.96205755
467.27374586 425.92309651
434.85816145 452.10491469
399.94907054 410.96205755
145.61140820 368.57244716
4.72829132 388.52049911
0.98803158 447.11790171
45.87114846 314.96205755
74.54647313 293.76725236
69.55946015 287.53348612
104.46855106 275.06595365
211.68933028 328.67634326
199.22179781 308.72829132
206.70231729 262.59842119
787.68933028 578.02699262
800.15686275 432.15686275
791.42959002 383.53348612
886.18283677 418.44257703
968.46855106 384.78023937
1015.84517443 311.22179781
990.91010950 287.53348612
943.53348612 250.13088872
906.13088872 270.07894067
1009.61140820 204.00101859
992.15686275 200.26075885
1023.32569391 223.94907054
429.87114846 327.42959002
414.91010950 319.94907054
439.84517443 297.50751210
467.27374586 302.49452508
397.45556404 280.05296664
381.24777184 273.81920041
254.07894067 328.67634326
180.72829132 261.03997963
228.10491469 219.27374586
188.20881080 184.36465495
155.16984976 190.59842119
153.92309651 176.26075885
77.87114846 274.13088872
8.67634326 175.63738223
37.97504456 168.15686275
25.50751210 169.40361599
19.27374586 166.28673287
244.31270690 223.63738223
241.19582378 208.05296664
292.31270690 234.85816145
268.62439521 239.22179781
303.53348612 206.18283677
326.59842119 215.53348612
321.61140820 213.03997963
420.72829132 163.16984976
422.59842119 157.55946015
424.46855106 160.67634326
412.62439521 158.18283677
436.93608352 159.42959002
451.89712249 158.80621339
474.33868093 167.53348612
478.07894067 176.88413547
484.93608352 175.63738223
496.15686275 171.89712249
506.75426534 184.36465495
423.22179781 216.78023937
408.26075885 223.63738223
391.42959002 218.02699262
369.61140820 224.88413547
509.87114846 246.70231729
509.87114846 226.13088872
416.98803158 151.94907054
543.94907054 148.20881080
561.40361599 153.19582378
567.01400560 156.93608352
586.96205755 167.53348612
583.22179781 163.16984976
568.88413547 181.24777184
547.68933028 178.13088872
540.83218742 178.13088872
532.10491469 181.24777184
533.97504456 189.97504456
524.00101859 220.52049911
568.26075885 195.58543417
581.97504456 195.58543417
598.80621339 182.49452508
597.55946015 170.02699262
585.09192768 224.88413547
574.49452508 223.63738223
578.54647313 187.94907054
561.71530430 201.66335625
613.45556404 180.78023937
617.50751210 187.01400560
621.55946015 191.68933028
614.70231729 166.13088872
611.89712249 168.31270690
634.65036924 154.59842119
638.07894067 151.16984976
633.71530430 147.11790171
638.39062898 143.68933028
632.78023937 138.39062898
649.92309651 140.26075885
648.98803158 146.80621339
654.91010950 148.36465495
656.15686275 155.22179781
661.76725236 149.29971989
665.50751210 142.75426534
672.36465495 141.50751210
670.80621339 148.36465495
663.01400560 139.32569391
688.26075885 158.65036924
699.48153807 156.46855106
720.36465495 153.66335625
723.79322638 152.41660300
717.24777184 172.67634326
713.19582378 178.28673287
684.83218742 169.55946015
672.05296664 174.54647313
697.92309651 190.75426534
668.31270690 198.23478482
668.31270690 204.78023937
668.62439521 215.37764197
656.78023937 221.92309651
647.11790171 209.76725236
643.06595365 175.48153807
641.19582378 168.31270690
725.35166794 182.02699262
727.22179781 153.66335625
730.65036924 130.91010950
726.28673287 128.41660300
728.46855106 134.96205755
730.02699262 203.84517443
722.85816145 225.66335625
713.19582378 222.54647313
683.58543417 234.39062898
665.19582378 235.32569391
621.87114846 238.75426534
435.48153807 156.46855106
461.03997963 159.27374586
441.71530430 163.01400560
446.39062898 158.65036924
1022.70231729 99.74127833
1022.70231729 100.98803158
1022.39062898 105.35166794
1021.14387573 114.07894067
1016.46855106 110.96205755
1016.46855106 101.92309651
1016.46855106 101.29971989
1017.40361599 99.74127833
1011.16984976 99.74127833
1004.93608352 103.48153807
1001.81920041 107.53348612
1001.81920041 111.89712249
1005.87114846 112.83218742
1008.36465495 115.63738223
1009.29971989 106.28673287
1010.54647313 103.16984976
1004.00101859 120.00101859
998.70231729 117.50751210
1009.92309651 131.53348612
1013.97504456 122.18283677
1018.33868093 136.83218742
1010.23478482 139.32569391
1021.76725236 146.18283677
1007.11790171 146.80621339
991.84517443 146.80621339
994.02699262 137.14387573
989.03997963 130.28673287
978.13088872 134.96205755
986.23478482 142.44257703
980.62439521 142.44257703
1002.75426534 159.27374586
968.46855106 142.44257703
963.48153807 139.32569391
956.93608352 138.70231729
956.31270690 135.27374586
957.55946015 132.78023937
955.37764197 131.53348612
952.57244716 125.61140820
959.74127833 124.36465495
948.83218742 123.42959002
943.53348612 123.42959002
937.61140820 125.61140820
946.33868093 132.78023937
948.52049911 128.72829132
939.48153807 145.24777184
941.03997963 155.22179781
941.35166794 162.70231729
927.01400560 164.88413547
931.37764197 146.80621339
922.65036924 141.81920041
927.32569391 134.33868093
917.03997963 139.63738223
918.91010950 126.23478482
913.61140820 124.98803158
910.18283677 134.65036924
908.93608352 135.89712249
904.57244716 140.26075885
903.01400560 132.15686275
898.33868093 135.27374586
890.54647313 129.97504456
874.96205755 132.15686275
870.91010950 131.53348612
867.79322638 128.10491469
860.00101859 127.79322638
854.07894067 127.79322638
844.72829132 129.97504456
844.72829132 123.42959002
842.23478482 124.05296664
836.31270690 129.35166794
830.70231729 129.35166794
813.87114846 132.15686275
810.44257703 130.28673287
800.78023937 125.61140820
796.10491469 130.59842119
793.92309651 127.16984976
787.68933028 126.23478482
840.05296664 136.52049911
839.11790171 158.33868093
802.65036924 159.89712249
788.00101859 151.16984976
851.89712249 137.14387573
858.75426534 156.46855106
870.59842119 143.06595365
886.49452508 143.37764197
893.35166794 163.01400560
884.31270690 157.71530430
901.76725236 159.89712249
908.62439521 152.10491469
914.85816145 146.80621339
970.02699262 140.88413547
906.75426534 195.42959002
936.98803158 196.98803158
901.45556404 191.37764197
892.72829132 181.40361599
877.45556404 182.96205755
867.79322638 195.11790171
879.63738223 199.79322638
852.52049911 167.06595365
874.96205755 161.76725236
877.76725236 158.33868093
864.36465495 157.71530430
856.26075885 160.52049911
874.65036924 143.06595365
825.71530430 188.26075885
859.06595365 203.22179781
816.05296664 194.49452508
797.03997963 187.32569391
789.24777184 204.46855106
769.61140820 198.85816145
778.96205755 178.59842119
783.01400560 162.07894067
774.28673287 161.76725236
775.22179781 154.91010950
779.89712249 157.71530430
780.20881080 143.68933028
773.35166794 144.62439521
771.79322638 138.70231729
743.11790171 138.39062898
747.79322638 141.50751210
744.67634326 132.78023937
743.74127833 128.72829132
739.37764197 127.48153807
767.11790171 145.24777184
762.13088872 157.09192768
766.18283677 157.40361599
765.55946015 152.41660300
754.02699262 156.46855106
750.28673287 153.35166794
742.18283677 158.02699262
748.10491469 198.23478482
763.68933028 193.87114846
715.06595365 211.01400560
771.79322638 245.61140820
790.18283677 234.70231729
754.02699262 226.28673287
650.23478482 140.26075885
645.24777184 137.14387573
658.65036924 172.52049911
709.76725236 265.40361599
685.45556404 272.88413547
1020.62439521 168.15686275
324.00970555 159.19365204
343.27391960 163.68863532
