12.46902245 141.63054696
82.16049251 137.44905875
590.90822391 364.64325113
512.85377745 442.69769759
526.79207146 400.88281556
542.12419487 275.43816946
572.78844169 233.62328743
457.10060140 172.29479378
985.36194441 430.15323298
936.57791538 664.31657236
638.29842354 52.42546529
406.57428561 56.95541084
453.26757055 75.07519305
515.29297890 70.19679015
546.65414042 77.86285186
718.09515676 22.10967581
190.87918579 28.73036547
231.30023843 10.61058325
857.01348706 83.43816946
888.37464859 99.46720757
939.24942173 117.58698979
1018.69769759 160.79570122
551.34053621 5.14387573
