1022.11241830 440.67538126
1001.40130719 402.34945534
986.11241830 390.31982571
1008.69019608 408.09760349
944.03834423 401.19389978
853.49019608 391.65315904
865.10501089 397.10501089
879.32723312 380.27538126
876.48278867 367.71241830
893.54945534 356.09760349
798.49760349 384.77908497
814.37908497 380.51241830
832.39389978 353.25315904
925.78649237 351.11982571
780.71982571 360.83834423
879.09019608 292.77908497
875.06056645 293.72723312
858.70501089 291.35686275
858.23093682 299.89019608
860.36427015 307.23834423
880.98649237 312.45315904
889.99389978 313.87538126
868.89760349 324.54204793
859.41612200 325.25315904
849.46056645 325.01612200
853.49019608 326.43834423
838.79389978 316.48278867
827.89019608 317.66797386
818.64575163 322.88278867
815.80130719 311.26797386
819.83093682 333.54945534
812.71982571 324.77908497
832.86797386 336.63093682
840.92723312 336.39389978
846.85315904 327.38649237
927.44575163 324.77908497
931.94945534 327.14945534
941.19389978 309.84575163
946.17167756 325.01612200
944.98649237 333.07538126
964.42352941 315.77167756
985.28278867 334.49760349
933.84575163 342.08278867
946.17167756 276.66056645
1014.67538126 272.57167756
993.81612200 342.88278867
981.25315904 738.64575163
939.06056645 765.43093682
937.40130719 597.72723312
697.99389978 413.31241830
710.79389978 409.99389978
725.49019608 393.40130719
735.91982571 391.50501089
766.26056645 360.21612200
646.31982571 435.11982571
593.69760349 398.61612200
564.77908497 408.09760349
659.59389978 384.86797386
654.37908497 371.59389978
663.38649237 359.26797386
681.40130719 357.84575163
700.36427015 349.78649237
707.47538126 348.36427015
726.91241830 355.94945534
636.83834423 303.80130719
623.56427015 297.16427015
647.26797386 301.43093682
604.12723312 284.83834423
598.91241830 292.42352941
588.95686275 289.57908497
578.52723312 281.99389978
555.77167756 290.05315904
542.49760349 293.37167756
543.44575163 312.33464052
545.34204793 325.13464052
530.17167756 313.75686275
532.06797386 305.69760349
524.00871460 309.49019608
521.16427015 291.00130719
503.14945534 300.00871460
536.33464052 270.61612200
538.94204793 258.17167756
542.97167756 251.53464052
547.47538126 245.13464052
538.70501089 249.40130719
528.98649237 253.19389978
498.17167756 268.60130719
495.09019608 255.56427015
501.25315904 254.14204793
492.24575163 252.00871460
486.08278867 261.01612200
473.99389978 260.54204793
478.49760349 279.74204793
493.66797386 295.14945534
495.56427015 305.10501089
469.72723312 301.54945534
468.54204793 281.63834423
434.40871460 259.35686275
415.20871460 256.03834423
420.42352941 284.24575163
413.54945534 287.09019608
428.00871460 299.65315904
434.64575163 307.94945534
441.75686275 303.68278867
446.02352941 302.97167756
456.45315904 336.39389978
477.54945534 332.36427015
479.91982571 342.79389978
449.34204793 343.26797386
469.96427015 344.80871460
462.85315904 355.71241830
427.77167756 364.24575163
414.97167756 369.93464052
433.93464052 379.41612200
444.83834423 383.20871460
444.83834423 407.86056645
463.32723312 425.40130719
388.89760349 275.11982571
400.27538126 274.64575163
371.35686275 264.21612200
361.87538126 268.48278867
362.34945534 278.43834423
359.97908497 290.76427015
370.88278867 299.29760349
376.57167756 289.34204793
380.83834423 288.39389978
376.09760349 304.03834423
405.96427015 293.60871460
396.48278867 289.81612200
406.43834423 281.28278867
378.94204793 350.49760349
354.76427015 334.37908497
340.06797386 314.94204793
349.54945534 318.73464052
330.58649237 298.82352941
339.11982571 296.45315904
374.20130719 360.92723312
387.94945534 371.83093682
384.63093682 396.95686275
351.91982571 373.72723312
337.22352941 388.42352941
315.89019608 410.70501089
330.11241830 413.54945534
301.19389978 320.15686275
287.44575163 312.57167756
306.40871460 304.98649237
318.26056645 318.26056645
312.09760349 273.22352941
299.29760349 270.37908497
293.60871460 274.17167756
276.06797386 275.35686275
277.01612200 265.40130719
286.02352941 267.29760349
268.95686275 298.58649237
264.69019608 322.29019608
269.43093682 324.18649237
267.06056645 367.32723312
168.45315904 316.60130719
178.40871460 307.11982571
172.71982571 300.00871460
175.09019608 270.61612200
185.51982571 270.14204793
187.89019608 272.51241830
193.10501089 264.45315904
198.31982571 274.40871460
107.29760349 250.23093682
94.97167756 254.02352941
99.71241830 259.23834423
94.02352941 262.08278867
96.39389978 265.40130719
83.59389978 263.50501089
82.64575163 258.76427015
66.05315904 256.39389978
59.41612200 259.71241830
145.69760349 263.97908497
143.32723312 270.14204793
149.01612200 267.77167756
161.81612200 263.03093682
167.97908497 266.34945534
168.92723312 263.97908497
175.09019608 263.97908497
179.35686275 262.08278867
183.14945534 257.34204793
183.62352941 262.55686275
140.48278867 263.97908497
138.11241830 263.50501089
129.57908497 267.77167756
131.94945534 261.13464052
116.30501089 263.50501089
108.24575163 255.91982571
112.51241830 255.91982571
115.83093682 252.12723312
114.88278867 249.75686275
102.55686275 248.80871460
116.30501089 257.34204793
138.11241830 252.12723312
140.48278867 261.13464052
173.66797386 243.59389978
174.14204793 251.65315904
171.29760349 244.06797386
123.89019608 310.91241830
125.78649237 323.71241830
90.23093682 332.24575163
84.06797386 332.24575163
169.40130719 384.39389978
126.73464052 396.24575163
57.51982571 358.31982571
41.87538126 355.47538126
15.80130719 325.13464052
10.58649237 313.75686275
29.54945534 368.27538126
2.05315904 297.16427015
48.51241830 483.23834423
131.00130719 727.86056645
183.14945534 700.36427015
243.83093682 756.30501089
883.11390570 301.03997963
56.16485475 269.83918043
1.81920041 283.64937024
166.15017378 278.09666208
274.67191291 269.64181258
1008.10335104 279.27391960
855.59498984 301.53478917
1012.81238114 286.97960522
996.54482261 289.97626074
1001.57492295 284.08997311
999.64850154 294.04315037
913.28060856 276.27726408
918.52475572 276.06321726
905.78896977 271.14014034
924.08997311 271.88930422
940.14348482 272.31739786
932.65184602 270.28395305
946.35084268 266.11004000
