95.78661481 488.24942473
67.85934208 352.42132556
89.43950737 363.84611894
168.14363960 400.65934208
251.92545779 498.40479663
405.52545779 481.90231729
461.38000324 502.21306109
654.33206936 507.29074704
738.11388754 572.03124291
719.07256522 399.38992060
847.28413547 424.77835035
899.33041646 305.45273051
518.50397018 288.95025117
320.47421812 382.88744126
364.90397018 366.38496192
329.36016853 328.30231729
249.38661481 321.95520985
255.73372225 287.68082969
84.36182142 272.44777184
51.35686275 268.63950737
9.46595365 200.09074704
33.58496192 196.28248258
75.47587101 179.78000324
152.91058175 226.74859828
127.52215200 258.48413547
170.68248258 268.63950737
187.18496192 188.66595365
244.30892886 201.36016853
290.00810241 193.74363960
350.94033382 187.39653217
380.13702803 183.58826770
295.08578836 172.16347432
400.44777184 245.78992060
409.33372225 196.28248258
424.56678010 192.47421812
474.07421812 182.31884622
4.81140820 154.07421812
30.83454870 161.05603630
46.06760655 168.67256522
43.52876357 150.26595365
55.58826770 126.78165613
96.84446605 154.70892886
18.77504456 86.79487927
9.25438341 93.14198671
12.63950737 34.58992060
45.64446605 19.35686275
49.13537514 32.05107762
53.57835035 28.87752390
58.33868093 22.84777184
61.51223465 19.03950737
66.90727597 17.45273051
71.35025117 14.91388754
32.95025117 62.51719332
45.64446605 81.55851564
36.12380489 92.66595365
58.33868093 103.77339167
68.49405283 115.51554043
80.23620159 130.74859828
90.07421812 105.04281316
73.88909415 95.20479663
96.10397018 90.44446605
118.31884622 109.16843299
110.38496192 98.69570572
134.18661481 97.42628423
128.15686275 99.64777184
121.80975531 144.07752390
96.73868093 134.55686275
76.42793713 152.96347432
135.45603630 138.99983795
151.00644952 143.12545779
150.68909415 131.70066440
154.81471398 114.24611894
160.20975531 94.25273051
172.90397018 143.44281316
180.52049911 144.07752390
183.69405283 163.11884622
199.56182142 167.87917679
190.04116027 137.41306109
219.87256522 155.50231729
226.85438341 145.02959002
217.65107762 139.95190407
225.26760655 123.76678010
209.39983795 94.25273051
201.14859828 100.28248258
212.89074704 86.00149084
230.02793713 89.49239994
221.45934208 68.54694539
236.69239994 56.80479663
236.37504456 72.98992060
240.81801977 58.07421812
250.02132556 103.13868093
240.50066440 96.79157349
250.33868093 114.88082969
254.78165613 86.31884622
254.78165613 134.55686275
233.51884622 56.17008589
273.29405283 152.17008589
259.33041646 119.79983795
263.13868093 84.25603630
298.04777184 143.28413547
284.08413547 260.07091233
299.95190407 261.97504456
353.26760655 162.32545779
381.82959002 152.17008589
402.77504456 144.55355696
419.91223465 133.76347432
443.39653217 149.63124291
485.28744126 156.61306109
480.20975531 131.85934208
488.46099498 131.22463134
479.57504456 121.06925944
497.98165613 123.60810241
365.96182142 139.47587101
327.24446605 124.24281316
299.95190407 105.20149084
260.59983795 53.78992060
274.56347432 53.15520985
282.18000324 93.14198671
284.71884622 97.58496192
292.33537514 78.54363960
298.68248258 95.04611894
310.74198671 91.23785448
318.35851564 99.33041646
282.81471398 70.13372225
286.30562308 59.97835035
280.91058175 49.50562308
301.85603630 44.42793713
313.28082969 44.11058175
318.35851564 47.28413547
323.43620159 45.06264787
328.51388754 47.60149084
329.14859828 43.47587101
332.63950737 47.60149084
340.57339167 50.45768919
343.74694539 48.23620159
339.30397018 55.21801977
350.09405283 55.85273051
349.77669746 48.55355696
353.90231729 51.09239994
358.98000324 55.85273051
369.77008589 56.17008589
370.40479663 63.78661481
361.51884622 68.54694539
345.01636688 69.81636688
338.35190407 73.94198671
325.65768919 88.85768919
323.75355696 98.06099498
340.89074704 104.09074704
338.35190407 92.98330903
347.55520985 95.83950737
364.37504456 98.06099498
367.86595365 110.12049911
357.39322638 132.01801977
349.14198671 140.58661481
342.79487927 142.80810241
352.31554043 146.61636688
411.97835035 110.75520985
380.24281316 107.58165613
416.42132556 101.55190407
421.18165613 107.58165613
434.51058175 111.07256522
444.66595365 78.06760655
458.31223465 76.79818506
439.27091233 75.52876357
433.87587101 72.03785448
424.98992060 72.03785448
427.84611894 72.98992060
418.00810241 71.72049911
411.34363960 73.62463134
411.66099498 83.46264787
404.36182142 83.14529250
380.87752390 82.19322638
365.64446605 73.94198671
361.83620159 86.63620159
390.39818506 75.21140820
399.28413547 72.67256522
388.49405283 64.42132556
381.82959002 61.56512721
379.92545779 52.99653217
415.78661481 92.34859828
532.25603630 98.21967266
532.25603630 115.35686275
537.33372225 157.24777184
570.33868093 152.17008589
579.85934208 137.57173878
586.20644952 149.63124291
610.96016853 181.36678010
615.40314374 135.66760655
263.13868093 126.78165613
631.48248258 194.06099498
641.63785448 198.50397018
640.36843299 228.33537514
634.65603630 173.11554043
644.17669746 161.69074704
639.09901151 149.63124291
642.90727597 135.66760655
650.52380489 148.99653217
675.27752390 154.07421812
696.22297845 167.40314374
717.80314374 180.09735861
710.18661481 148.99653217
701.30066440 142.64942473
744.46099498 147.72711068
741.28744126 136.93702803
654.96678010 135.03289580
647.35025117 114.08744126
631.48248258 109.00975531
545.16182142 96.79157349
535.64116027 67.91223465
550.23950737 75.84611894
564.20314374 73.30727597
555.31719332 76.48082969
560.07752390 73.62463134
588.63950737 74.89405283
558.80810241 99.33041646
562.61636688 104.09074704
579.75355696 105.04281316
586.41801977 103.77339167
637.19487927 98.69570572
655.60149084 88.54033382
665.43950737 94.57008589
672.10397018 93.61801977
672.73868093 101.86925944
667.34363960 108.53372225
673.69074704 111.07256522
670.83454870 117.41967266
748.90397018 115.19818506
736.20975531 110.75520985
742.87421812 103.45603630
736.84446605 94.57008589
727.32380489 81.87587101
735.89239994 75.84611894
744.14363960 77.11554043
740.65273051 89.49239994
745.09570572 86.63620159
748.90397018 92.98330903
756.20314374 101.23454870
755.56843299 92.66595365
752.71223465 89.17504456
753.02959002 86.00149084
762.23289580 88.22297845
855.53537514 151.69405283
835.85934208 156.77173878
838.71554043 176.13041646
919.00644952 199.13868093
977.39983795 205.48578836
985.01636688 220.08413547
981.84281316 265.78330903
905.67752390 162.96016853
898.06099498 170.57669746
985.65107762 175.97173878
997.92215200 190.25273051
1006.80810241 185.80975531
1023.31058175 209.29405283
1017.59818506 161.05603630
989.67091233 152.17008589
956.66595365 156.61306109
940.16347432 158.51719332
868.86430076 122.02132556
867.59487927 109.96182142
874.25934208 114.08744126
875.52876357 107.42297845
880.60644952 112.18330903
886.95355696 118.53041646
891.39653217 116.94363960
901.86925944 118.84777184
897.74363960 140.42793713
910.12049911 141.69735861
901.55190407 144.23620159
918.05438341 139.15851564
923.44942473 146.14033382
931.70066440 145.50562308
939.31719332 147.72711068
949.78992060 142.64942473
963.43620159 122.65603630
973.90892886 130.27256522
1001.20149084 137.57173878
1019.29074704 139.15851564
1010.40479663 122.65603630
1003.42297845 121.70397018
999.29735861 117.26099498
993.90231729 113.13537514
981.84281316 115.67421812
985.01636688 115.99157349
987.23785448 107.42297845
995.48909415 105.51884622
1002.15355696 110.27917679
1009.45273051 106.47091233
1009.13537514 111.23124291
1017.70397018 103.93206936
1018.33868093 117.57835035
1011.03950737 117.26099498
1002.15355696 99.80644952
978.66925944 106.15355696
974.54363960 110.59653217
972.63950737 118.84777184
952.32876357 118.21306109
955.81967266 127.41636688
938.04777184 120.11719332
926.94033382 118.21306109
920.59322638 120.75190407
911.38992060 116.62628423
946.29901151 120.11719332
944.71223465 105.51884622
952.96347432 101.07587101
963.75355696 106.47091233
957.40644952 104.24942473
967.87917679 96.95025117
956.77173878 97.58496192
943.12545779 98.53702803
943.12545779 93.45934208
939.63454870 96.31554043
931.70066440 102.34529250
934.55686275 111.86595365
929.79653217 111.23124291
924.40149084 108.05768919
921.22793713 104.56678010
935.82628423 105.83620159
913.61140820 103.29735861
907.89901151 106.47091233
901.55190407 108.37504456
887.90562308 110.27917679
891.39653217 106.78826770
892.66595365 102.34529250
882.82793713 104.56678010
877.43289580 97.26760655
870.13372225 92.50727597
892.66595365 84.57339167
895.20479663 97.26760655
885.68413547 100.44116027
890.76182142 97.58496192
906.31223465 90.60314374
899.64777184 95.68082969
902.18661481 96.63289580
915.19818506 91.55520985
916.15025117 97.90231729
921.22793713 92.18992060
926.30562308 88.38165613
922.18000324 86.16016853
928.52711068 94.41140820
933.60479663 94.41140820
822.88613347 116.32869092
823.78123837 136.40461499
364.89264870 158.97960522
