98.21190862 468.26695449
274.35869761 443.60640403
357.14768843 344.96420219
328.96420219 278.02842238
188.04677100 275.38622054
55.93667926 207.56970678
129.03759669 158.24860586
78.83576183 120.37704623
66.50548660 105.40456917
47.12933981 86.02842238
30.39539486 153.84493614
140.48713797 95.71649577
115.82658752 114.21190862
174.83576183 100.12016550
181.88163339 111.56970678
200.37704623 115.09264256
277.00089944 135.34952330
299.89998201 133.58805541
317.51466091 101.88163339
334.24860586 138.87245908
374.76236733 104.52383522
396.78071596 86.02842238
382.68897284 126.54218385
419.67979852 136.23025724
434.65227559 135.34952330
551.78989027 209.33117467
524.48713797 240.15686275
637.22108293 105.40456917
660.12016550 228.70732146
616.08346825 270.98255082
705.91833064 234.87245908
794.87245908 121.25778018
827.45961504 116.85411045
1004.48713797 358.17521137
980.70732146 419.82658752
1014.17521137 130.06511963
818.65227559 77.22108293
362.28530311 43.09264256
345.99172513 36.92750495
14.10181687 45.84493614
37.88163339 19.64310128
130.35869761 19.42291779
195.75319302 28.67062421
224.81741320 28.01007375
9.11099119 12.43209210
20.12016550 13.20273430
57.99172513 12.65227559
72.08346825 12.87245908
78.57888109 20.13851412
90.46878935 12.98255082
51.05594531 5.57888109
95.89998201 8.71649577
133.27612880 6.18438568
150.17521137 6.67979852
113.32200036 2.64768843
169.49631229 5.09722972
178.79906458 9.41833064
186.12016550 5.52383522
201.03759669 3.55594531
688.45044073 66.43209210
662.90915632 40.89080770
638.24860586 43.97337651
736.01007375 58.94585357
846.98255082 57.18438568
880.89080770 46.61557834
902.46878935 62.46878935
929.77154164 63.34952330
994.06511963 51.45961504
817.77154164 27.12933981
790.02842238 26.68897284
904.96420219 27.12933981
1015.27612880 36.37704623
1004.74401871 15.29447742
849.97337651 2.39998201
576.89080770 30.37704623
589.66144990 14.08346825
561.91833064 13.75319302
494.54218385 17.27612880
504.67062421 21.67979852
482.54218385 12.21190862
461.51466091 9.01924807
404.92750495 17.16603706
395.34952330 30.15686275
419.45961504 25.53300953
435.09264256 20.57888109
443.62475265 6.95502788
396.31282605 4.18897284
416.70732146 7.18897284
353.67979852 21.21190862
357.03759669 9.21190862
278.26695449 9.59722972
307.33117467 17.79906458
247.93667926 4.12016550
565.88163339 4.12016550
492.25050823 1.54816709
600.34415371 3.68863532
