109.52775476 644.96437448
250.14747307 699.04888152
355.91273129 343.29301298
478.50428059 326.46672190
370.33526650 257.95967965
376.34465617 100.51367026
4.96437448 34.41038387
84.28831814 250.74841204
965.26484397 355.31179232
623.93151063 126.95498481
691.23667495 130.56061861
693.64043082 89.69676885
732.10052472 56.04418669
690.03479702 41.62165148
841.47141674 66.86108810
952.04418669 71.66859983
607.70615852 25.09582988
634.74841204 19.08644021
704.45733223 13.67798951
769.35874068 9.47141674
824.64512566 20.88925711
742.31648716 36.51367026
971.47354606 28.67234726
1007.27774187 10.25876085
926.55151157 83.63512361
653.42776576 2.08328415
