580.42352941 670.02352941
560.51241830 591.32723312
337.69760349 493.66797386
315.89019608 382.73464052
250.46797386 403.59389978
886.67538126 509.78649237
788.06797386 294.55686275
839.26797386 284.12723312
555.77167756 278.43834423
551.03093682 240.51241830
104.45315904 249.28278867
3.47538126 215.62352941
10.11241830 217.99389978
1.10501089 197.60871460
18.17167756 191.44575163
18.64575163 178.64575163
34.76427015 184.33464052
37.60871460 193.81612200
41.87538126 187.65315904
48.98649237 191.44575163
14.85315904 161.10501089
21.96427015 152.09760349
26.70501089 151.62352941
31.44575163 151.14945534
35.23834423 161.10501089
30.97167756 168.80871460
15.80130719 179.94945534
0.86797386 191.80130719
0.86797386 179.71241830
44.24575163 184.45315904
43.53464052 193.46056645
43.77167756 207.68278867
60.36427015 152.21612200
42.34945534 151.50501089
37.84575163 151.50501089
67.71241830 151.26797386
72.92723312 151.03093682
79.56427015 151.26797386
99.00130719 152.45315904
104.21612200 152.45315904
115.59389978 155.77167756
110.61612200 162.88278867
106.34945534 173.07538126
100.66056645 164.54204793
117.49019608 176.15686275
126.02352941 167.62352941
120.33464052 163.11982571
130.52723312 161.46056645
136.92723312 160.03834423
138.58649237 153.87538126
143.80130719 161.69760349
143.32723312 157.66797386
133.37167756 168.57167756
157.31241830 169.51982571
162.52723312 168.80871460
167.50501089 150.55686275
186.70501089 158.14204793
191.44575163 156.00871460
194.05315904 172.60130719
201.16427015 176.39389978
211.83093682 166.20130719
189.31241830 179.00130719
169.16427015 186.58649237
157.31241830 185.40130719
153.75686275 185.40130719
162.29019608 206.49760349
183.62352941 199.38649237
169.63834423 211.94945534
144.74945534 232.33464052
125.78649237 246.55686275
127.68278867 228.06797386
198.31982571 232.80871460
194.29019608 216.92723312
212.06797386 222.85315904
222.02352941 213.13464052
200.21612200 208.63093682
188.36427015 200.57167756
195.71241830 187.77167756
206.61612200 189.43093682
214.20130719 175.91982571
227.00130719 178.52723312
236.71982571 201.04575163
64.86797386 150.08278867
241.22352941 211.94945534
245.01612200 207.91982571
247.62352941 201.28278867
258.52723312 183.50501089
265.40130719 193.22352941
260.89760349 201.04575163
268.48278867 206.26056645
256.63093682 211.00130719
249.28278867 213.37167756
250.23093682 206.97167756
269.66797386 211.00130719
273.22352941 216.21612200
279.14945534 210.05315904
253.78649237 221.19389978
295.26797386 212.89760349
288.39389978 211.23834423
279.62352941 196.77908497
279.86056645 186.11241830
292.42352941 195.35686275
301.66797386 202.23093682
304.51241830 216.69019608
326.79389978 217.63834423
318.49760349 211.94945534
314.23093682 199.62352941
309.25315904 184.45315904
310.43834423 178.76427015
324.89760349 174.73464052
326.79389978 170.94204793
344.57167756 158.37908497
358.31982571 161.93464052
377.51982571 163.59389978
369.69760349 178.76427015
365.43093682 173.78649237
357.60871460 176.86797386
352.86797386 178.52723312
344.33464052 182.55686275
335.56427015 185.40130719
333.90501089 179.23834423
366.61612200 216.69019608
351.91982571 216.45315904
338.64575163 216.45315904
327.26797386 208.39389978
322.52723312 199.14945534
336.74945534 244.66056645
364.48278867 245.60871460
378.94204793 230.67538126
334.37908497 212.89760349
332.00871460 162.88278867
342.67538126 161.22352941
240.98649237 204.60130719
185.51982571 183.74204793
392.69019608 159.68278867
419.23834423 170.11241830
417.34204793 180.54204793
386.05315904 181.49019608
498.40871460 146.29019608
502.43834423 153.16427015
511.44575163 154.34945534
510.97167756 142.73464052
523.77167756 142.73464052
453.84575163 188.95686275
448.63093682 197.72723312
442.94204793 196.30501089
428.71982571 176.15686275
424.92723312 204.60130719
421.60871460 210.76427015
421.84575163 225.22352941
425.40130719 235.17908497
458.82352941 222.85315904
470.43834423 231.14945534
481.34204793 225.93464052
500.30501089 221.66797386
491.77167756 207.91982571
487.50501089 205.78649237
491.77167756 192.74945534
501.49019608 188.24575163
506.23093682 188.48278867
523.77167756 219.53464052
522.11241830 229.49019608
539.89019608 234.94204793
579.23834423 225.46056645
561.93464052 205.78649237
576.39389978 210.52723312
572.36427015 210.52723312
570.46797386 199.86056645
567.38649237 192.98649237
559.09019608 198.67538126
564.06797386 191.32723312
582.08278867 182.31982571
583.26797386 162.17167756
591.09019608 158.85315904
596.54204793 167.62352941
603.89019608 182.79389978
590.37908497 182.31982571
600.09760349 197.72723312
583.74204793 198.67538126
594.17167756 219.77167756
603.17908497 222.14204793
618.58649237 191.56427015
592.27538126 242.64575163
614.08278867 243.59389978
639.68278867 233.16427015
681.40130719 236.48278867
705.57908497 235.53464052
503.62352941 255.44575163
791.86056645 246.91241830
758.20130719 245.49019608
737.81612200 245.01612200
716.95686275 229.84575163
770.52723312 209.93464052
784.74945534 210.88278867
779.53464052 206.61612200
775.26797386 202.34945534
789.01612200 202.34945534
796.60130719 201.40130719
803.23834423 202.34945534
802.76427015 191.91982571
811.77167756 186.23093682
821.25315904 206.61612200
839.26797386 202.82352941
819.35686275 244.54204793
855.38649237 244.54204793
859.65315904 220.83834423
849.22352941 213.72723312
854.91241830 212.30501089
866.76427015 210.40871460
870.55686275 205.19389978
876.71982571 187.17908497
857.28278867 165.84575163
840.69019608 174.85315904
835.00130719 178.17167756
862.97167756 169.63834423
918.91241830 164.89760349
915.11982571 175.32723312
899.47538126 160.15686275
893.78649237 163.00130719
926.49760349 205.19389978
918.91241830 210.40871460
911.80130719 217.99389978
891.89019608 217.04575163
889.99389978 235.53464052
904.21612200 240.27538126
908.95686275 249.75686275
948.30501089 243.59389978
944.03834423 235.53464052
935.03093682 227.00130719
950.67538126 228.42352941
953.04575163 216.57167756
948.77908497 207.56427015
944.03834423 210.40871460
956.36427015 203.29760349
965.84575163 196.18649237
962.05315904 214.67538126
965.84575163 234.58649237
987.17908497 217.99389978
979.59389978 208.98649237
974.85315904 321.34204793
986.82352941 207.97908497
996.30501089 204.77908497
995.83093682 197.90501089
1008.74945534 217.81612200
1003.06056645 211.65315904
1003.29760349 203.59389978
1013.01612200 201.57908497
1004.60130719 193.75686275
1015.97908497 187.35686275
913.69760349 171.77167756
1010.52723312 186.88278867
993.46056645 212.95686275
968.45315904 224.33464052
974.14204793 383.56427015
1008.74945534 366.49760349
1021.98303657 223.03798163
1017.89112848 198.48653307
1015.07794167 193.11590370
1023.51750211 191.32569391
901.52749212 187.23378582
851.14587373 202.83418542
850.12289671 207.94907054
889.76325635 207.43758203
556.25050823 233.68194636
