19.38690969 560.83291908
462.87986744 630.54183927
561.43385805 572.85169843
489.32118199 453.86578293
388.36343552 390.16625242
323.46202706 378.14747307
229.71554819 262.76719138
186.44794256 283.19911627
238.12869373 300.02540735
256.15686275 512.75780171
198.46672190 540.40099420
870.31648716 601.69676885
952.04418669 504.34465617
852.28831814 386.56061861
667.19911627 355.31179232
638.35404584 304.83291908
548.21320077 278.39160453
503.74371721 259.16155758
459.27423364 260.36343552
418.41038387 249.54653411
372.73902237 254.35404584
456.87047777 207.48080641
27.19911627 185.24606462
3.76249655 113.13338857
30.20381110 116.13808340
16.38221486 66.86108810
70.46672190 75.27423364
137.77188622 117.33996134
161.20850594 64.45733223
170.22259044 62.65451533
181.64043082 60.25075946
178.03479702 71.66859983
185.24606462 72.87047777
203.27423364 72.87047777
230.91742613 66.86108810
216.49489091 65.05827120
243.53714444 61.45263739
261.56531345 60.25075946
327.06766087 99.31179232
354.10991439 96.90803645
379.34935101 90.89864678
321.65921016 124.55122894
354.71085336 122.14747307
401.58409279 118.54183927
425.62165148 109.52775476
357.11460922 146.78597073
382.95498481 157.00193317
370.93620547 149.79066556
398.57939796 152.19442143
416.00662800 148.58878763
426.82352941 135.96906932
459.87517260 148.58878763
464.68268434 117.33996134
489.32118199 107.12399890
485.71554819 144.38221486
479.70615852 168.41977354
494.12869373 205.67798951
235.72493786 33.50897542
184.64512566 35.91273129
170.22259044 38.31648716
252.55122894 29.30240265
254.35404584 14.87986744
263.96906932 16.68268434
322.26014913 14.87986744
337.28362331 17.28362331
367.33057167 32.30709749
361.92212096 41.92212096
366.72963270 50.33526650
428.02540735 33.50897542
502.54183927 56.94559514
506.74841204 41.92212096
512.15686275 55.14277824
525.97845899 54.54183927
522.37282519 43.12399890
534.39160453 46.12869373
538.59817730 103.81883458
537.39629936 123.04888152
529.58409279 150.09113505
509.15216791 179.53714444
522.97376415 194.56061861
559.03010218 144.38221486
609.50897542 171.42446838
583.66859983 236.32587683
623.33057167 261.56531345
692.43855289 251.95028998
670.80475007 197.26484397
662.99254350 177.43385805
651.57470312 132.36343552
610.71085336 137.77188622
736.30709749 157.00193317
781.97845899 157.00193317
810.22259044 195.46202706
866.10991439 182.24136979
880.53244960 181.64043082
763.34935101 217.69676885
773.56531345 243.53714444
892.55122894 279.59348246
765.75310688 75.27423364
966.46672190 333.67798951
1008.53244960 249.54653411
965.86578293 138.97376415
915.98784866 87.89395195
738.10991439 41.92212096
697.24606462 30.50428059
653.97845899 54.54183927
614.31648716 25.09582988
594.48550124 19.68737918
577.65921016 17.88456228
650.37282519 22.09113505
670.20381110 22.09113505
767.55592378 46.12869373
785.58409279 50.93620547
813.82822425 54.54183927
821.03949185 50.93620547
848.08174537 34.71085336
874.52305993 61.15216791
900.36343552 49.13338857
913.58409279 43.12399890
934.01601767 44.32587683
944.83291908 69.56531345
947.23667495 47.33057167
963.46202706 52.73902237
1021.15216791 150.69207401
1021.75310688 70.16625242
1008.53244960 33.50897542
874.52305993 14.87986744
824.64512566 23.29301298
804.21320077 23.29301298
539.19911627 56.94559514
534.39160453 34.71085336
512.75780171 35.91273129
409.85916045 7.18982978
449.75526434 7.18982978
594.25076884 8.78823138
641.30771190 5.20781180
627.49752209 3.67334626
885.28773188 5.20781180
927.22978982 5.20781180
940.52849112 5.20781180
728.34415371 6.68529084
709.93612696 7.32743131
753.38763198 1.92274903
715.92943800 2.56488950
853.02642796 9.09331759
866.93947144 4.27726408
894.87258181 7.96957178
902.36422060 10.53813365
949.66856843 3.90268214
