24.23025724 537.84493614
411.75319302 346.72567008
483.97337651 326.46878935
402.06511963 226.06511963
335.12933981 209.33117467
386.21190862 123.01924807
399.42291779 83.38622054
432.89080770 77.22108293
443.45961504 95.71649577
550.02842238 240.15686275
539.45961504 130.94585357
526.24860586 92.19355999
600.23025724 86.02842238
572.04677100 120.37704623
668.92750495 135.34952330
699.75319302 204.92750495
729.69814715 141.51466091
749.07429394 192.59722972
742.90915632 81.62475265
776.37704623 84.26695449
813.36787192 116.85411045
872.37704623 95.71649577
897.03759669 92.19355999
949.00089944 130.06511963
985.99172513 87.78989027
935.78989027 153.84493614
839.78989027 264.81741320
754.35869761 293.00089944
736.74401871 620.63392697
801.91833064 564.26695449
609.91833064 429.51466091
856.52383522 492.92750495
934.02842238 455.93667926
1008.89080770 405.73484440
1003.60640403 235.75319302
970.13851412 234.87245908
1016.81741320 311.49631229
290.94585357 180.92750495
54.46878935 206.90915632
16.15686275 60.70732146
86.61557834 41.77154164
303.71649577 100.34034898
114.06511963 35.05594531
163.60640403 37.91833064
188.70732146 31.75319302
35.89998201 180.59722972
291.16603706 32.41374348
278.39539486 22.72567008
317.80823889 24.04677100
327.71649577 33.51466091
342.46878935 27.78989027
360.52383522 29.33117467
372.63392697 32.63392697
391.56970678 25.58805541
249.46878935 2.67521137
690.21190862 60.26695449
667.31282605 57.62475265
646.61557834 55.86328476
620.19355999 69.95502788
798.10181687 37.36787192
738.21190862 34.72567008
850.50548660 43.09264256
862.39539486 70.83576183
874.72567008 40.89080770
892.78071596 43.09264256
895.42291779 71.27612880
923.60640403 57.18438568
961.91833064 51.01924807
1007.71649577 58.50548660
1010.35869761 73.91833064
472.23025724 152.74401871
773.51466091 10.91833064
785.01924807 7.56053247
675.47796366 4.64310128
643.71649577 32.46878935
738.78071596 7.72567008
615.36787192 21.81741320
639.03759669 2.45502788
571.11099119 4.64310128
589.71649577 30.07429394
561.20273430 20.93667926
587.07429394 6.18438568
566.48713797 35.35869761
548.37704623 71.99172513
509.12933981 43.78071596
517.11099119 23.08346825
508.68897284 24.29447742
529.77154164 43.36787192
445.16603706 11.02842238
470.59722972 10.75319302
453.42291779 25.23025724
471.53300953 29.85411045
437.51466091 44.46878935
469.88163339 55.03759669
415.16603706 16.28530311
435.97337651 21.34952330
390.25778018 3.99631229
346.30365174 7.72567008
365.73484440 14.38622054
