299.89998201 452.41374348
231.20273430 528.15686275
181.00089944 523.75319302
429.36787192 582.76236733
781.66144990 503.49631229
848.59722972 468.26695449
823.05594531 443.60640403
945.47796366 413.66144990
995.67979852 417.18438568
898.79906458 339.67979852
936.67062421 344.96420219
1002.72567008 246.32200036
969.25778018 240.15686275
953.40456917 264.81741320
923.45961504 270.98255082
908.48713797 241.91833064
923.45961504 243.67979852
866.21190862 243.67979852
595.82658752 252.48713797
594.94585357 271.86328476
617.84493614 287.71649577
653.07429394 300.04677100
641.62475265 354.65227559
587.89998201 352.01007375
581.73484440 395.16603706
670.68897284 352.01007375
714.72567008 301.80823889
705.03759669 270.98255082
726.17521137 238.39539486
753.47796366 256.01007375
734.10181687 278.02842238
833.62475265 221.66144990
807.20273430 195.23943155
866.21190862 215.49631229
832.74401871 333.51466091
781.66144990 337.03759669
757.88163339 342.32200036
747.31282605 381.07429394
714.72567008 425.99172513
676.85411045 258.65227559
676.85411045 221.66144990
556.19355999 277.14768843
549.14768843 231.34952330
566.76236733 234.87245908
579.97337651 215.49631229
584.37704623 237.51466091
593.18438568 221.66144990
601.99172513 241.03759669
563.23943155 217.25778018
644.26695449 232.23025724
626.65227559 221.66144990
619.60640403 221.66144990
612.56053247 209.33117467
630.17521137 197.88163339
640.74401871 190.83576183
662.76236733 206.68897284
624.89080770 185.55135816
605.51466091 197.00089944
590.54218385 192.59722972
585.25778018 197.88163339
570.28530311 200.52383522
555.31282605 195.23943155
545.62475265 197.00089944
541.22108293 185.55135816
535.05594531 197.00089944
512.15686275 197.88163339
488.37704623 222.54218385
478.68897284 222.54218385
489.25778018 243.67979852
508.63392697 268.34034898
522.72567008 275.38622054
491.89998201 285.07429394
468.12016550 302.68897284
427.60640403 328.23025724
422.32200036 293.00089944
446.98255082 256.01007375
457.55135816 243.67979852
458.43209210 211.09264256
451.38622054 203.16603706
431.12933981 197.88163339
421.44126641 198.76236733
411.75319302 204.04677100
423.20273430 228.70732146
429.36787192 252.48713797
390.61557834 286.83576183
380.04677100 229.58805541
366.83576183 235.75319302
355.38622054 225.18438568
344.81741320 215.49631229
358.02842238 204.92750495
373.88163339 163.53300953
403.82658752 163.53300953
333.36787192 297.40456917
341.29447742 289.47796366
336.89080770 359.05594531
242.65227559 359.05594531
182.76236733 309.73484440
114.06511963 342.32200036
87.64310128 272.74401871
62.10181687 280.67062421
66.50548660 247.20273430
31.27612880 240.15686275
5.73484440 249.84493614
188.04677100 274.50548660
172.19355999 264.81741320
198.61557834 266.57888109
219.75319302 258.65227559
251.45961504 274.50548660
261.14768843 288.59722972
278.76236733 293.88163339
312.23025724 278.90915632
320.15686275 258.65227559
161.62475265 201.40456917
194.21190862 203.16603706
309.58805541 190.83576183
320.15686275 189.07429394
321.03759669 185.55135816
337.77154164 182.02842238
348.34034898 167.93667926
343.36565395 194.90611349
174.83018942 196.18483477
185.05995965 198.23078882
132.88813148 226.87414546
155.90511449 214.08693268
141.58343617 275.46555405
123.68133827 256.54047913
189.66335625 288.76425535
279.68533427 366.51050910
448.47654306 328.14887074
433.13188772 287.74127833
407.04597363 246.31070890
1012.39262698 291.57744217
1019.55346614 416.38063897
376.10091869 209.29172788
399.11790171 191.90111849
366.89412548 199.06195765
200.66035925 300.84817144
382.23878083 203.02599361
388.37664296 228.08893068
333.39162798 208.39662298
201.93908053 196.56845116
