237.19389978 374.20130719
335.80130719 349.54945534
403.11982571 341.96427015
449.57908497 459.53464052
482.76427015 552.45315904
531.11982571 562.88278867
592.74945534 584.69019608
745.40130719 463.32723312
690.40871460 341.01612200
756.77908497 290.76427015
867.71241830 331.53464052
936.92723312 187.41612200
746.34945534 245.25315904
708.42352941 257.57908497
681.87538126 231.03093682
621.19389978 193.10501089
636.36427015 157.07538126
553.87538126 229.13464052
528.27538126 234.82352941
527.32723312 208.27538126
501.72723312 197.84575163
528.27538126 158.97167756
563.35686275 159.91982571
507.41612200 156.12723312
394.58649237 232.92723312
353.81612200 154.23093682
263.74204793 143.80130719
225.81612200 178.88278867
207.80130719 161.81612200
165.13464052 170.34945534
144.27538126 206.37908497
416.39389978 124.12723312
424.45315904 89.51982571
434.40871460 81.93464052
100.66056645 123.65315904
112.51241830 90.94204793
77.43093682 84.77908497
94.49760349 81.46056645
1.57908497 107.53464052
217.75686275 71.50501089
249.51982571 66.29019608
301.19389978 75.29760349
338.64575163 80.98649237
34.05315904 69.72723312
21.25315904 62.61612200
15.32723312 57.87538126
22.67538126 47.44575163
29.31241830 45.54945534
38.31982571 48.15686275
40.45315904 56.45315904
45.90501089 73.51982571
72.69019608 43.89019608
78.37908497 49.57908497
149.72723312 58.11241830
129.57908497 49.10501089
137.87538126 52.66056645
194.52723312 54.31982571
171.29760349 45.31241830
159.20871460 39.86056645
157.07538126 49.10501089
204.95686275 43.41612200
212.77908497 44.60130719
222.49760349 46.73464052
217.28278867 33.22352941
136.21612200 33.22352941
127.91982571 40.57167756
209.69760349 22.97167756
204.12723312 19.41612200
224.98649237 22.14204793
217.99389978 18.70501089
234.23093682 23.56427015
241.81612200 28.18649237
240.03834423 20.00871460
252.24575163 20.48278867
269.07538126 19.65315904
252.24575163 51.06056645
231.86056645 45.13464052
188.24575163 22.85315904
173.90501089 35.06056645
177.46056645 29.01612200
176.51241830 44.60130719
183.14945534 40.33464052
305.46056645 51.00130719
290.52723312 37.25315904
357.06879690 43.28004519
323.63779553 50.86523037
306.07949649 25.65151295
298.49431130 30.14643751
345.97195191 24.80871460
402.43944162 20.73518922
493.32119745 65.82490115
520.57167756 56.69458565
512.56509320 103.32942790
434.46577907 19.85727427
440.43560074 11.42929073
541.64163641 50.30336480
548.38402324 45.24657468
571.42051158 42.43724683
552.59801501 106.27922214
606.81804244 72.28635520
648.95796014 72.14588881
638.56344711 32.11296700
659.77387235 10.44602598
577.81173243 41.20816590
637.93134834 6.24959251
967.74204793 345.51982571
670.71830131 87.49352608
679.92509451 78.28673287
720.84417543 100.79222738
715.72929032 56.10091869
760.22879082 62.75026934
789.89512448 54.05496464
830.30271689 55.58943018
754.09092868 40.24477483
798.07894067 35.12988972
732.35266694 18.66635325
773.78323637 24.54847114
746.93008952 33.24377583
610.74627333 4.27274686
594.76225735 4.40061899
103.22179781 46.38263697
205.51950011 10.57844117
175.34167793 11.60141819
169.71530430 17.22779182
147.20980980 32.57244716
156.41660300 24.90011949
133.39961999 22.34267693
145.67534426 16.71630330
231.09392568 6.99802159
1016.48453507 209.22779182
