38.39062898 677.76725236
240.36465495 525.66335625
174.28673287 434.65036924
161.81920041 367.32569391
114.44257703 322.44257703
133.14387573 287.53348612
113.19582378 232.67634326
85.76725236 197.76725236
302.70231729 247.63738223
377.50751210 242.65036924
682.96205755 311.22179781
701.66335625 171.58543417
638.07894067 160.36465495
586.96205755 73.09192768
451.06595365 191.53348612
370.02699262 164.10491469
224.15686275 125.45556404
130.65036924 108.00101859
106.96205755 59.37764197
103.22179781 30.70231729
191.74127833 4.52049911
246.59842119 8.26075885
296.46855106 59.37764197
231.63738223 60.62439521
256.57244716 74.33868093
375.01400560 20.72829132
392.46855106 68.10491469
454.80621339 34.44257703
478.49452508 35.68933028
449.81920041 68.10491469
947.27374586 129.97504456
897.09192768 95.06595365
829.45556404 7.79322638
730.75426534 65.92309651
753.81920041 51.58543417
932.97291626 107.50134435
833.44114368 92.73211358
913.06656174 74.11004000
