939.49544542 631.22997861
788.60230706 762.54156466
713.73166589 552.90376938
697.60568164 467.66642405
831.22097973 343.26597411
947.55843755 267.24347692
759.80590661 203.89139593
618.12761640 287.97688524
546.71254329 258.02862877
483.36046230 240.75078850
460.32334194 201.58768389
462.62705397 175.09499548
466.08262203 96.76878625
282.93751516 222.32109222
183.87789762 458.45157591
142.41108097 666.93751516
126.28509672 221.16923620
110.15911246 193.52469177
191.94088974 155.51344317
197.70016983 108.28734643
153.92964115 134.78003485
118.22210459 115.19848254
56.02187962 177.39870751
41.04775138 71.42795386
111.31096848 65.66867377
117.07024857 39.17598535
99.79240830 38.02412934
104.68779638 16.78678400
114.47857253 16.78678400
44.21535543 13.90714396
7.93189087 0.66079975
32.69679525 69.77216083
193.38070976 38.09612034
207.77890999 43.27947242
224.48082225 35.79240830
203.17148592 22.54606409
178.40658153 24.27384812
165.16023732 34.06462427
291.28847129 68.04437681
393.80365690 57.10174463
378.82952866 118.72604160
334.48307197 126.78903372
253.27722270 14.48307197
233.69567039 9.29971989
191.07699773 5.84415183
268.25135093 31.76091224
322.96451179 9.87564790
336.78678400 8.72379188
476.73729019 16.78678400
462.33908997 243.12649154
216.99375813 61.13324070
899.46844880 143.49094598
859.15348817 111.81490549
875.85540043 90.50556916
846.48307197 72.65180088
886.79803260 62.28509672
939.20748142 73.80365690
960.51681775 56.52581663
934.60005735 46.73504047
943.23897748 24.84977613
925.38520920 29.45720020
1016.38183462 139.45944992
967.42795386 188.41333069
961.09274576 144.06687399
1010.62255453 27.15348817
981.82615408 30.03312821
968.57980988 5.26822382
867.79240830 6.42007984
809.62367939 30.03312821
804.44032731 43.85540043
780.82727894 34.64055228
791.76991111 4.11636781
774.49207084 8.14786387
767.58093474 12.17935993
763.54943867 67.46844880
737.63267827 73.80365690
715.17148592 78.98700898
688.67879750 90.50556916
684.64730144 68.04437681
741.66417433 28.88127219
632.23785262 2.96451179
577.52469177 35.79240830
570.03762765 20.24235206
527.41895498 11.02750391
546.42457928 30.03312821
598.25810009 87.05000110
647.21198086 138.88352191
841.29971989 38.67204835
732.16136218 124.41333069
778.23560290 99.07249829
817.39870751 126.71704272
81.09991969 25.31570390
12.56045915 7.66935026
4.37664296 7.41360600
4.12089871 17.64337623
21.51150810 59.58543417
149.38363597 42.70631329
62.23044134 39.43445472
76.78562529 50.77893632
72.93278248 61.26723064
87.05987278 68.75886943
21.13345137 15.46121057
51.95619385 4.33077579
5.29398649 40.29064201
7.86254836 92.08997311
38.04315037 125.90937111
2.93947144 160.58495639
53.02642796 142.17692963
5.72208014 189.16020723
120.02308348 368.53144468
276.27726408 344.55820054
325.50803331 323.58161191
290.83244803 273.49465539
292.97291626 204.57157846
319.94281592 65.76221392
332.14348482 63.62174569
346.48462194 66.19030756
359.54147813 54.63177913
440.45117713 23.16689619
448.15686275 7.32743131
308.38428749 26.16355171
285.05318382 30.44448816
182.95284937 47.35418716
75.28729753 25.94950489
74.43111024 117.77559184
749.32074234 43.28729753
551.96957178 15.67525739
604.41104335 73.25385271
636.08997311 52.91940455
648.71873565 1.97626074
690.24381927 2.83244803
698.80569218 3.68863532
720.21037445 1.54816709
681.68194636 7.32743131
1008.74549151 114.67191291
1007.88930422 84.70535773
959.08662863 160.04983933
873.03980589 109.53478917
792.98629418 98.40435438
989.05318382 14.49799987
821.66856843 14.39097646
837.07993967 9.68194636
