957.24777184 195.11790171
952.26075885 201.66335625
947.27374586 201.35166794
942.59842119 197.61140820
927.63738223 194.49452508
922.02699262 195.11790171
916.72829132 199.48153807
907.37764197 194.18283677
899.89712249 195.42959002
897.09192768 192.00101859
886.18283677 197.61140820
882.75426534 198.54647313
879.63738223 201.35166794
884.93608352 208.20881080
895.53348612 206.02699262
909.87114846 205.09192768
922.33868093 206.33868093
927.32569391 209.45556404
931.37764197 205.09192768
940.41660300 207.27374586
958.80621339 203.84517443
970.65036924 207.89712249
962.85816145 207.27374586
981.24777184 204.15686275
967.84517443 198.85816145
971.58543417 226.91010950
867.16984976 207.89712249
862.18283677 203.53348612
844.41660300 214.44257703
846.28673287 223.16984976
875.89712249 233.45556404
884.62439521 237.81920041
1005.55946015 279.27374586
988.72829132 295.48153807
910.80621339 271.16984976
900.83218742 279.27374586
999.01400560 296.72829132
857.50751210 272.72829132
838.49452508 271.16984976
830.70231729 260.26075885
822.91010950 211.63738223
812.00101859 203.84517443
796.41660300 199.48153807
795.79322638 206.65036924
783.94907054 209.45556404
815.11790171 244.05296664
792.05296664 278.02699262
771.16984976 243.42959002
1003.16984976 318.70231729
973.87114846 350.49452508
920.88413547 361.09192768
761.50751210 216.15686275
744.67634326 219.27374586
741.55946015 214.28673287
732.83218742 226.13088872
722.23478482 218.65036924
686.70231729 223.63738223
671.74127833 228.00101859
667.37764197 214.28673287
662.39062898 241.09192768
650.54647313 234.85816145
654.28673287 231.74127833
624.36465495 239.84517443
645.87114846 254.02699262
603.48153807 242.49452508
593.81920041 246.85816145
607.53348612 256.83218742
636.20881080 273.03997963
633.71530430 267.42959002
686.70231729 232.83218742
700.10491469 239.06595365
718.49452508 232.83218742
757.14387573 241.55946015
745.92309651 254.65036924
738.44257703 269.61140820
748.10491469 272.41660300
739.37764197 280.20881080
689.50751210 298.91010950
677.66335625 308.57244716
581.66335625 297.35166794
586.96205755 321.66335625
737.50751210 220.67634326
872.46855106 414.70231729
841.29971989 423.42959002
845.03997963 382.28673287
803.89712249 371.06595365
684.20881080 353.61140820
666.75426534 347.37764197
557.03997963 323.68933028
513.40361599 297.50751210
507.16984976 285.03997963
503.42959002 256.36465495
479.74127833 257.61140820
594.13088872 123.74127833
627.79322638 120.93608352
637.76725236 124.05296664
598.18283677 168.62439521
577.61140820 164.57244716
572.31270690 171.74127833
558.91010950 182.02699262
502.18283677 188.26075885
469.76725236 207.42959002
436.10491469 223.01400560
423.01400560 221.76725236
442.33868093 302.80621339
445.45556404 288.46855106
434.85816145 252.31270690
409.92309651 241.71530430
418.02699262 259.79322638
409.29971989 282.85816145
407.42959002 292.83218742
398.70231729 277.24777184
371.27374586 290.33868093
363.79322638 284.10491469
353.81920041 271.01400560
310.80621339 276.00101859
291.48153807 254.18283677
221.03997963 265.40361599
316.41660300 319.01400560
323.89712249 332.10491469
410.54647313 302.80621339
495.94907054 487.01400560
524.62439521 506.96205755
411.16984976 533.14387573
382.49452508 488.26075885
346.33868093 504.46855106
367.53348612 561.81920041
298.96205755 535.63738223
209.19582378 479.53348612
156.83218742 440.88413547
80.78023937 462.07894067
183.01400560 624.15686275
126.91010950 594.23478482
77.03997963 620.41660300
52.10491469 614.18283677
4.72829132 575.53348612
33.40361599 414.70231729
10.96205755 399.74127833
164.31270690 388.52049911
143.11790171 379.79322638
111.94907054 326.18283677
93.24777184 328.67634326
74.54647313 296.26075885
69.55946015 283.79322638
89.50751210 278.80621339
123.16984976 266.33868093
156.83218742 265.09192768
151.84517443 256.36465495
99.48153807 281.45556404
71.42959002 277.71530430
8.15686275 321.97504456
