8.89832616 457.83491153
103.80564323 381.65930177
60.09832616 325.46417982
115.04466762 316.72271640
172.48857006 296.74222860
242.42027738 409.13247250
425.99100909 504.03978957
523.39588714 411.63003348
595.82515543 401.63978957
709.46417982 299.23978957
721.95198470 240.54710665
764.41052128 240.54710665
660.76174079 246.79100909
623.29832616 244.29344811
620.80076518 260.52759445
647.02515543 296.74222860
319.84466762 299.23978957
364.80076518 302.98613104
243.66905787 271.76661884
271.14222860 253.65930177
278.01052128 253.65930177
251.16174079 246.16661884
233.67881396 243.66905787
252.41052128 194.34222860
264.27393592 197.46417982
288.00076518 181.85442372
348.56661884 215.57149689
331.08369201 252.41052128
391.64954567 218.06905787
402.26417982 219.94222860
426.61539933 236.80076518
458.45930177 236.80076518
505.28857006 253.65930177
543.37637494 251.78613104
544.00076518 229.93247250
613.93247250 194.34222860
512.15686275 229.93247250
489.67881396 204.33247250
520.27393592 187.47393592
530.88857006 172.48857006
563.98125299 156.87881396
568.97637494 160.62515543
454.08857006 189.34710665
434.73247250 198.71296031
435.98125299 172.48857006
430.36174079 176.23491153
411.63003348 177.48369201
402.88857006 180.60564323
391.64954567 188.72271640
329.21052128 181.85442372
347.31783835 156.87881396
322.34222860 146.88857006
321.09344811 138.14710665
269.89344811 151.25930177
234.30320421 148.76174079
238.04954567 142.51783835
332.95686275 122.22515543
340.44954567 128.78125299
354.49832616 122.84954567
360.11783835 107.55198470
352.93735055 108.17637494
350.75198470 108.17637494
257.71783835 125.97149689
270.83003348 126.28369201
255.22027738 113.17149689
249.60076518 120.03978957
244.60564323 121.60076518
242.10808226 123.47393592
243.35686275 117.54222860
243.35686275 110.98613104
237.73735055 110.36174079
238.67393592 113.79588714
228.37149689 113.17149689
224.00076518 112.54710665
220.56661884 110.36174079
212.76174079 112.54710665
217.44466762 118.79100909
229.62027738 116.60564323
233.99100909 119.41539933
214.01052128 123.47393592
208.70320421 123.16174079
227.12271640 122.84954567
223.68857006 127.84466762
211.82515543 134.71296031
199.02515543 127.84466762
193.40564323 123.47393592
197.77637494 120.66417982
181.54222860 122.84954567
178.10808226 125.97149689
137.52271640 114.42027738
135.64954567 114.73247250
148.44954567 127.22027738
366.04954567 108.48857006
374.16661884 106.30320421
371.66905787 113.17149689
368.23491153 124.72271640
367.92271640 128.78125299
386.03003348 118.16661884
394.45930177 121.60076518
397.26905787 106.30320421
399.45442372 105.05442372
412.87881396 111.92271640
410.38125299 115.35686275
420.37149689 114.73247250
434.73247250 115.98125299
444.09832616 111.29832616
446.28369201 118.79100909
431.29832616 126.90808226
439.41539933 133.15198470
449.40564323 133.77637494
454.08857006 132.21539933
469.69832616 136.58613104
483.74710665 128.78125299
472.19588714 115.35686275
475.00564323 111.92271640
484.68369201 116.29344811
493.42515543 119.72759445
499.04466762 125.97149689
505.28857006 162.49832616
512.46905787 109.73735055
527.45442372 121.60076518
531.51296031 120.35198470
533.38613104 133.77637494
536.19588714 119.72759445
544.93735055 145.63978957
557.73735055 119.72759445
554.30320421 125.34710665
563.98125299 122.53735055
553.67881396 120.97637494
569.60076518 120.97637494
576.46905787 123.16174079
582.08857006 123.16174079
590.51783835 123.16174079
605.19100909 122.53735055
594.88857006 143.45442372
595.20076518 139.39588714
604.56661884 133.77637494
607.37637494 139.39588714
610.18613104 146.88857006
614.86905787 137.83491153
624.85930177 140.64466762
645.15198470 130.03003348
650.14710665 128.15686275
661.69832616 116.91783835
664.50808226 139.39588714
660.76174079 142.83003348
669.81539933 162.81052128
662.01052128 190.28369201
675.74710665 142.20564323
680.43003348 146.57637494
673.56174079 129.40564323
688.23491153 133.77637494
686.98613104 130.34222860
692.91783835 135.33735055
703.22027738 147.20076518
702.28369201 140.64466762
695.72759445 127.22027738
701.34710665 119.10320421
696.03978957 112.54710665
716.02027738 139.39588714
747.86417982 131.59100909
755.98125299 133.15198470
752.54710665 122.53735055
752.54710665 110.67393592
766.28369201 114.10808226
770.34222860 118.16661884
856.82027738 164.99588714
855.57149689 157.19100909
864.93735055 148.76174079
875.86417982 151.57149689
895.22027738 137.52271640
916.13735055 146.88857006
899.59100909 125.03491153
919.88369201 125.65930177
941.42515543 139.08369201
944.23491153 121.60076518
937.36661884 113.17149689
943.61052128 111.61052128
958.90808226 108.17637494
958.28369201 117.54222860
975.45442372 120.03978957
987.63003348 115.98125299
996.99588714 109.73735055
1003.55198470 123.78613104
996.99588714 120.35198470
1008.85930177 118.16661884
981.07393592 141.89344811
923.63003348 109.11296031
923.63003348 104.11783835
914.57637494 108.17637494
910.51783835 114.73247250
904.89832616 105.99100909
899.27881396 115.35686275
908.33247250 91.94222860
898.96661884 98.49832616
892.41052128 97.24954567
894.59588714 97.24954567
894.90808226 111.61052128
890.53735055 110.98613104
886.79100909 120.97637494
878.04954567 119.41539933
883.35686275 115.98125299
870.86905787 116.60564323
882.10808226 113.17149689
883.66905787 99.74710665
872.74222860 107.55198470
867.43491153 106.30320421
862.75198470 113.79588714
863.37637494 118.79100909
860.25442372 120.97637494
853.69832616 124.41052128
845.58125299 120.97637494
838.71296031 127.22027738
815.92271640 123.78613104
808.11783835 127.84466762
778.77149689 122.22515543
776.89832616 111.61052128
792.82027738 109.73735055
792.19588714 118.16661884
796.87881396 111.61052128
800.31296031 115.98125299
804.05930177 113.79588714
806.24466762 110.36174079
809.99100909 100.05930177
805.62027738 118.79100909
814.98613104 114.42027738
815.92271640 109.11296031
823.41539933 109.73735055
832.78125299 107.55198470
830.90808226 119.41539933
828.72271640 115.35686275
834.65442372 114.42027738
837.77637494 117.23003348
843.70808226 116.60564323
843.08369201 110.36174079
838.71296031 108.17637494
850.26417982 112.54710665
857.44466762 111.61052128
858.38125299 106.92759445
828.09832616 96.93735055
820.60564323 98.81052128
849.95198470 93.81539933
847.45442372 95.68857006
856.19588714 95.06417982
860.25442372 95.06417982
864.31296031 94.12759445
870.55686275 96.62515543
821.85442372 89.44466762
824.03978957 87.88369201
821.23003348 86.01052128
820.29344811 81.95198470
818.10808226 84.76174079
815.61052128 76.33247250
808.11783835 75.08369201
842.77149689 81.32759445
839.02515543 89.13247250
849.32759445 84.76174079
849.32759445 79.45442372
863.68857006 83.82515543
867.74710665 84.76174079
869.30808226 87.88369201
876.48857006 91.00564323
874.30320421 86.94710665
875.86417982 85.69832616
879.61052128 83.82515543
879.92271640 80.39100909
875.23978957 80.70320421
871.49344811 80.70320421
869.62027738 78.51783835
889.28857006 87.57149689
894.59588714 86.63491153
896.15686275 85.69832616
898.96661884 86.94710665
898.65442372 84.13735055
896.46905787 83.20076518
894.28369201 83.20076518
895.84466762 81.01539933
892.72271640 79.45442372
890.22515543 80.39100909
887.10320421 77.58125299
886.16661884 81.95198470
886.79100909 85.07393592
901.15198470 79.76661884
902.71296031 83.82515543
905.83491153 85.69832616
908.33247250 84.13735055
905.83491153 79.76661884
908.95686275 78.51783835
909.26905787 75.70808226
846.20564323 257.71783835
