95.78661481 674.85438341
354.74859828 525.06264787
635.29074704 519.98496192
288.73868093 261.02297845
230.34529250 214.05438341
6.92711068 122.65603630
328.09074704 64.26264787
361.09570572 40.14363960
411.87256522 29.98826770
385.21471398 75.68744126
395.37008589 9.67752390
471.53537514 116.30892886
740.65273051 195.01306109
908.21636688 437.47256522
922.18000324 327.03289580
988.18992060 352.42132556
943.76016853 206.43785448
733.03620159 84.57339167
665.75686275 33.79653217
667.02628423 5.86925944
550.23950737 26.18000324
562.93372225 4.59983795
729.22793713 4.59983795
818.08744126 7.13868093
858.70892886 5.86925944
905.67752390 59.18496192
