354.81052128 516.52759445
71.33735055 622.67393592
607.06417982 460.33247250
838.08857006 472.82027738
870.55686275 627.66905787
879.29832616 283.00564323
878.04954567 221.81539933
1016.66417982 210.57637494
739.43491153 188.09832616
728.19588714 285.50320421
759.41539933 344.19588714
673.24954567 213.07393592
538.38125299 291.74710665
440.97637494 286.75198470
291.12271640 275.51296031
96.31296031 240.54710665
21.38613104 258.03003348
23.88369201 347.94222860
106.30320421 161.87393592
26.38125299 226.81052128
87.57149689 215.57149689
48.85930177 158.12759445
10.14710665 100.68369201
2.65442372 70.71296031
31.37637494 79.45442372
66.34222860 109.42515543
83.82515543 128.15686275
121.28857006 105.67881396
115.04466762 141.89344811
162.49832616 90.69344811
173.73735055 25.75686275
197.46417982 144.39100909
239.92271640 169.36661884
249.91296031 126.90808226
299.86417982 130.65442372
307.35686275 95.68857006
328.58613104 90.69344811
327.33735055 66.96661884
382.28369201 34.49832616
386.03003348 125.65930177
386.03003348 174.36174079
397.26905787 196.83978957
407.25930177 149.38613104
462.20564323 149.38613104
453.46417982 131.90320421
474.69344811 165.62027738
492.17637494 113.17149689
430.98613104 45.73735055
419.74710665 40.74222860
475.94222860 47.92271640
466.57637494 29.81539933
486.55686275 11.70808226
502.16661884 29.81539933
532.76174079 24.19588714
557.11296031 30.43978957
574.59588714 27.31783835
563.98125299 56.66417982
565.85442372 77.26905787
598.94710665 55.41539933
584.58613104 7.33735055
595.82515543 8.58613104
682.61539933 27.94222860
674.49832616 31.06417982
704.46905787 7.33735055
678.86905787 89.75686275
635.16174079 83.51296031
603.94222860 123.47393592
662.01052128 112.23491153
662.01052128 157.19100909
647.02515543 178.42027738
766.28369201 2.34222860
199.64850154 246.31070890
1021.58830087 515.15351826
801.97626074 2.83244803
