50.85816145 394.75426534
38.39062898 238.91010950
131.89712249 266.33868093
222.91010950 232.67634326
180.52049911 184.05296664
532.10491469 382.28673287
537.09192768 353.61140820
628.10491469 351.11790171
709.14387573 357.35166794
740.31270690 348.62439521
942.28673287 304.98803158
919.84517443 292.52049911
977.19582378 253.87114846
979.68933028 217.71530430
928.57244716 213.97504456
864.98803158 270.07894067
752.78023937 248.88413547
747.79322638 201.50751210
711.63738223 195.27374586
611.89712249 256.36465495
1012.10491469 184.05296664
990.91010950 186.54647313
992.15686275 147.89712249
957.24777184 121.71530430
918.59842119 127.94907054
813.87114846 135.42959002
868.72829132 81.81920041
777.71530430 164.10491469
663.01400560 160.36465495
685.45556404 108.00101859
649.29971989 120.46855106
599.42959002 157.87114846
562.02699262 191.53348612
509.66335625 205.24777184
795.16984976 108.00101859
761.50751210 99.27374586
740.31270690 105.50751210
640.57244716 94.28673287
594.44257703 96.78023937
589.45556404 76.83218742
598.18283677 61.87114846
616.88413547 73.09192768
554.54647313 76.83218742
514.65036924 90.54647313
488.46855106 81.81920041
451.06595365 94.28673287
432.36465495 94.28673287
416.15686275 85.55946015
276.52049911 103.01400560
242.85816145 108.00101859
104.46855106 59.37764197
149.35166794 78.07894067
189.24777184 60.62439521
199.22179781 55.63738223
206.70231729 60.62439521
225.40361599 70.59842119
251.58543417 69.35166794
245.35166794 56.88413547
227.89712249 46.91010950
325.14387573 68.10491469
342.59842119 64.36465495
363.79322638 33.19582378
298.96205755 56.88413547
15.01400560 29.92309651
11.27374586 88.52049911
42.44257703 30.23478482
36.83218742 14.96205755
41.19582378 8.41660300
12.83218742 3.11790171
58.33868093 10.91010950
73.92309651 16.20881080
69.87114846 11.22179781
120.98803158 24.00101859
163.06595365 7.48153807
163.37764197 1.87114846
136.57244716 23.06595365
134.07894067 29.61140820
113.50751210 34.91010950
178.96205755 72.00101859
228.20881080 26.49452508
249.40361599 27.42959002
243.16984976 23.06595365
227.89712249 5.29971989
164.31270690 86.96205755
120.36465495 56.41660300
285.55946015 65.76725236
289.29971989 62.65036924
355.06595365 105.97504456
371.89712249 98.80621339
411.48153807 64.20881080
414.59842119 39.27374586
399.63738223 33.66335625
389.03997963 40.52049911
359.74127833 38.02699262
330.44257703 31.79322638
308.62439521 17.14387573
278.70231729 44.57244716
269.03997963 50.49452508
276.52049911 34.91010950
264.98803158 34.91010950
269.97504456 17.76725236
271.53348612 9.97504456
261.24777184 7.79322638
320.78023937 4.05296664
325.14387573 8.72829132
334.49452508 4.36465495
348.20881080 6.23478482
345.09192768 4.05296664
360.05296664 18.70231729
354.13088872 11.84517443
371.27374586 16.20881080
377.19582378 8.41660300
362.23478482 10.91010950
387.48153807 4.67634326
399.01400560 6.23478482
407.11790171 19.32569391
399.01400560 24.00101859
369.09192768 10.59842119
358.39062898 3.42959002
360.26075885 4.67634326
436.93608352 34.28673287
449.71530430 36.46855106
454.07894067 17.45556404
452.20881080 51.74127833
451.89712249 44.57244716
478.07894067 47.68933028
479.01400560 41.14387573
489.92309651 57.66335625
503.01400560 58.59842119
522.33868093 45.81920041
532.31270690 40.83218742
515.79322638 10.59842119
499.89712249 5.29971989
487.11790171 23.06595365
544.46855106 78.85816145
542.91010950 90.70231729
465.92309651 156.78023937
674.23478482 150.70231729
712.26075885 93.97504456
691.06595365 93.35166794
699.79322638 72.15686275
707.89712249 49.71530430
713.50751210 40.98803158
729.09192768 41.61140820
577.61140820 32.26075885
573.87114846 32.26075885
590.70231729 25.40361599
605.03997963 23.53348612
624.36465495 25.40361599
629.35166794 21.66335625
634.33868093 13.55946015
625.61140820 12.93608352
613.76725236 14.80621339
613.14387573 6.07894067
603.16984976 12.93608352
594.44257703 10.44257703
581.35166794 10.44257703
575.11790171 8.57244716
568.26075885 7.94907054
562.65036924 12.93608352
543.94907054 3.58543417
536.46855106 1.71530430
715.37764197 25.40361599
706.65036924 25.40361599
727.84517443 28.52049911
756.52049911 30.39062898
745.92309651 34.13088872
728.46855106 52.83218742
806.39062898 62.80621339
803.89712249 52.83218742
772.72829132 79.01400560
768.98803158 87.74127833
785.81920041 88.98803158
778.33868093 102.70231729
805.14387573 98.96205755
797.66335625 100.83218742
750.91010950 82.13088872
843.16984976 65.92309651
820.10491469 58.44257703
812.62439521 54.07894067
859.37764197 34.13088872
878.07894067 67.16984976
902.39062898 58.44257703
900.52049911 51.58543417
911.74127833 26.65036924
919.22179781 49.71530430
942.91010950 57.19582378
952.88413547 45.97504456
942.28673287 31.01400560
943.53348612 23.53348612
886.49452508 67.63738223
887.74127833 59.84517443
898.33868093 124.05296664
876.52049911 138.70231729
1020.52049911 73.24777184
977.50751210 28.05296664
962.85816145 25.87114846
689.92309651 78.54647313
799.94907054 167.06595365
129.01305004 1.92274903
132.00970555 3.10000656
293.61505673 31.99632763
333.21371893 1.92274903
967.22040790 26.21706341
989.26723064 25.46789953
