282.28530311 381.07429394
239.12933981 478.83576183
56.81741320 512.30365174
385.33117467 383.71649577
381.80823889 426.87245908
508.63392697 340.56053247
563.23943155 312.37704623
559.71649577 269.22108293
734.98255082 697.25778018
931.38622054 734.24860586
852.12016550 565.14768843
859.16603706 433.91833064
785.18438568 419.82658752
673.33117467 342.32200036
731.45961504 313.25778018
859.16603706 305.33117467
934.90915632 293.00089944
971.89998201 369.62475265
664.52383522 238.39539486
739.38622054 237.51466091
822.17521137 207.56970678
906.72567008 182.90915632
825.69814715 167.93667926
806.32200036 157.36787192
714.72567008 170.57888109
574.68897284 188.19355999
630.17521137 137.11099119
77.80823889 182.24860586
15.64310128 60.15686275
24.23025724 115.86328476
161.40456917 51.12933981
190.90915632 48.70732146
231.31282605 10.23025724
254.43209210 23.00089944
384.56053247 111.01924807
328.19355999 100.01007375
318.06511963 176.85411045
381.69814715 54.87245908
355.49631229 18.54218385
334.57888109 19.42291779
363.42291779 18.98255082
680.96420219 134.24860586
656.30365174 95.49631229
621.95502788 95.49631229
589.36787192 80.96420219
555.45961504 103.86328476
519.78989027 94.61557834
518.90915632 57.18438568
544.89080770 49.25778018
557.22108293 44.85411045
549.29447742 81.84493614
581.88163339 65.11099119
622.39539486 54.10181687
651.89998201 50.13851412
669.07429394 37.80823889
640.45044073 34.72567008
697.25778018 58.50548660
716.63392697 64.67062421
735.56970678 70.83576183
730.72567008 94.17521137
778.28530311 93.29447742
792.37704623 114.87245908
831.56970678 52.78071596
797.22108293 37.36787192
782.68897284 43.09264256
765.51466091 36.04677100
864.59722972 56.30365174
880.89080770 73.03759669
899.38622054 130.28530311
932.41374348 131.16603706
965.44126641 97.69814715
990.98255082 95.93667926
1020.48713797 129.84493614
1013.44126641 202.50548660
909.95502788 73.91833064
950.46878935 35.60640403
897.62475265 52.34034898
974.32200036 20.96420219
994.35869761 30.21190862
1012.85411045 38.13851412
1016.59722972 87.23943155
933.80823889 20.08346825
791.34952330 5.24860586
801.97337651 6.51466091
816.06511963 12.12933981
850.35869761 4.80823889
830.70732146 15.76236733
708.56053247 29.16603706
729.47796366 25.31282605
731.45961504 13.20273430
749.51466091 17.49631229
668.59722972 12.10181687
551.56970678 16.28530311
571.05594531 13.97337651
604.08346825 9.78989027
507.42291779 61.03759669
505.00089944 34.17521137
533.40456917 30.43209210
522.83576183 21.62475265
428.81741320 89.27612880
458.43209210 65.93667926
476.37704623 38.30365174
465.69814715 19.03759669
492.34034898 19.80823889
437.51466091 17.05594531
421.11099119 28.28530311
385.93667926 10.53300953
399.75319302 6.01924807
409.88163339 7.34034898
391.16603706 4.97337651
407.01924807 51.84493614
310.79906458 5.79906458
325.05594531 11.74401871
342.67062421 6.12933981
259.71649577 2.95044073
650.57888109 69.95502788
111.42291779 5.00089944
145.77154164 5.88163339
