275.20586456 570.93000249
121.88463044 715.88826020
286.35649977 492.87555603
417.37646347 427.36557418
453.61602790 396.70132735
562.33472118 502.63236184
928.91185367 720.06974841
417.37646347 271.25668126
502.40005694 343.73581011
475.91729832 286.58880467
526.09515676 318.64688089
507.97537454 267.07519305
531.67047436 247.56158144
586.02982100 343.73581011
671.05341447 267.07519305
675.23490267 205.74669941
811.83018398 257.31838725
838.31294260 285.19497527
874.55250703 255.92455784
903.82292445 289.37646347
986.05885912 264.28753425
994.42183552 240.59243443
995.81566492 215.50350521
979.08971211 219.68499342
948.42546529 195.98989360
889.88463044 172.29479378
282.17501157 248.95541084
262.66139995 180.65777019
305.87011138 186.23308779
381.13689904 211.32201701
365.80477563 186.23308779
404.83199886 189.02074659
442.46539269 191.80840539
459.19134550 176.47628198
481.49261592 170.90096438
531.67047436 218.29116402
560.94089178 191.80840539
541.42728017 144.41820576
520.51983915 144.41820576
567.91003879 147.20586456
594.39279741 197.38372300
587.42365040 168.11330558
609.72492082 127.69225294
647.35831465 129.08608235
682.20404968 143.02437636
672.44724387 134.66139995
715.65595530 151.38735276
753.28934913 131.87374115
782.55976656 120.72310594
814.61784278 169.50713498
797.89188997 169.50713498
842.49443080 147.20586456
870.37101882 127.69225294
927.51802427 78.90822391
965.15141810 59.39461229
983.27120031 73.33290630
984.66502971 108.17864133
207.89551973 80.82473933
190.99533824 70.02256147
201.79751610 66.01530195
195.87374115 70.71947618
195.87374115 64.27301520
211.90277926 63.57610049
214.34198071 68.28027472
220.09152699 84.13508416
220.78844169 96.50532010
238.73399523 94.41457599
251.10423117 87.79388634
261.38372300 85.70314224
227.93181737 66.18953062
222.87918579 64.27301520
241.17319668 66.01530195
246.74851429 62.35649977
253.19497527 62.00804242
280.08426746 67.58336002
288.27301520 85.87737091
291.23490267 71.93907690
298.72673570 81.34742536
289.84107327 65.31838725
303.77936728 68.80296075
300.12056510 56.43272481
304.47628198 56.43272481
320.15686275 64.62147255
329.21675385 67.58336002
341.58698979 60.26575567
352.73762500 54.86466674
351.16956692 61.48535639
360.05522935 61.48535639
347.68499342 78.03708053
330.95904060 117.76121846
348.73036547 127.51802427
367.19860503 120.89733461
363.71403153 104.17138180
370.68317853 98.94452155
388.45450340 100.68680830
391.24216220 97.20223480
392.98444895 89.53617309
378.00078289 76.29479378
371.03163588 74.90096438
389.49987545 54.69043806
400.65051066 109.39824206
410.05885912 95.80840539
423.64869578 111.14052881
418.77029287 120.89733461
412.84651792 134.13871392
367.89551973 50.85740721
399.25668126 48.06974841
403.08971211 41.79751610
410.75577382 67.23490267
417.02800612 50.85740721
421.55795167 63.75032917
421.20949432 73.50713498
426.43635458 76.64325113
421.20949432 84.65777019
414.58880467 84.65777019
397.16593716 31.95359596
392.20041991 31.34379559
388.45450340 29.86285186
388.62873207 25.94270667
391.15504786 24.37464859
392.46176293 21.49987545
387.67047436 22.19679015
398.38553788 23.93907690
397.94996619 21.32564677
394.81385004 25.15867763
402.13145440 22.71947618
402.91548343 20.28027472
406.66139995 21.76121846
407.53254333 24.11330558
410.49443080 25.50713498
408.83925839 30.47265222
403.78662681 26.72673570
406.31294260 32.73762500
409.71040177 48.76666311
408.83925839 39.00985730
413.89188997 33.95722572
417.02800612 30.99533824
415.98263407 26.98807872
421.20949432 25.94270667
426.87192627 26.46539269
428.17864133 29.25305149
425.47809686 31.77936728
423.03889541 39.09697164
419.38009324 51.46720757
429.57247073 53.29660866
432.53435821 49.98626383
434.53798797 42.23308779
430.96630013 34.39279741
436.19316039 33.34742536
437.06430376 28.64325113
431.66321483 30.47265222
441.15867763 48.15686275
446.73399523 48.15686275
435.93181737 59.56884097
442.11693534 58.52346892
446.90822391 61.65958507
455.18408598 52.77392264
448.04071030 45.54343262
444.12056510 33.87011138
445.16593716 29.77573752
440.02619124 29.42728017
442.72673570 25.50713498
447.43090993 24.81022028
451.26394079 26.63962137
461.02074659 26.02982100
455.18408598 32.38916765
456.75214405 36.65777019
449.52165403 35.17682645
448.38916765 40.22945803
455.79388634 42.75577382
460.49806057 42.23308779
462.32746166 46.93726202
464.41820576 41.88463044
466.07337817 36.39642717
468.16412227 37.35468489
472.60695349 40.66502971
474.78481193 33.69588271
471.64869578 33.26031102
478.61784278 27.16230739
474.34924024 29.07882282
468.59969396 28.12056510
479.14052881 44.32383189
483.06067400 37.09334187
486.89370485 33.34742536
484.01893171 28.64325113
486.02256147 26.63962137
489.50713498 25.76847799
490.98807872 44.14960322
495.95359596 37.79025657
494.12419487 34.21856873
491.85922209 21.06430376
498.04434006 17.05704423
502.13871392 18.36375930
505.71040177 17.92818761
509.36920394 17.05704423
508.49806057 21.06430376
513.20223480 39.09697164
518.51620939 35.87374115
509.63054696 34.65414042
517.47083734 19.58336002
526.26938543 18.27664496
530.10241628 15.66321483
530.53798797 13.65958507
537.24579196 14.09515676
535.85196256 27.33653607
532.62873207 35.35105512
522.87192627 26.11693534
530.18953062 37.26757055
538.55250703 42.32020213
539.42365040 35.96085549
543.34379559 36.48354151
547.17682645 43.19134550
537.42002064 47.02437636
545.26031102 6.69043806
550.66139995 37.09334187
563.90277926 22.24034732
550.05159959 28.51257962
572.52709868 12.13508416
576.96992990 22.32746166
580.10604605 31.73581011
571.74306964 37.04978471
568.95541084 32.60695349
563.81566492 38.96630013
564.77392264 47.24216220
577.75395893 45.32564677
583.41639088 44.71584641
576.70858688 28.33835095
591.16956692 39.83744351
589.94996619 47.24216220
598.83562863 42.36375930
594.74125476 32.78118216
594.13145440 29.99352336
594.13145440 25.11512046
600.31657236 9.34742536
606.24034732 41.36194441
606.24034732 37.00622754
602.23308779 33.69588271
607.11149069 30.38553788
612.16412227 30.73399523
613.20949432 37.00622754
618.61058325 39.96811501
616.51983915 27.77210775
622.61784278 27.42365040
621.92092808 21.49987545
616.17138180 19.06067400
614.42909505 11.74306964
629.93544714 20.45450340
632.89733461 26.55250703
637.94996619 15.57610049
637.07882282 11.74306964
629.93544714 35.61239814
632.72310594 32.47628198
631.15504786 49.20223480
637.42728017 39.96811501
614.77755240 49.20223480
624.70858688 58.08789723
626.62510231 72.72310594
617.91366855 74.11693534
612.68680830 70.28390449
609.55069215 69.06430376
599.79388634 78.47265222
594.91548343 90.66865948
587.59787908 78.82110957
575.05341447 91.71403153
570.34924024 56.86829650
557.28208961 50.94452155
547.17682645 83.35105512
543.16956692 76.90459414
532.19316039 70.80659051
448.04071030 123.51076474
456.05522935 110.26938543
452.57065585 100.51257962
475.22038362 93.89188997
447.34379559 78.90822391
436.54161774 67.40913135
437.58698979 75.77210775
471.03889541 135.00985730
474.17501157 120.72310594
494.73399523 113.75395893
499.96085549 102.95178108
509.71766129 119.32927654
496.82473933 136.05522935
536.54887726 102.60332373
540.73036547 93.89188997
583.59061955 115.84470304
610.77029287 101.90640902
634.11693534 84.13508416
681.15867763 78.90822391
674.53798797 78.55976656
671.75032917 70.54524750
693.00622754 70.19679015
702.76303334 61.48535639
721.92818761 84.48354151
629.93544714 198.42909505
768.27301520 83.78662681
747.71403153 59.74306964
736.56339632 52.77392264
764.09152699 52.07700794
796.73036547 69.49987545
786.97355966 68.80296075
868.51257962 68.80296075
837.84833280 81.34742536
846.55976656 83.43816946
894.99533824 65.66684460
649.15867763 36.83199886
644.10604605 32.30205331
639.57610049 25.15867763
642.36375930 22.89370485
647.41639088 19.75758870
647.76484823 13.65958507
652.64325113 14.87918579
654.90822391 10.17501157
657.17319668 17.84107327
653.34016583 24.98444895
658.21856873 33.69588271
667.10423117 26.55250703
665.18771574 16.44724387
670.76303334 18.01530195
674.07337817 28.81747980
684.17864133 34.39279741
680.17138180 41.88463044
670.24034732 36.48354151
671.45994804 45.02074659
662.22582826 48.33109142
664.49080104 58.95904060
641.14415857 50.94452155
700.90459414 40.66502971
693.93544714 34.91548343
699.68499342 31.60513861
704.56339632 29.51439451
685.92092808 20.97718942
689.75395893 20.10604605
688.36012953 12.61421302
684.87555603 11.91729832
719.37283371 35.26394079
717.10786093 23.93907690
721.98626383 19.23490267
719.89551973 16.09878652
735.75032917 14.35649977
736.62147255 29.16593716
741.49987545 31.95359596
745.15867763 31.25668126
750.38553788 31.95359596
724.25123661 28.64325113
732.78844169 38.74851429
727.03889541 40.49080104
739.75758870 43.62691719
750.38553788 59.48172663
760.14234369 38.22582826
766.76303334 28.46902245
763.80114587 10.69769759
767.98263407 10.17501157
773.55795167 9.65232554
752.47628198 16.44724387
782.96630013 47.11149069
793.76847799 52.51257962
804.57065585 37.00622754
798.64688089 34.39279741
789.41276111 33.17319668
809.10060140 51.64143625
808.22945803 55.64869578
830.18227109 47.63417672
835.58336002 25.15867763
830.35649977 1.46357781
845.86285186 5.64506601
873.56521120 16.44724387
909.63054696 6.86466674
897.95722572 23.06793353
881.57973026 48.85377745
854.74851429 52.86103697
964.33835095 17.75395893
972.70132735 3.11875022
938.55250703 19.84470304
590.92609351 66.07494466
428.52849112 21.86315645
446.43058902 14.44657303
534.91810151 20.58443517
299.82241458 596.49131091
356.75886943 87.38094301
358.04315037 79.88930422
328.07659519 76.57157846
339.20702997 81.38763198
321.97626074 114.77893632
315.23378582 98.29733097
393.46789953 77.64181258
416.15686275 62.23044134
415.72876910 40.34415371
405.07993967 37.88261525
393.89599318 35.84917044
424.66522395 22.97960522
435.79565873 23.35418716
412.89264870 22.28395305
410.53813365 22.01639452
516.11672897 47.46121057
510.12341793 47.56823398
502.09666208 39.64850154
496.31739786 53.77559184
511.94281592 55.59498984
467.42107679 55.38094301
597.88261525 52.38428749
648.39766542 79.78228081
657.38763198 63.30067545
686.60502328 73.25385271
654.92609351 44.46455505
659.74214703 42.00301659
628.70535773 93.58830087
559.03311693 104.29064201
600.02308348 306.02977244
569.62843465 252.94616040
634.69866877 270.92609351
645.82910355 202.00301659
784.53144468 249.52141124
756.27726408 152.34415371
424.82575907 308.81238114
