246.54183927 707.46202706
163.61226181 183.44324772
152.79536040 245.94090030
14.57939796 46.42916321
115.53714444 41.62165148
97.50897542 18.78597073
269.37752002 220.70146368
253.75310688 332.47611157
301.82822425 291.61226181
316.25075946 207.48080641
299.42446838 141.37752002
285.00193317 125.75310688
360.72024303 155.80005523
983.29301298 515.16155758
756.13808340 456.26953880
578.26014913 367.33057167
482.10991439 284.40099420
454.46672190 208.68268434
401.58409279 203.87517260
435.23667495 147.38690969
476.10052472 96.90803645
516.96437448 119.74371721
604.70146368 199.06766087
645.56531345 251.95028998
757.33996134 227.91273129
855.89395195 245.94090030
979.68737918 233.92212096
994.10991439 136.57000829
991.70615852 105.32118199
970.07235570 50.03479702
860.70146368 144.98315382
801.80944490 176.23198012
762.14747307 88.49489091
782.57939796 77.67798951
833.05827120 71.66859983
690.03479702 113.73432753
664.79536040 134.16625242
638.35404584 102.91742613
323.46202706 20.88925711
337.28362331 34.71085336
369.13338857 14.87986744
388.96437448 16.68268434
376.34465617 52.73902237
409.99723833 63.55592378
440.64512566 86.39160453
444.85169843 62.95498481
435.83761392 52.73902237
449.65921016 43.12399890
491.12399890 25.09582988
486.31648716 58.74841204
541.60287213 63.55592378
525.97845899 63.55592378
531.38690969 33.50897542
551.21789561 23.29301298
596.88925711 37.71554819
577.05827120 85.18972659
640.15686275 55.14277824
679.21789561 56.94559514
