33.40361599 490.75426534
4.72829132 256.36465495
45.87114846 216.46855106
95.74127833 283.79322638
196.72829132 311.22179781
155.58543417 186.54647313
614.39062898 751.32569391
864.98803158 589.24777184
869.97504456 548.10491469
701.66335625 238.91010950
711.63738223 169.09192768
741.55946015 160.36465495
806.39062898 215.22179781
786.44257703 177.81920041
604.41660300 258.85816145
500.93608352 156.62439521
429.87114846 139.16984976
568.26075885 116.72829132
509.66335625 79.32569391
417.40361599 99.27374586
398.70231729 108.00101859
316.41660300 136.67634326
259.06595365 135.42959002
42.33868093 186.85816145
4.31270690 201.81920041
63.53348612 183.74127833
98.44257703 160.05296664
119.01400560 146.96205755
139.58543417 137.61140820
175.74127833 126.39062898
190.07894067 128.26075885
197.55946015 123.89712249
214.39062898 123.89712249
196.93608352 51.58543417
180.72829132 54.70231729
172.62439521 63.42959002
154.54647313 69.66335625
158.28673287 80.26075885
160.15686275 76.52049911
141.45556404 79.01400560
123.37764197 54.07894067
104.05296664 55.94907054
87.22179781 44.10491469
75.37764197 12.93608352
49.19582378 17.29971989
35.48153807 24.15686275
23.63738223 2.33868093
12.41660300 17.92309651
119.01400560 3.58543417
92.20881080 94.59842119
82.23478482 97.71530430
66.65036924 119.53348612
46.70231729 116.41660300
36.72829132 122.02699262
8.05296664 135.74127833
187.58543417 102.07894067
237.45556404 73.40361599
245.55946015 63.42959002
231.84517443 47.84517443
232.46855106 15.42959002
256.15686275 12.31270690
257.40361599 39.74127833
272.98803158 30.39062898
278.59842119 26.02699262
282.33868093 21.03997963
279.84517443 42.85816145
295.42959002 64.05296664
258.02699262 67.16984976
303.53348612 89.61140820
337.81920041 77.14387573
334.70231729 51.58543417
325.35166794 41.61140820
314.13088872 51.58543417
344.05296664 45.97504456
359.63738223 55.32569391
382.07894067 42.85816145
407.63738223 43.48153807
393.29971989 21.03997963
382.70231729 25.40361599
337.81920041 14.80621339
347.79322638 10.44257703
320.36465495 12.31270690
390.18283677 7.94907054
416.36465495 12.31270690
445.03997963 64.67634326
420.10491469 35.37764197
463.11790171 63.42959002
477.45556404 55.94907054
460.00101859 26.02699262
451.27374586 17.92309651
439.42959002 16.67634326
447.53348612 6.70231729
475.58543417 24.15686275
499.89712249 9.19582378
365.87114846 243.58543417
529.61140820 64.05296664
532.10491469 49.71530430
541.45556404 14.80621339
584.46855106 7.94907054
612.52049911 2.33868093
595.06595365 4.20881080
630.59842119 38.49452508
636.83218742 8.57244716
644.93608352 26.02699262
655.53348612 13.55946015
649.92309651 49.71530430
629.35166794 6.07894067
694.80621339 62.80621339
687.32569391 21.66335625
668.00101859 39.74127833
666.13088872 3.58543417
681.71530430 1.71530430
711.63738223 32.26075885
696.05296664 7.94907054
747.79322638 16.67634326
739.06595365 31.01400560
729.09192768 45.97504456
783.11790171 71.53348612
835.48153807 122.02699262
843.58543417 89.61140820
829.24777184 32.88413547
791.84517443 45.35166794
788.10491469 16.67634326
813.03997963 10.44257703
802.44257703 23.53348612
851.68933028 40.98803158
914.02699262 51.58543417
897.19582378 27.89712249
892.20881080 9.19582378
907.16984976 1.71530430
944.57244716 6.07894067
958.91010950 10.44257703
957.03997963 27.89712249
942.70231729 30.39062898
926.49452508 26.02699262
930.23478482 58.44257703
980.10491469 51.58543417
988.20881080 38.49452508
1021.24777184 21.03997963
983.84517443 135.11790171
966.39062898 112.05296664
976.98803158 86.49452508
1022.07894067 60.62439521
292.72829132 3.27374586
280.26075885 9.50751210
321.88313647 511.51750211
679.92509451 369.32369591
57.52141124 112.31739786
183.80903666 63.40769887
739.04649485 586.21706341
820.38428749 361.89599318
500.59833432 225.54816709
515.36756509 14.17692963
532.49131091 1.54816709
575.51472228 1.97626074
440.02308348 1.97626074
310.73880254 15.46121057
754.45786609 62.12341793
758.31070890 84.17024067
665.62843465 42.43111024
673.12007345 24.02308348
713.57492295 5.18696308
779.50134435 26.37759853
1007.67525739 54.84582596
995.47458850 11.18027412
885.66856843 1.97626074
873.68194636 15.67525739
