104.37704623 579.23943155
41.84493614 560.74401871
91.16603706 511.42291779
40.08346825 472.67062421
178.35869761 751.86328476
91.16603706 753.62475265
202.13851412 221.66144990
144.89080770 243.67979852
142.24860586 270.98255082
135.20273430 285.07429394
121.11099119 287.71649577
111.42291779 282.43209210
68.26695449 281.55135816
170.43209210 323.82658752
121.11099119 362.57888109
107.89998201 395.16603706
280.52383522 435.67979852
269.07429394 371.38622054
254.98255082 373.14768843
241.77154164 338.79906458
254.98255082 313.25778018
248.81741320 303.56970678
251.45961504 290.35869761
232.08346825 270.98255082
206.54218385 317.66144990
322.79906458 375.78989027
349.22108293 382.83576183
358.90915632 455.93667926
419.67979852 614.46878935
456.67062421 531.67979852
203.89998201 542.24860586
224.15686275 523.75319302
269.95502788 331.75319302
421.44126641 281.55135816
398.54218385 283.31282605
463.71649577 268.34034898
551.78989027 288.59722972
543.86328476 275.38622054
550.90915632 221.66144990
447.86328476 186.43209210
431.12933981 189.07429394
423.20273430 197.88163339
565.00089944 225.18438568
561.47796366 246.32200036
627.53300953 264.81741320
635.45961504 411.89998201
631.05594531 460.34034898
606.39539486 524.63392697
579.97337651 499.97337651
653.95502788 698.13851412
734.98255082 573.07429394
816.89080770 739.53300953
860.04677100 501.73484440
777.25778018 489.40456917
790.46878935 424.23025724
705.91833064 426.87245908
758.76236733 291.23943155
733.22108293 293.00089944
709.44126641 256.01007375
694.46878935 221.66144990
685.66144990 166.17521137
627.53300953 170.57888109
581.73484440 169.69814715
592.30365174 167.05594531
735.86328476 219.01924807
726.17521137 215.49631229
737.62475265 184.67062421
715.60640403 163.53300953
706.79906458 164.41374348
761.40456917 188.19355999
801.03759669 154.72567008
818.65227559 158.24860586
834.50548660 158.24860586
808.08346825 184.67062421
787.82658752 185.55135816
869.73484440 216.37704623
864.45044073 184.67062421
869.73484440 174.10181687
832.74401871 184.67062421
822.17521137 192.59722972
909.36787192 197.00089944
916.41374348 197.88163339
914.65227559 188.19355999
906.72567008 167.93667926
910.24860586 157.36787192
897.03759669 145.03759669
1017.69814715 558.10181687
980.70732146 253.36787192
957.80823889 200.52383522
961.33117467 190.83576183
931.38622054 188.19355999
926.10181687 175.86328476
927.86328476 151.20273430
924.34034898 141.51466091
914.65227559 145.03759669
908.48713797 137.11099119
947.23943155 151.20273430
971.01924807 158.24860586
984.23025724 197.00089944
1008.01007375 204.04677100
1003.60640403 166.17521137
993.91833064 158.24860586
970.13851412 141.51466091
1013.29447742 163.53300953
1016.81741320 151.20273430
888.23025724 188.19355999
303.46955006 185.37963997
317.53548412 187.68133827
442.59442518 265.23578382
634.40261699 173.03997963
669.43958003 169.97104856
674.81020940 164.60041919
729.53948013 172.52849112
724.16885076 181.47954007
722.63438522 189.91910051
820.32869092 243.24177783
858.69032928 209.48353607
779.02599361 239.53348612
867.00201759 199.63738223
926.84617343 169.45956005
929.14787174 164.85616344
950.37464496 177.13188772
986.43458502 186.59442518
977.48353607 178.41060900
989.24777184 176.36465495
946.53848113 142.86215745
778.89812149 228.02499461
791.68533427 204.24077883
793.21979981 193.75526434
799.61340620 185.57144816
754.60241719 175.34167793
686.57444516 242.60241719
691.17784177 170.99402558
723.91310650 164.60041919
656.14087873 264.46855106
881.57944017 171.76125835
861.11989971 168.94807154
852.68033927 197.59142818
838.10291669 187.10591369
972.62439521 206.60641319
988.22479481 152.13288672
978.76225735 149.57544416
1010.47454506 153.15586374
923.26575385 136.78823138
