550.90915632 433.91833064
441.69814715 404.85411045
48.01007375 272.74401871
58.57888109 246.32200036
68.26695449 263.05594531
69.14768843 281.55135816
112.30365174 285.07429394
40.08346825 469.14768843
30.39539486 423.34952330
8.37704623 401.33117467
19.82658752 365.22108293
25.99172513 352.01007375
12.78071596 327.34952330
10.13851412 274.50548660
28.63392697 275.38622054
89.40456917 223.42291779
107.89998201 219.89998201
133.44126641 263.05594531
145.77154164 258.65227559
145.77154164 274.50548660
145.77154164 286.83576183
109.66144990 345.84493614
158.98255082 379.31282605
156.34034898 397.80823889
218.87245908 344.08346825
214.46878935 283.31282605
181.00089944 278.90915632
181.00089944 271.86328476
188.92750495 249.84493614
113.18438568 246.32200036
94.68897284 269.22108293
236.48713797 229.58805541
209.18438568 240.15686275
184.52383522 240.15686275
184.52383522 228.70732146
197.73484440 233.99172513
194.21190862 231.34952330
196.85411045 216.37704623
184.52383522 210.21190862
216.23025724 210.21190862
234.72567008 212.85411045
251.45961504 209.33117467
266.43209210 231.34952330
255.86328476 227.82658752
251.45961504 233.99172513
276.12016550 256.01007375
245.29447742 280.67062421
244.41374348 271.86328476
229.44126641 268.34034898
343.05594531 283.31282605
332.48713797 262.17521137
343.05594531 243.67979852
353.62475265 240.15686275
378.28530311 238.39539486
381.80823889 227.82658752
382.68897284 252.48713797
392.37704623 258.65227559
413.51466091 317.66144990
409.99172513 326.46878935
466.35869761 241.91833064
453.14768843 233.99172513
480.45044073 227.82658752
440.81741320 235.75319302
336.01007375 215.49631229
350.10181687 195.23943155
334.24860586 200.52383522
319.27612880 198.76236733
306.94585357 198.76236733
515.67979852 232.23025724
518.32200036 217.25778018
525.36787192 225.18438568
543.86328476 233.99172513
559.71649577 240.15686275
564.12016550 219.89998201
578.21190862 225.18438568
592.30365174 233.99172513
616.96420219 333.51466091
605.51466091 315.01924807
697.99172513 322.06511963
691.82658752 319.42291779
716.48713797 254.24860586
677.73484440 250.72567008
665.40456917 248.08346825
677.73484440 237.51466091
660.12016550 235.75319302
642.50548660 217.25778018
638.10181687 212.85411045
607.27612880 221.66144990
674.21190862 222.54218385
682.13851412 222.54218385
806.32200036 337.03759669
822.17521137 336.15686275
816.01007375 317.66144990
772.85411045 249.84493614
697.99172513 184.67062421
683.89998201 182.02842238
677.73484440 188.19355999
668.92750495 184.67062421
668.92750495 174.10181687
720.01007375 184.67062421
705.91833064 174.10181687
699.75319302 170.57888109
783.42291779 210.21190862
791.34952330 197.00089944
782.54218385 189.07429394
771.97337651 190.83576183
763.16603706 190.83576183
742.90915632 180.26695449
815.12933981 184.67062421
815.12933981 203.16603706
798.39539486 209.33117467
829.22108293 206.68897284
839.78989027 206.68897284
849.47796366 194.35869761
863.56970678 182.02842238
877.66144990 190.83576183
906.72567008 265.69814715
945.47796366 248.08346825
962.21190862 265.69814715
975.42291779 264.81741320
994.79906458 280.67062421
1006.24860586 283.31282605
934.02842238 234.87245908
931.38622054 197.00089944
941.95502788 184.67062421
943.71649577 175.86328476
920.81741320 174.10181687
908.48713797 169.69814715
966.61557834 163.53300953
974.54218385 174.10181687
984.23025724 163.53300953
1000.96420219 184.67062421
999.20273430 170.57888109
996.56053247 145.03759669
1014.17521137 149.44126641
1017.69814715 180.26695449
1014.17521137 163.53300953
267.66535425 731.45756205
124.44857104 218.81820141
70.74227733 248.99602358
266.38663297 278.66235725
283.26575385 264.59642318
284.80021939 252.83218742
288.89212748 242.85816145
306.79422538 245.67134826
327.76525435 227.51350610
347.07394566 222.33468492
354.23478482 217.60341619
433.13188772 208.97204756
451.28972988 209.22779182
604.73628332 220.86415545
619.56945016 264.21280680
646.67834127 249.37963997
596.04097863 452.18483477
982.34267693 145.67534426
1003.05796165 140.81620340
962.90611349 152.58043917
925.05596364 155.39362598
873.13987973 196.31270690
1013.03198762 180.20081879
1011.75326634 170.22679282
