68.83978957 606.43978957
252.41052128 527.76661884
249.91296031 361.67881396
100.05930177 265.52271640
218.69344811 221.81539933
27.63003348 138.14710665
13.89344811 99.43491153
46.36174079 65.71783835
128.78125299 73.21052128
96.31296031 36.99588714
83.82515543 39.49344811
88.82027738 7.02515543
125.03491153 4.52759445
188.72271640 66.96661884
186.22515543 32.00076518
204.95686275 10.77149689
234.92759445 15.76661884
233.67881396 43.23978957
202.45930177 148.13735055
271.14222860 153.13247250
528.39100909 440.35198470
301.11296031 84.44954567
296.11783835 49.48369201
342.32271640 12.02027738
366.04954567 4.52759445
383.53247250 7.02515543
371.04466762 160.62515543
377.28857006 70.71296031
420.99588714 65.71783835
444.72271640 89.44466762
422.24466762 128.15686275
408.50808226 193.09344811
362.30320421 193.09344811
470.94710665 151.88369201
433.48369201 1.71783835
454.08857006 4.83978957
557.73735055 58.53735055
585.83491153 74.77149689
726.32271640 132.83978957
746.30320421 265.83491153
804.99588714 218.38125299
781.89344811 82.88857006
799.37637494 39.80564323
795.63003348 10.45930177
838.08857006 240.54710665
909.26905787 174.36174079
952.97637494 181.85442372
1006.67393592 9.52271640
945.48369201 40.74222860
926.75198470 36.99588714
891.78613104 63.22027738
873.05442372 55.72759445
855.57149689 99.43491153
840.58613104 81.95198470
819.35686275 93.19100909
821.23003348 7.96174079
816.85930177 74.14710665
818.73247250 62.90808226
