13.93377077 672.72046353
191.28015042 579.53846744
281.45627566 528.43866314
243.88289014 468.32124631
198.79482752 430.74786079
287.46801734 409.70676490
242.37995472 369.12750854
284.46214650 357.10402517
428.74394689 322.53651049
344.57956333 301.49541460
377.64414259 262.41909366
362.61478838 220.33690188
322.03553202 199.29580599
332.55607997 175.24883926
287.46801734 154.20774337
251.39756725 188.77525805
242.37995472 221.83983730
201.80069836 223.34277273
225.84766509 256.40735198
179.25666705 277.44844787
149.19795864 309.01009171
51.50715629 330.05118760
31.96899582 306.00422087
9.42496451 343.57760639
81.56586470 372.13337938
37.98073750 510.40343809
458.80265531 573.52672576
557.99639308 564.50911323
610.59913280 735.84375120
814.99835002 738.84962204
974.30950462 532.94746940
851.06880012 370.63044396
703.78112889 405.19795864
583.54629523 354.09815433
536.95529719 259.41322282
476.83788036 248.89267488
479.84375120 230.85744983
428.74394689 206.81048310
422.73220521 127.15490580
383.65588427 175.24883926
392.67349680 206.81048310
454.29384905 133.16664748
478.34081578 154.20774337
494.87310541 151.20187253
564.00813476 200.79874141
576.03161813 154.20774337
652.68132458 214.32516020
687.24883926 224.84570815
646.66958290 143.68719543
630.13729327 157.21361421
646.66958290 118.13729327
627.13142243 116.63435785
580.54042439 110.62261617
561.00226392 85.07271402
585.04923065 74.55216607
598.57564944 53.51107018
733.83983730 85.07271402
702.27819347 85.07271402
666.20774337 97.09619738
789.44844787 55.01400560
760.89267488 38.48171597
753.37799777 59.52281186
938.23905453 227.85157899
975.81244004 238.37212693
1016.39169640 375.13925022
944.25079621 140.68132458
926.21557116 164.72829132
944.25079621 106.11380991
936.73611911 76.05510149
899.16273359 106.11380991
990.84179425 76.05510149
1016.39169640 118.13729327
1017.89463183 76.05510149
1005.87114846 38.48171597
1019.39756725 23.45236177
981.82418173 41.48758682
957.77721500 50.50519934
953.26840873 39.98465139
855.57760639 55.01400560
848.06292928 42.99052224
816.50128545 21.94942635
786.44257703 11.42887840
687.24883926 11.42887840
706.78699973 38.48171597
645.16664748 8.42300756
646.66958290 64.03161813
893.15099190 74.55216607
924.71263574 65.53455355
998.35647136 158.71654963
933.62339621 18.44257703
732.09692269 15.37364596
618.54647313 14.35066894
622.63838123 82.89012948
615.47754207 61.40761200
635.93708253 114.60241719
601.15586374 136.08493467
591.94907054 96.18883078
713.68333627 110.51050910
704.47654306 131.99302658
979.65736225 67.54547413
774.03898063 10.25876085
692.20081879 53.22379581
192.15686275 195.58161191
238.60502328 125.16020723
274.56488950 106.32408683
352.90602662 155.98294970
403.84917044 151.70201325
435.10000656 165.40100990
385.44114368 396.99967211
492.46455505 410.69866877
489.46789953 303.67525739
552.82575907 296.82575907
654.28395305 191.08662863
581.50803331 182.52475572
617.46789953 193.65519050
510.44448816 191.51472228
528.42442127 158.55151157
553.68194636 176.95953833
554.32408683 148.06321726
773.50803331 73.89599318
789.34749820 75.82241458
810.11004000 46.28395305
795.34080923 40.50468883
744.61171224 120.55820054
572.08997311 117.34749820
653.42776576 86.09666208
702.01639452 63.83579251
714.43111024 40.29064201
725.13345137 35.79565873
747.39432094 28.94616040
644.22375238 98.08328415
765.16020723 219.55485606
786.56488950 203.71539117
770.72542462 146.35084268
807.96957178 164.75886943
853.77559184 139.07325070
810.96622729 112.53144468
831.08662863 108.67860188
867.47458850 110.81907010
706.08328415 173.74883599
671.40769887 164.75886943
718.92609351 3.47458850
737.12007345 3.68863532
759.59498984 8.82575907
841.57492295 6.68529084
834.93947144 25.30736442
860.19699652 18.45786609
879.24716375 12.67860188
888.23713030 8.82575907
894.23044134 33.01305004
924.19699652 106.96622729
977.70870221 105.89599318
913.06656174 43.82241458
929.76221392 41.68194636
646.79231425 31.30067545
679.11338448 33.01305004
651.50134435 49.92274903
639.30067545 48.42442127
754.02977244 330.85920388
809.68194636 270.49799987
861.05318382 315.01973900
