242.37995472 457.80069836
165.73024826 384.15686275
131.16273359 420.22731284
4.91615824 441.26840873
3.41322282 390.16860443
69.54238134 333.05705844
71.04531676 316.52476881
48.50128545 290.97486666
37.98073750 259.41322282
149.19795864 244.38386862
125.15099190 286.46606040
162.72437742 254.90441656
185.26840873 293.98073750
170.23905453 306.00422087
164.22731284 220.33690188
146.19208779 196.28993515
198.79482752 203.80461226
219.83592341 185.76938721
246.88876098 140.68132458
287.46801734 167.73416216
311.51498408 143.68719543
421.22926979 154.20774337
440.76743026 170.74003300
443.77330110 214.32516020
512.90833046 241.37799777
413.71459269 245.88680404
377.64414259 290.97486666
349.08836959 214.32516020
338.56782165 265.42496451
288.97095276 238.37212693
340.07075707 336.06292928
276.94746940 348.08641265
263.42105061 322.53651049
388.16469053 336.06292928
445.27623652 333.05705844
404.69698016 351.09228349
273.94159856 391.67153985
347.58543417 493.87114846
565.51107018 411.20970032
759.38973946 641.15881969
975.81244004 444.27427957
884.13337938 414.21557116
588.05510149 179.75764552
703.78112889 253.40148114
796.96312498 233.86332067
926.21557116 214.32516020
1007.37408388 157.21361421
942.74786079 116.63435785
917.19795864 95.59326196
986.33298799 76.05510149
1011.88289014 74.55216607
995.35060051 38.48171597
972.80656920 49.00226392
935.23318368 65.53455355
920.20382948 64.03161813
902.16860443 53.51107018
805.98073750 33.97290971
792.45431871 39.98465139
810.48954376 53.51107018
828.52476881 64.03161813
873.61283143 74.55216607
866.09815433 106.11380991
860.08641265 137.67545374
814.99835002 133.16664748
824.01596255 110.62261617
802.97486666 112.12555159
778.92789993 122.64609954
757.88680404 89.58152028
739.85157899 95.59326196
765.40148114 74.55216607
760.89267488 53.51107018
726.32516020 26.45823261
753.37799777 17.44062008
712.79874141 38.48171597
696.26645179 21.94942635
685.74590384 8.42300756
744.36038525 5.41713672
609.09619738 6.92007214
557.99639308 47.49932850
520.42300756 61.02574729
542.96703887 85.07271402
484.35255746 154.20774337
467.82026783 112.12555159
475.33494494 101.60500365
449.78504278 110.62261617
511.40539503 154.20774337
576.03161813 143.68719543
601.58152028 42.99052224
610.59913280 26.45823261
688.75177468 116.63435785
646.66958290 157.21361421
703.78112889 154.20774337
739.85157899 133.16664748
276.87214746 308.96805156
476.35266694 313.05995965
619.05796165 69.65536424
587.85716245 60.96005955
567.90911050 91.13788173
473.28373587 123.87314646
467.65736225 143.30970990
395.02599361 170.41860101
619.56945016 114.66635325
582.74227733 104.94807154
668.67234726 134.10291669
665.60341619 146.89012948
710.61440520 100.34467493
710.10291669 77.83918043
714.70631329 14.92609351
708.56845116 5.20781180
748.97604356 39.98903058
793.47554406 2.65036924
823.65336624 4.18483477
850.76225735 68.12089871
862.52649311 57.89112848
820.58443517 21.57544416
858.43458502 27.20181779
876.84817144 30.27074886
840.53248712 45.61540420
673.27574386 55.33368592
593.99502458 32.31670290
469.70331629 235.88913048
447.19782179 141.77524436
531.08193767 60.96005955
554.61040920 75.79322638
583.25376584 30.27074886
1007.02199761 66.07494466
658.18683278 61.47154806
707.28972988 15.94907054
668.41660300 18.50651309
660.23278682 11.34567393
917.51150810 14.41460500
1015.20581379 28.73628332
212.49131091 520.29064201
198.36422060 122.16355171
251.01973900 98.19030756
375.59498984 135.86254836
386.29733097 119.59498984
583.43445472 46.28395305
542.76555840 50.77893632
558.17692963 33.86923733
566.95284937 25.52141124
563.52810020 6.47124402
599.91606007 18.02977244
655.99632763 30.44448816
690.88595974 48.42442127
504.66522395 94.23044134
583.86254836 121.84248147
644.43779920 201.57492295
664.98629418 235.82241458
621.32074234 321.01305004
710.36422060 335.56823398
631.16689619 560.53144468
801.54816709 365.32074234
960.79900321 269.64181258
904.07659519 29.80234769
948.38428749 29.80234769
977.92274903 25.52141124
980.27726408 3.68863532
648.93278248 94.55151157
635.66187947 87.70201325
647.86254836 74.21706341
650.21706341 128.37090957
603.98294970 77.21371893
593.92274903 94.97960522
591.14014034 72.18361860
