32.15686275 528.15686275
279.01400560 685.24777184
293.97504456 550.59842119
83.27374586 479.53348612
538.33868093 672.78023937
864.98803158 661.55946015
836.31270690 571.79322638
1015.84517443 747.58543417
731.58543417 393.50751210
679.22179781 373.55946015
893.66335625 267.58543417
957.24777184 261.35166794
995.89712249 190.28673287
2.23478482 313.71530430
35.89712249 270.07894067
34.65036924 165.35166794
106.96205755 243.89712249
80.78023937 235.16984976
286.49452508 282.54647313
332.62439521 275.06595365
363.79322638 253.87114846
343.84517443 238.91010950
327.63738223 238.91010950
282.75426534 253.87114846
639.32569391 309.97504456
596.93608352 287.53348612
656.78023937 231.42959002
714.13088872 258.85816145
771.48153807 280.05296664
843.79322638 204.00101859
907.37764197 142.91010950
761.50751210 223.94907054
727.84517443 225.19582378
722.85816145 199.01400560
629.35166794 208.98803158
665.50751210 201.50751210
449.81920041 199.01400560
471.01400560 197.76725236
130.65306784 198.36026973
156.22770100 195.40935052
151.30950231 160.98195973
176.88413547 164.91651867
218.19700442 158.03104052
61.41103714 126.13459929
56.40176070 126.80250282
74.43515588 136.15315217
76.43886646 125.13274401
87.45927462 126.13459929
96.47597221 110.77281822
97.81177926 117.11790171
96.14202044 124.13088872
86.45741933 138.82476627
118.18283677 106.09749354
136.88413547 108.43515588
149.24035069 103.09192768
159.25890356 123.12903343
156.58728946 110.10491469
147.90454364 149.51122267
132.54276256 154.18654735
206.01215031 154.85445087
207.01400560 144.83589800
242.07894067 145.50380152
195.65964568 110.10491469
202.67263269 99.08450653
195.32569391 99.75241005
188.31270690 95.74498890
214.36094438 97.08079595
217.03255848 112.44257703
245.41845829 107.76725236
231.63738223 103.01400560
208.12616617 72.29499734
214.71412367 48.57835035
228.54883441 49.89594185
241.72474940 62.41306109
223.27846841 89.42368683
243.04234090 77.56536334
263.46500914 96.67044008
256.21825590 94.69405283
270.71176239 105.89358057
289.15804338 117.75190407
283.88767739 111.16394657
292.45202213 85.47091233
308.92191587 94.69405283
317.48626062 86.78850383
315.50987337 78.88295483
335.93254161 75.58897609
348.44966086 78.22415909
362.28437160 76.24777184
360.30798435 69.00101859
367.55473760 83.49452508
301.01636688 136.85698081
205.49098317 110.50515082
210.10255342 112.48153807
317.48626062 126.31624881
336.59133736 120.38708707
340.54411186 128.29263606
347.79086511 121.70467857
358.33159710 152.66807880
372.16630785 146.08012130
383.36583559 134.22179781
396.54175058 121.70467857
407.74127833 119.72829132
430.79912957 157.27964905
428.82274232 145.42132556
432.77551682 133.56300206
442.65745306 135.53938931
378.75426534 55.82510360
387.31861009 91.40007408
307.60432437 165.84399380
881.19582378 154.13088872
868.72829132 146.65036924
770.23478482 152.88413547
449.65121255 17.75004878
457.79963556 19.60196310
381.13038273 39.23225489
420.39096630 45.52876357
414.83522335 34.04689479
403.72373743 37.75072343
367.05583390 35.15804338
415.94637194 49.60297507
428.90977217 48.12144362
387.05650855 50.71412367
372.98195973 67.38135254
465.20729283 114.41997625
537.80233416 169.23664011
552.61764871 183.68157180
573.72947195 178.49621171
642.62068464 141.45792532
611.13814121 145.16175396
582.98904355 138.86524527
564.09951749 144.79137109
549.65458580 108.49385043
618.91618135 124.04993072
636.32417595 126.64261076
647.06527900 111.82729621
634.84264450 87.01164433
620.02732994 87.01164433
592.61899801 90.71547297
550.39535153 84.04858142
568.91449472 84.04858142
507.06055645 81.82628423
491.50447617 80.34475278
471.87418438 82.93743282
461.87384706 86.64126146
436.31742945 85.53011287
430.39130363 90.71547297
427.42824072 74.41862695
445.57700105 71.45556404
436.31742945 75.52977555
454.83657265 32.56536334
451.50312687 42.93608352
458.91078415 59.97369526
466.31844143 47.01029503
467.42959002 42.56570066
465.57767570 34.78766052
477.80031021 34.78766052
474.09648157 35.52842625
488.91179612 34.78766052
491.87485903 38.49148916
490.76371044 41.45455207
486.68949894 44.04723212
480.39299025 43.67684925
505.57902500 44.04723212
503.72711068 18.12043164
511.87553368 14.41660300
515.20897946 16.63890019
522.24625387 16.63890019
527.06123110 15.15736873
531.13544261 15.15736873
532.61697406 12.93507155
539.28386561 11.45354009
552.98803158 13.30545441
563.35875177 15.89813446
567.43296327 11.45354009
577.43330059 12.56468869
594.10052947 8.86086005
521.50548815 34.78766052
527.06123110 24.41694033
527.43161397 36.63957484
496.31945340 54.78833517
508.17170505 41.82493493
485.94873321 58.12178094
483.72643603 53.67718658
475.94839589 58.12178094
468.91112147 64.78867249
475.94839589 74.41862695
481.87452171 72.19632977
492.98600763 68.86288400
499.28251631 68.49250113
510.39400223 73.67786123
504.83825927 67.75173540
531.50582547 55.89948376
535.95041984 50.34374080
542.98769425 49.23259221
537.43195129 59.60331240
528.17237970 71.08518118
520.76472242 88.49317578
537.06156843 74.04824409
545.20999143 66.27020395
540.39501420 63.30714104
548.91382007 72.56671264
555.95109449 73.67786123
565.58104895 65.89982109
575.95176914 64.78867249
575.95176914 54.04756944
571.87755763 55.52910090
563.72913463 58.49216381
555.95109449 37.38034057
567.80334613 46.26952930
582.24827782 55.89948376
591.87823228 51.08450653
585.21134073 51.82527226
588.54478651 53.67718658
599.28588956 61.82560958
590.39670083 67.75173540
590.76708369 29.60230042
585.58172360 32.19498047
608.54546116 21.82426028
601.13780388 28.49115183
603.36010107 32.93574620
605.95278111 32.19498047
611.13814121 31.08383188
615.21235271 30.71344902
621.13847853 26.26885465
643.36145037 31.08383188
625.95345576 47.75106075
620.39771280 52.93642085
606.32316398 41.45455207
598.17474097 38.86187202
600.39703815 37.75072343
608.91584402 54.04756944
612.61967266 58.86254667
606.69354684 61.45522672
626.69422149 58.12178094
631.87958158 56.64024949
633.73149590 52.93642085
646.32451328 52.93642085
639.65762173 64.41828963
644.10221609 63.30714104
642.99106750 85.53011287
696.67634326 147.89712249
715.37764197 142.91010950
648.23107425 5.25721694
669.11823903 34.40209803
657.94603461 32.45910596
651.63131038 64.03272714
662.31776678 64.03272714
656.48879056 78.11941967
664.26075885 81.03390778
668.63249101 82.97689985
670.08973507 89.77737211
662.80351479 89.77737211
661.34627074 103.37831662
675.91871129 87.34863201
691.46264787 83.94839589
694.37713598 94.63485229
708.94957652 96.57784436
722.06477302 103.86406463
752.18115015 93.17760823
764.81059862 95.60634832
741.00894573 80.54815976
729.83674131 80.06241174
720.60752896 79.57666372
651.14556236 48.00304254
651.14556236 36.83083812
683.69067958 84.43414391
751.20965411 77.63367165
769.66807880 82.00540381
761.41036249 67.91871129
740.03744969 48.97453858
750.23815807 48.00304254
748.78091402 36.83083812
765.78209466 14.00068126
759.46737042 18.37241343
783.26902331 15.45792532
793.95547971 15.45792532
796.38421980 19.82965748
788.61225151 17.40091739
774.52555898 36.83083812
780.84028322 31.97335794
763.83910258 44.11705839
792.49823566 37.80233416
787.64075548 36.83083812
802.21319602 25.65863370
798.81295989 35.85934208
818.24288062 23.71564163
807.55642422 29.05886983
804.15618810 36.83083812
820.67162071 29.05886983
836.70130532 11.57194117
848.35925775 36.83083812
835.72980928 37.80233416
820.18587270 48.00304254
826.01484891 71.80469543
802.69894404 72.77619147
796.86996782 70.34745138
779.86878718 72.77619147
826.98634495 100.46382851
818.72862864 110.17878887
845.44476964 90.26312012
836.21555730 86.86288400
1019.58071162 75.07894067
1002.23950737 74.35639049
876.51577656 112.65154988
877.96087691 89.52994421
872.90302567 42.56418270
874.70940112 28.83572933
866.40007408 29.19700442
903.25013311 28.83572933
904.69523347 45.81565849
889.52167975 63.15686275
929.98448966 51.59605991
922.75898789 56.65391115
924.92663842 26.30680371
940.10019214 46.53820867
917.70113665 25.22297845
919.14623701 26.66807880
947.68696900 34.25485566
958.88649675 50.87350973
915.89476121 53.40243535
877.02648663 2.02395669
874.53702803 10.23917005
890.22061717 5.26025286
883.99697069 13.97335794
892.95902163 18.20543755
898.68477639 12.97757450
927.81144193 6.00709044
930.79879224 7.00287388
938.51611388 11.98179106
948.22500240 1.77501083
966.64699599 9.74127833
970.63012974 6.75392802
946.48238138 13.97335794
976.85377622 14.72019552
974.61326349 22.43751716
984.32215200 11.23495349
994.77787809 8.99444075
1010.46146723 9.49233247
1009.71462965 21.19278786
1003.98887489 6.75392802
970.38118388 54.30258715
909.32769192 11.34567393
908.30471489 2.65036924
844.57157846 16.95953833
