16.39100909 716.33247250
40.11783835 588.95686275
142.51783835 618.92759445
53.85442372 330.45930177
116.29344811 336.70320421
157.50320421 379.16174079
61.34710665 213.07393592
121.28857006 215.57149689
58.84954567 253.03491153
229.30808226 368.54710665
172.48857006 186.22515543
287.37637494 276.13735055
338.57637494 304.85930177
489.05442372 367.29832616
305.48369201 181.85442372
277.38613104 185.60076518
280.50808226 143.14222860
273.63978957 145.01539933
257.40564323 143.76661884
241.17149689 141.89344811
250.53735055 162.49832616
260.52759445 157.50320421
357.30808226 131.90320421
389.77637494 141.89344811
431.61052128 141.89344811
461.58125299 140.64466762
489.67881396 254.28369201
401.01539933 123.16174079
354.18613104 112.54710665
629.54222860 269.26905787
553.36661884 181.85442372
539.63003348 123.16174079
575.84466762 130.65442372
696.97637494 276.76174079
816.85930177 150.63491153
811.86417982 109.42515543
783.14222860 120.66417982
736.93735055 94.43978957
700.72271640 100.68369201
675.74710665 131.90320421
648.27393592 103.18125299
609.56174079 99.43491153
184.97637494 50.42027738
169.36661884 25.44466762
247.41539933 3.59100909
249.28857006 1.71783835
182.47881396 7.33735055
189.97149689 16.70320421
272.39100909 42.30320421
294.86905787 73.52271640
311.72759445 44.17637494
275.51296031 2.96661884
337.32759445 35.43491153
11.39588714 275.82515543
369.79588714 7.33735055
361.05442372 1.71783835
341.07393592 4.83978957
349.81539933 16.07881396
354.81052128 13.58125299
393.52271640 27.94222860
386.03003348 21.69832616
384.15686275 4.83978957
389.15198470 2.96661884
401.63978957 1.71783835
424.74222860 2.96661884
436.60564323 2.34222860
356.68369201 77.89344811
376.03978957 80.39100909
400.39100909 84.76174079
414.12759445 79.76661884
421.62027738 72.89832616
441.60076518 74.14710665
446.59588714 67.27881396
458.45930177 24.19588714
453.46417982 25.44466762
450.96661884 13.58125299
518.40076518 52.91783835
541.50320421 84.76174079
545.87393592 70.40076518
590.83003348 70.40076518
580.21539933 55.41539933
625.17149689 71.02515543
631.41539933 62.28369201
623.29832616 47.29832616
654.51783835 57.91296031
561.48369201 42.92759445
247.41539933 216.50808226
507.16174079 20.60564323
510.59588714 17.17149689
501.54222860 13.11296031
526.51783835 15.61052128
534.01052128 13.73735055
538.38125299 17.79588714
548.05930177 19.98125299
554.30320421 14.98613104
564.29344811 9.67881396
567.41539933 2.49832616
579.59100909 12.80076518
583.02515543 18.10808226
597.69832616 14.36174079
608.00076518 26.22515543
621.11296031 24.03978957
624.23491153 16.85930177
630.79100909 30.59588714
637.34710665 34.03003348
643.90320421 37.77637494
650.14710665 38.71296031
355.74710665 85.85442372
682.61539933 43.70808226
678.86905787 38.08857006
659.51296031 34.65442372
665.75686275 23.41539933
695.72759445 26.84954567
708.21539933 14.36174079
712.58613104 12.80076518
721.01539933 9.36661884
721.63978957 28.72271640
710.08857006 32.46905787
718.20564323 45.58125299
697.60076518 39.02515543
701.65930177 44.95686275
732.56661884 50.57637494
726.63491153 42.14710665
733.50320421 30.59588714
748.48857006 10.92759445
759.41539933 20.91783835
769.71783835 19.66905787
772.21539933 29.34710665
785.63978957 34.03003348
783.14222860 55.57149689
800.00076518 36.21539933
817.17149689 25.28857006
799.37637494 19.98125299
788.76174079 25.91296031
781.89344811 9.99100909
791.88369201 13.11296031
804.68369201 9.36661884
820.60564323 8.74222860
826.84954567 14.36174079
826.84954567 10.92759445
831.84466762 13.11296031
833.40564323 9.36661884
948.60564323 58.38125299
972.64466762 56.19588714
1010.73247250 29.97149689
1019.16174079 19.98125299
1010.73247250 17.79588714
1005.73735055 18.73247250
1000.11783835 21.54222860
1007.61052128 24.35198470
996.99588714 14.36174079
992.00076518 12.17637494
975.14222860 23.72759445
967.33735055 26.84954567
972.64466762 18.10808226
958.28369201 13.11296031
957.03491153 8.74222860
951.41539933 13.73735055
942.36174079 15.61052128
934.86905787 40.58613104
921.75686275 32.78125299
912.39100909 29.65930177
914.57637494 18.73247250
924.87881396 14.98613104
939.55198470 12.17637494
930.49832616 1.56174079
914.57637494 2.49832616
924.87881396 2.49832616
915.51296031 13.11296031
904.27393592 14.36174079
897.71783835 9.67881396
895.84466762 15.61052128
902.71296031 22.16661884
889.60076518 20.60564323
882.42027738 21.54222860
875.23978957 23.41539933
873.05442372 30.28369201
868.68369201 19.66905787
857.75686275 17.17149689
848.07881396 22.16661884
843.39588714 13.73735055
844.02027738 9.36661884
854.63491153 10.92759445
860.25442372 7.49344811
865.87393592 7.18125299
872.11783835 9.67881396
879.92271640 14.98613104
883.04466762 12.80076518
887.72759445 11.55198470
886.79100909 17.79588714
887.41539933 14.98613104
903.02515543 9.67881396
447.19365204 12.08997311
230.15017378 5.98963866
233.57492295 4.06321726
220.08997311 3.74214703
198.36422060 18.67191291
152.77224736 39.64850154
175.88930422 8.55820054
199.86254836 6.68529084
1013.98963866 40.77224736
