452.79091363 312.01596255
518.92007214 337.56586470
242.37995472 203.80461226
255.90637351 58.01987644
300.99443613 97.09619738
328.04727370 41.48758682
395.67936764 15.93768466
385.15881969 566.01204866
514.41126588 444.27427957
627.13142243 433.75373163
598.57564944 290.97486666
561.00226392 233.86332067
709.79287057 178.25471010
744.36038525 315.02183339
781.93377077 248.89267488
830.02770423 178.25471010
872.10989601 127.15490580
936.73611911 112.12555159
906.67741069 92.58739112
957.77721500 80.56390775
972.80656920 151.20187253
978.81831089 193.28406431
948.75960247 211.31928936
1010.37995472 286.46606040
1019.39756725 133.16664748
1010.37995472 106.11380991
996.85353593 18.94355550
972.80656920 11.42887840
1001.36234220 6.92007214
944.25079621 29.46410345
828.52476881 12.93181382
831.53063965 42.99052224
793.95725413 15.93768466
807.48367292 39.98465139
781.93377077 70.04335981
768.40735198 85.07271402
748.86919151 118.13729327
699.27232263 47.49932850
685.74590384 49.00226392
670.71654963 70.04335981
585.04923065 64.03161813
615.10793907 29.46410345
556.49345766 12.93181382
557.99639308 85.07271402
440.76743026 95.59326196
476.83788036 42.99052224
508.39952419 18.94355550
180.75960247 11.42887840
219.83592341 6.92007214
6.41909366 58.01987644
33.47193124 9.92594298
575.58143817 22.53448512
182.75826135 124.83218742
302.44657303 4.12089871
320.37090957 85.13345137
351.19365204 43.60836776
372.17024067 50.45786609
98.19030756 49.17358515
90.91271559 2.93947144
64.79900321 53.45452161
589.64181258 90.69866877
657.70870221 95.40769887
416.26388616 36.75886943
753.60167880 18.56488950
793.84248147 17.70870221
