164.99588714 573.97149689
71.33735055 466.57637494
303.61052128 455.33735055
374.79100909 454.08857006
227.43491153 341.69832616
2.65442372 341.69832616
46.36174079 244.29344811
92.56661884 218.06905787
177.48369201 184.35198470
182.47881396 164.37149689
163.74710665 159.37637494
204.95686275 166.86905787
443.47393592 215.57149689
583.33735055 249.28857006
680.74222860 179.35686275
725.69832616 176.85930177
674.49832616 111.92271640
640.78125299 160.62515543
605.81539933 135.64954567
577.09344811 115.66905787
539.63003348 124.41052128
528.39100909 110.67393592
490.92759445 116.91783835
396.02027738 145.63978957
368.54710665 146.88857006
353.56174079 163.12271640
333.58125299 159.37637494
321.09344811 145.63978957
281.13247250 155.63003348
292.37149689 123.16174079
303.61052128 126.90808226
281.13247250 123.16174079
278.63491153 90.69344811
281.13247250 76.95686275
291.12271640 59.47393592
193.71783835 56.97637494
212.44954567 88.19588714
103.80564323 39.18125299
121.28857006 28.56661884
114.42027738 30.43978957
123.16174079 24.19588714
140.64466762 30.43978957
146.88857006 29.81539933
153.75686275 24.19588714
146.88857006 21.69832616
138.14710665 19.82515543
161.24954567 21.69832616
167.49344811 19.20076518
278.63491153 44.17637494
279.25930177 36.05930177
322.96661884 91.00564323
337.95198470 84.13735055
348.56661884 79.76661884
371.04466762 77.26905787
374.79100909 75.39588714
445.34710665 55.41539933
470.94710665 86.63491153
475.31783835 69.77637494
506.53735055 52.29344811
489.05442372 41.05442372
393.52271640 27.31783835
154.69344811 27.47393592
93.19100909 46.20564323
118.16661884 24.97637494
117.54222860 19.98125299
184.03978957 23.41539933
194.65442372 17.79588714
175.61052128 12.17637494
184.03978957 12.48857006
189.03491153 9.99100909
199.33735055 6.55686275
195.59100909 8.43003348
269.26905787 18.42027738
271.14222860 10.92759445
277.38613104 10.30320421
269.58125299 5.30808226
266.45930177 5.30808226
262.08857006 5.30808226
263.96174079 4.68369201
283.94222860 2.49832616
301.42515543 14.98613104
270.51783835 24.66417982
271.76661884 31.53247250
308.29344811 32.78125299
324.52759445 13.11296031
308.91783835 18.42027738
325.77637494 8.11783835
317.03491153 10.30320421
337.95198470 4.37149689
341.07393592 8.11783835
345.44466762 4.68369201
336.07881396 27.16174079
347.63003348 35.27881396
363.55198470 34.03003348
367.92271640 13.73735055
373.85442372 26.53735055
384.78125299 29.03491153
386.03003348 9.36661884
421.93247250 8.11783835
438.47881396 9.36661884
464.07881396 19.66905787
463.45442372 14.36174079
480.62515543 5.30808226
492.17637494 7.49344811
494.98613104 5.93247250
500.29344811 13.73735055
513.09344811 21.54222860
510.28369201 18.10808226
500.29344811 8.11783835
510.59588714 10.30320421
516.52759445 11.23978957
523.08369201 14.04954567
529.63978957 12.17637494
511.84466762 40.89832616
519.64954567 54.63491153
554.30320421 41.21052128
592.70320421 63.06417982
571.16174079 29.65930177
565.54222860 25.28857006
553.36661884 29.97149689
540.87881396 29.65930177
537.75686275 34.03003348
549.62027738 11.23978957
559.92271640 8.74222860
571.47393592 8.74222860
592.07881396 17.79588714
594.26417982 21.54222860
607.68857006 33.09344811
611.43491153 26.53735055
622.98613104 31.22027738
628.29344811 34.96661884
621.42515543 16.54710665
636.72271640 19.35686275
644.83978957 20.60564323
636.72271640 2.49832616
673.56174079 34.96661884
655.14222860 59.63003348
649.83491153 33.09344811
652.02027738 24.66417982
651.39588714 13.73735055
644.83978957 1.24954567
660.44954567 2.49832616
700.41052128 15.29832616
700.72271640 6.55686275
706.65442372 3.12271640
711.33735055 1.56174079
715.70808226 3.12271640
706.34222860 18.10808226
736.31296031 4.68369201
781.89344811 10.30320421
792.82027738 13.73735055
627.66905787 119.25930177
868.68369201 29.81539933
857.44466762 25.44466762
901.77637494 32.93735055
912.39100909 38.55686275
938.61539933 11.08369201
869.93247250 12.95686275
868.05930177 2.34222860
850.57637494 10.45930177
834.96661884 11.08369201
839.33735055 2.34222860
829.34710665 2.34222860
824.97637494 11.70808226
807.49344811 4.83978957
851.20076518 2.49832616
