24.67634326 605.45556404
694.18283677 556.83218742
716.62439521 464.57244716
807.63738223 373.55946015
999.63738223 374.80621339
1007.11790171 247.63738223
677.97504456 262.59842119
689.19582378 225.19582378
861.24777184 114.23478482
732.83218742 68.10491469
649.29971989 81.81920041
860.00101859 8.26075885
540.83218742 232.67634326
441.09192768 129.19582378
464.78023937 142.91010950
322.65036924 270.07894067
291.48153807 245.14387573
244.10491469 135.42959002
211.68933028 142.91010950
297.71530430 64.36465495
348.83218742 74.33868093
331.37764197 12.00101859
297.71530430 15.74127833
199.22179781 29.45556404
82.02699262 24.46855106
30.91010950 88.05296664
161.81920041 104.26075885
201.71530430 99.27374586
131.89712249 30.70231729
131.89712249 91.79322638
20.93608352 7.01400560
438.95284937 94.12341793
486.89933766 103.11338448
