604.82463134 734.51719332
339.51554043 643.11884622
136.40810241 711.66760655
223.99818506 535.21801977
142.75520985 403.19818506
80.55355696 497.13537514
79.28413547 263.56182142
258.27256522 271.17835035
297.62463134 255.94529250
475.34363960 264.83124291
571.81967266 304.18330903
562.93372225 249.59818506
573.08909415 216.59322638
873.94198671 165.81636688
909.48578836 192.47421812
933.60479663 132.81140820
57.70397018 193.74363960
4.38826770 127.73372225
88.17008589 89.65107762
118.63620159 89.65107762
142.75520985 43.95190407
202.41801977 45.22132556
243.03950737 108.69239994
326.82132556 92.18992060
354.74859828 89.65107762
411.87256522 102.34529250
461.38000324 134.08082969
428.37504456 167.08578836
27.66099498 27.13206936
80.34198671 52.52049911
109.53868093 9.36016853
79.70727597 6.82132556
140.63950737 10.62959002
122.86760655 3.64777184
181.26099498 4.28248258
250.44446605 23.95851564
265.67752390 22.68909415
280.27587101 1.74363960
308.83785448 51.88578836
336.13041646 47.44281316
353.26760655 29.67091233
358.98000324 16.34198671
358.98000324 62.67587101
407.85273051 44.26925944
407.85273051 31.57504456
488.46099498 21.41967266
526.33206936 51.25107762
525.69735861 69.65768919
576.47421812 36.65273051
542.83454870 21.41967266
555.52876357 22.05438341
596.78496192 44.26925944
605.67091233 37.28744126
623.44281316 43.63454870
643.11884622 46.17339167
622.17339167 25.22793713
648.19653217 31.57504456
659.62132556 36.01801977
688.18330903 37.28744126
678.66264787 31.57504456
700.87752390 47.44281316
719.28413547 20.78496192
737.69074704 62.67587101
728.17008589 35.38330903
750.38496192 3.01306109
756.09735861 2.37835035
757.36678010 43.63454870
768.15686275 76.00479663
780.85107762 69.65768919
794.18000324 76.00479663
795.44942473 110.27917679
907.15851564 91.23785448
895.73372225 89.96843299
824.01140820 60.13702803
793.54529250 37.92215200
815.12545779 36.01801977
806.23950737 29.67091233
835.43620159 43.63454870
881.13537514 36.01801977
938.25934208 49.98165613
973.80314374 55.69405283
963.64777184 56.96347432
943.97173878 180.73206936
1018.86760655 91.87256522
1020.13702803 42.36512721
1017.59818506 23.95851564
975.70727597 40.46099498
992.20975531 3.64777184
909.06264787 1.10892886
1020.87752390 5.71058175
705.42628423 6.34529250
695.58826770 25.86264787
770.93947144 20.17024067
799.62174569 15.88930422
810.11004000 17.81572562
113.17358515 64.15686275
