305.50324239 391.67153985
395.67936764 179.75764552
460.30559073 178.25471010
210.81831089 181.26058094
878.12163770 346.58347723
938.23905453 399.18621695
784.93964161 534.45040482
807.48367292 140.68132458
902.16860443 49.00226392
875.11576685 23.45236177
595.56977860 9.92594298
570.01987644 36.97878055
551.98465139 106.11380991
521.92594298 95.59326196
514.41126588 23.45236177
557.99639308 5.41713672
460.30559073 80.56390775
361.11185296 20.44649093
326.54433828 21.94942635
267.92985687 27.96116803
231.85940678 47.49932850
3.41322282 39.98465139
27.46018956 251.89854572
46.99835002 563.00617781
805.75126834 10.25876085
137.14682930 28.62509017
517.29398649 398.71204669
770.72542462 32.26388616
807.54147813 43.39432094
983.91606007 155.55485606
