345.28278867 273.69760349
429.66797386 234.82352941
641.10501089 514.52723312
729.28278867 530.64575163
682.82352941 170.34945534
725.49019608 158.02352941
856.33464052 167.50501089
941.66797386 187.41612200
970.11241830 293.60871460
164.18649237 195.94945534
129.10501089 176.98649237
69.37167756 201.63834423
72.21612200 154.23093682
39.03093682 110.37908497
3.94945534 114.17167756
25.28278867 93.78649237
92.12723312 100.42352941
145.69760349 112.74945534
141.90501089 94.26056645
204.00871460 89.51982571
277.96427015 94.73464052
323.94945534 126.02352941
308.77908497 93.78649237
372.30501089 121.28278867
18.40871460 31.38649237
37.25315904 18.34945534
92.24575163 33.40130719
124.60130719 32.98649237
144.98649237 39.62352941
224.63093682 34.40871460
167.38649237 30.91241830
190.14204793 18.23093682
112.77908497 10.97167756
253.57908497 47.50501089
254.05315904 27.00130719
264.95686275 22.61612200
276.57167756 35.41612200
772.30501089 55.44575163
776.45315904 40.03834423
806.08278867 54.73464052
828.95686275 50.58649237
823.74204793 37.19389978
852.06797386 44.30501089
863.56427015 40.03834423
879.26797386 103.62352941
676.66056645 83.35686275
700.83834423 105.63834423
585.16427015 84.30501089
544.39389978 71.50501089
638.26056645 14.58649237
666.64575163 20.33464052
632.57167756 57.10501089
603.06056645 47.74204793
513.34204793 57.69760349
533.84575163 28.54204793
525.31241830 29.01612200
550.08278867 8.29019608
386.94204793 46.08278867
399.97908497 28.06797386
428.54204793 31.26797386
335.62352941 58.58649237
352.92723312 43.17908497
301.72723312 36.83834423
288.33464052 26.05315904
318.31982571 43.59389978
302.67538126 54.37908497
291.53464052 57.81612200
341.66797386 17.40130719
374.67538126 15.29760349
315.52149811 2.11890071
271.59742219 7.16984976
169.39562398 5.37963997
16.08493467 1.16984976
454.48653307 9.41160800
483.00201759 12.09692269
572.76825136 2.53448512
619.05796165 5.28373587
626.34667293 7.52149811
633.44357603 7.20181779
692.13688273 23.47754207
691.01800161 6.94607353
586.06695266 181.41560400
290.17084876 302.31870091
368.42859102 3.67334626
392.46855106 5.20781180
402.69832129 7.76525435
601.66735226 3.67334626
558.39097646 1.65519050
519.86254836 9.78896977
744.39766542 4.97291626
788.91940455 16.95953833
781.85585940 12.67860188
772.43779920 4.33077579
777.14682930 9.46789953
1009.60167880 553.68194636
