206.21130921 718.67591901
266.14597345 697.76847799
266.14597345 559.77936728
444.55613679 605.77573752
597.87737091 437.12237999
670.35649977 432.94089178
702.41457599 391.12600975
710.77755240 346.52346892
843.19134550 366.03708053
924.03345077 375.79388634
1007.66321483 469.18045621
997.90640902 378.58154514
951.91003879 356.28027472
859.91729832 303.31475748
929.60876837 308.89007509
1006.26938543 293.55795167
968.63599160 223.86648162
130.94452155 403.67047436
185.30386819 400.88281556
295.41639088 381.36920394
386.01530195 350.70495712
433.40550158 338.16049251
445.94996619 283.80114587
500.30931284 268.46902245
542.12419487 307.49624569
570.00078289 297.73943988
567.21312409 388.33835095
603.45268852 343.73581011
611.81566492 293.55795167
664.78118216 297.73943988
705.20223480 301.92092808
779.07519305 301.92092808
794.40731647 209.92818761
976.18590086 150.69043806
1007.54706238 174.38553788
993.60876837 168.11330558
985.24579196 180.65777019
951.09697164 186.23308779
921.82655422 207.83744351
902.31294260 204.35287000
893.94996619 192.50532010
915.55432191 173.68862318
873.73943988 192.50532010
850.74125476 171.59787908
814.50169033 159.05341447
801.26031102 155.56884097
825.65232554 202.95904060
834.01530195 183.44542899
849.34742536 211.32201701
861.89188997 204.35287000
850.04434006 190.41457599
852.65777019 148.59969396
1019.33653607 184.49080104
718.96630013 241.28934913
765.19497527 197.03526565
758.92274296 178.56702608
733.48535639 213.41276111
593.40550158 185.53617309
583.30023843 158.00804242
606.29842354 160.79570122
642.18953062 176.82473933
675.98989360 195.64143625
695.15504786 197.73218035
659.26394079 219.68499342
654.73399523 235.01711683
541.83381374 190.41457599
337.98626383 176.82473933
316.38190812 169.85559233
404.89007509 163.23490267
434.16049251 162.18953062
444.61421302 175.43090993
314.63962137 185.88463044
326.13871392 180.30931284
347.04615494 178.56702608
372.13508416 170.20404968
463.08245258 183.44542899
480.15686275 195.29297890
481.55069215 224.21493897
534.16775204 213.76121846
410.81385004 240.59243443
402.10241628 272.99896801
378.05885912 257.31838725
350.53072844 263.24216220
315.68499342 265.68136365
340.07700794 227.35105512
318.12419487 214.45813316
342.86466674 216.20041991
350.18227109 212.01893171
357.15141810 204.00441265
338.68317853 194.59606420
381.19497527 207.83744351
364.46902245 219.68499342
392.34561048 230.83562863
427.88826020 216.20041991
443.56884097 202.95904060
485.03526565 325.61602790
411.85922209 201.21675385
413.25305149 183.09697164
417.08608235 171.94633643
397.22401338 182.05159959
392.17138180 172.29479378
431.19860503 202.95904060
440.95541084 193.55069215
248.78118216 280.66502971
270.38553788 238.15323298
290.59606420 212.36738906
281.53617309 187.97537454
262.02256147 187.97537454
243.90277926 224.91185367
291.98989360 255.57610049
383.28571937 318.99533824
63.45994804 337.46357781
98.30568307 318.64688089
95.51802427 297.04252518
123.39461229 294.25486637
155.45268852 294.95178108
186.81385004 304.01167218
225.14415857 294.95178108
209.81203516 248.95541084
234.20404968 252.43998434
243.26394079 251.04615494
196.57065585 223.16956692
180.54161774 246.16775204
148.48354151 231.53254333
179.84470304 214.80659051
205.63054696 200.86829650
237.68862318 191.11149069
190.29842354 187.62691719
166.60332373 156.96267037
154.75577382 152.08426746
144.99896801 156.96267037
129.66684460 156.96267037
103.18408598 163.23490267
114.33472118 179.96085549
21.70314224 322.13145440
52.36738906 290.42183552
8.81022028 287.28571937
55.15504786 263.24216220
118.92274296 232.22945803
135.64869578 238.15323298
155.85922209 228.39642717
175.37283371 209.23127291
168.40368670 251.74306964
238.09515676 236.06248888
102.19679015 223.51802427
100.45450340 205.39824206
130.07337817 202.95904060
137.73943988 205.74669941
153.07156329 190.41457599
215.44542899 201.56521120
103.24216220 187.97537454
102.54524750 179.61239814
94.53072844 193.20223480
85.81929469 192.15686275
71.53254333 191.11149069
89.65232554 207.48898616
88.60695349 222.12419487
58.63962137 205.04978471
49.57973026 210.62510231
368.76666311 176.47628198
588.81747980 222.82110957
780.57065585 95.32927654
825.92237999 89.37065585
618.69479378 128.43272481
619.35686275 119.82582826
592.87410412 161.86720757
