86.27667841 570.55317611
288.00939731 452.58082588
339.91723141 398.31354477
431.93566459 679.08773832
639.56700099 496.23059546
508.61769224 305.11538809
586.47944339 190.68220837
684.39649408 97.48405169
649.00478901 69.17068763
674.95870606 45.57621758
698.55317611 58.55317611
790.57160929 118.71907473
774.05548026 174.16607933
791.75133279 164.72829132
164.13842957 381.79741574
902.64534201 740.43336044
99.25363694 252.02783049
81.55778440 247.30893648
98.07391344 163.54856781
162.95870606 143.49326828
888.48865998 226.07391344
922.70064155 204.83889039
989.94488118 185.96331436
873.15225445 197.76054938
72.11999639 130.51630975
23.75133279 138.77437427
977.85271528 109.57621758
99.84349869 97.18912081
36.13842957 90.11077980
60.32276136 65.92644800
117.53935122 49.41031897
162.95870606 38.79280745
202.47944339 55.89879823
237.28128671 53.53935122
228.43336044 50.00018072
227.84349869 39.97253095
286.82967381 105.44718533
304.52552634 52.94948947
311.60386735 33.48405169
298.62690883 16.96792265
283.88036505 21.09695491
251.43796874 22.27667841
263.23520376 10.47944339
206.60847565 16.37806090
457.88958164 88.93105629
452.58082588 30.53474293
425.44718533 26.40571067
398.90340652 14.60847565
368.82045722 14.60847565
351.12460468 19.91723141
344.04626367 15.78819915
331.65916689 14.01861390
373.53935122 3.40110238
361.74211620 19.91723141
447.86193187 5.76054938
503.89879823 11.65916689
16.08313003 55.89879823
44.39649408 30.53474293
73.88958164 12.83889039
126.97713924 20.50709316
137.59465076 14.60847565
144.08313003 24.63612542
156.47022680 19.91723141
165.90801482 8.70985814
210.73750791 9.88958164
15.49326828 18.14764616
34.36884431 9.88958164
273.85271528 16.96792265
526.31354477 30.53474293
541.06008855 21.09695491
554.62690883 7.53013463
576.45179362 1.63151712
599.45640192 7.53013463
605.35501943 9.88958164
587.06930514 24.63612542
580.58082588 77.13382127
531.03243878 105.44718533
636.61769224 19.91723141
684.39649408 5.76054938
1010.00018072 197.76054938
403.03243878 1.63151712
423.08773832 1.63151712
431.34580284 7.53013463
324.69740329 1.94064653
242.85816145 0.89212748
205.26375585 3.96105855
186.78623337 10.89012948
110.89412548 22.51850111
22.08693268 11.90511449
