248.57167756 617.87538126
173.66797386 485.13464052
368.98649237 401.69760349
656.27538126 475.65315904
401.22352941 329.63834423
478.97167756 274.64575163
474.23093682 167.50501089
273.22352941 198.79389978
344.33464052 155.17908497
283.65315904 261.37167756
261.84575163 307.83093682
253.31241830 260.42352941
263.74204793 231.03093682
115.83093682 261.37167756
752.03834423 135.26797386
897.10501089 161.81612200
238.61612200 126.97167756
263.26797386 87.14945534
280.80871460 80.98649237
408.33464052 92.36427015
454.79389978 103.26797386
93.07538126 101.84575163
51.83093682 70.08278867
9.16427015 91.89019608
90.23093682 77.66797386
802.29019608 105.16427015
765.78649237 120.33464052
769.57908497 71.50501089
570.94204793 86.67538126
539.17908497 72.45315904
925.54945534 118.43834423
974.37908497 103.74204793
898.05315904 95.68278867
983.86056645 79.56427015
924.36427015 58.82352941
870.79389978 16.92723312
502.67538126 134.20130719
502.43834423 78.73464052
487.03093682 69.72723312
495.09019608 52.89760349
512.39389978 43.41612200
390.55686275 39.38649237
