746.49443080 473.01348706
650.66865948 491.83018398
917.06430376 364.64325113
976.99896801 331.19134550
949.12237999 87.27120031
974.21130921 184.83925839
1003.48172663 148.59969396
942.15323298 287.98263407
864.09878652 218.29116402
793.01348706 230.83562863
832.04071030 169.50713498
720.53435821 130.47991175
675.93181737 254.53072844
635.51076474 260.10604605
578.36375930 275.43816946
586.72673570 194.59606420
440.37464859 233.62328743
430.61784278 201.56521120
440.37464859 155.56884097
458.49443080 103.99715313
296.81022028 297.73943988
275.90277926 257.31838725
590.09515676 109.92092808
619.36557418 107.13326928
573.36920394 63.22764314
993.60876837 43.71403153
861.89188997 29.07882282
872.34561048 17.23127291
893.94996619 24.20041991
916.94815131 36.04796982
929.49261592 31.86648162
951.09697164 39.53254333
972.70132735 50.68317853
843.77210775 22.10967581
252.55613679 229.79025657
252.55613679 205.39824206
243.49624569 182.40005694
250.46539269 166.37101882
250.46539269 141.97900431
218.40731647 132.22219850
249.76847799 118.98081919
207.25668126 78.55976656
179.38009324 86.22582826
161.95722572 91.10423117
152.89733461 82.74125476
125.02074659 70.19679015
254.64688089 24.20041991
290.88644532 17.23127291
410.75577382 97.37646347
367.54706238 16.53435821
388.45450340 22.80659051
431.66321483 11.65595530
480.44724387 33.95722572
509.71766129 33.95722572
502.74851429 8.17138180
65.55069215 70.19679015
13.28208961 52.07700794
196.55018371 2.29415403
126.73200189 5.14387573
525.69304085 5.14387573
571.28858816 6.56873659
