77.05705844 277.44844787
102.60696059 262.41909366
93.58934807 227.85157899
117.63631480 199.29580599
71.04531676 170.74003300
143.18621695 157.21361421
159.71850658 217.33103104
182.26253789 169.23709758
335.56195081 322.53651049
308.50911323 223.34277273
261.91811519 167.73416216
266.42692145 157.21361421
291.97682361 137.67545374
257.40930893 127.15490580
270.93572772 127.15490580
251.39756725 137.67545374
228.85353593 143.68719543
237.87114846 124.14903496
388.16469053 232.36038525
404.69698016 164.72829132
448.28210736 214.32516020
556.49345766 151.20187253
573.02574729 181.26058094
613.60500365 164.72829132
607.59326196 131.66371206
622.62261617 127.15490580
642.16077664 343.57760639
639.15490580 227.85157899
705.28406431 175.24883926
676.72829132 172.24296842
664.70480795 161.72242048
627.13142243 188.77525805
780.43083535 175.24883926
772.91615824 248.89267488
816.50128545 242.88093320
852.57173554 325.54238134
872.10989601 409.70676490
933.73024826 337.56586470
1008.87701930 406.70089406
1004.36821304 301.49541460
953.26840873 272.93964161
945.75373163 241.37799777
1016.39169640 223.34277273
981.82418173 200.79874141
989.33885883 175.24883926
914.19208779 191.78112889
923.20970032 230.85744983
851.06880012 223.34277273
900.66566901 277.44844787
875.11576685 196.28993515
881.12750854 169.23709758
911.18621695 172.24296842
933.73024826 151.20187253
977.31537547 151.20187253
971.30363378 106.11380991
830.02770423 169.23709758
816.50128545 151.20187253
1017.89463183 64.03161813
989.33885883 80.56390775
998.35647136 65.53455355
978.81831089 64.03161813
969.80069836 74.55216607
959.28015042 59.52281186
957.77721500 76.05510149
950.26253789 65.53455355
941.24492537 71.54629523
912.68915237 70.04335981
897.65979817 59.52281186
875.11576685 47.49932850
876.61870228 59.52281186
861.58934807 53.51107018
863.09228349 47.49932850
861.58934807 47.49932850
869.10402517 68.54042439
848.06292928 70.04335981
860.08641265 64.03161813
848.06292928 107.61674533
839.04531676 86.57564944
836.03944592 74.55216607
840.54825218 68.54042439
819.50715629 76.05510149
821.01009171 86.57564944
793.95725413 76.05510149
787.94551245 76.05510149
780.43083535 86.57564944
753.37799777 85.07271402
735.34277273 74.55216607
726.32516020 89.58152028
715.80461226 80.56390775
688.75177468 101.60500365
703.78112889 91.08445570
691.75764552 70.04335981
673.72242048 70.04335981
672.21948505 89.58152028
661.69893711 74.55216607
651.17838916 89.58152028
643.66371206 74.55216607
637.65197038 92.58739112
625.62848701 86.57564944
637.65197038 131.66371206
607.59326196 97.09619738
618.11380991 80.56390775
597.07271402 79.06097233
597.07271402 85.07271402
588.05510149 91.08445570
580.54042439 71.54629523
588.05510149 101.60500365
571.52281186 116.63435785
554.99052224 101.60500365
539.96116803 121.14316411
533.94942635 124.14903496
562.50519934 86.57564944
571.52281186 70.04335981
539.96116803 74.55216607
541.46410345 91.08445570
521.92594298 116.63435785
523.42887840 95.59326196
526.43474924 74.55216607
515.91420130 82.06684318
499.38191167 79.06097233
497.87897625 106.11380991
505.39365335 95.59326196
493.37016999 113.62848701
502.38778251 127.15490580
521.92594298 133.16664748
473.83200952 107.61674533
473.83200952 95.59326196
470.82613867 85.07271402
484.35255746 70.04335981
461.80852615 70.04335981
455.79678447 91.08445570
449.78504278 101.60500365
466.31733241 131.66371206
437.76155942 133.16664748
419.72633437 121.14316411
368.62653006 124.14903496
397.18230306 137.67545374
349.08836959 118.13729327
337.06488623 131.66371206
314.52085492 106.11380991
337.06488623 85.07271402
352.09424044 95.59326196
367.12359464 86.57564944
380.65001343 86.57564944
358.10598212 82.06684318
361.11185296 74.55216607
356.60304670 64.03161813
347.58543417 65.53455355
349.08836959 58.01987644
361.11185296 59.52281186
394.17643222 70.04335981
386.66175511 79.06097233
413.71459269 70.04335981
443.77330110 70.04335981
455.79678447 70.04335981
443.77330110 82.06684318
439.26449484 95.59326196
319.02966118 71.54629523
332.55607997 64.03161813
335.56195081 76.05510149
328.04727370 91.08445570
304.00030697 91.08445570
313.01791950 92.58739112
294.98269445 95.59326196
275.44453398 95.59326196
246.88876098 101.60500365
255.90637351 116.63435785
227.35060051 100.10206822
168.73611911 127.15490580
150.70089406 122.64609954
164.22731284 143.68719543
186.77134415 140.68132458
125.15099190 118.13729327
104.10989601 122.64609954
40.98660834 101.60500365
28.96312498 91.08445570
43.99247918 91.08445570
30.46606040 68.54042439
18.44257703 53.51107018
36.47780208 47.49932850
66.53651049 64.03161813
90.58347723 70.04335981
93.58934807 82.06684318
68.03944592 101.60500365
117.63631480 106.11380991
134.16860443 106.11380991
161.22144200 79.06097233
132.66566901 82.06684318
123.64805648 61.02574729
144.68915237 41.48758682
152.20382948 41.48758682
161.22144200 47.49932850
167.23318368 53.51107018
171.74198995 47.49932850
174.74786079 80.56390775
183.76547331 26.45823261
177.75373163 29.46410345
188.27427957 29.46410345
171.74198995 6.92007214
135.67153985 26.45823261
125.15099190 11.42887840
185.26840873 74.55216607
201.80069836 82.06684318
210.81831089 80.56390775
228.85353593 70.04335981
206.30950462 53.51107018
236.36821304 44.49345766
240.87701930 53.51107018
252.90050267 53.51107018
258.91224435 47.49932850
239.37408388 38.48171597
276.94746940 39.98465139
276.94746940 47.49932850
246.88876098 74.55216607
258.91224435 85.07271402
291.97682361 59.52281186
285.96508192 53.51107018
300.99443613 53.51107018
484.35255746 97.09619738
73.55546414 46.63838123
94.01500460 42.03498462
82.76225735 66.07494466
46.95806155 75.79322638
54.63038922 73.23578382
74.57844117 100.34467493
142.60641319 87.55746215
310.88613347 150.47054906
291.96105855 117.22379581
285.82319641 118.24677284
326.74227733 108.01700261
283.26575385 80.90811150
282.75426534 70.67834127
272.52449511 68.63238722
245.41560400 39.98903058
166.64637323 26.69032928
177.38763198 43.05796165
133.91110850 33.85116844
131.86515445 39.47754207
122.14687274 27.20181779
113.45156804 36.40861100
106.29072888 39.47754207
96.57244716 32.31670290
78.67034926 31.29372588
67.92909052 28.73628332
189.66335625 2.65036924
184.03698263 2.13888073
153.34767194 8.78823138
163.06595365 9.29971989
163.57744217 1.62739222
144.14087873 5.20781180
129.30771190 7.76525435
107.82519441 12.36865096
98.10691270 7.76525435
91.96905056 7.25376584
87.87714247 7.76525435
57.18783178 82.44257703
21.89512448 34.87414546
9.61940021 35.89712249
59.23378582 32.82819142
134.42259701 58.91410550
151.30171789 52.26475485
126.75026934 45.61540420
381.47154806 56.35666294
372.26475485 62.49452508
371.24177783 68.63238722
394.77024936 77.83918043
476.09692269 74.25876085
299.88913048 69.65536424
558.70231729 126.43058902
619.05796165 100.34467493
766.62239721 91.13788173
790.15086874 277.31969991
968.66035925 66.07494466
120.86815146 3.96105855
105.26775186 4.47254706
167.92509451 21.60741220
221.37564396 24.16485475
226.74627333 31.83718243
230.58243717 27.74527433
229.55946015 52.04097863
216.51650310 49.73928033
244.90411549 51.52949012
249.25176784 48.46055905
214.98203757 30.04697264
198.10291669 26.97804157
239.78923038 9.07594366
248.48453507 12.65636324
908.30471489 62.49452508
9.57492295 316.51806676
705.65519050 325.07993967
867.47458850 359.75552495
643.15351826 204.57157846
688.31739786 191.72876910
718.49799987 218.27057512
260.43779920 229.82910355
266.00301659 185.30736442
95.19365204 134.36422060
54.95284937 109.42776576
12.14348482 64.90602662
107.60836776 89.73545806
184.87927077 101.29398649
191.94281592 118.41773231
200.93278248 126.55151157
54.09666208 48.31739786
64.15686275 44.89264870
30.76555840 50.99298315
52.06321726 57.09331759
41.03980589 66.83244803
76.99967211 75.28729753
104.39766542 53.77559184
113.38763198 75.39432094
141.21371893 68.75886943
116.59833432 43.92943800
186.80569218 44.78562529
191.51472228 76.89264870
202.43111024 60.62509017
197.93612696 43.50134435
212.91940455 38.36422060
221.48127746 66.40435438
118.63177913 18.29733097
148.17024067 31.14014034
23.80903666 72.66522395
113.81572562 11.01973900
185.94950489 5.98963866
196.00970555 7.27391960
149.88261525 23.96957178
147.84917044 9.03980589
174.60502328 17.17358515
107.60836776 21.82910355
41.25385271 58.32408683
130.19030756 3.42107679
93.48127746 20.38428749
279.91606007 34.77893632
286.55151157 36.91940455
298.32408683 38.95284937
324.54482261 54.57826743
311.91606007 67.84917044
266.43111024 44.78562529
249.52141124 20.17024067
392.93278248 108.35753164
401.28060856 96.58495639
405.98963866 80.74549151
425.25385271 89.73545806
418.83244803 86.95284937
417.76221392 69.61505673
425.68194636 67.26054167
431.88930422 76.25050823
