720.36465495 661.55946015
726.59842119 615.42959002
422.39062898 631.63738223
388.72829132 626.65036924
229.14387573 664.05296664
118.18283677 551.84517443
65.81920041 505.71530430
64.78023937 427.48153807
97.81920041 411.27374586
163.27374586 414.39062898
208.15686275 458.02699262
253.66335625 427.48153807
244.93608352 408.78023937
286.70231729 495.42959002
393.29971989 467.37764197
438.18283677 434.96205755
378.96205755 427.48153807
480.57244716 373.24777184
490.54647313 466.75426534
408.88413547 376.36465495
407.01400560 358.91010950
367.74127833 352.05296664
347.16984976 337.09192768
362.13088872 319.01400560
346.54647313 318.39062898
11.79322638 364.52049911
34.85816145 354.54647313
61.03997963 357.03997963
72.88413547 347.68933028
72.88413547 347.68933028
124.62439521 345.81920041
141.45556404 354.54647313
155.16984976 358.28673287
155.79322638 343.94907054
173.24777184 333.97504456
174.49452508 352.05296664
172.62439521 378.23478482
193.19582378 367.63738223
198.18283677 348.31270690
215.63738223 338.33868093
219.37764197 353.92309651
238.70231729 331.48153807
250.54647313 336.46855106
250.54647313 348.31270690
263.63738223 347.06595365
268.62439521 332.72829132
289.19582378 335.22179781
306.65036924 330.23478482
306.65036924 330.23478482
319.11790171 329.61140820
380.20881080 322.75426534
394.54647313 322.75426534
415.11790171 325.24777184
443.79322638 316.52049911
477.45556404 324.00101859
493.66335625 320.88413547
508.41660300 459.27374586
532.10491469 309.66335625
533.97504456 299.68933028
569.50751210 304.05296664
581.97504456 305.29971989
600.05296664 295.32569391
623.11790171 297.81920041
633.71530430 305.92309651
654.28673287 299.68933028
654.91010950 348.93608352
600.67634326 367.01400560
613.76725236 410.02699262
564.52049911 458.65036924
590.07894067 461.14387573
648.05296664 488.57244716
737.81920041 356.41660300
762.13088872 334.59842119
797.66335625 325.87114846
785.81920041 410.02699262
679.22179781 282.23478482
699.16984976 299.68933028
720.98803158 297.81920041
721.61140820 286.59842119
734.07894067 299.68933028
753.40361599 289.09192768
765.24777184 300.93608352
772.72829132 279.74127833
796.41660300 302.80621339
813.24777184 287.84517443
837.55946015 286.59842119
860.62439521 285.35166794
882.44257703 297.19582378
896.78023937 271.63738223
906.13088872 284.10491469
807.63738223 712.67634326
803.89712249 479.53348612
936.05296664 515.68933028
978.44257703 367.32569391
978.44257703 367.32569391
914.85816145 323.68933028
914.85816145 323.68933028
951.01400560 319.94907054
974.70231729 318.70231729
929.81920041 280.05296664
928.57244716 270.07894067
967.22179781 270.07894067
980.93608352 267.58543417
992.15686275 283.79322638
1019.58543417 262.59842119
1015.84517443 282.54647313
