871.53594036 311.01400560
841.58768389 254.57306072
816.24685150 325.98813384
530.58655903 276.45832506
324.40433181 290.28059728
286.39308322 269.54718895
214.97801010 263.78790886
132.04437681 352.48082225
267.96338693 145.14673901
228.80028232 108.28734643
213.82615408 126.71704272
149.32221708 123.26147467
80.21085600 137.08374688
64.08487174 47.23897748
303.67092349 18.44257703
341.68217208 24.20185712
348.59330819 17.29072101
350.89702023 1.16473676
398.12311696 35.72041730
408.48982113 18.44257703
384.30084475 16.13886499
433.83065352 31.11299323
467.23447804 65.66867377
466.08262203 102.52806634
519.06799885 20.74628907
522.52356691 5.77216083
500.63830257 4.62030481
470.69004610 17.29072101
451.10849379 10.37958490
562.83852754 20.74628907
573.20523170 92.16136218
530.58655903 139.38745892
593.93864002 122.10961865
648.07587287 217.71366814
681.47969739 185.46169964
627.34246454 130.17261078
640.01288074 116.35033856
627.34246454 74.88352191
671.11299323 59.90939368
711.42795386 74.88352191
718.33908997 132.47632281
758.65405060 180.85427557
786.29859503 130.17261078
766.71704272 89.85765015
793.20973114 71.42795386
877.29522045 59.90939368
863.47294823 206.19510796
985.56968614 116.35033856
944.10286949 107.13549042
884.20635656 14.98700898
983.26597411 40.32784137
827.76541168 26.50556916
805.88014733 3.54043980
827.76541168 10.45157591
839.28397186 7.57193586
712.57980988 18.51456803
194.53256578 150.97801010
733.88713248 8.69232728
856.64437523 178.76225735
43.82241458 57.41438783
115.10000656 67.90268214
178.88595974 41.36087612
196.00970555 75.39432094
193.86923733 89.09331759
222.12341793 54.41773231
213.34749820 16.53144468
292.43779920 27.71539117
309.66856843 45.05318382
282.69866877 58.96622729
237.74883599 28.57157846
263.43445472 44.62509017
382.76555840 29.26723064
394.32408683 24.34415371
401.06656174 53.13345137
299.82241458 118.41773231
439.80903666 270.49799987
531.42107679 195.15351826
576.79900321 200.71873565
578.51137780 170.32408683
603.76890288 135.43445472
608.47793298 120.87927077
630.73880254 98.61840121
658.77893632 97.76221392
527.56823398 106.32408683
541.26723064 89.41438783
494.39097646 99.90268214
447.72876910 135.43445472
463.99632763 91.34080923
505.73545806 74.96622729
523.92943800 56.77224736
551.75552495 58.69866877
586.64515706 59.76890288
572.73211358 36.43779920
576.37090957 22.95284937
493.96288281 15.03311693
521.36087612 32.79900321
531.63512361 7.32743131
465.92274903 2.40435438
629.77559184 5.56154502
641.12007345 8.98629418
655.03311693 13.48127746
702.44448816 14.55151157
757.88261525 68.97291626
728.13010689 62.76555840
592.21037445 306.02977244
657.70870221 292.33077579
994.61840121 99.68863532
905.57492295 6.68529084
924.83913699 35.79565873
948.81238114 40.29064201
1010.24381927 12.67860188
860.83913699 2.40435438
780.99967211 13.96288281
795.34080923 34.93947144
753.38763198 24.45117713
