455.04293869 240.15686275
456.25812857 221.92901464
301.92901464 237.72648300
305.57458426 210.99230578
344.46066021 271.75179945
344.46066021 288.76445768
431.95433110 399.34673616
218.08091338 413.92901464
88.05559692 446.73914123
26.08091338 424.86572350
5.42268553 338.58724249
15.14420452 191.54926781
13.92901464 108.91635642
23.65053363 97.97964756
100.20749566 76.10622983
123.29610325 78.53660958
123.29610325 32.35939439
133.01762224 27.49863490
152.46066021 6.84040705
107.49863490 4.41002730
185.27078680 180.61255895
174.33407793 142.94167287
339.59990072 88.25812857
369.97964756 83.39736907
388.20749566 83.39736907
418.58724249 162.38471085
565.62521718 117.42268553
546.18217920 112.56192604
724.81509059 83.39736907
756.41002730 118.63787540
790.43534376 119.85306528
993.37205262 455.24547034
1017.67585009 648.46066021
984.86572350 130.78977414
1012.81509059 78.53660958
971.49863490 100.41002730
977.57458426 112.56192604
932.61255895 100.41002730
856.05559692 72.46066021
869.42268553 55.44800199
869.42268553 44.51129312
865.77711591 21.42268553
832.96698933 18.99230578
841.47331844 50.58724249
817.16952097 32.35939439
813.52395135 8.05559692
774.63787540 57.87838173
689.57458426 38.43534376
645.82774882 49.37205262
655.54926781 37.22015388
558.33407793 40.86572350
553.47331844 15.34673616
493.92901464 33.57458426
482.99230578 46.94167287
465.97964756 27.49863490
484.20749566 8.05559692
393.06825515 49.37205262
382.13154629 27.49863490
354.18217920 6.84040705
343.24547034 23.85306528
317.72648300 29.92901464
306.78977414 3.19483743
292.20749566 32.35939439
259.39736907 38.43534376
255.75179945 71.24547034
514.58724249 10.48597667
939.90369819 32.35939439
954.48597667 28.71382477
986.08091338 12.91635642
1012.81509059 10.48597667
982.43534376 72.46066021
179.19483743 202.48597667
394.28344502 20.20749566
443.70629393 13.08796353
548.85098228 7.57634680
373.75115853 6.72840577
329.23425419 23.68722647
891.98381355 3.36692524
940.89905150 2.75548476
997.45729537 2.75548476
769.69571870 131.15798436
422.25719719 11.39432094
423.11338448 0.47793298
