4.96437448 610.10991439
252.55122894 550.01601767
328.26953880 593.28362331
496.53244960 715.87517260
609.50897542 757.94090030
262.16625242 453.86578293
222.50428059 420.21320077
145.58409279 283.19911627
127.55592378 177.43385805
205.67798951 209.88456228
233.32118199 211.08644021
187.64982049 256.75780171
229.71554819 269.97845899
309.03949185 286.80475007
399.18033692 312.04418669
459.27423364 456.26953880
790.99254350 451.46202706
872.72024303 473.09582988
980.88925711 457.47141674
953.24606462 380.55122894
1022.95498481 439.44324772
888.34465617 277.18972659
855.89395195 257.95967965
827.04888152 229.11460922
810.22259044 202.67329467
853.49019608 208.68268434
884.73902237 201.47141674
803.01132284 266.37282519
772.96437448 241.13338857
746.52305993 233.92212096
635.95028998 259.16155758
603.49958575 277.18972659
639.55592378 197.86578293
616.72024303 184.64512566
599.89395195 160.60756697
619.12399890 150.99254350
639.55592378 143.78127589
694.84230875 130.56061861
676.81413974 166.61695664
697.24606462 153.39629936
748.92681580 155.80005523
315.04888152 227.91273129
300.62634631 194.26014913
252.55122894 167.81883458
281.39629936 105.32118199
304.23198012 118.54183927
333.07705054 75.27423364
370.33526650 125.75310688
389.56531345 147.38690969
372.73902237 150.99254350
381.15216791 161.80944490
102.91742613 79.18033692
120.94559514 76.17564209
144.38221486 82.18503176
139.57470312 88.19442143
164.21320077 80.98315382
178.03479702 74.37282519
195.46202706 93.60287213
209.88456228 72.57000829
218.89864678 68.36343552
432.83291908 147.68737918
442.44794256 142.27892847
476.10052472 139.87517260
422.61695664 219.80005523
390.16625242 211.38690969
385.35874068 197.56531345
430.42916321 242.63573598
420.21320077 263.66859983
474.29770782 82.78597073
482.10991439 76.17564209
503.74371721 54.54183927
494.72963270 50.93620547
492.92681580 40.11930406
489.32118199 46.12869373
509.75310688 48.53244960
577.65921016 117.03949185
611.91273129 120.04418669
809.02071251 110.42916321
821.64043082 132.66390500
809.62165148 150.09113505
851.08644021 116.43855289
903.36813035 162.71085336
902.16625242 129.65921016
916.58878763 107.42446838
929.80944490 106.22259044
877.52775476 65.35874068
852.28831814 62.95498481
967.66859983 103.21789561
1004.92681580 105.62165148
1009.13338857 109.22728528
1004.92681580 142.27892847
989.90334162 193.35874068
1018.74841204 197.56531345
379.34935101 130.56061861
