42.19960740 64.51681775
123.98138468 124.41333069
180.42232956 109.43920245
190.78903372 48.39083350
395.81940493 64.51681775
430.37508547 46.08712146
463.77890999 77.18723395
504.09387062 82.94651404
493.72716646 12.68329694
599.69792011 96.76878625
627.34246454 163.57643530
690.69454553 73.73166589
765.56518670 14.98700898
1003.99938243 118.65405060
466.08262203 324.83627782
418.85652529 155.51344317
339.37846005 169.33571539
367.02300448 330.59555791
292.15236331 335.20298198
309.43020358 244.20635656
166.60005735 287.97688524
144.71479300 191.22097973
50.26259953 243.05450054
371.63042855 693.43020358
135.86254836 75.71539117
346.48462194 50.88595974
4.00970555 25.20034101
234.75218047 34.61840121
295.54147813 14.92609351
951.38094301 121.09331759
894.44448816 9.78896977
847.78228081 24.77224736
689.81572562 45.74883599
697.52141124 2.93947144
1005.32074234 38.25719719
772.43779920 24.55820054
