44.52709868 97.02800612
59.85922209 352.09878652
41.73943988 297.73943988
22.22582826 267.07519305
169.97174478 278.22582826
200.63599160 283.80114587
277.29660866 303.31475748
236.87555603 175.08245258
220.14960322 177.87011138
260.57065585 176.47628198
348.38190812 184.83925839
366.50169033 187.62691719
461.28208961 87.27120031
543.51802427 91.45268852
568.60695349 175.08245258
468.25123661 678.25486637
537.94270667 640.62147255
678.71947618 667.10423117
772.10604605 732.61421302
1007.66321483 566.74851429
968.63599160 481.72492082
889.18771574 452.45450340
971.42365040 179.26394079
96.38916765 32.73762500
101.96448525 22.98081919
146.56702608 36.57065585
168.86829650 53.64506601
174.44361411 34.82836910
248.66502971 25.76847799
264.69406783 27.51076474
630.51620939 185.88463044
640.27301520 115.49624569
683.48172663 124.55613679
689.05704423 148.94815131
772.68680830 144.06974841
757.35468489 139.19134550
762.23308779 105.04252518
753.17319668 102.95178108
774.77755240 107.83018398
794.29116402 116.89007509
806.83562863 88.31657236
859.80114587 99.46720757
813.10786093 160.79570122
836.80296075 173.34016583
869.55795167 130.13145440
912.06974841 82.74125476
948.30931284 63.92455784
969.21675385 73.68136365
990.82110957 68.80296075
992.91185367 55.56158144
1001.27483008 95.98263407
1000.57791538 147.55432191
888.37464859 88.31657236
683.13617309 25.14996619
700.68100068 34.41893171
712.26720757 54.61203516
718.22582826 22.83272481
716.57065585 4.62582826
636.79134550 32.10169033
659.30169033 20.84651792
637.12237999 20.84651792
650.03272481 2.30858688
