52.30501089 489.87538126
19.11982571 395.06056645
221.07538126 664.33464052
422.08278867 714.58649237
527.32723312 361.87538126
901.84575163 366.61612200
613.60871460 217.75686275
451.47538126 225.34204793
374.67538126 203.53464052
624.98649237 159.91982571
695.14945534 140.00871460
155.65315904 142.85315904
99.71241830 144.74945534
23.38649237 109.90501089
256.15686275 70.08278867
128.15686275 66.29019608
107.29760349 34.17167756
16.51241830 48.69019608
40.39389978 12.69019608
54.97167756 10.14204793
83.77167756 25.46056645
337.69760349 53.13464052
269.19389978 35.59389978
409.75686275 58.34945534
762.94204793 55.26797386
154.75426534 19.68933028
119.33368592 5.65536424
256.41260700 14.86215745
