63.86328476 135.34952330
126.39539486 118.61557834
191.56970678 132.70732146
219.75319302 139.75319302
205.66144990 152.08346825
233.84493614 175.86328476
183.64310128 172.34034898
107.01924807 237.51466091
28.63392697 235.75319302
3.09264256 227.82658752
338.65227559 256.89080770
310.46878935 286.83576183
321.03759669 126.54218385
284.04677100 78.10181687
328.08346825 89.55135816
373.00089944 89.55135816
382.68897284 104.52383522
483.09264256 138.87245908
481.33117467 201.40456917
490.13851412 272.74401871
562.35869761 337.03759669
565.00089944 155.60640403
558.83576183 110.68897284
676.85411045 195.23943155
711.20273430 178.50548660
796.63392697 211.09264256
806.32200036 182.90915632
807.20273430 263.05594531
873.25778018 396.04677100
799.27612880 126.54218385
801.03759669 68.41374348
1021.22108293 84.26695449
826.35869761 50.46878935
897.03759669 58.83576183
735.67979852 40.39539486
7.27612880 23.16603706
42.72567008 23.16603706
91.16603706 25.80823889
227.42291779 14.19355999
247.34952330 17.16603706
211.23943155 13.20273430
350.17521137 8.66144990
454.21190862 34.83576183
491.75319302 6.18438568
522.63392697 6.34952330
467.47796366 3.41833064
608.56053247 6.29447742
911.56823398 7.22040790
72.07659519 13.53478917
