159.44575163 191.20871460
198.31982571 191.20871460
141.43093682 149.49019608
259.00130719 239.56427015
354.76427015 229.13464052
311.14945534 144.74945534
293.13464052 147.59389978
361.40130719 139.06056645
398.37908497 159.91982571
443.89019608 176.03834423
450.52723312 152.33464052
590.85315904 231.03093682
539.65315904 132.42352941
643.94945534 258.52723312
618.34945534 137.16427015
658.17167756 137.16427015
695.14945534 137.16427015
756.77908497 241.46056645
744.45315904 299.29760349
810.82352941 273.69760349
909.43093682 255.68278867
869.60871460 695.62352941
928.86797386 36.30501089
964.89760349 45.78649237
976.27538126 79.20871460
852.95686275 9.43093682
899.89019608 15.94945534
931.06056645 10.73464052
999.09019608 27.09019608
1020.42352941 36.80871460
826.23093682 97.46056645
870.08278867 95.56427015
789.96427015 104.09760349
775.97908497 120.69019608
576.63093682 91.41612200
583.26797386 69.60871460
686.61612200 83.35686275
716.48278867 70.08278867
119.14945534 120.33464052
126.73464052 115.59389978
144.27538126 105.16427015
347.65315904 119.86056645
360.45315904 118.43834423
370.40871460 101.84575163
354.76427015 98.52723312
361.87538126 69.13464052
452.89760349 81.46056645
18.76427015 27.59389978
42.70501089 33.04575163
58.58649237 42.05315904
10.20130719 10.21612200
99.59389978 8.79389978
114.88278867 7.57908497
137.57167756 1.33093682
158.08278867 9.66797386
180.60130719 24.77908497
210.58649237 17.37167756
499.11982571 122.34945534
502.20130719 70.43834423
536.57167756 57.40130719
459.29760349 47.44575163
566.91241830 56.92723312
585.40130719 41.75686275
564.42352941 17.16427015
611.83093682 28.77908497
620.00871460 27.71241830
577.22352941 19.26797386
397.66797386 42.23093682
446.58649237 17.14945534
452.27538126 12.23093682
646.55686275 8.73464052
671.56427015 5.59389978
656.77908497 20.29019608
678.79389978 39.17908497
694.85315904 53.43093682
740.83834423 49.10501089
715.94945534 136.33464052
702.55686275 12.27538126
726.31982571 23.11982571
734.61612200 4.14945534
802.94204793 12.69019608
833.16427015 14.88278867
792.86797386 21.46056645
887.65336624 3.62139821
1001.13987973 687.98103857
120.87927077 167.75552495
106.75218047 158.33746475
44.57157846 2.24381927
203.50134435 4.54482261
