123.02709175 336.52327496
234.41640473 487.48510702
282.78281694 575.42403832
316.49274061 393.68358030
338.47747343 425.92785511
521.68358030 298.41640473
537.80571771 324.79808412
558.32480168 273.50037420
577.37823679 260.30953450
627.21029786 288.15686275
665.31716809 329.19503068
653.59197725 414.20266427
643.33243526 503.60724442
775.24083221 500.67594671
820.67594671 537.31716809
722.47747343 336.52327496
747.39350397 301.34770244
813.34770244 311.60724442
855.85151923 185.56144290
883.69884748 233.92785511
952.58434366 335.05762610
981.89732076 359.97365664
971.63777878 477.22556504
1018.53854213 217.80571771
276.92022152 206.08052687
915.82098488 152.95075587
925.34770244 149.28663374
907.02709175 128.76754977
912.42442127 149.34749820
936.61171224 173.53478917
