24.67634326 539.37764197
192.98803158 394.75426534
194.23478482 296.26075885
376.26075885 400.98803158
413.66335625 386.02699262
544.57244716 304.98803158
727.84517443 266.33868093
691.68933028 250.13088872
666.75426534 243.89712249
581.97504456 265.09192768
820.10491469 296.26075885
1017.09192768 341.14387573
902.39062898 212.72829132
855.01400560 256.36465495
729.09192768 222.70231729
701.66335625 200.26075885
696.67634326 175.32569391
641.81920041 182.80621339
590.70231729 215.22179781
569.50751210 201.50751210
342.59842119 301.24777184
315.16984976 241.40361599
293.97504456 195.27374586
493.45556404 212.72829132
449.81920041 200.26075885
443.58543417 223.94907054
371.27374586 199.01400560
365.03997963 160.36465495
413.66335625 162.85816145
461.03997963 151.63738223
477.24777184 162.85816145
498.44257703 169.09192768
533.35166794 152.88413547
563.27374586 161.61140820
586.96205755 156.62439521
557.03997963 130.44257703
831.32569391 169.09192768
858.75426534 186.54647313
914.85816145 177.81920041
100.72829132 243.89712249
179.27374586 238.91010950
136.88413547 177.81920041
144.36465495 149.14387573
109.45556404 154.13088872
63.32569391 179.06595365
24.67634326 146.65036924
13.03997963 122.65036924
29.24777184 108.31270690
14.28673287 76.52049911
14.28673287 63.42959002
19.27374586 73.40361599
24.26075885 57.19582378
9.29971989 56.57244716
0.57244716 71.53348612
54.80621339 85.87114846
36.10491469 75.89712249
59.79322638 59.06595365
72.26075885 52.20881080
67.27374586 51.58543417
81.61140820 54.70231729
73.50751210 58.44257703
95.94907054 63.42959002
94.07894067 77.14387573
134.59842119 72.15686275
132.10491469 88.98803158
150.80621339 82.13088872
121.50751210 128.88413547
85.35166794 131.37764197
55.42959002 122.02699262
44.83218742 122.65036924
175.74127833 122.02699262
195.06595365 139.48153807
220.00101859 137.61140820
221.87114846 125.76725236
201.29971989 97.71530430
190.70231729 80.88413547
200.67634326 67.16984976
201.29971989 56.57244716
223.11790171 78.39062898
216.26075885 69.03997963
199.42959002 87.74127833
261.14387573 118.28673287
270.49452508 77.76725236
274.23478482 94.59842119
285.45556404 63.42959002
297.29971989 58.44257703
285.45556404 125.76725236
270.49452508 141.97504456
362.75426534 128.88413547
381.45556404 118.28673287
374.59842119 102.07894067
382.07894067 81.50751210
348.41660300 67.16984976
369.61140820 59.06595365
398.91010950 58.44257703
414.49452508 63.42959002
426.96205755 87.11790171
425.09192768 107.06595365
400.15686275 133.24777184
439.42959002 72.78023937
418.23478482 72.15686275
456.26075885 59.06595365
481.81920041 59.68933028
489.29971989 100.83218742
510.49452508 105.19582378
525.24777184 82.13088872
546.44257703 88.98803158
537.09192768 113.29971989
558.28673287 87.11790171
566.39062898 77.76725236
577.61140820 108.93608352
590.07894067 87.11790171
597.55946015 109.55946015
629.97504456 93.35166794
609.40361599 36.62439521
606.28673287 17.29971989
579.48153807 24.15686275
628.10491469 12.93608352
667.37764197 6.70231729
679.84517443 12.31270690
663.63738223 67.16984976
707.89712249 63.42959002
743.42959002 52.20881080
757.14387573 81.50751210
715.37764197 88.98803158
772.10491469 89.61140820
741.55946015 70.28673287
813.87114846 27.89712249
892.41660300 59.68933028
841.92309651 80.26075885
812.00101859 106.44257703
797.03997963 122.02699262
782.07894067 105.19582378
711.63738223 135.11790171
688.57244716 118.28673287
671.11790171 128.26075885
661.14387573 135.11790171
667.37764197 155.06595365
712.88413547 154.44257703
763.37764197 161.29971989
767.74127833 186.85816145
813.87114846 143.84517443
840.05296664 148.20881080
875.58543417 126.39062898
927.32569391 118.28673287
951.63738223 102.07894067
982.80621339 106.44257703
966.59842119 155.68933028
960.36465495 172.52049911
1019.58543417 162.85816145
1018.33868093 111.74127833
1003.37764197 73.09192768
484.53648312 634.78623337
551.02998962 559.08593367
601.15586374 423.02998962
698.33868093 318.68633327
536.70831130 324.82419541
423.96957178 277.98963866
953.94950489 48.74549151
