54.90915632 193.69814715
32.89080770 173.00089944
6.02842238 232.45044073
31.56970678 282.65227559
88.81741320 209.11099119
136.37704623 217.91833064
130.65227559 204.26695449
119.64310128 161.99172513
154.87245908 158.02842238
40.81741320 110.90915632
31.12933981 101.66144990
57.99172513 94.61557834
195.97337651 491.16603706
363.31282605 499.09264256
438.17521137 528.15686275
422.32200036 383.71649577
455.78989027 355.53300953
465.47796366 323.82658752
474.28530311 302.68897284
365.95502788 314.13851412
325.44126641 295.64310128
463.71649577 219.01924807
572.04677100 250.72567008
499.82658752 286.83576183
720.01007375 367.86328476
757.00089944 266.57888109
705.03759669 182.02842238
720.01007375 151.20273430
750.83576183 141.51466091
856.52383522 241.03759669
934.02842238 238.39539486
859.16603706 320.30365174
914.65227559 355.53300953
372.12016550 147.67979852
404.70732146 151.20273430
412.63392697 167.93667926
362.43209210 198.76236733
502.46878935 173.22108293
527.12933981 163.53300953
511.27612880 172.34034898
73.40456917 71.27612880
161.03759669 94.61557834
190.98255082 115.75319302
201.11099119 117.07429394
210.79906458 110.90915632
216.52383522 100.34034898
213.00089944 84.92750495
210.35869761 90.21190862
236.78071596 80.08346825
238.54218385 94.17521137
236.78071596 102.54218385
234.57888109 123.67979852
244.26695449 137.33117467
235.45961504 171.23943155
249.99172513 194.57888109
261.44126641 162.87245908
266.28530311 140.41374348
278.17521137 150.54218385
303.71649577 159.78989027
292.26695449 93.29447742
270.24860586 85.36787192
78.83576183 53.99172513
88.30365174 49.58805541
57.47796366 31.75319302
24.89080770 90.32200036
125.29447742 79.53300953
225.69814715 49.58805541
237.80823889 48.70732146
239.56970678 42.10181687
234.94585357 33.29447742
231.86328476 31.31282605
239.34952330 32.41374348
241.55135816 31.75319302
357.44126641 71.71649577
375.49631229 66.43209210
393.11099119 76.12016550
368.01007375 81.84493614
347.75319302 99.45961504
346.43209210 124.12016550
357.88163339 118.83576183
369.77154164 100.78071596
386.50548660 100.78071596
394.43209210 105.18438568
434.94585357 139.53300953
465.33117467 136.01007375
457.84493614 100.78071596
442.87245908 92.85411045
426.57888109 78.76236733
439.78989027 60.70732146
448.59722972 64.67062421
457.84493614 66.87245908
462.24860586 66.43209210
466.21190862 47.05594531
471.05594531 49.25778018
467.53300953 56.30365174
504.52383522 43.53300953
499.23943155 59.38622054
489.11099119 71.27612880
491.31282605 83.60640403
484.26695449 108.70732146
507.60640403 132.92750495
502.76236733 73.91833064
542.10181687 121.91833064
549.14768843 66.87245908
539.89998201 71.27612880
515.23943155 54.54218385
517.88163339 43.97337651
547.82658752 34.28530311
541.66144990 46.61557834
553.11099119 44.85411045
555.75319302 55.42291779
572.48713797 75.67979852
581.29447742 65.11099119
586.13851412 51.01924807
576.45044073 47.93667926
564.56053247 38.68897284
579.09264256 37.80823889
589.66144990 77.88163339
619.60640403 112.67062421
646.46878935 105.18438568
666.72567008 88.45044073
659.23943155 52.34034898
651.31282605 53.22108293
674.65227559 89.33117467
685.22108293 81.84493614
686.54218385 71.71649577
690.06511963 90.21190862
729.25778018 94.61557834
742.02842238 105.18438568
745.11099119 55.42291779
712.08346825 55.42291779
722.65227559 49.25778018
701.07429394 50.13851412
683.45961504 54.54218385
688.30365174 47.93667926
680.37704623 40.01007375
665.84493614 43.09264256
630.17521137 52.78071596
619.60640403 70.83576183
593.62475265 61.58805541
596.70732146 50.13851412
587.89998201 43.09264256
604.19355999 46.61557834
598.46878935 36.92750495
592.74401871 35.60640403
611.67979852 43.97337651
596.70732146 19.42291779
607.93667926 29.77154164
613.66144990 26.24860586
617.62475265 28.67062421
622.02842238 24.92750495
620.48713797 42.76236733
648.01007375 31.97337651
660.34034898 27.78989027
670.90915632 31.09264256
685.22108293 29.33117467
690.28530311 24.92750495
699.75319302 26.24860586
715.60640403 34.17521137
715.60640403 25.14768843
722.43209210 22.72567008
647.34952330 17.05594531
657.47796366 15.51466091
672.67062421 10.89080770
677.73484440 12.43209210
685.44126641 14.41374348
686.32200036 8.57888109
698.54218385 10.56053247
711.86328476 11.77154164
716.59722972 11.77154164
711.97337651 17.93667926
725.95502788 11.66144990
735.75319302 22.45044073
726.61557834 39.84493614
730.90915632 55.36787192
675.80823889 5.57888109
711.86328476 6.89998201
662.65227559 20.88163339
689.07429394 36.10181687
741.69814715 44.57888109
743.45961504 33.78989027
749.23943155 22.91833064
740.48713797 17.68897284
732.94585357 7.45044073
741.91833064 6.89998201
755.29447742 14.44126641
761.23943155 10.36787192
765.53300953 15.43209210
771.69814715 6.29447742
773.67979852 22.03759669
768.28530311 26.77154164
970.13851412 89.33117467
957.36787192 80.08346825
934.90915632 75.67979852
930.50548660 91.53300953
999.64310128 127.20273430
889.99172513 85.36787192
889.11099119 66.43209210
885.14768843 58.94585357
900.12016550 47.93667926
868.85411045 55.42291779
856.08346825 41.77154164
837.58805541 47.93667926
838.02842238 36.92750495
856.08346825 68.19355999
801.91833064 60.70732146
807.64310128 55.86328476
793.99172513 49.25778018
785.18438568 46.17521137
776.37704623 62.02842238
754.35869761 60.26695449
761.84493614 57.62475265
760.96420219 48.37704623
899.01924807 21.18438568
906.94585357 21.18438568
918.39539486 20.08346825
927.86328476 20.96420219
935.56970678 15.89998201
965.73484440 28.67062421
983.56970678 40.34034898
1006.68897284 30.87245908
1018.13851412 40.34034898
1022.98255082 61.03759669
1022.98255082 47.82658752
875.45961504 33.51466091
866.43209210 28.67062421
846.83576183 27.34952330
834.06511963 25.80823889
821.07429394 29.33117467
802.57888109 27.12933981
799.71649577 20.52383522
791.56970678 21.84493614
868.41374348 18.54218385
857.62475265 15.67979852
884.26695449 21.84493614
985.69814715 15.18438568
1001.00089944 10.12016550
1020.92750495 23.66144990
978.23025724 7.17521137
989.84493614 5.74401871
950.46878935 6.51466091
958.17521137 6.78989027
930.21190862 6.67979852
876.81741320 10.75319302
891.23943155 10.80823889
891.34952330 4.97337651
899.22108293 9.04677100
905.22108293 5.57888109
910.72567008 4.47796366
916.61557834 6.56970678
922.34034898 8.82658752
825.89998201 12.56970678
831.73484440 4.75319302
841.75319302 4.75319302
863.44126641 7.83576183
856.34034898 4.58805541
850.23025724 14.77154164
815.71649577 31.78071596
852.10181687 25.01007375
792.43209210 9.48713797
789.67979852 5.02842238
803.11099119 5.02842238
806.52383522 12.12933981
810.65227559 4.75319302
756.21190862 3.03300953
773.00089944 13.91833064
817.03759669 1.14768843
1011.10000656 38.79231425
