339.91723141 465.55778440
453.17068763 453.76054938
618.33197795 531.62230053
669.06008855 414.82967381
737.48405169 436.06469685
741.02322219 748.69142496
684.39649408 764.02783049
68.58082588 477.35501943
175.93566459 441.96331436
223.12460468 452.58082588
267.95409777 414.82967381
339.91723141 436.06469685
429.57621758 354.66377519
470.86654016 357.02322219
433.11538809 303.93566459
416.59925906 281.52091804
390.64534201 272.08313003
357.61308394 280.34119454
339.91723141 305.11538809
324.58082588 323.99096413
284.47022680 334.60847565
300.98635583 288.59925906
323.40110238 261.46561851
289.18912081 256.74672450
213.68681666 345.22598717
231.38266920 321.63151712
184.19372910 336.96792265
162.95870606 320.45179362
122.84810698 321.63151712
103.97253095 329.88958164
107.51170145 351.12460468
30.82967381 417.18912081
9.59465076 370.00018072
3.69603325 353.48405169
34.36884431 339.32736966
36.72829132 294.49787657
17.85271528 292.13842957
4.87575675 293.31815307
79.19833740 314.55317611
113.41031897 305.11538809
91.58543417 285.06008855
101.61308394 266.18451251
144.67299178 260.28589500
187.14303786 267.95409777
220.76515768 255.56700099
244.35962772 247.30893648
254.38727749 247.30893648
365.28128671 229.02322219
378.84810698 233.15225445
385.92644800 224.30432818
410.11077980 229.02322219
357.02322219 207.19833740
347.58543417 216.04626367
266.18451251 225.48405169
259.10617150 234.92183970
224.89418993 243.17990422
172.39649408 233.74211620
138.77437427 253.20755399
151.75133279 253.20755399
109.28128671 244.94948947
124.02783049 221.35501943
108.10156321 210.14764616
73.88958164 231.97253095
52.06469685 216.04626367
55.60386735 240.23059546
40.26746182 269.13382127
56.19372910 278.57160929
20.80202404 257.92644800
21.98174754 364.69142496
110.46101021 318.09234662
145.26285353 218.99557242
162.36884431 211.91723141
139.95409777 210.14764616
177.11538809 207.19833740
197.76054938 211.91723141
213.09695491 203.06930514
226.66377519 210.14764616
240.23059546 213.09695491
614.79280745 325.76054938
613.02322219 311.01400560
669.64995030 314.55317611
683.80663233 309.83428210
618.33197795 286.23981205
710.94027288 302.75594109
795.88036505 282.11077980
878.46101021 269.72368302
861.94488118 253.20755399
865.48405169 217.81584892
810.62690883 234.92183970
781.13382127 218.40571067
757.53935122 190.68220837
729.22598717 234.92183970
671.41953556 246.71907473
973.42875215 213.68681666
951.60386735 181.24442035
969.29971989 167.67760007
1011.17990422 182.42414385
1020.02783049 215.45640192
1012.94948947 286.23981205
913.85271528 192.45179362
743.38266920 171.80663233
732.17529592 171.80663233
726.27667841 170.62690883
729.81584892 149.98174754
751.05087196 141.72368302
742.20294569 160.00939731
750.46101021 151.75133279
754.00018072 161.77898256
759.30893648 174.16607933
764.02783049 176.52552634
763.43796874 168.26746182
777.59465076 165.90801482
786.44257703 155.88036505
780.54395952 137.00478901
766.38727749 138.77437427
784.08313003 141.72368302
804.72829132 148.21216228
811.80663233 143.49326828
805.31815307 138.18451251
801.18912081 138.18451251
813.57621758 135.23520376
817.70524984 137.59465076
828.91262311 149.98174754
821.24442035 145.26285353
828.91262311 139.95409777
822.42414385 152.34119454
815.93566459 165.90801482
825.96331436 184.19372910
828.32276136 209.55778440
806.49787657 215.45640192
788.21216228 194.81124063
765.79741574 232.56239270
813.57621758 193.63151712
834.81124063 131.69603325
846.60847565 137.00478901
863.71446643 126.38727749
871.38266920 126.38727749
863.12460468 134.05548026
856.63612542 133.46561851
879.64073371 134.05548026
1004.69142496 128.74672450
1010.59004247 132.87575675
986.70064155 134.35041113
994.95870606 129.04165537
890.16355171 133.50803331
900.43779920 131.36756509
