237.96182142 432.39487927
391.56182142 507.29074704
583.24446605 612.65273051
574.35851564 671.04611894
408.06430076 419.70066440
453.76347432 363.84611894
137.67752390 348.61306109
8.19653217 290.21967266
39.93206936 282.60314374
136.40810241 225.47917679
119.90562308 195.01306109
74.20644952 83.30397018
60.24281316 61.72380489
18.35190407 45.22132556
37.39322638 46.49074704
104.67256522 80.76512721
89.43950737 54.10727597
76.74529250 47.76016853
81.82297845 16.02463134
127.52215200 59.18496192
133.86925944 92.18992060
159.25768919 62.99322638
141.48578836 13.48578836
163.06595365 3.33041646
183.37669746 27.44942473
229.07587101 94.72876357
230.34529250 192.47421812
259.54198671 104.88413547
267.15851564 116.30892886
260.81140820 141.69735861
306.51058175 170.89405283
460.11058175 198.82132556
310.31884622 54.10727597
302.70231729 23.64116027
333.16843299 42.68248258
404.25603630 68.07091233
434.72215200 43.95190407
449.95520985 59.18496192
480.42132556 150.58330903
499.46264787 149.31388754
532.46760655 160.73868093
569.28082969 172.16347432
722.88082969 324.49405283
847.28413547 285.14198671
829.51223465 250.86760655
708.91719332 203.89901151
664.48744126 160.73868093
637.82959002 134.08082969
793.96843299 222.94033382
815.54859828 217.86264787
719.91884622 129.32049911
690.08744126 96.95025117
682.47091233 85.52545779
653.27421812 65.84942473
647.56182142 62.04116027
659.62132556 54.42463134
628.52049911 56.96347432
593.61140820 82.98661481
558.70231729 63.31058175
569.49239994 52.52049911
540.93041646 53.78992060
539.66099498 42.36512721
525.69735861 37.28744126
537.12215200 0.47421812
555.52876357 3.64777184
514.90727597 3.01306109
568.85768919 16.97669746
593.61140820 49.34694539
895.73372225 149.63124291
925.56512721 131.22463134
1003.63454870 137.57173878
1022.78165613 162.16678010
1011.67421812 89.80975531
1018.33868093 61.88248258
1018.02132556 32.68578836
1010.40479663 33.32049911
997.71058175 19.03950737
990.41140820 34.58992060
978.66925944 29.51223465
972.32215200 27.29074704
946.93372225 72.98992060
946.29901151 100.28248258
933.28744126 112.97669746
897.42628423 116.78496192
872.67256522 116.15025117
848.87091233 118.05438341
823.79983795 115.83289580
790.79487927 103.45603630
797.45934208 74.57669746
806.34529250 80.92380489
821.89570572 83.14529250
830.46430076 53.63124291
865.37339167 56.80479663
880.60644952 59.34363960
860.29570572 46.33206936
871.08578836 44.11058175
879.01967266 34.58992060
893.30066440 33.63785448
847.60149084 37.76347432
813.96182142 42.84116027
780.95686275 37.44611894
797.14198671 33.32049911
792.06430076 26.33868093
787.30397018 19.03950737
770.16678010 19.03950737
791.42959002 7.29735861
815.54859828 7.93206936
831.73372225 15.54859828
831.73372225 26.97339167
845.38000324 22.53041646
851.09239994 22.53041646
843.47587101 15.86595365
846.64942473 10.47091233
854.90066440 11.42297845
893.61801977 22.84777184
887.90562308 13.64446605
882.51058175 6.34529250
999.29735861 75.21140820
1018.33868093 16.50066440
996.44116027 8.24942473
992.63289580 15.86595365
984.06430076 13.64446605
976.44777184 10.78826770
975.49570572 17.45273051
970.10066440 14.91388754
962.48413547 14.91388754
947.88578836 2.85438341
933.60479663 2.21967266
927.89239994 2.53702803
918.05438341 7.29735861
913.29405283 6.02793713
895.20479663 11.10562308
937.73041646 11.10562308
956.13702803 12.37504456
881.24116027 15.23124291
862.51719332 27.29074704
869.49901151 24.75190407
864.10397018 19.03950737
904.09074704 26.97339167
903.77339167 79.01967266
916.46760655 85.68413547
749.11554043 95.04611894
766.88744126 79.17835035
718.64942473 76.00479663
706.58992060 72.83124291
682.47091233 62.04116027
641.84942473 44.26925944
615.82628423 49.34694539
710.39818506 60.13702803
726.26595365 53.78992060
734.51719332 60.77173878
746.57669746 54.42463134
763.71388754 62.04116027
759.90562308 12.53372225
720.55355696 19.51554043
753.39983795 9.28082969
665.96843299 20.94363960
648.51388754 21.89570572
631.69405283 36.17669746
642.80149084 2.53702803
680.56678010 11.74033382
569.17504456 1.58496192
581.23454870 5.71058175
566.00149084 41.57173878
557.11554043 35.54198671
484.44116027 4.44116027
490.78826770 4.12380489
466.03454870 11.42297845
505.70397018 36.81140820
470.47752390 0.31554043
74.84116027 29.19487927
563.88578836 51.40975531
599.74694539 73.30727597
566.42463134 141.85603630
687.33702803 46.64942473
