64.84135472 464.58467023
21.03386809 457.05525847
622.01782531 366.70231729
369.44028520 272.92691622
425.56862745 179.83600713
350.95900178 171.62210339
331.79322638 162.03921569
300.30659537 137.39750446
196.26381462 193.52584670
168.88413547 162.72370766
149.71836007 125.07664884
759.60071301 192.84135472
660.34937611 183.94295900
764.39215686 138.08199643
732.22103387 136.71301248
835.57932264 266.76648841
888.96969697 196.94830660
951.25846702 207.90017825
153.14081996 149.71836007
186.85204991 104.37076649
203.62210339 90.33868093
389.46167558 93.07664884
425.39750446 104.02852050
370.29590018 247.77183601
744.02852050 105.73975045
816.58467023 113.26916221
543.38680927 52.94830660
976.84135472 42.33868093
996.86274510 40.11408200
992.41354724 34.46702317
820.13547237 17.82531194
841.26916221 24.15686275
866.42424242 18.50980392
1017.35472371 305.91087344
778.13088872 5.14387573
976.58843118 10.25876085
998.07094866 10.25876085
900.88813148 4.12089871
169.68194636 4.22375238
