923.58543417 642.85816145
1002.13088872 565.55946015
689.19582378 493.24777184
257.81920041 405.97504456
185.50751210 420.93608352
50.85816145 349.87114846
221.66335625 245.14387573
241.61140820 247.63738223
423.63738223 121.71530430
553.29971989 81.81920041
609.40361599 94.28673287
837.55946015 221.45556404
605.66335625 8.26075885
545.81920041 7.01400560
461.03997963 7.01400560
301.45556404 26.96205755
252.83218742 55.63738223
204.20881080 151.63738223
151.84517443 35.68933028
143.11790171 83.06595365
113.19582378 61.87114846
87.01400560 55.63738223
128.15686275 24.46855106
145.61140820 8.26075885
5.55946015 84.62439521
6.18283677 9.19582378
34.85816145 1.71530430
18.99298315 65.86923733
