50.53458584 674.20262214
56.14948820 600.58501343
31.19436661 581.24479419
17.46904973 579.99703811
33.68987877 521.97638040
64.25990272 547.55538004
112.92238984 582.49255027
113.54626788 536.32557532
122.90443848 604.95215971
144.11629183 610.56706207
193.40265699 643.63259819
180.92509619 644.88035426
222.10104682 677.94589038
281.99333866 658.60567114
326.91255753 624.91625699
265.77250962 591.85072087
220.22941270 581.24479419
241.44126606 546.93150200
254.54270490 546.30762396
237.07411978 525.71964864
219.60553466 505.75555136
246.43229038 505.75555136
245.80841234 477.05716152
205.25633975 475.18552740
173.43855971 517.60923412
170.31916951 503.26003920
163.45651107 485.79145408
116.04178004 484.54369800
108.55524356 473.31389328
81.10460980 488.28696624
318.80214301 579.99703811
322.54541125 548.17925808
315.68275281 527.59128276
331.27970381 514.48984392
362.47360581 601.20889147
369.33626425 576.87764791
378.07055681 550.67477024
410.51221488 553.79416044
435.46733648 553.79416044
461.04633612 472.69001525
494.73575027 497.02125880
490.36860399 445.23938149
505.34167695 464.57960073
489.74472595 435.25733285
445.44938512 443.99162541
464.78960436 432.76182069
397.41077604 488.91084428
371.20789837 492.03023448
363.09748385 507.00330744
353.73931325 497.02125880
305.07682613 490.15860036
297.59028966 510.12269764
301.95743593 473.31389328
321.92153321 481.42430780
33.06600073 481.42430780
13.72578149 463.33184465
39.92865917 448.98264973
51.15846388 452.72591797
64.88378076 468.32286897
31.19436661 432.13794265
18.71680581 439.62447913
52.40621996 426.52304029
65.50765880 422.15589401
82.35236588 444.61550345
97.94931688 432.76182069
114.17014592 452.72591797
96.07768276 467.07511289
131.63873103 448.98264973
148.48343811 429.64243049
164.70426715 457.09306425
166.57590127 437.75284501
185.91612051 433.38569873
206.50409583 432.76182069
187.78775463 463.95572269
223.97268094 445.86325953
237.69799782 455.22143013
252.04719274 457.09306425
281.36946062 460.21245445
209.62348603 453.34979601
277.62619238 437.12896697
280.74558258 426.52304029
266.39638766 420.90813793
309.44397241 438.37672305
301.95743593 427.77079637
323.79316733 420.90813793
348.74828893 428.39467441
345.62889873 417.78874773
383.06158113 448.35877169
392.41975172 442.11999129
391.79587368 457.09306425
407.39282468 452.72591797
408.64058076 470.81838113
421.11814156 461.46021053
419.87038548 437.75284501
434.21958040 435.88121089
457.92694592 446.48713757
372.29968494 416.54099165
386.33694083 419.66038185
403.49358693 404.37536987
419.71441597 401.87985771
425.32931833 415.60517459
448.10086679 409.05445517
460.26648857 404.99924791
459.64261053 419.34844283
477.11119564 401.87985771
480.23058584 417.78874773
482.72609800 393.76944319
498.01110998 380.97994338
506.74540254 382.53963848
531.07664610 397.51271143
519.84684138 392.20974809
546.36165808 385.65902868
540.74675572 388.77841887
527.64531688 383.78739456
563.51830417 381.60382142
568.50932849 404.99924791
559.46309691 424.96334519
546.04971906 431.82600363
546.04971906 414.98129655
522.65429256 428.70661343
524.52592668 435.25733285
523.90204864 446.17519855
517.35132922 458.96469837
532.01246316 477.05716152
545.42584102 448.98264973
558.52727985 477.68103956
577.55556007 479.86461270
518.28714628 509.18688058
572.87647477 441.49611325
579.73913321 423.71558911
573.81229183 386.59484574
421.58605009 382.53963848
431.25615971 376.92473612
444.35759855 376.92473612
459.33067151 375.67698004
469.93659819 386.59484574
386.33694083 389.71423593
404.74134301 375.67698004
405.98909909 388.77841887
388.83245299 373.49340690
360.13406316 400.32016261
334.86700254 414.98129655
350.46395354 395.32913829
337.67445372 388.77841887
343.60129510 377.23667514
355.14303884 380.35606534
547.60941416 551.61058730
622.47477895 516.67341706
629.02549837 504.50779528
647.42990054 506.69136842
672.38502214 531.95842904
718.55199710 609.63124501
709.19382650 483.29594192
691.41330236 476.12134446
665.52236370 482.04818584
684.23870490 428.70661343
692.66105844 434.00957677
714.18485082 431.82600363
722.29526534 453.34979601
739.45191143 459.27663739
731.34149691 470.81838113
735.39670417 513.55402686
768.15030127 491.40635644
778.75622795 490.15860036
787.49052051 454.90949111
798.72032523 504.19585626
809.95012995 508.56300254
818.68442250 497.95707586
831.47392232 475.49746642
848.63056842 558.47324574
890.43039710 550.98670926
877.64089728 503.57197822
890.74233612 486.72727114
867.97078766 486.72727114
881.07222650 459.27663739
894.79754338 450.54234483
908.21092123 459.27663739
828.66647114 431.82600363
800.90389837 435.25733285
982.40450672 570.63886751
1001.74472595 575.62989183
997.37757967 508.87494156
969.92694592 514.48984392
949.33897060 518.23311216
983.02838475 487.66308820
1020.46106715 495.77350272
924.38384900 484.54369800
590.45312813 491.40635644
609.79334737 458.02888131
633.81265191 459.58857641
635.99622505 444.92744247
614.47243267 438.06478403
611.66498149 423.09171107
624.76642033 418.72456479
633.50071289 420.59619891
645.04245662 413.10966243
659.39165154 422.15589401
674.98860254 417.47680871
668.74982214 428.70661343
698.69596806 415.29323557
728.01823593 414.04547949
721.15557750 393.14556515
742.99130889 393.14556515
660.32746860 404.68730889
661.57522468 394.39332123
633.18877387 403.12761379
620.08733503 401.87985771
610.72916443 403.12761379
582.65465263 405.31118693
594.82027441 387.84260181
616.03212777 389.40229691
611.35304247 386.90678475
621.02315209 382.22769946
771.37775971 423.09171107
767.01061343 428.08273539
826.27902722 389.09035789
808.18656407 389.09035789
824.71933212 408.43057713
835.94913684 415.60517459
856.22517314 410.61415027
863.71170962 396.57689437
855.91323412 386.59484574
835.94913684 396.26495535
874.94151434 403.12761379
887.41907514 414.04547949
892.09816044 432.76182069
916.11746497 430.26630853
912.37419673 411.23802831
948.24718403 421.53201597
952.30239129 400.63210163
933.89798911 388.15454083
952.30239129 386.59484574
959.16504973 415.60517459
889.70765009 382.22769946
875.98233321 376.61279710
861.94507731 372.24565082
866.31222359 355.40094374
854.45854083 350.09798040
842.60485808 361.32778512
835.11832160 366.63074846
814.53034628 370.37401670
816.71391942 361.01584610
823.88851688 356.96063884
838.86158984 349.47410236
829.19148022 349.16216334
816.09004138 349.16216334
804.86023666 352.28155354
794.87818802 357.89645590
785.20807840 366.31880944
783.64838330 347.91440726
807.97962686 342.92338294
773.66633466 346.66665118
769.61112740 367.87850454
902.18521089 361.01584610
907.48817423 376.92473612
927.14033249 373.18146788
939.61789328 388.46647985
883.46886969 373.49340690
963.94913684 346.66665118
947.10442976 365.69493140
982.04160000 360.39196806
993.89528276 374.11728494
1007.93253866 368.19044356
993.58334374 365.69493140
1009.80417278 406.24700399
1009.49223376 434.94539383
1021.34591652 401.56791869
839.17352886 333.87715136
833.24668748 319.21601742
842.29291906 318.90407840
845.41230926 307.05039564
851.02721162 326.70255390
861.00926025 309.23396878
866.00028457 306.11457858
882.22111361 311.41754192
890.33152813 307.05039564
900.31357677 303.93100544
892.51510127 313.60111506
877.85396733 325.45479782
889.08377205 331.69357822
901.87327187 328.26224900
908.42399129 325.14285880
904.05684501 315.78468820
914.35083267 310.16978584
842.99478185 348.22634628
919.88775027 358.67630345
924.25489655 362.88748022
932.52128058 322.49137713
917.86014664 306.73845662
945.98715935 315.31677967
939.43643993 318.90407840
952.53787877 325.14285880
954.56548240 331.06970018
976.08927477 337.46445009
970.16243339 317.50035281
954.56548240 310.94963339
961.11620181 304.24294446
965.01543956 307.20636515
970.94228094 307.67427368
982.32805517 298.47207260
991.06234773 310.94963339
994.18173793 318.90407840
1000.57648784 315.78468820
1006.97123775 316.87647477
1002.91603049 293.48104828
1020.22864610 341.83159637
1017.42119492 353.06140109
1018.35701198 332.00551724
1019.29282904 316.40856624
1021.00849365 327.32643194
1019.13685953 286.46242033
988.87877459 317.18841379
797.58063739 337.62041960
810.05819819 336.06072450
739.24804065 366.00687042
756.40468675 376.92473612
764.51510127 367.56656552
720.84363848 371.62177278
725.52272377 362.26360218
735.19283339 356.02482178
719.28394338 344.79501706
727.08241887 352.90543158
749.85396733 353.52930962
742.36743085 350.72185844
743.30324791 344.79501706
742.99130889 333.87715136
737.06446751 334.18909038
761.08377205 334.50102940
764.51510127 340.73980980
758.58825989 351.34573648
763.89122323 356.64869982
783.54338149 324.51898076
801.01196661 307.05039564
786.97471071 307.67427368
808.81044211 315.78468820
812.24177132 298.62804211
816.92085662 288.64599347
833.76556370 290.20568857
846.86700254 279.59976189
833.45362468 272.73710345
837.50883194 268.99383521
848.42669764 269.61771325
882.11611180 263.06699383
878.37284356 264.31474991
798.82839347 298.62804211
793.21349111 267.43414011
752.66141851 296.13252995
751.10172341 308.29815172
769.50612559 307.98621270
767.32255245 322.02346860
502.79826352 366.00687042
498.43111724 347.91440726
510.28480000 348.85022432
528.68920218 371.93371180
528.06532414 361.01584610
518.39521452 352.28155354
540.54288494 332.94133430
528.06532414 347.91440726
533.99216552 352.28155354
542.41451906 350.40991942
547.71748240 353.52930962
557.38759201 347.29052922
566.43382359 336.06072450
574.85617713 340.42787078
580.15914047 341.98756588
590.45312813 348.22634628
598.25160363 336.99654156
618.52763993 309.54590780
628.50968857 338.24429764
639.73949328 337.62041960
648.47378584 335.74878548
656.58420036 346.66665118
657.83195644 352.28155354
668.74982214 353.52930962
676.23635862 346.04277314
688.09004138 331.69357822
701.19148022 315.16081016
695.26463884 339.18011470
698.69596806 348.22634628
708.98995572 340.42787078
709.30189474 352.90543158
703.37505336 360.08002904
691.52137060 380.35606534
708.98995572 382.22769946
674.05278548 379.42024828
675.92441960 375.67698004
671.24533430 367.87850454
684.65871216 365.38299238
682.47513902 355.08900472
655.64838330 360.08002904
651.28123702 365.69493140
645.04245662 367.56656552
635.68428603 377.86055318
557.69953103 372.24565082
541.47870200 368.81432160
546.46972632 363.82329728
556.13983593 360.08002904
564.25025045 363.51135826
584.52628675 368.19044356
592.01282323 364.75911434
600.43517677 352.28155354
607.92171325 368.19044356
614.47243267 360.08002904
622.89478621 354.46512668
625.70223739 369.75013866
633.81265191 361.32778512
310.64382722 401.25597967
317.50648566 392.83362613
325.92883920 408.43057713
332.79149764 398.44852849
322.18557096 375.36504102
323.12138802 360.08002904
332.16761960 355.71288276
337.47058294 346.66665118
349.32426570 328.26224900
354.62722904 341.36368784
358.37049728 350.40991942
351.81977786 365.69493140
368.66448494 366.63074846
370.84805808 354.46512668
396.11511869 362.26360218
386.13307005 350.09798040
400.17032595 350.72185844
402.66583811 330.44582214
400.48226497 319.52795644
377.71071652 334.81296842
358.05855826 329.82194410
379.27041162 323.89510272
426.99708167 339.80399274
421.69411833 355.71288276
412.95982577 344.79501706
422.94187441 334.81296842
432.30004501 330.75776116
441.65821561 322.64734664
452.88802033 330.75776116
484.39386134 324.20704174
480.96253212 328.88612704
497.18336116 322.02346860
506.54153176 315.47274918
514.65194628 322.33540762
523.38623884 330.44582214
485.32967840 346.04277314
468.17303230 352.28155354
462.55812995 346.35471216
452.26414229 345.10695608
446.96117895 360.39196806
437.29106933 366.63074846
426.06126461 372.24565082
468.17303230 364.75911434
455.38353249 364.44717532
476.28344682 367.87850454
486.57743448 370.06207768
485.32967840 362.26360218
496.55948312 368.81432160
484.08192232 353.84124864
480.33865408 382.22769946
318.75424174 352.28155354
490.94458076 311.72948094
502.48632450 311.10560290
12.47802541 413.73354047
75.64567695 392.20974809
87.49935971 403.12761379
40.39656770 378.48443122
61.29648203 356.96063884
54.43382359 352.59349256
48.19504319 365.69493140
54.43382359 367.87850454
62.54423811 371.93371180
55.05770163 387.21872377
38.52493358 404.99924791
33.22197024 414.04547949
42.58014083 417.78874773
115.57387151 400.32016261
93.42620109 393.14556515
105.90376189 400.32016261
106.21570091 373.49340690
82.50833539 363.82329728
89.68293285 370.68595572
83.75609147 382.85157750
73.15016479 368.81432160
84.06803049 375.05310200
115.26193249 362.57554120
124.30816407 370.68595572
127.73949328 347.60246824
128.36337132 377.23667514
118.38132269 385.03515064
124.93204211 403.12761379
132.73051760 402.50373575
136.78572486 411.54996733
121.50071289 429.01855245
153.63043194 417.78874773
151.13491978 406.24700399
157.68563920 402.81567477
143.96032232 390.33811397
153.63043194 395.95301633
143.96032232 376.61279710
151.13491978 371.30983376
161.74084646 348.22634628
175.15422432 347.60246824
193.87056552 344.79501706
217.88987005 339.49205372
220.38538221 330.13388312
219.44956515 324.20704174
227.55997967 327.95030998
234.11069909 324.51898076
243.78080871 323.58316370
264.68072305 328.57418802
258.75388167 338.24429764
245.96438185 341.67562686
240.66141851 347.60246824
238.16590635 358.20839492
248.77183303 370.37401670
259.06582069 374.11728494
268.73593031 347.91440726
203.22873612 362.57554120
193.55862650 367.25462650
169.53932196 372.86952886
164.54829764 385.03515064
174.21840726 390.33811397
170.78707804 403.43955281
163.30054156 417.78874773
185.44821198 407.80669909
192.93474846 414.04547949
201.98098004 388.77841887
184.51239492 383.47545554
188.87954120 390.02617495
208.84363848 385.65902868
222.25701633 380.04412632
218.20180907 369.43819964
222.88089437 387.21872377
232.86294301 394.08138221
229.11967477 416.85293067
255.01061343 414.35741851
256.88224755 399.69628457
275.91052777 389.71423593
269.04786933 394.70526025
279.34185699 402.50373575
290.15778730 391.58587005
291.71748240 378.79637024
309.80994555 385.65902868
311.36964065 373.18146788
298.26820181 382.85157750
290.15778730 405.62312595
289.22197024 420.28425989
306.37861633 413.42160145
286.41451906 332.62939528
278.30410454 341.05174882
303.25922613 342.92338294
310.12188457 352.59349256
304.50698221 362.88748022
292.02942142 359.45615100
275.18471434 373.49340690
213.73272740 399.07240653
302.63534809 392.20974809
8.16184682 398.13658947
25.63043194 383.47545554
14.40062722 369.43819964
39.66768784 359.14421198
27.50206606 350.72185844
12.84093212 344.48307804
28.12594410 366.00687042
3.48276152 420.59619891
4.41857858 432.76182069
17.52001742 432.13794265
4.41857858 372.55758984
72.73322396 375.67698004
820.19621633 599.33725735
833.24668748 219.70747005
834.18250454 213.78062868
866.62416261 244.66259165
867.24804065 237.17605517
885.02856479 238.11187223
894.38673539 244.66259165
898.13000363 238.73575027
902.49714991 244.66259165
771.79470054 227.19400653
919.02991797 232.18503085
916.22246679 225.01043339
928.38808857 214.40450672
940.55371034 210.66123848
944.29697858 224.07461633
952.09545408 224.38655535
948.66412486 210.66123848
970.18791724 206.60603122
957.71035644 209.72542142
966.13270998 203.17470200
980.16996588 206.29409220
976.42669764 204.11051906
982.35353902 196.31204356
1000.44600218 203.17470200
997.63855100 194.44040944
1002.94151434 190.69714120
1014.48325808 200.05531180
1020.09816044 202.86276298
812.65871216 203.17470200
805.17217568 221.57910417
795.81400508 218.77165299
779.59317604 196.62398258
773.97827368 196.31204356
785.20807840 198.49561670
793.94237096 197.55979964
799.24533430 197.55979964
808.60350490 193.19265336
823.57657786 196.31204356
829.19148022 199.43143376
831.99893140 208.47766534
835.11832160 195.37622650
840.10934592 200.99112886
849.77945554 197.55979964
860.69732123 201.30306788
860.38538221 193.19265336
866.31222359 192.25683630
873.79876007 197.87173866
880.66141851 192.25683630
877.85396733 190.38520218
877.85396733 212.84481162
883.15693067 212.84481162
887.83601597 211.90899456
887.83601597 225.63431143
901.87327187 209.72542142
910.91950345 220.33134809
915.91052777 215.34032377
910.91950345 203.48664102
897.50612559 202.23888494
892.20316225 207.22990926
886.90019891 204.11051906
907.80011325 192.25683630
911.85532051 196.93592160
919.96573503 200.67918984
927.45227151 202.86276298
932.75523485 194.75234846
938.68207623 198.49561670
943.04922250 200.67918984
951.78351506 198.49561670
759.23915499 185.55014737
762.98242323 176.03600726
763.29436225 169.01737931
767.97344755 168.70544029
770.15702069 172.29273902
776.86370962 173.38452559
777.95549619 168.70544029
782.16667296 176.03600726
772.65253285 182.11881815
764.69808784 186.64193394
767.34956951 189.29341561
755.02797822 175.10019020
755.49588675 170.10916588
753.62425263 185.23820835
758.14736842 208.78960436
762.82645372 219.23956152
797.60765445 186.01805590
786.53381924 184.45836080
786.22188022 177.75167187
792.14872160 173.07258657
796.82780690 176.81585481
790.90096552 185.55014737
797.13974592 167.30171470
802.44270926 155.60400145
808.52552015 161.53084283
817.88369074 166.36589764
807.27776407 181.18300109
801.03898367 176.19197677
811.17700181 176.65988530
814.92027005 178.53151942
818.81950780 176.19197677
818.50756878 184.61433031
816.79190417 196.46801307
828.02170889 182.43075717
833.01273321 184.45836080
837.84778802 180.55912305
841.74702577 170.73304392
844.71044646 176.81585481
852.82086098 175.25615971
856.09622069 183.36657423
860.61933648 177.90764138
865.76633031 176.34794628
871.53720218 177.75167187
875.43643993 176.65988530
873.09689728 174.16437314
869.19765953 176.03600726
865.76633031 181.96284864
861.71112305 186.64193394
870.13347659 185.55014737
839.09554410 176.65988530
787.31366679 168.86140980
881.51925082 175.41212922
893.99681162 179.93524501
899.29977495 182.11881815
911.77733575 176.65988530
911.46539673 185.08223884
915.67657350 180.24718403
919.26387223 178.84345844
922.07132341 182.74269619
920.66759782 188.35759855
929.08995136 188.98147659
928.93398185 181.02703158
934.23694519 181.02703158
935.64067078 186.48596443
940.31975608 184.30239129
942.03542069 177.90764138
931.74143303 175.56809873
891.50129946 191.63295826
896.02441525 193.34862287
903.35498221 193.34862287
906.94228094 187.26581198
926.12653067 196.00010454
978.06437750 198.49561670
973.07335318 198.49561670
975.41289583 190.38520218
983.52331034 191.32101924
976.66065191 183.21060472
973.38529220 186.48596443
970.10993249 193.66056189
964.02712160 190.54117169
964.49503013 184.61433031
968.39426788 178.21958040
973.22932269 179.46733648
980.09198113 176.03600726
963.09130454 180.24718403
958.88012777 186.17402541
953.57716443 188.20162904
949.67792668 184.77029982
952.48537786 177.12779383
947.80629256 175.10019020
945.93465844 182.43075717
944.53093285 189.76132414
938.91603049 192.72474483
926.12653067 191.94489728
925.81459165 178.84345844
990.75040871 190.07326316
987.47504900 178.84345844
991.99816479 181.96284864
997.45709764 185.55014737
998.54888421 180.55912305
1011.02644501 182.27478766
1017.10925590 181.65090962
1022.10028022 180.55912305
1023.03609728 171.35692196
1016.95328639 189.29341561
1020.69655463 196.15607405
584.00434410 281.78333503
600.84905118 281.78333503
637.03397750 261.19535971
681.01737931 263.37893285
696.30239129 270.86546933
714.08291543 264.31474991
725.93659819 262.44311579
729.05598838 244.97453067
743.71712232 220.01940907
744.96487840 232.18503085
673.92076661 180.55912305
679.37969946 172.44870853
684.05878475 176.19197677
687.80205299 181.49494011
692.94904682 173.54049510
697.31619310 173.85243412
713.06911361 180.40315354
704.64676007 174.00840363
700.27961379 185.08223884
717.74819891 177.59570236
719.30789401 182.89866570
723.36310127 178.21958040
731.16157677 177.59570236
736.93244864 180.55912305
743.32719855 176.81585481
739.27199129 174.63228167
748.00628385 179.31136697
749.87791797 183.05463521
748.94210091 176.50391579
744.73092414 168.23753176
736.77647913 168.08156225
730.53769873 170.26513539
727.41830853 171.35692196
719.77580254 169.48528784
712.75717459 170.57707441
709.16987586 168.54947078
698.09604065 163.71441597
688.58190054 162.77859891
684.68266279 165.89798911
670.87936116 174.00840363
662.45700762 173.54049510
661.05328203 166.36589764
675.40247695 165.11814156
674.15472087 169.64125735
661.36522105 181.65090962
700.04565953 168.86140980
701.44938512 165.74201960
722.81720799 172.76064755
592.58266715 178.68748893
602.72068530 177.12779383
614.73033757 177.12779383
624.08850817 175.10019020
632.35489220 176.50391579
639.52948966 178.99942795
648.10781270 176.65988530
655.75031869 178.68748893
641.08918475 166.67783666
646.08020907 167.45768421
653.25480653 169.48528784
655.90628820 165.58605009
641.40112377 160.12711724
630.32728857 161.21890381
623.77656915 163.40247695
615.19824610 163.71441597
603.18859383 165.74201960
586.65582577 161.37487332
589.77521597 161.21890381
579.01331978 162.77859891
574.17826497 175.56809873
570.74693575 177.12779383
579.16928929 174.00840363
576.36183811 166.05395862
592.27072813 166.98977568
635.63025191 167.45768421
627.05192886 165.89798911
582.91255753 169.01737931
457.04516298 175.56809873
462.66006534 171.98080000
468.74287623 169.79722686
474.51374809 177.75167187
477.63313829 166.67783666
562.94846025 179.15539746
553.90222868 177.43973285
554.52610672 166.98977568
548.75523485 169.79722686
554.99401525 162.15472087
571.05887477 162.62262940
538.92915572 161.53084283
524.73593031 157.16369655
519.27699746 154.66818439
510.69867441 155.91594047
499.93677822 153.57639782
476.85329074 157.00772704
463.12797387 163.40247695
456.26531543 161.06293430
458.29291906 155.44803194
492.45024174 175.25615971
498.06514410 175.72406824
510.54270490 177.43973285
508.67107078 167.92559274
517.24939383 162.15472087
516.78148530 170.42110490
526.91950345 176.34794628
528.01129002 163.71441597
532.84634483 171.20095245
539.39706425 169.48528784
539.70900327 177.75167187
544.70002759 176.34794628
521.92847913 169.48528784
482.31222359 167.30171470
487.77115644 169.01737931
382.95964574 168.54947078
389.66633466 165.11814156
391.53796878 168.08156225
397.62077967 164.18232450
408.38267586 169.95319637
415.55727332 167.30171470
422.73187078 163.71441597
428.50274265 164.49426352
434.58555354 165.43008058
443.47581561 160.75099528
446.90714483 176.03600726
428.50274265 175.10019020
435.36540109 177.28376334
451.74219964 173.07258657
450.65041307 161.06293430
442.22805953 149.98909909
435.52137060 156.22787949
426.16320000 150.14506860
424.60350490 156.07190998
416.49309038 153.88833684
416.49309038 160.75099528
407.91476733 158.56742214
403.07971252 157.63160508
392.62975535 156.07190998
387.32679201 152.79655027
381.24398113 151.54879419
372.82162759 159.34726969
383.42755426 157.31966606
372.66565808 167.30171470
380.62010309 160.43905626
252.72510490 166.20992813
239.77963557 170.88901343
233.22891615 162.62262940
232.60503811 149.98909909
244.45872087 155.44803194
245.86244646 149.67716007
263.01909256 146.24583085
260.67954991 164.33829401
265.35863521 175.56809873
275.65262287 151.86073321
285.32273249 150.92491615
288.28615318 160.12711724
277.52425699 167.14574519
286.72645808 167.61365372
312.92933575 174.00840363
304.03907368 162.77859891
293.74508603 164.49426352
296.39656770 149.83312958
292.80926897 149.05328203
312.92933575 154.04430635
316.98454301 163.40247695
336.63670127 177.28376334
324.78301851 176.19197677
344.12323775 174.32034265
331.95761597 164.49426352
345.37099383 159.65920871
345.52696334 151.39282468
341.00384755 154.04430635
328.68225626 153.88833684
321.97556733 151.08088566
333.67328058 153.57639782
366.89478621 173.85243412
357.06870708 172.13676951
357.38064610 152.64058076
364.86718258 149.98909909
369.39029837 153.88833684
361.90376189 161.99875136
350.20604864 154.35624537
185.37022722 165.74201960
203.15075136 169.01737931
212.66489147 173.85243412
220.15142795 168.86140980
226.07826933 161.53084283
215.00443412 146.08986134
205.02238548 149.52119056
208.60968421 156.53981851
197.37987949 153.10848929
189.11349546 148.58537350
176.01205662 153.10848929
171.64491034 145.46598330
163.06658730 153.57639782
71.20054592 151.54879419
59.34686316 150.45700762
54.04389982 149.83312958
49.98869256 146.55776987
64.80579601 114.89595935
78.21917387 142.65853212
73.22814955 166.67783666
55.75956443 161.06293430
48.58496697 167.92559274
95.68775898 176.03600726
119.39512450 167.92559274
126.88166098 165.11814156
144.81815463 162.46665989
154.48826425 166.98977568
150.12111797 151.39282468
139.98309982 150.14506860
128.44135608 147.64955644
114.71603920 151.23685517
100.05490526 152.32864174
86.48555789 146.40180036
102.39444791 138.75929437
90.38479564 148.74134301
108.32128929 150.61297713
109.72501488 140.00705045
132.96447187 155.29206243
5.22390998 157.00772704
9.90299528 151.54879419
22.22458657 159.19130018
30.33500109 153.57639782
40.94092777 152.17267223
15.67386715 141.09883702
30.49097060 138.13541633
23.62831216 141.41077604
252.67107078 125.18994701
2.85888348 55.78351506
29.99757822 59.83872232
36.23635862 56.09545408
43.72289510 57.34321016
52.14524864 57.34321016
99.87191869 56.09545408
116.40468675 62.64617350
120.06997024 59.68275281
125.84084211 62.17826497
129.42814083 59.68275281
137.22661633 56.09545408
152.19968929 61.39841742
164.52128058 67.32525880
172.63169510 66.85735027
213.65167623 64.98571615
199.92635935 63.27005154
194.31145699 62.17826497
186.35701198 65.92153321
181.83389619 64.82974664
270.26860835 56.71933212
274.94769365 52.97606388
283.21407768 55.47157604
287.89316298 75.59164283
291.94837024 74.49985626
297.71924211 71.38046606
301.15057132 72.62822214
305.51771760 76.37149038
310.04083339 76.37149038
310.19680290 69.66480145
313.16022359 76.68342940
317.05946134 70.44464900
320.02288203 77.77521597
325.94972341 77.77521597
321.89451615 73.72000871
330.00493067 77.77521597
332.65641234 77.15133793
336.86758911 79.02297205
340.76682686 76.05955136
346.69366824 78.08715499
350.74887550 78.55506352
354.33617423 76.05955136
356.83168639 78.24312450
359.63913757 77.15133793
362.44658875 78.55506352
368.99730817 78.24312450
380.07114338 83.54608784
376.48384465 81.98639274
380.07114338 78.55506352
393.79646025 83.07817931
399.09942359 84.94981343
398.00763702 78.55506352
396.13600290 81.83042323
401.59493575 84.32593539
412.66877096 84.01399637
416.25606969 84.94981343
420.46724646 86.82144755
426.55005735 87.44532559
426.86199637 81.98639274
445.11042904 87.91323412
449.16563630 85.72966098
456.18426425 87.28935608
461.48722759 91.18859383
464.91855681 89.78486824
465.54243485 86.82144755
476.14836152 86.97741706
484.25877604 90.09680726
488.46995281 90.09680726
494.08485517 91.50053285
468.81779456 87.44532559
508.74598911 92.28038040
509.99374519 97.11543521
515.92058657 92.28038040
524.96681815 93.37216697
522.15936697 90.40874628
518.57206824 93.06022795
512.48925735 92.74828893
553.19729946 91.03262432
554.91296407 91.50053285
558.96817132 94.15201452
565.20695172 94.30798403
569.10618947 96.95946570
573.31736624 95.39977060
576.59272595 96.49155717
590.78595136 105.69375826
593.12549401 98.36319129
586.57477459 96.95946570
591.72176842 95.39977060
595.93294519 97.58334374
601.39187804 98.05125227
604.51126824 101.95049002
610.90601815 99.76691688
616.05301198 102.57436806
612.93362178 99.45497786
626.50296915 103.66615463
635.08129220 105.06988022
638.51262142 106.00569728
643.19170672 102.88630708
673.60576116 103.66615463
684.67959637 109.28105699
687.95495608 108.96911797
689.98255971 107.25345336
691.69822432 107.25345336
711.81829111 110.68478258
701.52430345 88.69308167
692.63404138 88.06920363
706.20338875 89.31695971
704.79966316 90.87665481
719.30482759 91.96844138
709.63471797 90.56471579
724.91972995 107.25345336
727.88315064 106.94151434
731.15851034 93.06022795
756.58154047 94.77589256
738.80101633 96.64752668
747.37933938 79.17894156
801.34478984 96.02364864
806.80372269 98.20722178
809.29923485 99.92288639
864.98034991 144.84210526
856.40202686 141.56674555
874.02658149 146.08986134
788.39932051 180.71509256
847.51176479 103.51018512
859.36544755 101.32661198
885.25638621 106.31763630
881.98102650 103.51018512
879.95342287 104.44600218
873.71464247 104.13406316
875.89821561 102.88630708
876.05418512 105.69375826
948.01476298 111.30866062
953.94160436 107.09748385
1007.30866062 52.50815535
954.90290526 48.14100907
938.50062287 49.85667368
940.99613503 47.20519201
957.99681162 48.92085662
932.88572051 52.66412486
876.52822650 42.99401525
881.83118984 44.86564936
859.68351942 43.30595426
853.28876951 43.30595426
843.77462940 44.86564936
830.51722105 43.30595426
814.29639201 42.68207623
810.08521525 42.83804574
820.06726388 43.77386279
799.47928857 41.12238113
806.49791652 40.65447260
794.17632523 41.74625917
791.99275209 40.34253358
789.80917895 40.81044211
780.29503884 39.25074701
773.19842613 39.56268603
734.51798766 35.81941779
680.31551652 35.11755499
676.57224828 31.99816479
673.14091906 32.46607332
663.15887042 30.59443920
659.10366316 32.31010381
648.65370599 33.08995136
643.03880363 35.11755499
634.46048058 33.40189038
615.43220036 32.93398185
597.80764574 30.90637822
599.99121887 31.37428675
603.42254809 31.21831724
607.47775535 31.84219528
577.84354846 30.90637822
545.71382940 24.82356733
540.41086606 24.51162831
533.23626860 25.13550635
489.56480581 24.04371978
495.33567768 26.22729292
517.63931760 26.22729292
526.37361016 24.66759782
519.97886025 25.91535390
410.72221851 17.41501561
426.94304755 17.72695463
221.37523339 5.87327187
217.00808711 5.56133285
225.43044065 6.49714991
199.85144102 3.06582069
186.43806316 5.24939383
230.10952595 2.13000363
268.16608639 8.99266207
273.46904973 9.92847913
358.23847840 15.46539673
151.65379601 3.06582069
155.70900327 2.44194265
