46.67076923 21.62191370
13.93350844 47.19789869
35.92885553 70.72780488
77.87347092 88.63099437
62.01636023 71.75084428
75.82739212 46.68637899
86.56930582 15.99519700
96.28818011 2.18416510
110.09921201 20.08735460
130.56000000 15.99519700
166.36637899 8.83392120
189.38476548 3.71872420
246.67497186 26.73711069
214.44923077 56.40525328
263.04360225 22.13343340
288.61958724 23.66799250
313.68405253 13.43759850
104.98401501 86.07339587
109.58769231 38.50206379
170.97005629 38.50206379
156.13598499 61.00893058
178.64285178 80.95819887
188.36172608 56.40525328
338.23699812 14.46063790
367.90514071 14.46063790
354.09410882 32.87534709
365.85906191 40.03662289
323.40292683 33.89838649
290.66566604 48.22093809
308.05733583 62.54348968
299.36150094 71.75084428
276.34311445 110.11482176
255.88232645 123.41433396
226.21418386 104.48810507
226.72570356 121.87977486
186.31564728 107.55722326
198.08060038 128.01801126
159.71662289 109.09178236
165.34333959 126.48345216
126.97936210 107.55722326
68.15459662 118.29913696
35.92885553 115.23001876
6.77223265 100.90746717
7.79527205 119.83369606
9.32983114 142.34056285
48.20532833 145.92120075
64.57395872 138.75992495
62.52787992 166.89350844
90.66146341 164.84742964
94.75362101 141.82904315
112.65681051 162.28983114
135.16367730 155.64007505
114.70288931 142.34056285
294.75782364 136.71384615
275.32007505 161.77831144
259.97448405 140.80600375
235.93305816 148.99031895
236.44457786 176.10086304
221.61050657 156.66311445
254.34776735 173.03174484
269.18183865 185.30821764
250.25560976 190.93493433
213.42619137 190.42341463
206.77643527 174.56630394
185.29260788 176.61238274
197.56908068 201.67684803
163.80878049 199.11924953
155.11294559 179.16998124
134.65215760 180.70454034
151.02078799 209.86116323
102.42641651 186.84277674
81.96562852 242.08690432
57.92420263 242.59842402
37.97493433 248.73666041
3.70311445 199.11924953
7.79527205 254.87489681
55.87812383 262.03617261
15.97958724 298.86559099
37.46341463 291.70431520
12.91046904 311.14206379
64.57395872 352.06363977
88.10386492 321.37245779
114.70288931 257.43249531
131.07151970 285.56607880
176.08525328 279.93936210
169.94701689 306.02686679
189.89628518 303.46926829
206.77643527 323.93005629
183.75804878 333.64893058
234.91001876 316.76878049
273.27399625 317.79181989
281.45831144 334.16045028
305.49973734 334.16045028
249.74409006 351.55212008
237.46761726 355.13275797
208.31099437 352.57515947
188.36172608 362.29403377
176.59677298 381.22026266
198.59212008 381.22026266
127.49088180 336.71804878
105.49553471 343.87932458
91.68450281 354.62123827
21.09478424 378.15114447
27.74454034 351.55212008
48.71684803 380.70874296
86.56930582 380.70874296
64.57395872 401.68105066
45.64772983 403.72712946
97.31121951 401.16953096
130.04848030 412.93448405
148.46318949 373.03594747
106.00705441 379.17418386
340.28307692 355.64427767
351.02499062 384.80090056
323.40292683 388.89305816
335.67939962 412.42296435
376.60097561 390.42761726
389.90048780 377.63962477
408.82671670 403.72712946
462.02476548 398.10041276
473.78971857 413.95752345
497.83114447 414.46904315
295.78086304 411.91144465
313.17253283 412.42296435
276.85463415 400.14649156
260.48600375 408.33080675
236.95609756 397.58889306
218.02986867 413.95752345
182.73500938 414.46904315
125.17343340 430.83767355
107.78176360 453.34454034
87.32097561 455.90213884
68.39474672 441.57958724
72.48690432 467.66709193
39.74964353 448.74086304
39.74964353 471.75924953
75.04450281 495.28915572
58.16435272 523.93425891
16.73125704 507.05410882
27.98469043 552.57936210
23.38101313 565.87887430
30.54228893 591.45485929
60.72195122 580.71294559
39.74964353 573.55166979
28.49621013 612.42716698
36.68052533 641.07227017
67.37170732 617.54236398
85.27489681 617.03084428
86.29793621 600.66221388
60.72195122 656.41786116
15.19669794 623.16908068
104.20112570 632.88795497
133.86926829 598.61613508
136.93838649 630.33035647
120.05823640 658.97545966
68.90626642 716.77718574
115.45455910 703.47767355
18.26581614 721.89238274
96.01681051 743.37621013
115.45455910 736.21493433
155.35309568 725.47302064
132.33470919 710.12742964
138.47294559 687.10904315
144.61118199 654.37178236
18.53718574 753.09508443
50.25140713 745.42228893
75.82739212 765.88307692
107.03009381 764.34851782
136.69823640 765.88307692
168.92397749 757.18724203
191.43084428 745.42228893
212.91467167 742.35317073
241.04825516 763.32547842
239.00217636 738.26101313
262.53208255 721.89238274
242.58281426 705.52375235
248.20953096 689.66664165
215.98378987 707.56983114
210.86859287 682.50536585
215.98378987 652.83722326
186.31564728 668.69433396
177.61981238 616.51932458
237.46761726 637.49163227
311.63797373 661.02153846
331.07572233 687.10904315
312.14949343 691.20120075
300.38454034 688.64360225
312.66101313 753.09508443
280.94679174 760.25636023
293.22326454 761.79091932
352.04803002 738.77253283
331.07572233 747.97988743
344.37523452 717.28870544
378.64705441 709.61590994
364.32450281 681.48232645
413.43039400 738.26101313
436.44878049 724.44998124
427.24142589 695.80487805
464.07084428 716.77718574
460.49020638 733.65733583
434.40270169 759.74484053
483.50859287 716.26566604
469.69756098 756.67572233
432.35662289 652.83722326
326.47204503 594.01245779
389.38896811 610.38108818
398.08480300 599.12765478
353.07106942 595.54701689
351.02499062 570.99407129
375.57793621 574.06318949
391.94656660 557.18303940
380.69313321 530.58401501
421.10318949 546.95264540
428.26446529 535.69921201
445.14461538 530.58401501
407.29215760 510.63474672
390.92352720 488.12787992
404.22303940 481.98964353
386.83136961 462.55189493
360.74386492 467.66709193
346.93283302 470.22469043
326.47204503 535.69921201
346.93283302 524.95729831
318.79924953 562.80975610
304.47669794 581.73598499
296.29238274 565.36735460
276.85463415 579.68990619
291.68870544 535.69921201
242.58281426 573.55166979
254.34776735 575.59774859
245.65193246 539.27984991
238.49065666 554.62544090
226.21418386 562.80975610
224.67962477 518.30754221
190.40780488 552.57936210
172.50461538 559.74063790
158.18206379 535.69921201
116.74896811 539.27984991
97.31121951 505.51954972
103.96097561 493.75459662
71.73523452 512.68082552
114.70288931 485.57028143
137.20975610 478.40900563
133.62911820 505.51954972
143.34799250 451.80998124
159.20510319 439.02198874
173.01613508 482.50116323
187.85020638 466.13253283
187.33868668 492.73155722
205.24187617 482.50116323
215.98378987 469.71317073
171.99309568 505.51954972
160.22814259 516.26146341
254.85928705 489.66243902
257.41688555 508.07714822
260.99752345 478.40900563
253.83624765 462.55189493
277.87767355 458.97125704
235.93305816 431.86071295
212.40315197 432.37223265
293.22326454 471.75924953
307.54581614 472.27076923
283.50439024 483.01268293
259.97448405 672.78649156
283.50439024 668.18281426
434.91422139 484.03572233
461.51324578 481.98964353
440.54093809 456.92517824
420.59166979 456.92517824
415.98799250 431.86071295
388.87744841 441.06806754
363.81298311 442.60262664
337.21395872 446.18326454
308.56885553 451.80998124
292.71174484 454.36757974
290.15414634 424.69943715
268.67031895 427.25703565
458.95564728 448.74086304
475.83579737 446.18326454
475.32427767 508.07714822
482.99707317 525.98033771
507.03849906 501.93891182
497.83114447 475.85140713
482.99707317 557.18303940
508.57305816 552.06784240
510.61913696 521.37666041
506.01545966 579.68990619
488.62378987 579.68990619
480.43947467 591.96637899
446.67917448 560.76367730
443.09853659 595.03549719
459.97868668 611.40412758
463.04780488 628.28427767
418.54559099 607.82348968
404.73455910 573.55166979
424.17230769 564.85583490
509.08457786 611.40412758
486.57771107 609.86956848
503.96938086 675.34409006
416.49951220 624.19212008
548.71174484 437.48742964
526.71639775 437.48742964
577.35684803 462.55189493
612.14018762 480.45508443
573.77621013 492.22003752
604.97891182 452.83302064
643.85440901 476.87444653
665.84975610 495.28915572
635.15857411 507.05410882
707.79437148 514.72690432
689.37966229 491.70851782
733.88187617 510.63474672
695.00637899 528.53793621
656.64240150 522.91121951
633.62401501 533.14161351
604.97891182 522.39969981
582.98356473 538.25681051
558.94213884 546.44112570
532.34311445 578.66686679
555.36150094 573.55166979
601.90979362 563.32127580
604.97891182 590.43181989
619.81298311 618.05388368
594.74851782 656.41786116
570.70709193 659.99849906
564.56885553 627.77275797
516.99752345 642.60682927
524.67031895 675.85560976
605.49043152 680.97080675
635.67009381 679.94776735
632.08945591 646.18746717
655.61936210 671.76345216
639.76225141 705.01223265
658.68848030 701.94311445
668.91887430 701.94311445
685.79902439 702.96615385
707.79437148 688.13208255
620.83602251 711.91774859
540.01590994 762.04667917
520.57816135 735.44765478
759.96938086 709.87166979
740.53163227 718.05598499
697.56397749 723.17118199
665.84975610 617.03084428
636.69313321 585.82814259
626.97425891 552.06784240
661.75759850 556.16000000
674.54559099 584.29358349
692.44878049 603.21981238
719.55932458 550.02176360
686.31054409 573.55166979
728.76667917 597.59309568
753.83114447 591.96637899
766.10761726 554.11392120
731.83579737 573.55166979
797.82183865 555.64848030
812.65590994 541.32592871
772.24585366 533.14161351
756.90026266 549.51024390
817.77110694 559.74063790
834.13973734 556.67151970
860.73876173 580.71294559
828.51302064 585.31662289
809.07527205 587.87422139
786.56840525 595.54701689
785.54536585 611.40412758
797.31031895 638.51467167
737.97403377 617.54236398
768.15369606 661.02153846
729.27819887 656.41786116
737.46251407 676.87864916
779.91864916 684.03992495
791.68360225 677.90168856
781.96472795 708.59287054
817.77110694 700.40855535
841.81253283 703.98919325
838.23189493 674.32105066
824.42086304 640.04923077
840.27797373 634.93403377
822.37478424 608.33500938
855.11204503 604.75437148
884.26866792 599.12765478
880.17651032 629.30731707
907.28705441 618.56540338
920.07504690 593.50093809
938.48975610 589.92030019
929.28240150 616.51932458
902.68337711 582.75902439
929.28240150 651.30266417
925.19024390 668.69433396
905.75249531 690.68968105
913.93681051 711.15046904
879.66499062 688.64360225
886.82626642 720.35782364
857.15812383 673.29801126
954.07549719 653.86026266
969.42108818 643.62986867
981.18604128 618.56540338
1000.11227017 638.51467167
980.67452158 665.11369606
994.99707317 699.38551595
1018.01545966 669.20585366
229.52345216 75.84300188
350.24210131 86.58491557
311.36660413 94.76923077
330.80435272 111.64938086
353.82273921 109.09178236
379.91024390 104.48810507
330.29283302 127.50649156
370.70288931 131.08712946
353.82273921 152.57095685
338.98866792 161.77831144
313.92420263 165.35894934
354.84577861 179.16998124
336.43106942 187.35429644
292.44037523 187.35429644
256.63399625 213.95332083
238.21928705 212.41876173
225.94281426 228.27587242
196.27467167 227.25283302
230.54649156 239.52930582
265.32983114 241.57538462
280.67542214 234.41410882
277.60630394 255.89793621
312.90116323 237.99474672
307.27444653 265.61681051
318.01636023 284.54303940
348.70754221 275.33568480
363.03009381 260.50161351
373.26048780 301.42318949
381.95632270 279.93936210
396.79039400 296.81951220
419.29726079 295.28495310
411.62446529 324.95309568
439.75804878 317.79181989
460.21883677 316.76878049
455.61515947 351.55212008
483.74874296 335.18348968
492.44457786 315.23422139
511.88232645 337.22956848
510.34776735 306.02686679
531.83159475 330.57981238
536.94679174 352.06363977
520.06664165 366.38619137
545.13110694 384.80090056
571.21861163 373.54746717
574.79924953 347.45996248
587.07572233 395.54281426
622.88210131 399.12345216
656.64240150 397.58889306
632.08945591 374.57050657
610.60562852 347.97148218
601.39827392 373.93110694
591.42363977 329.94041276
559.45365854 358.58551595
657.66544090 337.10168856
621.85906191 321.75609756
611.88442777 304.36442777
566.61493433 298.99347092
545.13110694 316.38514071
540.01590994 299.50499062
668.15159475 318.17545966
696.79669794 332.49801126
674.80135084 367.02559099
711.63076923 386.20757974
706.00405253 405.90108818
723.65148218 398.22829268
693.98333959 435.56923077
722.37268293 426.87339587
721.34964353 448.35722326
645.90048780 414.34116323
667.89583490 420.22363977
746.15834897 434.16255159
777.36105066 434.67407129
788.61448405 476.10716698
796.79879925 453.08878049
764.57305816 452.06574109
736.95099437 387.61425891
753.31962477 379.42994371
742.57771107 355.90003752
731.83579737 333.90469043
709.84045028 363.06131332
728.25515947 301.67894934
695.00637899 312.93238274
700.63309568 294.51767355
714.95564728 283.77575985
751.27354597 302.70198874
749.22746717 323.16277674
762.01545966 326.23189493
795.77575985 325.72037523
811.63287054 316.00150094
813.16742964 357.94611632
785.54536585 357.94611632
800.89095685 398.35617261
778.38409006 402.95984991
830.04757974 419.84000000
847.43924953 410.63264540
832.60517824 451.04270169
819.30566604 474.06108818
849.99684803 481.22236398
830.55909944 508.33290807
680.68382739 261.26889306
664.82671670 214.20908068
622.37058161 222.90491557
652.03872420 196.30589118
617.25538462 192.72525328
454.59212008 192.72525328
477.61050657 184.02941839
398.83647280 34.92142589
420.83181989 33.89838649
484.77178236 24.17951220
523.64727955 37.47902439
546.15414634 29.29470919
560.47669794 70.21628518
507.79016886 45.66333959
462.26491557 42.08270169
438.73500938 4.23024390
410.60142589 8.83392120
556.38454034 101.93050657
503.18649156 65.10108818
494.49065666 89.65403377
483.74874296 76.86604128
462.26491557 104.48810507
448.96540338 100.39594747
446.40780488 123.92585366
407.02078799 77.37756098
415.20510319 53.84765478
405.99774859 98.34986867
420.83181989 123.41433396
399.34799250 124.43737336
404.46318949 149.50183865
438.22348968 148.47879925
473.00682927 111.13786116
493.46761726 140.80600375
504.72105066 126.99497186
517.50904315 114.71849906
528.25095685 110.11482176
537.45831144 130.57560976
560.47669794 129.04105066
581.44900563 107.55722326
596.79459662 82.49275797
606.51347092 94.76923077
619.81298311 99.37290807
644.36592871 101.93050657
637.71617261 124.43737336
664.31519700 113.18393996
587.07572233 136.20232645
562.52277674 157.68615385
591.16787992 156.15159475
553.82694184 181.72757974
531.83159475 183.26213884
521.60120075 157.68615385
502.16345216 158.70919325
502.16345216 179.16998124
469.42619137 165.87046904
460.73035647 166.38198874
448.96540338 166.89350844
399.34799250 179.16998124
378.88720450 179.68150094
376.84112570 203.21140713
362.51857411 204.74596623
358.42641651 224.18371482
328.75827392 209.86116323
326.71219512 224.18371482
315.45876173 214.46484053
390.65215760 223.67219512
418.78574109 220.09155722
397.81343340 199.11924953
437.71196998 222.64915572
471.47227017 213.44180113
460.73035647 238.50626642
439.75804878 246.17906191
403.44015009 251.29425891
400.37103189 270.22048780
455.10363977 264.59377111
470.44923077 259.99009381
424.41245779 264.59377111
508.81320826 256.92097561
488.35242026 234.92562852
504.20953096 226.22979362
528.76247655 230.83347092
518.53208255 211.90724203
546.66566604 202.69988743
557.91909944 222.64915572
576.84532833 197.58469043
602.93283302 224.69523452
590.14484053 246.69058161
613.16322702 246.69058161
619.81298311 239.52930582
562.01125704 255.89793621
545.64262664 262.03617261
521.08968105 283.00848030
479.14506567 288.12367730
622.88210131 271.24352720
632.60097561 269.19744841
624.41666041 295.79647280
582.47204503 173.03174484
611.62866792 170.98566604
632.60097561 166.38198874
624.92818011 148.99031895
633.62401501 146.94424015
664.31519700 143.36360225
658.68848030 165.87046904
679.14926829 141.31752345
701.65613508 165.87046904
686.82206379 184.79669794
710.35196998 201.67684803
695.00637899 215.48787992
704.72525328 236.97170732
714.95564728 137.22536585
677.10318949 245.15602251
647.43504690 291.70431520
748.44457786 173.54326454
778.11272045 173.03174484
804.20022514 195.02709193
773.50904315 204.74596623
739.74874296 204.23444653
833.86836773 197.07317073
857.39827392 212.41876173
834.89140713 220.09155722
817.49973734 220.09155722
796.52742964 222.64915572
763.79016886 227.25283302
725.93771107 247.71362101
880.92818011 242.08690432
860.46739212 237.99474672
789.87767355 246.69058161
766.34776735 247.20210131
742.30634146 255.89793621
949.98333959 258.45553471
916.73455910 261.01313321
888.08945591 265.10529081
861.49043152 268.17440901
849.72547842 266.63984991
806.75782364 278.91632270
779.13575985 277.89328330
753.04825516 283.00848030
985.27819887 274.31264540
949.98333959 279.42784240
929.01103189 280.96240150
873.76690432 288.12367730
901.90048780 308.07294559
998.06619137 294.77343340
988.34731707 324.44157598
860.97891182 317.28030019
882.46273921 337.74108818
866.09410882 309.09598499
844.61028143 334.67196998
939.75294559 357.17883677
908.03872420 375.08202627
918.26911820 361.78251407
864.04803002 385.31242026
865.58258912 372.52442777
874.27842402 410.37688555
909.57328330 411.91144465
870.69778612 437.99894934
853.30611632 447.71782364
875.30146341 469.20165103
900.87744841 440.55654784
930.54559099 426.23399625
921.84975610 453.85606004
960.21373358 459.99429644
958.16765478 475.85140713
959.19069418 429.30311445
954.58701689 401.16953096
978.62844278 398.61193246
935.66078799 401.16953096
946.91422139 382.75482176
968.90956848 380.70874296
983.23212008 372.52442777
1011.87722326 393.49673546
1016.99242026 363.31707317
1016.99242026 422.14183865
996.02011257 425.72247655
991.41643527 453.34454034
1020.06153846 447.71782364
969.42108818 476.87444653
927.23632270 203.21140713
934.90911820 183.26213884
957.92750469 177.63542214
902.68337711 140.29448405
882.22258912 155.64007505
876.08435272 132.62168856
888.36082552 116.25305816
947.69711069 115.23001876
845.90469043 129.55257036
780.43016886 112.67242026
815.21350844 110.11482176
824.93238274 105.51114447
880.68803002 102.95354597
903.19489681 96.81530957
952.81230769 87.60795497
948.20863039 62.54348968
920.58656660 69.70476548
895.01058161 73.79692308
862.27332083 69.70476548
831.58213884 73.28540338
785.03384615 82.49275797
755.36570356 89.65403377
738.99707317 87.60795497
829.53606004 48.22093809
878.64195122 50.26701689
943.60495310 48.22093809
953.83534709 23.66799250
902.68337711 25.20255159
870.45763602 25.20255159
857.66964353 35.94446529
830.55909944 40.03662289
793.72968105 38.50206379
744.62378987 43.61726079
734.39339587 71.75084428
703.19069418 68.17020638
713.42108818 44.64030019
700.63309568 47.19789869
676.59166979 50.26701689
625.95121951 28.78318949
708.30589118 19.57583490
729.78971857 20.08735460
760.99242026 12.41455910
797.82183865 10.88000000
816.74806754 10.88000000
838.74341463 5.76480300
877.10739212 9.34544090
925.43039400 0.64960600
967.88652908 0.13808630
987.83579737 0.13808630
988.34731707 1.67264540
966.86348968 1.67264540
697.80412758 5.25328330
665.57838649 17.01823640
624.65681051 7.29936210
582.71219512 10.88000000
657.66544090 4.23024390
