81.52432642 606.81682497
162.12289203 563.75731731
131.20837372 547.19596821
104.71021516 509.65691025
82.62841636 524.01007947
40.67299864 488.67920140
10.86257027 520.69780965
297.92595464 622.27408412
193.03741035 571.48594689
189.72514053 500.82419073
175.37197131 486.47102152
156.60244233 477.63830200
411.64721845 578.11048653
444.76991665 578.11048653
529.78484202 544.98778833
528.68075208 653.18860244
666.69199457 594.67183563
689.87788331 543.88369839
670.00426439 509.65691025
613.69567746 521.80189959
558.49118046 521.80189959
530.88893196 496.40783097
488.93351425 478.74239194
474.58034503 500.82419073
435.93719713 488.67920140
412.75130839 487.57511146
381.83679008 493.09556116
382.94088002 520.69780965
427.10447761 528.42643923
796.97460748 524.01007947
827.88912580 614.54545455
901.86315177 564.86140725
934.98584997 613.44136461
946.02674937 561.54913743
955.96355883 526.21825935
983.56580733 482.05466176
377.42043032 665.33359178
336.56910254 560.44504749
308.96685404 505.24055049
743.97829037 511.86509013
764.95599922 521.80189959
711.95968211 518.48962977
660.06745493 483.15875170
767.16417910 498.61601085
801.39096724 478.74239194
826.78503586 464.38922272
834.51366544 493.09556116
819.05640628 498.61601085
813.53595658 518.48962977
842.24229502 528.42643923
953.75537895 494.19965110
938.29811979 487.57511146
133.56541965 504.96452801
68.97615817 480.67454933
223.54874976 522.07792208
205.33126575 513.79724753
209.19558054 482.88272921
240.11009886 476.81023454
266.60825741 493.37158364
299.73095561 480.12250436
315.74025974 474.05000969
336.71796860 470.18569490
327.88524908 459.69684047
312.98003489 451.96821089
304.14731537 454.72843574
293.10641597 451.96821089
378.67338632 598.26012793
311.87594495 583.35491374
262.19189765 557.40880016
258.87962783 605.98875751
6.59507657 490.61135879
23.70847063 474.05000969
12.66757123 467.97751502
52.41480907 461.35297538
93.26613685 475.15409963
97.68249661 489.50726885
130.25314984 483.43477418
146.81449893 495.02771855
150.12676875 455.83252568
138.53382438 451.96821089
123.62861020 449.20798604
111.48362086 452.52025586
118.10816050 467.97751502
125.83679008 460.80093041
51.31071913 451.96821089
44.13413452 443.68753634
42.47799961 434.85481682
57.93525877 437.61504167
51.86276410 429.88641210
91.96045745 451.55417717
93.06454739 444.37759256
150.75324675 449.62201977
162.34619112 452.10622214
164.83039349 461.76700911
180.01163016 470.32370614
192.70866447 471.97984105
191.60457453 480.26051560
33.44369064 444.37759256
59.94184920 446.86179492
70.98274859 443.82554759
74.84706338 434.71680558
69.32661368 429.19635588
62.97809653 426.98817600
75.39910835 426.98817600
74.84706338 422.01977127
51.38515216 420.91568133
44.20856755 416.49932157
38.41209537 417.32738903
28.19926342 415.94727660
19.64256639 420.08761388
14.12211669 421.46772630
6.11746462 417.05136654
8.04962202 403.80228726
6.94553208 398.00581508
15.22620663 396.07365769
23.78290366 394.96956775
9.98177941 381.44446598
1.97712735 381.44446598
22.12676875 388.89707308
11.91393681 390.00116302
3.90928475 407.94262454
10.80984687 444.92963753
43.65652258 425.88408606
40.06823028 430.02442334
46.69276992 409.32273696
48.90094980 402.69819733
38.41209537 395.24559023
32.33960070 398.83388254
30.13142082 402.42217484
34.27175809 402.42217484
25.71506106 406.28648963
30.68346579 411.80693933
28.75130839 407.39057957
15.77825160 408.49466951
19.64256639 410.70284939
17.98643148 401.59410739
20.47063384 402.97421981
43.65652258 396.34968017
67.67047877 390.55320799
77.05524326 382.27253344
98.30897461 383.10060089
32.61562318 381.72048847
103.82942431 385.30878077
120.11475092 392.48536538
41.17232022 406.56251211
58.28571429 421.19170382
72.91490599 414.01511921
69.32661368 411.25489436
65.46229890 400.49001745
61.32196162 397.72979260
59.11378174 404.63035472
77.33126575 393.03741035
92.23647994 405.73444466
92.78852491 409.32273696
96.92886218 420.08761388
104.38146928 419.53556891
96.10079473 429.19635588
103.82942431 432.78464819
113.21418880 441.06532274
108.79782904 442.99748013
126.18724559 441.06532274
132.81178523 442.44543516
139.43632487 443.27350262
144.12870711 437.20100795
140.54041481 434.71680558
135.01996511 426.98817600
127.01531305 430.57646831
121.77088583 433.06067067
116.52645862 426.71215352
111.28203140 426.98817600
108.24578407 423.95192867
110.72998643 421.19170382
116.80248110 422.01977127
123.15099826 424.22795115
123.42702074 419.25954642
116.80248110 417.87943400
113.21418880 415.11920915
109.62589649 404.63035472
105.20953673 399.93797248
102.72533437 396.34968017
93.61659236 396.62570266
90.85636751 394.96956775
84.23182787 426.98817600
79.53944563 429.19635588
79.81546811 415.94727660
82.29967048 404.90637720
81.19558054 402.14615236
74.84706338 401.04206242
58.00969180 409.87478193
85.05989533 419.25954642
67.11843381 402.42217484
130.60360535 401.04206242
133.91587517 401.59410739
139.43632487 399.66194999
141.64450475 396.90172514
139.98836984 396.90172514
145.78484202 390.00116302
156.82574142 386.41287071
164.83039349 392.20934290
155.72165148 396.07365769
156.54971894 399.66194999
150.20120178 401.59410739
146.61290948 400.76603993
144.95677457 411.80693933
143.30063966 417.32738903
137.78018996 419.25954642
117.07850359 410.70284939
119.01066098 405.45842217
114.87032371 400.21399496
112.66214383 398.83388254
48.07288234 412.08296181
47.52083737 421.46772630
135.29598759 413.18705175
131.15565032 417.32738903
127.29133553 417.32738903
138.60825741 415.67125412
151.58131421 405.73444466
155.99767397 407.94262454
155.16960651 411.80693933
151.85733669 414.29114169
149.64915681 418.15545648
153.51347160 421.46772630
141.36848226 425.05601861
137.22814499 422.29579376
132.25974026 420.08761388
100.51715449 424.77999612
101.34522194 430.85249079
149.64915681 437.20100795
152.68540415 429.74840085
148.54506687 428.92033340
146.61290948 422.29579376
160.69005621 422.01977127
156.27369645 426.71215352
160.96607870 427.81624346
170.90288816 426.98817600
167.03857337 431.12851328
170.35084319 429.74840085
167.31459585 421.19170382
171.17891064 420.08761388
162.07016864 417.05136654
157.10176391 416.22329909
163.45028106 412.63500678
163.45028106 406.83853460
169.24675325 407.66660205
172.00697810 408.49466951
175.59527040 409.32273696
175.31924792 405.73444466
175.87129289 398.00581508
174.49118046 394.14150029
180.01163016 392.20934290
206.50978872 390.00116302
209.27001357 394.96956775
211.20217096 395.79763520
221.96704788 391.10525296
228.86761000 398.55786005
220.58693545 401.87012987
215.34250824 455.14246947
221.96704788 455.14246947
235.49214964 449.06997480
240.46055437 460.38689669
250.12134135 455.14246947
241.28862183 447.68986238
247.91316147 441.06532274
243.49680171 439.40918783
242.66873425 434.44078310
245.98100407 431.12851328
243.49680171 430.02442334
239.63248692 426.98817600
233.28396976 426.98817600
231.35181237 433.06067067
235.21612716 437.20100795
228.59158752 445.48168250
226.65943012 436.64896298
221.41500291 435.54487304
222.24307036 431.68055825
218.65477806 430.57646831
226.65943012 428.09226594
131.43167280 431.12851328
159.03392130 434.71680558
164.27834852 436.64896298
166.21050591 446.30974995
171.45493313 447.13781741
176.42333786 448.79395232
189.94843962 450.72610971
177.25140531 459.28280675
211.47819345 439.96123280
214.79046327 442.99748013
213.13432836 448.24190735
205.40569878 431.12851328
199.60922659 432.78464819
194.08877689 426.98817600
193.53673192 422.29579376
188.84434968 426.16010855
185.25605738 423.12386121
183.04787750 422.01977127
186.36014732 419.25954642
189.39639465 415.94727660
194.36479938 410.42682690
190.50048459 411.25489436
193.53673192 407.39057957
187.18821477 402.42217484
183.87594495 404.63035472
178.90754022 405.73444466
180.01163016 415.11920915
174.49118046 416.49932157
167.31459585 415.39523163
168.14266331 417.87943400
178.07947277 429.74840085
186.63616980 439.96123280
190.22446211 441.06532274
196.02093429 439.40918783
202.36945144 456.79860438
202.92149641 408.21864702
203.47354138 402.42217484
210.92614848 404.07830975
207.61387866 407.94262454
76.50319829 470.59972863
198.22911417 419.05252956
195.74491180 416.15429347
208.30393487 426.91917038
198.91917038 426.78115914
204.57763132 434.50978872
210.09808102 436.71796860
224.31323900 424.84900174
226.38340764 421.67474317
233.28396976 421.26070944
239.49447567 421.95076565
236.04419461 417.81042838
240.73657686 411.59992247
242.94475674 409.94378756
241.01259934 407.04555146
236.73425082 406.63151774
229.14363249 407.73560768
224.72727273 403.87129289
220.44892421 412.15196744
215.89455321 410.90986625
216.99864315 408.56367513
210.51211475 412.42798992
207.19984493 413.39406862
204.30160884 415.87827098
210.51211475 421.95076565
213.27233960 426.50513665
210.51211475 415.46423726
207.61387866 418.08645086
217.41267688 415.18821477
225.27931770 414.49815856
253.43361116 431.61155263
259.23008335 432.16359760
257.98798217 439.34018221
262.26633068 444.86063191
262.68036441 440.99631712
258.26400465 445.96472185
261.85229696 457.69567746
251.36344253 436.57995736
265.71661175 431.61155263
267.23473541 436.44194611
262.26633068 429.40337275
262.95638690 423.88292305
267.92479163 423.88292305
270.54700523 421.95076565
266.26865672 413.25605738
265.02655553 406.35549525
258.26400465 400.97305679
215.89455321 390.07016864
255.36576856 396.55669703
262.12831944 396.41868579
270.82302772 402.76720295
270.40899399 408.56367513
261.30025199 414.91219229
259.36809459 409.94378756
256.19383601 416.84434968
253.84764489 420.29463074
250.94940880 421.95076565
244.04884668 414.91219229
239.63248692 418.36247335
245.70498159 419.74258577
243.49680171 419.19054080
248.05117271 423.60690056
245.15293662 411.18588874
251.77747626 412.56600116
227.62550882 409.52975383
224.86528397 411.18588874
222.65710409 410.21981004
212.03023842 409.52975383
214.23841830 406.35549525
221.27699167 426.78115914
262.54235317 417.53440589
265.85462299 415.18821477
266.68269044 419.32855204
227.62550882 403.59527040
240.73657686 404.69936034
204.30160884 424.57297926
204.30160884 424.57297926
187.60224850 414.22213607
187.60224850 414.22213607
189.67241714 403.59527040
191.46656329 401.24907928
190.22446211 398.07482070
278.55165730 398.97189378
282.41597209 398.97189378
290.14460167 396.76371390
310.29424307 394.27951153
305.60186083 397.86780384
314.98662531 395.38360147
317.47082768 397.86780384
331.54797441 397.86780384
334.03217678 400.07598372
326.02752471 403.66427602
315.26264780 406.97654584
304.77379337 466.32138011
318.02287265 443.96355883
329.89183950 450.86412095
334.58422175 447.27582865
332.10001938 432.64663695
320.23105253 430.71447955
314.98662531 425.19402985
310.84628804 426.02209731
276.39620081 463.97518899
265.35530142 467.01143632
271.15177360 454.31440202
271.15177360 445.48168250
273.63597596 442.16941268
274.74006590 438.02907540
275.29211087 434.71680558
271.70381857 428.92033340
274.74006590 408.21864702
279.98449312 412.08296181
284.95289785 407.11455708
306.75867416 410.42682690
301.79026943 414.01511921
296.82186470 414.01511921
295.57976352 427.47121535
295.99379725 431.74956387
301.23822446 431.74956387
307.44873037 432.71564257
301.10021322 440.03023842
304.13646055 442.23841830
282.33068424 431.05950766
286.74704400 432.02558635
280.67454933 434.92382245
276.94824578 429.40337275
279.15642566 423.74491180
284.40085288 423.46888932
277.63830200 418.91451832
275.98216709 412.28997868
294.61368482 420.84667571
289.78329134 418.63849583
288.12715643 415.46423726
291.43942625 415.74025974
284.26284164 413.53207986
288.81721264 411.73793371
302.75634813 418.91451832
306.20662919 417.53440589
304.27447180 416.56832720
308.13878659 417.94843962
310.20895522 417.53440589
312.14111262 416.01628223
314.21128126 421.39872068
305.79259546 421.95076565
314.90133747 436.85597984
312.14111262 440.72029463
328.15041675 427.47121535
325.11416941 420.84667571
322.35394456 421.53673192
320.42178717 425.67706920
329.25450669 424.71099050
332.15274278 427.19519287
335.32700136 424.71099050
341.81352975 429.54138399
347.19596821 436.30393487
328.56445047 444.17057569
320.42178717 439.47819345
298.33998837 419.60457453
311.58906765 410.63384377
323.04400078 414.91219229
325.25218066 414.49815856
324.42411320 408.70168637
331.46268657 408.83969762
338.22523745 405.25140531
342.22756348 399.17891064
339.19131615 394.21050591
345.12579957 414.49815856
337.12114751 420.29463074
336.56910254 422.36479938
332.98081023 416.98236092
334.36092266 414.63616980
340.15739484 414.49815856
340.43341733 411.73793371
344.71176585 405.25140531
350.23221555 421.81275441
345.40182206 425.26303547
342.91761969 421.39872068
345.95386703 418.50048459
347.74801318 430.50746269
322.35394456 399.04089940
339.32932739 435.61387866
288.12715643 447.75886800
279.98449312 450.65710409
281.22659430 458.10971118
296.13180849 423.74491180
293.09556116 425.81508044
289.64528009 424.43496802
201.04206242 449.69102539
343.05563094 446.51676682
345.40182206 442.92847451
352.30238418 436.85597984
355.89067649 431.19751890
353.82050785 425.40104671
354.09653034 420.70866447
352.44039543 419.19054080
354.64857531 414.36014732
351.33630549 413.39406862
351.19829424 403.87129289
354.51056406 393.93448343
379.90463268 388.69005621
401.98643148 395.31459585
418.54778058 395.03857337
424.06823028 395.45260709
368.86373328 442.65245203
364.72339601 434.92382245
366.51754216 430.78348517
361.68714867 430.09342896
373.83213801 427.19519287
372.72804807 423.46888932
371.20992440 426.36712541
369.55378949 419.32855204
366.79356464 419.19054080
363.61930607 419.60457453
359.61698003 418.22446211
361.68714867 416.70633844
355.20062028 407.18356271
361.68714867 404.14731537
360.85908122 409.11572010
366.79356464 400.83504555
372.03799186 400.83504555
380.73270014 402.35316922
377.14440783 400.97305679
385.01104865 400.97305679
400.05427408 405.52742780
406.40279124 402.21515798
412.33727467 401.66311301
419.51385928 403.04322543
427.79453382 403.73328164
433.31498352 401.38709052
441.59565807 396.41868579
447.94417523 402.07714673
385.56309362 407.73560768
376.73037410 408.97770886
373.00407056 408.42566389
369.13975577 410.08179880
369.41577825 412.01395619
365.96549719 413.53207986
365.82748595 416.43031595
371.76196937 415.32622601
375.21225044 414.63616980
378.66253150 412.56600116
380.45667765 410.08179880
384.73502617 411.04787750
387.77127350 411.04787750
392.04962202 411.32389998
393.84376817 408.70168637
398.95018414 408.56367513
405.85074627 409.11572010
405.16069006 406.90754022
410.26710603 409.39174259
388.18530723 458.66175615
378.38650901 453.96937391
372.45202559 453.55534018
371.07191316 450.10505912
375.35026168 443.61853072
374.38418298 439.47819345
380.59468889 428.43729405
383.21690250 432.02558635
381.42275635 434.23376623
382.94088002 441.96239581
389.56541965 440.72029463
386.39116108 449.96704788
395.08586935 446.79278930
393.56774569 441.82438457
404.19461136 439.75421593
406.40279124 444.03256445
410.12909479 447.62085676
414.68346579 441.13432836
407.36886994 434.64779996
404.33262260 433.40569878
395.63791432 432.02558635
390.66950959 435.33785617
391.49757705 430.36945144
393.98177941 426.91917038
388.04729599 419.60457453
383.90695871 420.98468695
380.04264392 422.50281062
378.52452026 418.36247335
374.24617174 419.32855204
375.07423919 422.08877689
395.36189184 417.25838341
394.94785811 412.84202365
404.74665633 416.84434968
403.64256639 414.63616980
405.43671254 410.90986625
407.23085869 411.32389998
408.19693739 413.39406862
414.40744330 411.46191122
386.39116108 427.47121535
397.57007172 425.95309168
395.91393681 422.91684435
397.15603799 420.15661950
398.95018414 416.15429347
428.48459004 407.45958519
441.59565807 411.73793371
445.59798411 407.73560768
454.84473735 410.35782128
445.87400659 454.52141888
442.14770304 451.34716030
433.45299477 448.44892421
430.41674743 444.17057569
436.48924210 442.92847451
441.59565807 446.79278930
448.63423144 443.89455321
445.73599535 443.61853072
446.97809653 438.09808102
457.74297344 454.52141888
457.46695096 447.75886800
456.22484978 431.05950766
456.77689475 426.50513665
449.04826517 429.12735026
444.49389417 430.78348517
441.59565807 432.99166505
436.76526459 430.23144020
434.55708471 434.09575499
433.72901725 438.51211475
422.82612909 435.61387866
427.24248885 431.19751890
420.47993797 431.19751890
416.33960070 427.33320411
415.92556697 425.26303547
411.50920721 433.12967629
398.12211669 428.43729405
401.43438651 426.64314790
404.60864509 421.53673192
409.85307230 419.19054080
410.68113976 419.19054080
363.06726110 457.69567746
361.27311494 434.64779996
417.30567940 415.74025974
412.06125218 416.29230471
413.99340958 418.63849583
424.34425276 419.19054080
426.69044388 416.29230471
428.89862376 421.12269820
437.31730956 425.67706920
439.11145571 422.91684435
436.21321962 420.29463074
454.70672611 438.92614848
458.29501841 438.23609227
384.32099244 416.70633844
383.35491374 414.49815856
386.80519481 415.18821477
390.11746462 417.25838341
424.34425276 410.49583253
426.41442140 410.90986625
425.72436519 408.14964140
421.44601667 415.32622601
422.82612909 413.25605738
419.92789300 412.70401241
417.58170188 412.28997868
440.07753441 438.78813724
436.76526459 408.83969762
452.77456871 417.81042838
450.01434387 423.05485559
454.15468114 425.67706920
444.90792789 428.29928281
443.52781547 422.91684435
442.56173677 419.60457453
440.49156813 418.22446211
438.00736577 418.22446211
432.62492731 420.15661950
458.43302966 422.22678814
459.26109711 418.22446211
459.12308587 410.08179880
360.44504749 425.26303547
346.50591200 524.01007947
503.28668347 485.36693158
464.50552433 445.96472185
463.40143439 439.06415972
465.74762551 431.19751890
463.95347936 429.12735026
467.26574918 427.60922659
464.64353557 424.57297926
461.05524326 424.02093429
462.15933320 415.87827098
462.29734445 409.39174259
479.41073852 449.69102539
474.85636751 447.89687924
470.44000775 439.47819345
488.51948052 446.51676682
493.21186276 454.24539639
509.77321186 449.96704788
502.04458228 447.20682303
501.07850359 441.68637333
506.87497577 440.44427215
508.94514441 436.85597984
511.98139174 438.51211475
519.01996511 438.78813724
520.81411126 442.10040706
523.85035860 446.24074433
524.67842605 453.00329521
515.43167280 453.83136267
526.74859469 439.75421593
531.16495445 443.75654197
536.27137042 441.68637333
538.20352782 450.38108160
534.33921303 453.27931770
480.79085094 442.23841830
477.47858112 435.61387866
473.75227757 435.88990114
475.68443497 431.05950766
477.75460361 428.85132778
473.89028882 424.98701299
470.44000775 424.29695677
466.71370421 421.81275441
467.54177166 419.19054080
465.05756930 416.70633844
465.19558054 413.53207986
463.26342314 412.28997868
467.12773793 413.53207986
470.57801900 409.39174259
468.36983912 397.52277573
474.71835627 402.07714673
452.36053499 402.62919170
449.18627641 407.18356271
448.77224268 415.74025974
443.66582671 416.29230471
448.49622020 420.01860826
451.25644505 413.53207986
464.22950184 410.35782128
471.68210894 431.74956387
496.11009886 428.43729405
489.07152549 436.99399108
493.76390773 440.16824966
493.34987401 443.75654197
498.18026749 435.61387866
500.25043613 432.71564257
493.62589649 434.64779996
486.03527815 426.36712541
483.27505330 424.02093429
476.65051367 423.46888932
479.54874976 416.84434968
475.27040124 418.63849583
469.74995154 415.74025974
469.61194030 420.70866447
474.99437876 414.36014732
474.58034503 410.35782128
480.10079473 401.66311301
482.99903082 398.48885443
490.31362667 396.41868579
486.03527815 396.83271952
493.21186276 397.38476449
496.11009886 395.86664082
493.90191898 405.11339407
501.76855980 405.25140531
504.52878465 405.11339407
508.39309944 396.83271952
516.39775150 396.97073076
523.71234735 395.86664082
484.10312076 410.63384377
482.03295212 414.22213607
480.79085094 413.53207986
477.61659236 412.98003489
488.93351425 410.35782128
497.07617755 411.73793371
503.01066098 412.28997868
504.52878465 408.42566389
511.01531305 401.66311301
511.84338050 396.97073076
515.01763908 403.59527040
514.18957162 408.42566389
514.74161659 411.32389998
516.81178523 413.39406862
508.94514441 413.53207986
506.87497577 412.70401241
509.08315565 410.08179880
504.25276216 416.15429347
508.80713317 419.60457453
510.32525683 421.81275441
505.08082962 422.36479938
500.80248110 425.53905796
500.80248110 418.36247335
491.41771661 417.25838341
488.79550300 423.05485559
496.93816631 425.95309168
501.76855980 415.18821477
507.01298701 425.95309168
509.22116689 432.43962008
513.63752665 431.33553014
514.46559411 426.91917038
517.91587517 425.40104671
519.43399884 428.43729405
516.53576274 432.71564257
522.33223493 432.99166505
524.67842605 427.88524908
522.88427990 425.40104671
526.33456096 431.47354138
530.47489824 431.05950766
536.13335918 428.29928281
528.40472960 422.08877689
523.98836984 421.81275441
525.36848226 418.63849583
522.60825741 417.67241714
519.43399884 415.74025974
514.05156038 419.60457453
512.94747044 416.70633844
511.84338050 415.74025974
518.60593138 409.66776507
524.67842605 409.39174259
528.12870711 407.87361892
534.47722427 396.28067455
538.47955030 395.31459585
544.82806745 395.86664082
546.48420236 397.79879822
549.24442721 395.86664082
560.00930413 394.48652840
567.32389998 400.00697810
559.18123667 403.59527040
555.73095561 406.49350649
557.38709052 405.94146152
555.45493313 411.32389998
549.52044970 408.56367513
546.48420236 407.59759643
542.20585385 409.11572010
541.37778639 406.76952898
538.06551657 402.76720295
535.16728048 409.80577631
526.74859469 412.28997868
531.71699942 418.08645086
534.33921303 420.01860826
531.71699942 424.29695677
533.78716806 414.77418104
531.44097693 413.39406862
536.13335918 433.95774375
543.03392130 437.54603605
548.55437100 436.85597984
550.07249467 443.06648575
548.96840473 448.72494670
548.00232603 454.10738515
556.55902307 452.31323900
567.46191122 454.93545261
562.76952898 446.93080054
560.69936034 444.99864315
555.86896685 441.96239581
553.10874200 436.99399108
561.66543904 436.57995736
562.76952898 440.03023842
568.70401241 434.37177748
564.83969762 431.74956387
560.97538283 430.09342896
554.62686567 429.54138399
550.21050591 427.33320411
545.79414615 431.74956387
543.17193255 430.09342896
539.58364024 431.05950766
539.72165148 427.19519287
543.17193255 424.57297926
546.07016864 424.98701299
551.45260709 421.53673192
555.31692188 424.02093429
552.41868579 425.67706920
537.78949409 420.98468695
539.99767397 412.42798992
537.78949409 412.84202365
552.55669703 418.22446211
552.97073076 414.91219229
548.27834852 413.94611359
544.96607870 411.32389998
541.79182012 413.25605738
547.31226982 410.35782128
546.07016864 419.19054080
543.03392130 418.22446211
539.99767397 418.63849583
559.04322543 412.84202365
561.38941655 413.80810235
564.28765265 412.70401241
563.45958519 410.35782128
562.21748401 408.14964140
560.56134910 405.11339407
569.67009110 414.91219229
566.21981004 417.67241714
569.80810235 420.70866447
563.32157395 424.02093429
560.42333786 420.98468695
562.35549525 420.29463074
557.66311301 416.15429347
560.42333786 416.15429347
562.21748401 416.29230471
569.94611359 411.59992247
567.04787750 408.01163016
569.67009110 429.81740647
567.32389998 430.09342896
564.01163016 428.43729405
577.12269820 427.74723784
576.98468695 442.23841830
574.50048459 449.27699167
582.22911417 453.14130645
586.64547393 453.14130645
593.68404730 451.20914906
597.54836209 448.17290173
600.03256445 440.30626090
591.06183369 444.86063191
586.36945144 442.92847451
580.43496802 445.41267688
578.77883311 436.85597984
585.26536150 436.57995736
582.09110293 431.33553014
588.57763132 435.19984493
590.64779996 431.05950766
594.09808102 431.88757511
593.54603605 428.71331653
587.88757511 429.67939523
587.47354138 425.95309168
584.57530529 426.78115914
580.71099050 426.78115914
581.40104671 424.02093429
577.53673192 421.67474317
576.43264198 424.02093429
570.63616980 426.09110293
568.15196744 423.60690056
572.70633844 418.22446211
572.43031595 412.42798992
576.98468695 401.80112425
582.50513665 400.28300058
593.54603605 401.66311301
595.47819345 401.93913549
605.82903664 402.21515798
594.78813724 388.27602248
598.79046327 388.69005621
604.86295794 388.41403373
609.55534018 388.69005621
621.83834076 390.20817988
633.01725141 392.27834852
621.01027331 399.59294437
642.12599341 397.79879822
646.81837565 397.79879822
660.34347742 399.31692188
666.55398333 392.69238224
671.52238806 396.41868579
668.62415197 401.24907928
670.97034309 402.35316922
672.62647800 404.28532661
669.17619694 405.25140531
661.30955612 402.90521419
660.75751115 406.76952898
658.68734251 406.35549525
658.68734251 408.14964140
656.20314014 408.56367513
650.95871293 405.66543904
646.12831944 405.66543904
645.85229696 408.01163016
643.09207211 414.22213607
643.09207211 418.22446211
640.46985850 419.19054080
641.98798217 422.64082186
642.67803838 426.91917038
648.33649932 424.57297926
648.19848808 431.61155263
650.54467920 433.68172126
582.36712541 416.70633844
580.98701299 416.84434968
584.57530529 412.84202365
584.02326032 409.66776507
586.36945144 406.35549525
580.29695677 404.69936034
577.95076565 411.46191122
588.30160884 423.05485559
584.02326032 421.26070944
586.09342896 417.81042838
588.57763132 417.39639465
592.57995736 418.77650708
590.37177748 419.19054080
592.85597984 424.84900174
600.99864315 423.05485559
605.00096918 420.29463074
608.86528397 418.91451832
611.90153130 420.57065323
613.83368870 423.60690056
610.79744136 423.05485559
609.00329521 423.74491180
611.48749758 428.43729405
613.55766621 429.81740647
614.66175615 434.23376623
612.31556503 434.50978872
613.28164373 445.55068812
609.27931770 445.27466563
606.24307036 451.48517154
592.30393487 414.49815856
593.82205854 413.39406862
592.57995736 411.18588874
591.61387866 407.73560768
596.72029463 408.14964140
589.54371002 412.84202365
605.13898042 410.21981004
596.30626090 417.67241714
621.83834076 425.81508044
618.66408219 424.15894553
621.01027331 422.22678814
620.04419461 414.36014732
614.10971118 411.32389998
613.83368870 406.63151774
606.79511533 406.35549525
625.01259934 401.80112425
619.63016088 444.44659818
628.18685792 441.96239581
633.15526265 448.44892421
619.76817213 467.08044195
620.18220585 439.34018221
618.66408219 430.09342896
629.98100407 430.36945144
629.29094786 437.54603605
639.91781353 447.62085676
637.57162241 437.40802481
638.53770110 432.71564257
630.25702656 421.12269820
632.46520644 418.22446211
628.73890289 415.18821477
636.74355495 414.49815856
636.74355495 411.18588874
636.74355495 408.42566389
640.74588098 408.97770886
631.77515022 404.42333786
624.59856561 408.42566389
624.32254313 411.32389998
627.35879046 408.56367513
610.79744136 411.32389998
598.37642954 420.84667571
601.68869936 413.11804613
599.48051948 409.94378756
600.44659818 400.83504555
600.58460942 406.76952898
615.76584609 415.46423726
633.84531886 420.15661950
633.29327389 428.02326032
642.95406086 438.37410351
649.99263423 441.54836209
649.30257802 452.17522776
656.06512890 444.17057569
660.34347742 439.06415972
654.96103896 436.16592363
661.72358984 435.19984493
661.72358984 431.33553014
666.00193836 429.40337275
656.89319636 423.05485559
652.75285908 423.60690056
653.71893778 418.22446211
650.82070169 418.77650708
653.16689281 415.18821477
650.54467920 414.77418104
653.30490405 410.90986625
649.71661175 409.94378756
645.43826323 410.21981004
666.00193836 411.04787750
667.79608451 413.39406862
670.97034309 409.94378756
673.73056794 408.70168637
674.83465788 413.25605738
674.83465788 418.77650708
673.45454545 419.19054080
677.73289397 419.19054080
673.45454545 425.81508044
676.76681527 426.50513665
676.76681527 423.05485559
667.52006203 421.12269820
664.34580345 420.57065323
666.00193836 413.94611359
662.96569103 416.29230471
660.89552239 420.15661950
657.72126381 414.77418104
655.65109517 414.77418104
657.16921884 419.74258577
659.23938748 421.26070944
655.37507269 419.88059701
664.62182594 425.26303547
678.28493894 435.61387866
679.52704012 440.44427215
681.73522000 438.51211475
668.90017445 436.57995736
672.62647800 432.99166505
659.10137624 432.99166505
655.65109517 429.12735026
646.40434193 429.40337275
643.50610583 433.26768754
624.59856561 422.08877689
625.42663307 418.77650708
621.42430704 419.60457453
607.62318279 433.26768754
601.13665439 426.50513665
601.13665439 430.64547393
600.17057569 435.19984493
571.74025974 440.92731149
578.91684435 491.99147122
615.62783485 500.82419073
631.08509401 492.26749370
641.84997092 469.90967242
735.69761582 465.76933514
720.24035666 487.85113394
707.26729986 483.15875170
698.43458035 485.09090909
697.88253538 468.52955999
707.54332235 461.90502035
686.84163598 463.28513278
666.41597209 452.52025586
667.79608451 445.89571622
661.99961233 448.65594107
694.01822059 447.82787362
705.88718744 449.76003101
727.41694127 450.03605350
728.52103121 455.83252568
734.04148091 449.76003101
729.90114363 444.79162628
721.62046908 444.51560380
724.10467145 440.09924404
723.27660399 434.85481682
721.06842411 432.37061446
714.16786199 432.37061446
710.85559217 431.26652452
713.89183950 428.50629967
712.23570459 425.47005234
718.03217678 425.19402985
705.05911998 427.12618725
701.74685016 431.81856949
695.12231053 434.57879434
691.53401822 436.78697422
693.46617562 442.30742392
702.57491762 439.54719907
709.47547974 439.54719907
706.71525489 431.81856949
708.09536732 426.02209731
705.05911998 419.39755767
700.91878271 419.39755767
700.64276022 422.98584997
696.22640047 424.64198488
689.04981586 432.37061446
682.97732119 433.26768754
692.22407443 431.88757511
694.01822059 428.85132778
686.97964722 426.64314790
684.77146734 417.81042838
682.01124249 416.01628223
686.15157976 415.05020353
685.73754604 411.46191122
692.08606319 414.63616980
690.84396201 417.12037217
696.91645668 417.81042838
694.98429928 419.74258577
697.74452413 415.32622601
697.88253538 412.01395619
695.53634425 410.77185501
691.25799574 410.21981004
692.50009692 405.52742780
689.46384958 406.35549525
686.97964722 406.35549525
684.90947858 408.83969762
682.28726497 405.38941655
682.28726497 403.04322543
679.80306261 403.59527040
685.46152355 400.97305679
690.70595077 399.31692188
694.29424307 398.35084319
698.57259159 398.21283194
702.29889513 402.21515798
700.91878271 404.00930413
695.26032177 404.00930413
709.61349099 396.41868579
714.71990696 395.72862958
726.86489630 429.40337275
721.34444660 428.43729405
719.27427796 419.88059701
715.27195193 419.19054080
713.47780578 421.39872068
710.02752471 416.98236092
708.23337856 411.18588874
705.05911998 406.90754022
710.02752471 408.28765265
711.54564838 409.25373134
712.09769335 406.90754022
710.30354720 404.97538283
708.37138980 404.97538283
746.60050397 442.92847451
735.42159333 440.03023842
731.28125606 424.84900174
725.89881760 420.70866447
722.31052530 422.64082186
734.45551463 427.47121535
740.25198682 428.16127156
740.25198682 421.95076565
736.52568327 419.74258577
732.79937972 412.28997868
735.97363830 409.25373134
732.66136848 406.90754022
730.03915487 403.59527040
726.03682884 403.04322543
721.89649157 404.42333786
716.23803063 403.87129289
720.37836790 398.62686567
718.86024423 411.04787750
716.37604187 409.39174259
714.71990696 414.08412483
720.65439039 414.91219229
723.82864896 413.25605738
722.58654778 417.94843962
725.76080636 417.12037217
743.42624540 426.78115914
749.63675131 422.08877689
742.46016670 413.67009110
745.08238031 413.67009110
746.18647025 409.25373134
740.52800930 409.25373134
742.04613297 405.94146152
739.83795309 400.97305679
734.31750339 396.14266331
730.03915487 398.76487691
756.53731343 444.99864315
752.25896492 449.55301415
763.16185307 444.44659818
781.51734832 445.96472185
788.69393293 446.37875557
790.21205660 437.13200233
796.69858500 440.72029463
783.86353945 441.68637333
778.48110099 438.09808102
771.30451638 436.44194611
771.58053886 428.43729405
766.47412289 424.29695677
763.71389804 422.91684435
755.70924598 427.60922659
752.25896492 424.71099050
747.15254894 433.26768754
743.28823415 430.50746269
739.28590812 432.99166505
726.86489630 433.26768754
755.70924598 436.57995736
751.43089746 432.02558635
757.64140337 412.98003489
742.32215546 394.62453964
743.15022291 399.17891064
747.98061640 402.07714673
749.22271758 405.11339407
754.32913355 411.18588874
751.56890870 410.77185501
752.53498740 408.01163016
756.67532468 404.56134910
762.88583059 401.24907928
759.98759450 401.38709052
776.27292111 393.24442721
770.47644892 393.38243846
778.06706726 398.21283194
785.38166311 398.35084319
797.94068618 381.37546036
794.76642760 409.94378756
766.88815662 416.98236092
769.64838147 413.67009110
769.92440395 407.87361892
767.16417910 406.35549525
763.71389804 408.42566389
776.54894359 405.38941655
776.27292111 409.25373134
776.27292111 412.01395619
779.86121341 414.22213607
779.30916844 409.94378756
783.72552820 406.49350649
787.17580927 415.87827098
782.20740454 417.53440589
779.30916844 418.50048459
775.72087614 427.47121535
777.65303353 431.05950766
785.38166311 427.19519287
777.65303353 442.65245203
792.97228145 429.54138399
798.35471991 427.74723784
804.01318085 429.67939523
799.32079860 422.08877689
789.10796666 422.08877689
784.55359566 420.01860826
775.16883117 420.98468695
792.55824772 414.91219229
802.08102345 416.01628223
797.94068618 415.32622601
800.14886606 409.66776507
796.00852878 405.80345028
800.14886606 403.04322543
801.52897848 405.52742780
801.80500097 400.42101182
799.32079860 393.24442721
802.21903470 394.48652840
773.37468502 405.11339407
756.67532468 416.63733282
749.77476255 417.46540027
751.70691995 416.08528785
808.29152937 443.68753634
810.49970925 455.28048071
824.30083349 446.44776119
816.29618143 438.71913161
807.73948440 434.57879434
811.32777670 427.67823222
817.40027137 426.57414228
810.49970925 421.88176003
806.91141694 423.26187246
807.73948440 417.46540027
810.77573173 411.66892809
813.53595658 413.60108548
809.94766428 408.35665827
811.87982167 408.35665827
764.95599922 460.24888544
848.59081217 458.31672805
849.97092460 474.05000969
862.66795891 476.81023454
860.73580151 437.89106416
850.52296957 439.27117658
854.11126187 434.02674937
849.97092460 426.85016476
845.83058732 428.23027719
842.51831750 434.85481682
835.34173289 439.82322155
838.37798023 445.06764877
843.62240744 444.79162628
815.46811398 431.54254701
823.47276604 432.64663695
828.71719325 435.40686179
833.68559798 435.40686179
830.64935065 426.29811979
824.85287846 423.81391743
838.37798023 422.98584997
831.20139562 422.43380500
853.83523939 417.18937779
859.07966660 418.56949021
861.28784648 424.64198488
857.69955418 431.54254701
862.94398139 431.54254701
866.25625121 423.81391743
864.87613879 416.08528785
868.46443109 417.18937779
864.04807133 405.87245590
837.82593526 390.13917426
832.85753053 393.17542159
817.67629386 390.96724171
816.57220392 391.79530917
813.81197907 390.96724171
807.73948440 391.24326420
810.77573173 399.52393875
806.91141694 401.73211863
819.33242877 401.45609614
816.02015895 402.28416360
821.54060865 397.86780384
825.12890095 399.79996123
836.99786780 401.45609614
832.30548556 404.76836596
828.99321574 407.52859081
831.47741810 408.35665827
828.71719325 410.84086063
823.74878852 410.28881566
820.98856368 410.28881566
818.22833883 412.77301803
822.09265362 415.53324288
829.26923822 416.63733282
836.99786780 418.56949021
832.85753053 418.01744524
834.51366544 418.56949021
848.31478969 414.70517542
848.59081217 398.69587129
840.31013762 396.48769141
841.96627253 391.24326420
850.24694708 392.89939911
845.83058732 391.24326420
863.49602636 389.86315177
867.91238612 392.07133165
868.18840861 401.45609614
862.11591394 391.79530917
858.80364412 404.76836596
847.21069975 404.49234348
839.75809265 405.32041093
841.69025005 402.28416360
835.34173289 397.59178135
834.23764295 401.45609614
848.59081217 432.09459198
856.59546424 413.04904051
860.73580151 414.15313045
830.92537313 399.52393875
795.87051754 400.62802869
796.42256251 395.93564644
809.11959682 395.65962396
855.76739678 396.48769141
796.42256251 434.02674937
766.88815662 437.33901919
762.47179686 430.16243458
843.95115332 422.29579376
843.12308587 408.49466951
840.08683853 412.35898430
872.38146928 394.69354526
876.24578407 396.34968017
883.14634619 396.34968017
884.80248110 394.41752278
883.14634619 392.20934290
891.97906571 392.76138787
893.91122311 387.51696065
887.28668347 390.27718550
890.32293080 399.10990502
895.01531305 396.34968017
907.16030238 385.58480326
913.23279705 390.27718550
915.44097693 381.16844350
920.96142663 388.34502811
871.00135685 434.16476061
876.79782904 434.99282807
876.24578407 427.26419849
873.76158170 421.46772630
871.27737934 412.35898430
870.17328940 405.18239969
878.45396395 405.18239969
881.49021128 405.73444466
884.52645862 402.14615236
885.63054856 409.87478193
882.59430122 409.87478193
887.01066098 406.01046714
891.70304323 406.83853460
888.66679589 401.04206242
896.39542547 402.42217484
892.80713317 404.07830975
897.77553789 406.28648963
893.91122311 410.42682690
898.32758286 412.35898430
903.84803256 411.80693933
902.46792014 414.84318666
899.43167280 417.60341151
903.29598759 418.43147897
910.47257220 419.53556891
909.09245978 416.22329909
903.84803256 478.05233572
923.72165148 472.25586354
934.76255088 479.15642566
955.18821477 472.25586354
965.12502423 455.41849196
951.04787750 446.58577244
946.90754022 433.61271564
967.60922659 436.92498546
957.12037217 433.61271564
960.15661950 427.26419849
951.59992247 426.71215352
949.11572010 420.91568133
929.79414615 423.39988370
923.72165148 434.99282807
935.31459585 432.23260322
939.45493313 431.68055825
883.42236868 448.51792983
882.04225625 465.07927893
894.46326808 461.76700911
884.52645862 485.22892033
884.25043613 438.85714286
892.53111068 431.68055825
885.63054856 429.74840085
888.94281838 422.29579376
883.14634619 418.70750145
884.25043613 414.29114169
864.10079473 412.35898430
853.33591781 406.83853460
909.09245978 407.11455708
902.46792014 403.80228726
906.33223493 401.04206242
910.19654972 399.10990502
906.05621244 395.52161272
902.74394262 396.62570266
918.75324675 393.31343284
930.89823609 389.44911805
927.30994379 394.41752278
924.27369645 400.21399496
921.78949409 398.55786005
918.20120178 398.28183757
915.44097693 402.14615236
1009.84066680 460.11087420
1014.53304904 450.45008723
1021.15758868 441.89339019
1016.74122892 429.19635588
965.12502423 434.16476061
972.85365381 426.71215352
968.16127156 422.57181624
962.08877689 420.08761388
954.08412483 419.53556891
950.77185501 414.29114169
943.59527040 416.77534406
944.42333786 414.29114169
938.90288816 410.70284939
934.21050591 411.25489436
935.03857337 407.94262454
932.00232603 405.73444466
935.31459585 398.55786005
929.51812367 402.14615236
935.59061834 394.41752278
938.62686567 394.41752278
943.87129289 383.10060089
950.49583253 381.16844350
947.45958519 393.31343284
943.31924792 393.31343284
943.31924792 398.28183757
946.90754022 403.80228726
952.98003489 402.42217484
954.91219229 399.10990502
955.74025974 391.38127544
956.01628223 387.24093817
995.21147509 454.31440202
999.90385734 443.82554759
989.69102539 433.88873813
979.47819345 422.57181624
974.78581120 420.08761388
968.16127156 415.67125412
970.64547393 411.25489436
973.68172126 415.11920915
986.37875557 419.53556891
998.79976740 420.91568133
994.65943012 412.91102927
992.45125024 408.77069199
986.93080054 407.94262454
1004.04419461 420.08761388
1008.18453189 415.67125412
1017.01725141 420.08761388
1017.01725141 412.91102927
1021.43361116 409.32273696
1015.08509401 405.18239969
1008.18453189 407.39057957
1006.52839698 407.94262454
1001.28396976 410.42682690
1001.28396976 410.42682690
1002.94010467 405.73444466
997.97169994 406.28648963
997.97169994 402.14615236
993.83136267 399.10990502
991.89920527 405.18239969
988.86295794 402.14615236
983.61853072 402.14615236
984.72262066 398.28183757
985.27466563 391.65729793
981.41035084 385.86082574
976.16592363 384.48071332
966.78115914 379.78833107
973.40569878 397.17774763
968.98933902 396.34968017
963.46888932 394.14150029
958.77650708 393.31343284
963.19286683 402.97421981
959.88059701 406.28648963
952.15196744 407.94262454
967.88524908 406.01046714
928.69005621 448.51792983
901.36383020 444.65361504
912.40472960 453.21031208
870.72533437 457.90269432
896.94747044 432.50862570
895.01531305 424.50397364
904.67610002 427.81624346
906.33223493 421.46772630
913.23279705 431.68055825
909.92052723 434.16476061
906.33223493 440.78930025
916.26904439 425.88408606
920.13335918 420.91568133
924.82574142 416.22329909
921.78949409 406.83853460
1010.94475674 396.62570266
1003.21612716 381.16844350
975.88990114 390.27718550
1020.60554371 395.52161272
1020.88156619 400.21399496
1018.94940880 404.90637720
980.85830587 397.17774763
932.83039349 421.46772630
849.47160302 445.75770498
917.64915681 449.89804226
920.96142663 439.68521031
1010.94475674 432.50862570
1000.17987982 427.26419849
994.10738515 427.81624346
999.35181237 416.49932157
1002.38805970 397.45377011
999.90385734 398.55786005
995.48749758 393.58945532
1006.80441946 426.71215352
78.91296763 445.34367125
39.16572979 454.17639077
405.17154487 503.86043807
395.23473541 476.81023454
470.31285133 476.81023454
507.15099826 523.18201202
750.05078504 467.97751502
924.49699554 527.59837178
775.99689862 467.42547005
