46.34174312 646.26834862
23.44266055 632.17660550
9.35091743 602.23165138
12.87385321 576.69036697
4.06651376 569.64449541
11.11238532 544.98394495
21.68119266 515.91972477
4.94724771 509.75458716
34.74541284 528.47018349
42.67201835 554.45183486
33.86467890 558.41513761
65.57110092 552.25000000
62.92889908 527.58944954
58.96559633 510.85550459
36.06651376 501.16743119
4.80045872 498.52522936
38.26834862 486.63532110
66.01146789 486.63532110
60.72706422 473.42431193
42.67201835 470.78211009
99.03899083 490.59862385
88.02981651 501.16743119
76.58027523 500.28669725
95.07568807 538.59862385
80.54357798 567.66284404
101.68119266 597.16743119
115.33256881 630.63532110
167.73623853 659.69954128
193.71788991 651.33256881
202.52522936 619.62614679
217.49770642 615.22247706
239.51605505 597.60779817
252.72706422 586.59862385
242.59862385 560.17660550
236.87385321 546.52522936
228.94724771 539.91972477
210.45183486 524.94724771
112.25000000 564.58027523
132.50688073 584.83715596
137.35091743 571.62614679
151.00229358 574.70871560
161.13073394 574.26834862
178.74541284 575.58944954
181.38761468 584.83715596
199.88302752 583.51605505
199.44266055 543.00229358
175.22247706 542.12155963
167.29587156 526.26834862
158.48853211 533.75458716
150.56192661 525.82798165
139.99311927 543.88302752
153.64449541 552.69036697
131.62614679 555.77293578
123.25917431 543.00229358
117.09403670 543.00229358
112.69036697 543.00229358
112.69036697 529.35091743
134.70871560 504.25000000
124.13990826 498.52522936
126.78211009 491.03899083
111.36926606 491.03899083
86.26834862 467.69954128
3.47935780 456.69036697
154.08486239 469.02064220
175.66284404 472.10321101
144.83715596 481.79128440
64.25000000 433.79128440
41.79128440 438.63532110
35.62614679 442.59862385
74.81880734 426.30504587
114.89220183 439.51605505
132.06651376 438.19495413
120.61697248 450.52522936
142.19495413 449.20412844
242.15825688 467.25917431
231.14908257 486.19495413
217.49770642 492.80045872
202.96559633 475.18577982
224.10321101 515.25917431
244.80045872 526.26834862
250.96559633 519.66284404
249.64449541 497.20412844
257.57110092 507.77293578
271.22247706 504.69036697
262.41513761 529.79128440
271.22247706 539.91972477
280.02981651 555.33256881
297.64449541 541.68119266
303.36926606 564.58027523
288.39678899 583.07568807
278.70871560 584.83715596
314.37844037 603.33256881
264.17660550 614.34174312
247.44266055 627.55275229
278.70871560 618.74541284
299.84633028 675.99311927
332.43348624 661.90137615
301.16743119 634.59862385
339.03899083 594.08486239
346.96559633 615.22247706
357.97477064 626.67201835
370.30504587 584.83715596
346.08486239 579.11238532
355.33256881 560.61697248
348.28669725 540.36009174
354.89220183 539.91972477
343.00229358 545.20412844
336.83715596 510.85550459
328.47018349 507.33256881
303.80963303 515.69954128
314.81880734 515.69954128
291.03899083 529.35091743
274.30504587 524.50688073
269.46100917 530.67201835
308.65366972 486.19495413
300.28669725 498.96559633
304.69036697 478.70871560
316.58027523 479.58944954
340.80045872 496.76376147
366.34174312 514.37844037
357.97477064 522.30504587
387.91972477 572.94724771
387.91972477 581.75458716
386.59862385 612.13990826
407.73623853 643.40596330
390.12155963 675.99311927
416.98394495 634.59862385
436.36009174 612.58027523
451.33256881 624.91055046
471.14908257 603.77293578
488.32339450 609.05733945
494.48853211 624.91055046
458.37844037 569.86467890
440.32339450 570.74541284
423.58944954 563.69954128
395.84633028 554.45183486
394.96559633 543.88302752
391.88302752 534.63532110
382.63532110 527.58944954
371.62614679 543.00229358
366.78211009 537.27752294
372.06651376 555.33256881
393.64449541 507.33256881
368.54357798 495.44266055
376.02981651 478.70871560
405.97477064 482.67201835
398.92889908 456.69036697
368.98394495 461.53440367
268.13990826 453.60779817
301.16743119 433.35091743
289.71788991 428.94724771
282.23165138 433.79128440
315.25917431 424.98394495
362.37844037 424.10321101
427.55275229 518.78211009
408.61697248 526.70871560
424.02981651 532.43348624
439.44266055 534.63532110
465.42431193 539.91972477
468.94724771 556.21330275
483.47935780 549.16743119
508.13990826 554.01146789
505.93807339 548.28669725
501.53440367 525.38761468
492.72706422 506.45183486
474.67201835 527.58944954
451.77293578 472.10321101
475.55275229 467.69954128
501.53440367 480.02981651
498.45183486 457.13073394
504.61697248 458.01146789
467.62614679 435.55275229
457.49770642 464.17660550
464.54357798 457.13073394
493.16743119 476.50688073
186.67201835 515.25917431
202.52522936 505.13073394
195.47935780 496.76376147
178.74541284 502.92889908
166.85550459 498.52522936
255.36926606 422.78211009
176.54357798 416.61697248
154.52522936 424.10321101
145.27752294 425.86467890
3.47935780 356.72706422
8.76376147 376.98394495
35.18577982 372.58027523
115.03899083 379.95642202
135.07568807 399.11238532
152.91055046 398.23165138
197.38761468 416.50688073
139.69954128 357.71788991
157.09403670 357.27752294
164.13990826 357.27752294
178.45183486 355.95642202
185.49770642 358.37844037
207.51605505 358.81880734
223.58944954 359.47935780
228.87385321 359.69954128
240.98394495 358.81880734
137.71788991 355.29587156
116.13990826 354.19495413
109.09403670 352.65366972
101.16743119 352.65366972
67.69954128 349.57110092
60.65366972 349.57110092
37.53440367 349.79128440
25.20412844 345.60779817
19.91972477 369.82798165
42.37844037 401.09403670
31.36926606 397.13073394
56.69036697 398.01146789
24.76376147 381.93807339
70.78211009 382.15825688
217.86467890 396.47018349
226.89220183 397.57110092
248.47018349 409.46100917
214.12155963 372.25000000
185.05733945 377.75458716
179.11238532 375.99311927
323.18577982 404.61697248
313.49770642 406.37844037
304.91055046 395.36926606
295.88302752 407.03899083
287.07568807 405.71788991
412.58027523 412.54357798
420.28669725 412.54357798
427.99311927 411.88302752
456.17660550 400.87385321
488.98394495 391.84633028
492.72706422 383.03899083
469.60779817 385.02064220
431.29587156 379.29587156
424.47018349 383.91972477
409.93807339 388.76376147
403.77293578 392.28669725
392.54357798 390.96559633
384.39678899 390.74541284
378.01146789 357.71788991
384.17660550 357.93807339
390.78211009 353.31422018
395.84633028 353.97477064
368.10321101 363.66284404
340.36009174 368.28669725
330.01146789 367.84633028
319.66284404 360.58027523
281.57110092 363.88302752
256.25000000 372.91055046
257.35091743 397.13073394
261.53440367 398.45183486
324.50688073 388.54357798
349.60779817 396.25000000
336.17660550 419.36926606
362.81880734 408.80045872
371.18577982 404.83715596
374.70871560 407.03899083
378.45183486 411.66284404
509.90137615 374.45183486
518.48853211 378.19495413
531.91972477 375.33256881
533.90137615 397.57110092
509.46100917 402.19495413
499.99311927 426.41513761
515.62614679 422.89220183
506.15825688 413.20412844
500.87385321 386.12155963
507.03899083 383.03899083
598.63532110 378.19495413
578.59862385 379.73623853
570.23165138 379.73623853
555.47935780 377.75458716
604.13990826 404.39678899
588.28669725 405.27752294
578.81880734 392.94724771
560.76376147 406.81880734
551.73623853 402.85550459
560.54357798 420.91055046
574.63532110 437.20412844
566.26834862 452.39678899
557.68119266 458.78211009
699.69954128 430.15825688
666.01146789 461.64449541
659.84633028 458.56192661
675.91972477 458.34174312
683.84633028 462.96559633
682.96559633 476.39678899
675.91972477 468.69036697
634.52522936 460.54357798
628.58027523 492.91055046
597.31422018 482.34174312
521.57110092 395.58944954
638.92889908 383.69954128
668.43348624 386.34174312
677.90137615 391.62614679
676.80045872 382.59862385
682.96559633 407.69954128
674.81880734 411.44266055
661.16743119 414.52522936
653.24082569 426.19495413
647.07568807 410.12155963
635.84633028 413.86467890
637.60779817 401.75458716
622.19495413 397.57110092
615.36926606 393.16743119
651.69954128 394.48853211
649.27752294 404.83715596
688.69036697 386.45183486
700.13990826 383.80963303
703.22247706 386.45183486
715.55275229 386.01146789
711.58944954 383.80963303
391.88302752 414.19495413
360.61697248 385.57110092
334.63532110 384.25000000
334.63532110 404.06651376
721.27752294 405.38761468
845.90137615 473.64449541
710.26834862 415.07568807
703.22247706 409.35091743
696.17660550 411.99311927
583.88302752 382.48853211
575.95642202 422.56192661
569.35091743 423.00229358
733.16743119 400.10321101
725.24082569 389.97477064
729.20412844 389.53440367
734.04816514 387.33256881
748.58027523 390.41513761
755.62614679 385.57110092
781.60779817 385.57110092
696.61697248 482.45183486
601.93807339 508.87385321
613.38761468 503.14908257
563.62614679 508.43348624
553.05733945 521.64449541
512.10321101 501.38761468
508.13990826 491.69954128
533.68119266 561.27752294
537.64449541 543.66284404
548.65366972 581.97477064
562.30504587 552.02981651
553.49770642 538.81880734
571.55275229 529.57110092
568.91055046 545.86467890
841.93807339 471.44266055
610.74541284 578.01146789
575.51605505 564.80045872
580.36009174 550.70871560
592.25000000 543.22247706
589.60779817 589.02064220
601.49770642 558.19495413
609.86467890 549.38761468
586.08486239 525.60779817
594.45183486 519.44266055
618.67201835 527.36926606
645.97477064 521.64449541
646.85550459 544.98394495
623.95642202 550.26834862
644.21330275 569.64449541
641.13073394 593.86467890
621.31422018 577.13073394
675.03899083 575.36926606
676.80045872 550.70871560
701.90137615 535.29587156
705.42431193 524.28669725
698.81880734 513.27752294
712.02981651 511.07568807
732.28669725 570.96559633
723.47935780 585.93807339
747.25917431 596.50688073
745.05733945 580.21330275
761.79128440 554.23165138
742.85550459 543.22247706
725.24082569 528.69036697
719.07568807 522.52522936
725.24082569 505.79128440
735.80963303 513.71788991
701.46100917 495.22247706
762.23165138 480.25000000
770.15825688 463.95642202
779.84633028 467.47935780
803.62614679 467.03899083
794.37844037 467.03899083
808.47018349 491.69954128
812.87385321 521.64449541
791.73623853 524.72706422
780.28669725 528.69036697
765.31422018 538.37844037
785.13073394 537.05733945
778.08486239 570.96559633
770.15825688 585.05733945
801.42431193 566.56192661
811.99311927 543.66284404
800.54357798 537.93807339
713.79128440 421.24082569
721.27752294 418.15825688
738.89220183 428.72706422
742.85550459 436.21330275
756.06651376 436.65366972
792.61697248 427.40596330
804.06651376 391.73623853
791.29587156 422.56192661
778.52522936 435.33256881
763.55275229 425.64449541
221.60779817 747.55275229
594.15825688 633.05733945
558.04816514 626.01146789
631.14908257 644.50688073
700.72706422 638.34174312
675.18577982 603.99311927
717.46100917 638.34174312
729.79128440 639.22247706
758.85550459 651.55275229
760.61697248 630.41513761
765.02064220 616.32339450
783.51605505 663.00229358
795.84633028 646.26834862
802.89220183 603.99311927
817.86467890 596.06651376
840.76376147 575.80963303
824.91055046 558.19495413
834.59862385 567.00229358
822.26834862 639.22247706
838.12155963 665.64449541
850.45183486 657.71788991
859.25917431 598.70871560
875.99311927 620.72706422
886.56192661 626.01146789
889.20412844 641.86467890
884.80045872 677.09403670
900.65366972 646.26834862
904.17660550 632.17660550
912.10321101 651.55275229
942.04816514 636.58027523
964.06651376 641.86467890
957.02064220 666.52522936
987.84633028 658.59862385
998.41513761 626.89220183
977.27752294 626.89220183
965.82798165 610.15825688
947.33256881 602.23165138
943.80963303 616.32339450
958.78211009 589.90137615
1017.79128440 605.75458716
1021.31422018 564.36009174
1016.02981651 544.98394495
1001.93807339 534.41513761
994.01146789 556.43348624
980.80045872 561.71788991
977.27752294 550.26834862
971.99311927 534.41513761
984.32339450 530.01146789
949.97477064 551.14908257
927.07568807 567.00229358
914.74541284 576.69036697
829.02064220 518.34174312
883.62614679 462.85550459
858.96559633 473.86467890
869.97477064 482.67201835
894.63532110 482.67201835
914.01146789 473.42431193
846.19495413 496.76376147
858.08486239 508.21330275
844.87385321 516.13990826
869.97477064 534.19495413
890.23165138 536.83715596
873.93807339 546.52522936
857.64449541 560.61697248
879.66284404 568.98394495
878.78211009 580.43348624
903.00229358 566.34174312
909.16743119 533.75458716
911.80963303 545.20412844
932.50688073 540.36009174
942.63532110 515.69954128
951.88302752 527.58944954
948.36009174 539.03899083
938.67201835 572.50688073
929.42431193 614.34174312
855.88302752 631.07568807
965.97477064 494.56192661
907.84633028 498.52522936
896.83715596 436.87385321
911.80963303 441.27752294
944.83715596 431.14908257
927.66284404 430.70871560
937.79128440 396.36009174
947.47935780 396.36009174
964.65366972 399.44266055
969.05733945 398.12155963
977.86467890 399.44266055
995.47935780 396.36009174
1005.60779817 399.44266055
1010.45183486 399.44266055
1020.58027523 399.44266055
976.98394495 414.85550459
977.86467890 427.18577982
1010.45183486 433.35091743
1018.37844037 444.36009174
1000.76376147 430.70871560
997.24082569 446.12155963
988.87385321 447.44266055
992.83715596 416.61697248
905.20412844 395.03899083
899.03899083 404.72706422
883.18577982 392.39678899
871.29587156 394.15825688
862.48853211 401.20412844
868.65366972 421.02064220
822.41513761 393.27752294
836.06651376 398.12155963
825.05733945 400.32339450
985.79128440 483.11238532
998.56192661 479.14908257
455.58944954 650.89220183
609.57110092 283.62614679
452.36009174 269.09403670
361.64449541 248.39678899
374.41513761 246.19495413
333.90137615 242.67201835
809.93807339 420.80045872
816.98394495 426.96559633
965.97477064 335.14908257
963.77293578 330.74541284
973.90137615 332.06651376
899.47935780 316.65366972
833.86467890 317.09403670
821.53440367 319.73623853
816.25000000 327.66284404
739.62614679 324.58027523
730.37844037 314.89220183
797.31422018 318.41513761
684.13990826 327.66284404
632.61697248 318.41513761
547.62614679 303.44266055
868.65366972 232.10321101
880.98394495 231.66284404
239.22247706 299.91972477
376.61697248 305.20412844
467.33256881 312.69036697
102.70871560 406.04816514
80.69036697 399.44266055
67.03899083 402.96559633
117.68119266 417.05733945
112.83715596 406.92889908
107.11238532 371.69954128
80.69036697 349.68119266
171.84633028 384.47018349
163.03899083 386.23165138
342.26834862 410.89220183
344.47018349 397.68119266
584.91055046 415.29587156
540.87385321 421.90137615
267.40596330 362.45183486
125.16743119 352.76376147
131.77293578 354.52522936
55.14908257 353.20412844
602.96559633 644.50688073
1010.74541284 676.21330275
1004.58027523 613.68119266
830.19495413 411.11238532
684.87385321 434.01146789
233.93807339 240.25000000
263.00229358 274.59862385
294.70871560 271.95642202
410.08486239 243.77293578
401.27752294 234.08486239
435.62614679 244.65366972
440.02981651 228.80045872
443.55275229 228.80045872
435.62614679 219.11238532
468.21330275 209.42431193
424.17660550 207.66284404
417.13073394 207.66284404
917.38761468 225.27752294
277.97477064 300.13990826
209.27752294 389.97477064
218.08486239 385.57110092
233.05733945 385.57110092
201.35091743 395.25917431
194.30504587 392.61697248
184.61697248 392.61697248
151.14908257 382.92889908
144.98394495 395.25917431
153.79128440 387.33256881
136.17660550 392.61697248
127.36926606 387.33256881
125.60779817 404.06651376
126.48853211 398.78211009
91.25917431 382.92889908
85.09403670 382.92889908
60.43348624 375.00229358
35.77293578 382.92889908
52.50688073 375.88302752
100.06651376 386.45183486
97.42431193 380.28669725
103.58944954 385.57110092
60.43348624 413.75458716
96.54357798 426.96559633
85.09403670 438.41513761
369.57110092 478.92889908
327.29587156 414.63532110
323.77293578 411.99311927
275.33256881 399.66284404
277.97477064 404.94724771
128.25000000 523.84633028
160.83715596 511.51605505
119.44266055 523.84633028
958.78211009 513.27752294
853.97477064 424.32339450
560.69036697 386.45183486
555.40596330 392.61697248
450.59862385 379.40596330
462.04816514 375.88302752
239.22247706 395.25917431
251.55275229 392.61697248
160.83715596 395.25917431
160.83715596 395.25917431
48.10321101 351.22247706
205.76111111 229.82037037
203.86481481 221.52407407
203.62777778 238.59074074
209.31666667 235.03518519
264.30925926 217.25740741
263.36111111 227.21296296
348.45740741 201.61296296
352.48703704 202.79814815
341.82037037 204.22037037
335.65740741 205.64259259
344.42777778 234.79814815
372.63518519 217.96851852
345.37592593 220.45740741
334.94629630 224.72407407
305.07962963 219.50925926
304.60555556 237.52407407
289.90925926 243.68703704
428.33888889 190.70925926
430.70925926 189.99814815
435.21296296 190.94629630
405.58333333 206.82777778
402.02777778 204.45740741
403.45000000 223.18333333
401.55370370 217.96851852
407.00555556 217.96851852
410.08703704 218.67962963
414.82777778 220.57592593
417.90925926 221.28703704
421.70185185 221.99814815
407.24259259 229.58333333
419.09444444 242.14629630
414.82777778 243.80555556
421.70185185 237.87962963
451.56851852 209.43518519
457.49444444 208.72407407
461.52407407 211.33148148
447.06481481 187.62777778
508.69444444 175.77592593
529.79074074 265.61296296
484.75370370 263.00555556
475.50925926 274.85740741
488.78333333 254.70925926
476.45740741 226.02777778
465.55370370 231.71666667
471.24259259 231.47962963
483.09444444 221.99814815
477.64259259 212.51666667
480.72407407 212.27962963
490.44259259 216.07222222
498.02777778 220.57592593
498.73888889 215.12407407
588.81296296 256.84259259
578.62037037 245.70185185
626.73888889 229.58333333
632.19074074 226.97592593
646.17592593 217.49444444
654.23518519 217.73148148
642.62037037 215.59814815
638.82777778 216.07222222
630.53148148 209.90925926
613.46481481 188.81296296
597.10925926 184.54629630
582.17592593 177.90925926
569.13888889 212.51666667
781.76111111 191.42037037
753.31666667 198.53148148
755.92407407 199.24259259
749.76111111 194.73888889
741.93888889 193.79074074
729.37592593 195.21296296
735.30185185 196.63518519
726.05740741 197.10925926
719.42037037 200.66481481
672.48703704 189.99814815
666.79814815 200.90185185
664.19074074 202.08703704
620.10185185 192.13148148
612.99074074 206.82777778
607.06481481 208.96111111
506.08703704 247.00555556
489.96851852 244.16111111
504.19074074 236.57592593
494.23518519 230.88703704
501.34629630 228.99074074
517.93888889 226.14629630
519.83518519 212.87222222
516.04259259 215.24259259
507.03518519 213.34629630
511.30185185 203.86481481
516.04259259 198.17592593
520.30925926 199.12407407
512.72407407 192.48703704
518.88703704 187.74629630
525.99814815 256.84259259
541.64259259 234.56111111
539.27222222 233.61296296
535.71666667 226.50185185
538.56111111 224.60555556
540.93148148 223.65740741
537.37592593 210.38333333
545.90925926 208.25000000
541.16851852 209.90925926
545.67222222 210.38333333
546.85740741 199.24259259
543.30185185 199.71666667
560.13148148 210.38333333
573.40555556 192.84259259
571.03518519 191.42037037
567.47962963 226.73888889
574.82777778 225.79074074
574.82777778 219.86481481
578.38333333 220.10185185
580.99074074 223.89444444
585.73148148 219.39074074
601.13888889 222.23518519
596.87222222 221.99814815
593.07962963 226.73888889
526.94629630 243.80555556
529.79074074 243.56851852
521.02037037 245.22777778
523.86481481 225.07962963
527.65740741 226.73888889
529.07962963 218.44259259
535.00555556 215.83518519
647.83518519 197.58333333
636.45740741 211.33148148
634.08703704 211.09444444
632.42777778 217.02037037
629.58333333 217.49444444
625.79074074 217.49444444
618.20555556 222.94629630
606.11666667 223.89444444
610.62037037 226.97592593
603.50925926 225.07962963
893.40555556 197.70185185
897.67222222 198.17592593
977.79074074 228.51666667
970.20555556 228.04259259
983.47962963 246.53148148
962.62037037 264.54629630
957.40555556 260.27962963
949.82037037 260.75370370
943.65740741 261.70185185
938.91666667 262.65000000
973.52407407 261.70185185
989.64259259 259.33148148
993.90925926 257.43518519
999.12407407 257.90925926
1007.18333333 261.22777778
849.79074074 301.52407407
881.07962963 304.36851852
890.56111111 304.36851852
903.83518519 299.62777778
914.73888889 311.47962963
907.15370370 305.79074074
997.70185185 307.68703704
1010.02777778 311.47962963
1022.35370370 312.42777778
995.80555556 321.43518519
987.74629630 311.47962963
980.16111111 217.61296296
140.57592593 243.68703704
94.11666667 228.99074074
97.43518519 224.25000000
237.76111111 224.72407407
238.70925926 212.87222222
272.36851852 210.50185185
265.73148148 250.79814815
269.52407407 251.27222222
263.83518519 259.80555556
277.58333333 264.07222222
316.45740741 245.10925926
322.14629630 245.58333333
303.18333333 273.07962963
309.34629630 270.70925926
313.13888889 270.23518519
269.99814815 275.92407407
177.55370370 278.29444444
176.13148148 281.61296296
168.54629630 280.66481481
41.02037037 276.87222222
24.42777778 277.34629630
355.80555556 231.83518519
371.45000000 233.73148148
361.02037037 237.52407407
347.74629630 240.36851852
339.21296296 239.42037037
331.15370370 236.57592593
380.93148148 218.56111111
357.70185185 201.02037037
388.51666667 217.61296296
400.36851852 210.50185185
405.58333333 213.34629630
467.21296296 197.70185185
471.47962963 196.75370370
447.77592593 210.97592593
442.56111111 219.03518519
455.36111111 236.10185185
441.61296296 262.17592593
435.92407407 263.59814815
417.43518519 261.22777778
422.17592593 261.22777778
458.20555556 249.37592593
472.42777778 240.36851852
565.34629630 243.68703704
546.38333333 239.42037037
552.07222222 217.61296296
550.65000000 206.70925926
534.53148148 194.85740741
525.05000000 187.74629630
635.50925926 188.69444444
630.29444444 194.38333333
633.61296296 194.85740741
594.73888889 198.17592593
643.56851852 238.47222222
642.62037037 248.42777778
651.15370370 247.47962963
657.79074074 250.32407407
675.80555556 232.30925926
683.86481481 231.36111111
697.61296296 222.35370370
678.17592593 192.48703704
712.30925926 196.75370370
695.24259259 234.67962963
700.93148148 234.20555556
690.02777778 238.47222222
416.48703704 490.91666667
459.15370370 496.60555556
478.11666667 486.17592593
462.94629630 476.69444444
825.13888889 577.19814815
