12.50512130 619.44623870
101.88017431 628.88335610
110.76216715 581.14264455
34.15497886 586.69389008
28.04860878 545.61467317
86.89181138 547.28004683
80.78544130 492.32271610
80.23031675 470.11773398
126.30565463 491.21246699
174.60149073 548.39029593
181.26298537 527.29556293
230.66907057 585.58364098
314.49287805 666.07670114
322.26462179 601.12712846
435.51003057 643.31659447
471.59312650 617.78086504
410.52942569 523.40969106
329.48124098 522.29944195
238.44081431 521.18919285
189.58985366 491.21246699
152.39650862 437.36538537
119.64416000 426.26289431
103.54554797 425.15264520
89.11230959 410.71940683
46.36771902 366.30944260
119.08903545 364.64406894
143.51451577 354.65182699
150.73113496 400.72716488
169.05024520 420.15652423
204.57821659 417.38090146
220.12170407 437.36538537
199.02697106 392.40029659
188.47960455 379.63243187
235.66519154 416.82577691
262.86629463 446.24737821
292.84302049 433.47951350
260.09067187 406.83353496
338.91835837 452.35374829
321.70949724 493.43296520
271.74828748 485.10609691
247.32280715 485.10609691
365.56433691 481.22022504
452.71889171 481.22022504
499.34935415 461.23574114
494.90835772 440.14100813
436.62027967 452.35374829
451.60864260 452.35374829
381.10782439 432.36926439
399.98205919 448.46787642
357.79259317 414.60527870
348.35547577 433.47951350
342.80423024 411.82965593
297.83914146 404.05791220
313.38262894 422.37702244
252.87405268 390.17979837
241.21643707 380.74268098
220.67682862 371.86068813
272.30341203 364.64406894
283.96102764 370.75043902
291.17764683 387.40417561
333.36711285 384.07342829
333.92223740 369.08506537
388.87956813 395.17591935
423.85241496 410.71940683
424.96266407 384.07342829
484.36099122 387.40417561
422.18704130 366.30944260
386.65906992 371.86068813
384.43857171 357.98257431
356.12721951 354.09670244
477.14437203 355.76207610
290.62252228 353.54157789
102.99042341 351.87620423
3.62312846 342.71664911
42.48184715 332.72440715
71.34832390 317.18091967
83.00593951 314.96042146
111.87241626 289.97981659
132.96714927 288.86956748
157.94775415 279.98757463
166.82974699 267.77483447
140.18376846 260.00309073
115.20316358 263.88896260
105.21092163 260.55821528
85.22643772 267.77483447
64.68682927 276.65682732
41.92672260 284.98369561
5.28850211 282.76319740
1.95775480 240.01860683
26.38323512 235.57761041
40.26134894 203.93551089
30.82423154 195.05351805
58.02533463 235.57761041
69.68295024 232.80198764
109.65191805 172.84853593
134.63252293 168.40753951
175.71173984 221.69949659
214.01533398 206.71113366
174.04636618 331.61415805
164.05412423 317.73604423
194.58597463 332.16928260
214.01533398 327.72828618
205.68846569 312.18479870
224.00757593 317.73604423
256.75992455 312.73992325
277.29953301 318.84629333
268.97266472 344.38202276
285.62640130 341.60640000
307.83138341 323.84241431
307.83138341 312.18479870
305.61088520 351.59864195
341.69398114 337.16540358
364.45408780 324.39753886
369.45020878 312.18479870
373.33608065 336.61027902
392.76544000 339.94102634
403.86793106 314.96042146
415.52554667 341.60640000
411.08455024 331.05903350
446.61252163 347.71277008
433.28953236 323.84241431
427.18316228 247.79035057
447.72277073 322.73216520
466.59700553 324.95266341
468.26237919 344.38202276
474.36874927 328.28341073
488.24686309 332.72440715
538.85077854 621.38917463
548.84302049 675.79138081
537.74052943 520.35650602
518.86629463 488.15928195
515.53554732 384.90611512
517.75604553 354.92938927
502.21255805 326.06291252
512.20480000 323.84241431
509.98430179 239.46348228
614.34771772 249.45572423
657.64743285 638.04291122
772.00309073 616.94817821
784.21583089 665.79913886
900.79198699 628.05066927
1014.03739577 586.97145236
913.00472715 673.57088260
1004.04515382 665.79913886
1011.81689756 519.24625691
986.28116813 467.06454894
997.38365919 433.75707577
694.28565333 581.42020683
593.25298472 507.03351675
622.11946146 509.25401496
678.74216585 513.69501138
756.45960325 543.67173724
853.05127545 551.44348098
936.31995837 478.16704000
865.26401561 477.05679089
911.89447805 445.96981593
795.31832195 484.82853463
736.47511935 478.16704000
687.62415870 483.71828553
656.53718374 467.06454894
619.89896325 448.19031415
568.82750439 465.95429984
549.95326959 433.75707577
579.92999545 403.78034992
616.56821593 384.90611512
650.98593821 431.53657756
692.06515512 442.63906862
779.77483447 460.40305431
826.40529691 403.78034992
781.99533268 411.55209366
855.27177366 445.96981593
880.80750309 409.33159545
946.31220033 403.78034992
970.73768065 412.66234276
1000.71440650 381.57536780
549.95326959 377.13437138
561.05576065 384.35099057
591.03248650 380.46511870
581.59536911 364.92163122
574.93387447 371.02800130
545.51227317 359.92551024
541.62640130 345.49227187
533.85465756 342.16152455
521.64191740 339.38590179
531.07903480 329.39365984
563.27625886 321.06679154
564.38650797 335.50002992
574.37874992 343.27177366
586.59149008 327.17316163
598.24910569 350.48839285
613.23746862 349.37814374
616.56821593 336.05515447
623.22971057 343.27177366
631.55657886 340.49615089
644.87956813 334.38978081
637.10782439 332.16928260
632.66682797 358.26013659
665.97430114 334.94490537
668.19479935 311.07454959
680.40753951 323.28728976
673.74604488 332.16928260
682.62803772 363.25625756
661.53330472 369.36262764
671.52554667 405.44572358
696.50615154 412.66234276
705.94326894 336.05515447
718.71113366 325.50778797
743.13661398 322.17704065
774.77871350 324.39753886
753.68398049 332.16928260
740.91611577 339.38590179
729.25850016 338.27565268
749.24298407 347.15764553
764.78647154 346.04739642
784.21583089 336.05515447
745.91223675 364.36650667
705.94326894 348.26789463
705.38814439 358.26013659
704.83301984 379.90999415
738.69561756 393.23298341
777.55433626 381.02024325
763.67622244 393.23298341
826.96042146 381.02024325
812.52718309 386.01636423
820.29892683 364.36650667
807.53106211 367.14212943
793.65294829 351.04351740
787.54657821 363.25625756
815.85793041 338.27565268
824.73992325 349.37814374
806.97593756 332.16928260
799.75931837 326.06291252
839.17316163 332.16928260
854.71664911 339.38590179
853.60640000 368.25237854
854.16152455 390.45736065
893.10782439 376.57924683
884.22583154 348.82301919
930.30116943 359.37038569
889.22195252 427.09558114
