7.25299760 3.06814548
30.17226219 10.84432454
49.40807354 33.35431655
43.26898481 50.95303757
79.69424460 32.94504396
101.79496403 37.44704237
110.38968825 56.27358114
78.05715428 55.86430855
53.50079936 79.19284572
30.17226219 89.01538769
17.89408473 80.01139089
13.39208633 102.52138289
51.86370903 104.15847322
29.35371703 129.94264588
53.91007194 152.86191047
67.00679456 146.31354916
29.76298961 175.78117506
46.13389289 186.83153477
71.50879297 176.19044764
91.97242206 165.95863309
105.88768985 152.45263789
92.79096723 112.34392486
125.12350120 113.98101519
116.52877698 116.84592326
108.75259792 86.96902478
158.68385292 150.81554756
160.32094325 161.86590727
148.45203837 187.24080735
135.76458833 195.83553157
110.38968825 177.00899281
103.02278177 191.74280576
63.32334133 203.61171063
41.22262190 207.29516387
13.80135891 213.02498002
17.07553957 191.33353317
6.43445244 251.90587530
40.40407674 224.89388489
60.04916067 231.44224620
73.55515588 244.12969624
98.11151079 227.75879297
109.98041567 247.81314948
137.40167866 224.07533973
167.27857714 215.48061551
155.81894484 208.52298161
92.38169464 85.33193445
151.31694644 69.72332134
132.89968026 67.47232214
164.82294165 47.41796563
187.12829736 36.57224221
196.13229416 56.83123501
184.26338929 72.99750200
230.10191847 81.59222622
220.68864908 82.82004396
210.86610711 109.42276179
173.82693845 105.73930855
163.79976019 96.73531175
250.77018385 102.26049161
138.83413269 14.88079536
114.48241407 15.29006795
203.29456435 12.62979616
241.56155076 20.61061151
226.21382894 57.03587130
17.48481215 280.46282974
39.58553157 280.05355715
57.59352518 261.63629097
96.06514788 272.68665068
122.25859313 278.82573941
136.99240608 266.95683453
159.50239808 249.76738609
188.97002398 253.86011191
170.55275779 282.09992006
146.40567546 288.64828137
139.44804157 315.66027178
168.91566747 318.52517986
123.89568345 334.07753797
94.83733014 314.84172662
68.64388489 305.01918465
43.26898481 312.79536371
33.44644285 329.98481215
60.86770584 338.57953637
85.83333333 341.03517186
97.29296563 347.17426059
73.55515588 354.54116707
33.85571543 367.63788969
8.48081535 356.58752998
26.89808153 415.11350919
12.16426859 411.83932854
41.63189448 389.32933653
71.50879297 409.79296563
49.40807354 423.70823341
62.50479616 442.12549960
89.10751399 424.52677858
46.95243805 456.85931255
12.16426859 459.31494804
22.80535572 472.00239808
48.58952838 481.00639488
78.46642686 469.13749001
109.98041567 464.22621902
125.12350120 445.80895284
77.64788169 496.14948042
99.74860112 405.70023981
119.39368505 390.14788169
94.83733014 383.19024780
86.65187850 372.95843325
62.50479616 378.68824940
133.30895284 356.17825739
186.92366107 328.75699440
203.70383693 299.28936851
222.53037570 316.88808953
237.26418865 371.32134293
239.71982414 401.19824141
241.35691447 422.07114309
267.95963229 422.48041567
261.41127098 452.35731415
287.19544365 454.81294964
311.34252598 417.15987210
305.61270983 433.94004796
295.38089528 390.14788169
330.98760991 428.21023181
344.90287770 391.37569944
322.80215827 366.81934452
305.61270983 364.36370903
292.10671463 350.85771383
263.45763389 357.40607514
288.83253397 318.93445244
297.83653078 316.06954436
252.81654676 310.33972822
245.04036771 304.20063949
242.17545963 265.31974420
253.22581934 257.95283773
274.09872102 275.14228617
290.87889688 254.26938449
303.97561950 275.96083133
321.98361311 263.68265388
341.21942446 254.26938449
325.66706635 231.35011990
297.42725819 236.67066347
364.54796163 264.09192646
347.35851319 278.41646683
378.46322942 278.41646683
385.83013589 298.47082334
363.32014388 298.47082334
330.57833733 289.46682654
336.71742606 310.74900080
365.77577938 346.76498801
348.17705835 348.81135092
402.61031175 386.87370104
382.14668265 384.41806555
394.01558753 409.79296563
364.13868905 419.61550759
386.64868106 435.57713829
439.03557154 434.34932054
431.66866507 459.31494804
411.61430855 460.13349321
355.13469225 456.04076739
370.27777778 449.90167866
380.91886491 465.04476419
333.44324540 454.40367706
350.63269384 445.80895284
188.97002398 358.63389289
167.68784972 357.81534772
159.09312550 394.24060751
141.49440448 408.15587530
190.19784173 390.14788169
175.87330136 426.98241407
192.65347722 431.89368505
183.24020783 446.62749800
159.91167066 424.93605116
142.31294964 472.00239808
154.59112710 471.59312550
179.14748201 461.36131095
197.97402078 471.59312550
215.57274181 452.35731415
225.80455635 467.09112710
238.90127898 488.37330136
254.86290967 490.41966427
204.11310951 498.19584333
218.02837730 485.50839329
185.69584333 486.73621103
166.05075939 482.64348521
149.27058353 496.14948042
171.37130296 500.65147882
328.12270184 486.73621103
297.01798561 485.09912070
341.21942446 495.33093525
367.82214229 487.14548361
352.67905675 469.54676259
400.15467626 497.37729816
502.47282174 506.38129496
474.23301359 464.63549161
455.40647482 460.95203837
492.24100719 437.21422862
468.91247002 423.29896083
479.14428457 403.65387690
502.06354916 410.20223821
497.56155076 385.23661071
468.91247002 368.86570743
493.87809752 365.18225420
446.81175060 344.71862510
464.00119904 323.43645084
439.44484412 315.66027178
398.92685851 333.25899281
420.20903277 343.08153477
415.29776179 296.01518785
410.38649081 278.41646683
425.93884892 259.18065548
400.97322142 255.90647482
444.76538769 271.04956035
463.18265388 279.23501199
486.10191847 280.05355715
475.87010392 262.45483613
237.26418865 224.80175859
260.18345324 231.35011990
340.40087930 218.66266986
361.27378098 222.34612310
352.26978417 241.58193445
379.28177458 244.85611511
391.15067946 234.21502798
409.56794564 223.98321343
430.44084732 233.39648281
461.13629097 234.62430056
486.92046363 235.44284572
498.38009592 216.61630695
509.02118305 232.98721023
28.12589928 530.84552358
17.48481215 554.58333333
43.67825739 540.66806555
40.40407674 582.00459632
17.89408473 587.32513989
11.34572342 603.28677058
46.13389289 607.37949640
68.64388489 604.51458833
93.20023981 604.10531575
83.37769784 573.40987210
62.91406875 573.40987210
113.25459632 582.82314149
133.71822542 590.59932054
129.21622702 567.27078337
112.43605116 562.35951239
80.10351719 547.21642686
96.47442046 539.03097522
109.57114309 519.79516387
95.65587530 500.15007994
105.47841727 508.74480416
182.42166267 578.73041567
166.46003197 561.13169464
195.51838529 585.27877698
192.65347722 603.69604317
219.25619504 593.05495604
209.43365308 569.72641886
245.44964029 566.45223821
251.99800160 579.95823341
254.04436451 537.39388489
275.32653877 530.84552358
270.00599520 554.99260592
314.20743405 564.40587530
297.42725819 591.00859313
396.47122302 609.42585931
335.48960831 586.91586731
424.71103118 619.65767386
430.85011990 587.32513989
461.54556355 587.73441247
498.78936851 575.86550759
408.34012790 568.49860112
430.85011990 572.18205436
462.36410871 548.85351719
439.03557154 532.89188649
441.49120703 518.97661871
470.54956035 518.97661871
479.55355715 527.98061551
388.69504396 530.43625100
418.57194245 511.60971223
421.84612310 499.74080735
321.98361311 529.61770584
231.53437250 536.16606715
201.65747402 516.11171063
193.88129496 536.57533973
186.51438849 514.88389289
166.46003197 521.02298161
140.26658673 521.02298161
127.16986411 538.21243006
152.95403677 540.25879297
242.99400480 449.80955236
523.55035971 585.27877698
557.11071143 568.49860112
537.46562750 554.17406075
517.41127098 539.84952038
545.65107914 529.20843325
557.11071143 540.25879297
545.24180655 487.87190248
556.29216627 495.23880895
523.95963229 467.40827338
516.18345324 462.08772982
522.73181455 434.25719424
552.60871303 441.21482814
548.10671463 417.88629097
531.32653877 403.15247802
516.18345324 391.28357314
509.22581934 375.32194245
532.96362910 376.95903277
548.92525979 390.05575540
552.60871303 368.77358114
522.32254197 352.40267786
656.15467626 467.81754596
635.28177458 461.26918465
591.89888090 474.77517986
607.04196643 476.41227018
605.81414868 493.60171863
629.55195843 521.84152678
647.15067946 520.20443645
642.23940847 541.48661071
622.59432454 556.62969624
594.76378897 557.85751399
601.72142286 565.63369305
643.46722622 579.54896083
659.42885691 567.27078337
672.52557954 586.50659472
643.46722622 611.47222222
696.26338929 541.89588329
714.68065548 538.21243006
703.22102318 568.90787370
721.22901679 564.40587530
692.98920863 507.10771383
692.57993605 476.82154277
561.20343725 464.95263789
547.28816946 471.09172662
597.62869704 442.85191847
622.18505196 435.07573941
643.87649880 428.52737810
624.23141487 417.06774580
592.30815348 417.47701839
601.72142286 398.65047962
629.14268585 396.19484412
569.79816147 408.88229416
512.09072742 328.66486811
595.99160671 341.76159073
553.42725819 327.43705036
644.28577138 354.44904077
628.32414069 359.36031175
636.10031974 338.48741007
667.20503597 334.80395683
650.01558753 317.61450839
624.23141487 318.02378098
669.25139888 386.37230216
656.56394884 374.50339728
669.25139888 410.51938449
689.71502798 407.24520384
680.71103118 440.39628297
686.03157474 452.26518785
724.09392486 454.31155076
740.46482814 460.04136691
758.88209432 446.53537170
737.19064748 435.48501199
757.24500400 411.74720224
729.41446843 404.38029576
732.27937650 387.60011990
780.16426859 400.69684253
772.38808953 379.41466827
812.90607514 408.47302158
812.08752998 384.32593925
801.44644285 352.40267786
804.31135092 335.62250200
745.78537170 357.31394884
720.81974420 358.54176659
700.76538769 333.16686651
707.31374900 426.48101519
708.95083933 400.69684253
784.66626699 435.07573941
809.63189448 448.58173461
791.62390088 486.64408473
795.71662670 505.87989608
761.33772982 518.97661871
744.96682654 496.87589928
767.06754596 487.05335731
771.16027178 566.86151079
742.51119105 567.68005596
755.19864109 595.10131894
777.70863309 591.00859313
804.31135092 597.14768185
735.14428457 612.70003997
717.54556355 608.60731415
783.84772182 541.89588329
807.99480416 530.84552358
654.10831335 450.21882494
602.13069544 315.56814548
753.97082334 318.84232614
790.39608313 325.79996003
704.85811351 516.93025580
187.94684253 172.91626699
206.36410871 159.81954436
224.37210232 174.55335731
246.88209432 148.76918465
304.58952838 156.54536371
270.61990408 117.25519584
287.80935252 108.66047162
268.98281375 79.19284572
256.70463629 75.50939249
286.58153477 186.83153477
304.58952838 185.60371703
332.82933653 147.54136691
317.68625100 131.98900879
362.70623501 161.45663469
367.61750600 126.25919265
340.19624301 99.65647482
326.28097522 83.28557154
311.95643485 82.87629896
329.14588329 45.22322142
283.71662670 49.72521982
378.66786571 42.35831335
359.02278177 27.21522782
378.25859313 19.43904876
401.58713030 41.13049560
413.04676259 21.89468425
428.18984812 18.21123102
427.37130296 48.90667466
455.61111111 34.58213429
474.02837730 40.31195044
495.31055156 41.94904077
508.81654676 44.40467626
252.20263789 189.69644285
209.63828937 195.42625899
237.05955236 205.65807354
210.86610711 262.95623501
364.34332534 195.01698641
339.37769784 198.70043965
388.49040767 200.33752998
405.67985612 187.65007994
439.64948042 166.36790568
424.50639488 133.62609912
402.81494804 128.30555556
413.86530775 95.97302158
405.67985612 73.87230216
377.44004796 86.96902478
359.43205436 80.01139089
454.79256595 78.78357314
455.61111111 57.50139888
479.75819345 71.41666667
452.33693046 102.11211031
481.39528377 135.67246203
439.24020783 125.84992006
456.83892886 130.35191847
488.76219025 160.33113509
489.99000799 185.50139888
463.38729017 180.38549161
443.53756994 146.41586731
464.00119904 202.89548361
529.28017586 192.86830536
541.35371703 181.20403677
517.00199840 169.53976819
510.45363709 147.84832134
531.94044764 144.98341327
554.85971223 139.86750600
537.05635492 108.55815348
556.49680256 110.39988010
502.88209432 115.31115108
513.52318145 125.95223821
490.60391687 98.12170264
478.53037570 111.83233413
517.41127098 95.46143086
562.43125500 175.47422062
590.46642686 190.61730616
607.65587530 209.64848122
430.23621103 195.73321343
437.19384492 202.38389289
511.68145484 259.68205436
525.18745004 276.46223022
553.01798561 293.65167866
527.23381295 216.70843325
549.74380496 226.94024780
558.33852918 242.49260592
573.89088729 238.80915268
619.52478018 245.66446843
635.89568345 253.44064748
596.19624301 262.44464428
605.40487610 266.94664269
644.89968026 225.20083933
668.43285372 247.50619504
657.58713030 221.31274980
672.73021583 221.72202238
699.12829736 239.32074341
718.15947242 254.46382894
722.04756195 278.81554756
686.85011990 295.59572342
649.19704237 289.45663469
633.03077538 275.33673062
557.31534772 280.86191047
522.32254197 307.05535572
500.83573141 303.78117506
722.45683453 225.20083933
706.49520384 211.49020783
688.48721023 204.12330136
730.43764988 170.76758593
758.47282174 176.29276579
709.97402078 188.16167066
725.93565148 202.28157474
785.89408473 160.74040767
775.25299760 146.82513989
751.51518785 110.80915268
714.47601918 117.56215028
709.97402078 147.02977618
696.87729816 166.26558753
734.73501199 130.04496403
697.49120703 107.33033573
837.66706635 124.51978417
850.14988010 139.04896083
819.65907274 150.91786571
805.94844125 140.27677858
808.40407674 177.72521982
831.11870504 187.75239808
832.96043165 208.01139089
842.98760991 83.18325340
857.10751399 195.32394085
858.94924061 218.85711431
875.52478018 217.42466027
893.94204636 202.07693845
897.62549960 178.54376499
912.15467626 177.52058353
920.74940048 196.55175859
903.35531575 218.44784173
937.32494005 206.37430056
933.23221423 219.67565947
914.20103917 241.16247002
868.97641886 237.68365308
881.45923261 139.86750600
892.50959233 152.55495604
924.63749001 139.25359712
921.77258193 129.43105516
927.91167066 110.19524380
942.85011990 113.67406075
773.20663469 217.22002398
772.79736211 241.98101519
744.96682654 225.40547562
895.47681855 254.66846523
891.58872902 240.75319744
868.26019185 263.46782574
832.85811351 261.21682654
815.05475620 255.28237410
838.58792966 293.34472422
863.96282974 284.34072742
893.22581934 283.72681855
873.99000799 305.82753797
923.10271783 295.18645084
923.51199041 258.76119105
937.63189448 271.65327738
957.89088729 288.84272582
958.30015987 274.92745803
961.57434053 252.62210232
979.99160671 264.28637090
1004.34332534 262.64928058
1013.14268585 277.38309353
978.96842526 234.61410871
947.45443645 238.50219824
977.74060751 199.62130296
979.17306155 188.98021583
945.61270983 194.09612310
809.32494005 220.90347722
802.36730616 295.18645084
779.65267786 290.68445244
784.35931255 307.87390088
1010.07314149 230.11211031
730.02837730 306.03217426
741.89728217 277.99700240
762.36091127 256.51019185
898.85331735 319.74280576
835.62070344 339.79716227
846.05715428 356.37270184
837.25779376 381.95223821
904.48081535 452.75639488
899.16027178 426.97222222
872.96682654 422.47022382
893.02118305 398.11850520
922.07953637 379.49660272
914.30335731 399.55095923
847.79656275 413.05695444
825.69584333 420.21922462
836.13229416 454.59812150
830.81175060 480.99620304
815.66866507 494.91147082
939.06434852 354.73561151
979.37769784 371.92505995
1004.54796163 359.23760991
1018.46322942 380.72442046
965.05315747 419.60531575
944.58952838 401.80195843
937.42725819 419.40067946
917.37290168 418.78677058
944.58952838 439.86430855
949.29616307 454.39348521
969.55515588 449.48221423
936.60871303 475.47102318
905.50399680 483.45183853
912.66626699 497.16247002
862.53037570 479.97302158
871.32973621 448.45903277
879.92446043 467.89948042
975.69424460 475.06175060
1013.75659472 443.75239808
1014.57513989 465.44384492
1018.05395683 425.53976819
738.72541966 471.37829736
983.87969624 604.57084333
973.64788169 582.06085132
941.31534772 571.82903677
873.17146283 555.66276978
899.97881695 554.84422462
846.56874500 565.48531175
820.78457234 575.51249001
803.39048761 576.12639888
832.65347722 592.70193845
880.94764189 527.01368905
915.94044764 516.98651079
961.77897682 524.55805356
942.54316547 501.84342526
970.16906475 500.00169864
1007.82214229 481.58443245
848.20583533 525.99050759
836.33693046 506.75469624
857.41446843 513.71233014
807.89248601 557.09522382
795.20503597 615.41656675
871.12509992 577.35421663
890.56554756 581.85621503
590.67106315 104.10221823
579.41606715 89.57304157
567.54716227 52.32923661
538.48880895 45.78087530
544.62789768 73.61141087
523.75499600 68.08623102
530.09872102 22.04306555
569.38888889 5.46752598
598.85651479 12.83443245
592.30815348 31.66097122
604.58633094 46.80405675
621.57114309 27.15897282
648.58313349 16.72252198
659.01958433 38.82324141
676.00439648 66.24450440
689.91966427 57.64978018
625.66386890 59.08223421
621.57114309 79.13659073
599.47042366 71.76968425
689.10111910 87.11740608
705.88129496 92.43794964
731.87010392 102.66976419
732.27937650 88.54986011
663.72621902 115.97112310
659.42885691 102.26049161
628.52877698 103.89758193
642.03477218 116.17575939
648.58313349 136.23011591
624.64068745 142.16456835
609.29296563 105.94394484
617.47841727 124.15657474
666.18185452 141.14138689
695.85411671 8.74170663
707.51838529 9.56025180
714.88529177 23.88479217
736.98601119 36.98151479
754.58473221 21.42915667
747.21782574 49.46432854
761.74700240 58.46832534
756.63109512 92.64258593
648.17386091 198.80275779
648.58313349 166.87949640
673.13948841 156.23840927
663.52158273 178.54376499
748.44564349 201.66766587
877.46882494 96.48461231
909.18745004 95.25679456
873.58073541 42.46063149
898.13709033 61.49180655
831.42565947 78.06734612
799.70703437 55.96662670
821.19384492 77.04416467
933.74380496 44.71163070
954.20743405 51.05535572
917.37290168 61.08253397
939.47362110 75.40707434
964.43924860 78.68125500
976.92206235 65.37989608
946.84052758 95.46143086
961.77897682 104.67006395
956.66306954 137.82114309
963.41606715 157.87549960
986.74460432 147.23441247
1006.79896083 134.95623501
998.81814548 122.67805755
1002.09232614 163.19604317
985.92605915 90.75479616
1015.59832134 103.03297362
1004.34332534 70.49580336
993.49760192 58.62689848
1017.23541167 46.75799361
991.65587530 21.42915667
831.63029576 19.79206635
791.31694644 24.29406475
867.44164668 8.53707034
961.57434053 338.47721823
996.56714628 339.70503597
940.70143885 314.53477218
1021.12350120 323.74340528
1022.76059153 346.45803357
41.32494005 508.84712230
119.70063949 213.85371703
269.59672262 504.34512390
311.13788969 4.70523581
372.32414069 520.92066347
376.62150280 510.07494005
380.10031974 592.49730216
346.74460432 538.06404876
441.69584333 6.08143485
482.41846523 4.64898082
498.99400480 17.74570344
484.46482814 23.06624700
500.22182254 65.83523181
830.30015987 539.84952038
913.38249400 342.17086331
976.41047162 320.98081535
720.41047162 7.16087130
851.17306155 13.29996003
756.99150849 295.60939061
417.36313686 207.63336663
978.97752248 128.86413586
643.44105894 96.12887113
3.05744256 27.58941059
229.13536464 514.52647353
251.64085914 518.61838162
319.15734266 202.51848152
