442.63145328 495.25752904
325.57949485 576.29350026
228.17262035 518.17679363
152.86646527 497.71316453
169.23736855 434.68518692
144.68101363 451.87463536
292.83768829 434.68518692
262.55151723 402.76192552
276.46678501 372.47575446
203.61626543 372.47575446
138.95119748 392.93938356
19.44360356 343.82667373
64.46358757 333.18558660
97.20539413 359.37903184
5.52833577 325.81868012
7.16542610 311.90341234
30.08469069 284.07287676
951.76654521 484.61644191
965.68181299 411.76592233
992.69380340 343.82667373
960.77054201 347.10085438
937.85127742 385.57247708
919.02473865 415.85864815
830.62186095 435.50373208
749.58588973 447.78190954
624.34847966 546.82587437
702.92881539 509.99134199
494.19979860 392.93938356
368.14384337 411.76592233
404.15983058 411.76592233
413.98237254 325.81868012
385.33329181 370.02011897
341.95039812 374.93138995
331.30931099 343.82667373
342.76894329 325.00013496
293.65623345 309.44777684
315.75695288 315.17759299
272.37405919 312.72195750
251.09188493 332.36704143
239.63225264 310.26632201
228.17262035 335.64122209
185.60827182 323.36304463
174.14863953 344.64521889
165.96318789 310.26632201
152.04792011 311.90341234
137.31410716 323.36304463
102.11666511 297.16959939
77.56031019 288.98414775
61.18940692 302.89941553
44.81850364 303.71796070
89.83848765 289.80269291
126.67302003 290.62123807
148.77373945 286.52851226
772.50515432 382.29829643
801.15423505 367.56448348
818.34368349 372.47575446
828.16622546 349.55648987
899.37965472 347.10085438
864.18221267 378.20557061
932.94000644 315.99613815
970.59308397 321.72595430
978.77853561 318.45177365
987.78253242 306.17359619
1013.15743250 323.36304463
1001.69780020 286.52851226
1013.15743250 284.07287676
1015.61306799 280.79869611
1006.60907118 271.79469931
1008.24616151 241.50852824
999.24216471 246.41979923
986.14544209 244.78270890
972.23017430 241.50852824
978.77853561 241.50852824
955.85927102 240.68998308
935.39564193 243.96416373
941.94400324 257.87943152
935.39564193 254.60525086
946.85527422 267.70197349
968.13744848 261.97215734
979.59708078 254.60525086
997.60507438 264.42779283
986.96398725 262.79070250
991.05671307 262.79070250
978.77853561 278.34306062
958.31490652 288.98414775
948.49236455 300.44378004
910.02074185 288.98414775
886.28293210 300.44378004
869.09348365 308.62923168
825.71058997 321.72595430
838.80731259 321.72595430
802.79132538 320.90740914
794.60587374 335.64122209
757.77134137 311.90341234
746.31170907 300.44378004
747.13025424 323.36304463
729.12226063 336.45976725
704.56590572 401.94338036
634.17102162 406.03610618
591.60667310 423.22555462
591.60667310 375.74993512
610.43321187 370.83866413
640.71938294 352.01212536
666.91282818 379.02411577
846.99276423 306.17359619
834.71458677 297.98814455
823.25495448 300.44378004
793.78732858 297.98814455
783.96478661 301.26232520
758.58988653 289.80269291
763.50115752 306.17359619
743.03752842 277.52451545
782.32769628 270.15760898
815.06950284 264.42779283
799.51714473 266.06488316
828.16622546 281.61724127
804.42841571 281.61724127
860.08948685 285.70996709
874.00475464 284.07287676
850.26694489 283.25433160
862.54512234 267.70197349
883.00875144 269.33906381
895.28692890 269.33906381
919.84328381 269.33906381
934.57709676 266.88342832
911.65783218 268.52051865
896.10547406 261.15361218
890.37565792 264.42779283
897.74256439 234.14162177
879.73457078 234.14162177
869.91202882 244.78270890
867.45639333 251.33107021
873.18620947 252.96816054
880.55311595 249.69397988
870.73057398 260.33506701
870.73057398 266.06488316
856.81530620 261.15361218
840.44440292 260.33506701
827.34768030 271.79469931
66.91922306 270.15760898
53.82250044 267.70197349
30.90323585 271.79469931
12.07669708 278.34306062
12.89524225 255.42379603
5.52833577 261.97215734
6.34688094 225.95617013
49.72977462 222.68198947
43.18141331 224.31907980
38.27014233 225.95617013
33.35887134 222.68198947
54.64104561 234.96016693
57.91522626 254.60525086
45.63704880 248.87543472
54.64104561 247.23834439
56.27813593 243.96416373
62.82649724 244.78270890
39.90723266 244.78270890
44.81850364 243.96416373
86.56430700 273.43178963
106.20939093 261.15361218
92.29412314 258.69797668
103.75375544 244.78270890
118.48756839 252.96816054
123.39883937 261.97215734
136.49556199 266.88342832
151.22937494 266.88342832
167.60027822 280.79869611
143.04392330 271.79469931
181.51554600 287.34705742
194.61226863 280.79869611
182.33409117 266.88342832
168.41882338 263.60924767
166.78173306 255.42379603
154.50355560 256.24234119
136.49556199 252.96816054
152.04792011 245.60125406
143.04392330 248.87543472
111.93920708 234.14162177
281.37805600 284.07287676
259.27733657 284.07287676
243.72497846 288.98414775
220.80571387 294.71396389
215.07589772 283.25433160
206.07190092 280.79869611
197.88644928 274.25033480
206.07190092 268.52051865
191.33808797 257.87943152
197.88644928 262.79070250
197.88644928 254.60525086
174.14863953 252.14961537
159.41482658 248.87543472
162.68900724 244.78270890
156.14064592 243.96416373
202.79772027 234.96016693
38.47477862 261.28483187
85.13185296 253.50865282
75.30931099 257.60137864
67.12385935 260.87555929
160.43800804 267.83319319
198.90963074 248.18810925
191.95199684 246.55101893
181.31090971 246.55101893
176.80891131 243.27683827
169.85127742 245.32320118
238.60907118 273.56300933
266.43960676 277.65573515
272.16942290 267.83319319
230.01434696 267.83319319
220.60107758 267.83319319
224.69380340 260.05701413
204.23017430 240.41193020
211.18780820 243.68611085
197.68181299 242.04902052
228.37725664 254.32719798
217.32689692 251.46228991
216.50835176 244.91392860
213.23417110 259.23846897
206.68580979 257.60137864
205.86726463 253.50865282
207.09508238 247.77883667
251.70579381 251.46228991
241.88325184 254.73647056
233.28852762 260.05701413
230.42361955 247.77883667
238.19979860 248.18810925
238.60907118 244.91392860
232.87925504 243.27683827
221.41962274 246.55101893
223.05671307 241.63974794
349.52194089 178.61177032
370.39484257 325.13135466
386.76574584 339.04662244
304.91122946 294.43591101
320.46358757 287.88754970
296.72577782 280.11137064
311.86886335 274.38155450
320.87286015 269.47028351
304.09268429 262.10337704
295.90723266 251.46228991
301.22777622 244.91392860
290.17741651 243.27683827
270.12305999 254.73647056
280.35487454 251.46228991
214.46198885 236.31920438
219.37325983 234.68211405
253.75215672 242.04902052
262.34688094 244.91392860
258.25415512 262.92192220
249.65943090 264.96828511
273.80651323 246.55101893
281.17341971 243.27683827
320.87286015 253.50865282
330.69540212 255.55501573
307.77613753 247.77883667
317.18940692 251.46228991
312.27813593 252.28083507
248.02234057 236.31920438
397.40683298 272.33519159
382.67302003 283.38555130
365.07429900 299.34718199
340.51794409 296.48227392
352.38684896 284.20409646
367.93920708 285.84118679
352.79612154 274.38155450
384.31011035 264.14973995
374.89684097 255.14574315
376.12465871 248.18810925
385.94720068 244.91392860
384.31011035 234.68211405
381.85447486 227.31520757
365.48357158 244.91392860
369.57629740 245.32320118
318.82649724 244.91392860
437.10627342 304.66772556
402.31810396 302.21209007
389.63065392 314.49026753
396.58828781 287.06900454
418.27973465 242.04902052
462.89044608 304.25845298
478.03353162 305.89554331
493.17661715 317.35517560
502.99915911 343.54862084
470.25735256 361.14734187
480.89843969 331.67971597
462.89044608 328.81480789
507.91043010 286.65973195
496.86007039 285.84118679
486.62825584 272.74446417
453.47717670 284.20409646
461.66262834 278.47428032
444.88245248 282.15773355
431.37645728 276.42791741
416.64264433 287.06900454
428.92082178 268.65173835
428.92082178 264.96828511
421.55391531 254.73647056
438.33409117 249.82519958
464.93680899 260.46628671
498.49716071 269.06101093
497.67861555 257.60137864
482.12625744 255.14574315
475.98716871 257.19210606
497.26934297 246.55101893
505.86406719 249.82519958
259.48197286 253.50865282
269.71378741 241.63974794
232.87925504 237.95629470
173.12545808 239.18411245
60.16622546 233.45429630
266.43960676 222.81320917
271.35087774 279.29282548
280.35487454 272.74446417
286.08469069 274.38155450
299.59068589 269.47028351
499.31570588 240.41193020
482.12625744 242.04902052
475.98716871 240.41193020
464.52753641 242.04902052
455.11426703 243.68611085
451.84008637 247.77883667
448.97517830 241.63974794
437.92481859 240.41193020
441.60827182 234.68211405
434.65063793 236.31920438
430.96718469 231.81720598
294.27014233 236.72847696
262.14224465 242.56061125
244.74815991 242.96988383
331.30931099 246.44870078
328.85367550 278.16732588
366.09748046 255.24806129
346.86166911 310.90913243
413.77773625 295.35677432
486.83289213 244.60697416
507.09188493 239.28643060
487.65143729 240.51424834
385.53792810 253.81560725
368.55311595 234.98906849
289.15423505 255.04342500
551.39564193 245.68131469
561.11586575 248.54622276
557.53473066 264.30321717
561.32050204 276.99066721
516.19819988 260.61976393
490.31170907 261.84758167
506.78493050 263.89394458
512.31011035 247.21608687
514.76574584 242.61177032
453.98876743 237.18890861
490.41402722 249.36476793
566.48590738 306.71408847
544.38518795 287.68291341
535.38119115 285.84118679
534.56264599 260.05701413
578.96872113 259.23846897
583.47071953 273.97228191
570.78326949 276.83718999
592.06544375 291.77563923
599.63698651 320.62935626
541.92955246 322.67571916
515.12219835 315.51344898
593.29326149 240.20729391
609.66416477 269.26564722
602.29725830 264.96828511
595.54426070 272.94910046
601.27407684 287.88754970
608.43634703 304.46308927
536.40437261 299.55181829
514.09901689 264.96828511
573.64817756 250.43910845
569.76008803 249.00665442
602.50189459 246.75565522
600.45553168 251.66692620
595.13498811 247.57420038
583.87999211 248.80201813
431.42595534 244.50465602
428.15177468 236.52384067
523.10301369 240.41193020
520.03346933 243.89074714
475.21812161 248.39274554
580.29885702 332.49826113
526.27487620 336.59098695
607.31084743 254.32719798
615.08702648 251.87156249
574.97831345 246.14174634
130.09901689 237.54702212
139.51228627 236.72847696
120.68574751 243.27683827
113.31884103 251.46228991
130.30365318 277.34878072
140.94474031 242.35597496
151.58582744 241.12815721
145.65137500 243.58379271
183.71372512 259.95469598
203.35880906 265.68451213
228.52907285 273.05141861
153.83682664 297.60777352
129.28047173 300.88195418
65.02467636 241.74206609
64.00149491 237.85397656
63.79685862 253.20169838
104.31484423 271.00505570
120.48111121 274.68850893
145.44673871 254.42951613
153.01828148 250.95069918
156.70173472 253.61097096
163.04545974 251.56460805
226.89198252 244.40233787
247.35561161 243.58379271
266.59142297 264.45669438
81.75535416 242.96988383
331.76475962 240.70591852
305.77719642 240.45959090
299.98849751 241.93755658
369.32972064 249.82004021
389.28225731 273.34432727
442.11953035 277.28556908
357.62915901 262.93698561
373.39412626 244.70874223
411.57490631 253.57653631
409.85061302 243.23077655
428.07885640 286.83076410
468.47658497 288.55505739
451.47997965 292.00364397
458.13082521 339.05221810
614.79518723 240.02851758
585.72852887 236.57993100
594.59632294 231.65337873
588.68446022 238.05789667
587.69914977 245.44772507
571.93418252 244.46241462
583.75790796 302.10307612
512.32290012 257.27145051
104.40437261 336.58894197
200.96479699 348.41266740
207.86197016 320.82397472
284.71618549 407.53129458
345.31277835 399.64881096
400.98281894 405.06801845
567.50028549 260.72003709
593.11835726 254.80817437
616.27315291 289.78669545
526.60990169 303.08838657
469.95455065 241.99913849
597.55225430 230.17541305
417.24044141 272.54376253
321.66532748 238.05789667
194.06762382 217.36637716
16.71174229 230.17541305
13.75581094 237.56524145
8.82925867 234.11665486
18.18970797 234.11665486
17.20439752 248.89631166
2.42474073 235.10196532
3.90270641 291.75731636
584.74321841 397.18553482
525.62459124 231.65337873
447.29241023 245.94038030
443.10484080 245.32456127
443.84382364 239.65902616
351.96362391 242.61495752
432.02009821 250.49744114
459.85511850 245.07823365
588.93078784 250.00478592
962.31768232 588.41958042
647.24075924 314.26173826
678.95304695 314.26173826
695.32067932 322.44555445
659.77222777 299.42857143
640.84715285 296.87112887
627.03696304 292.26773227
630.10589411 309.14685315
622.43356643 304.03196803
623.96803197 276.92307692
627.03696304 268.22777223
632.66333666 261.06693307
628.05994006 258.50949051
619.87612388 251.86013986
622.94505495 247.76823177
628.57142857 246.74525475
631.64035964 244.69930070
634.19780220 228.84315684
624.47952048 228.84315684
618.34165834 228.84315684
615.27272727 229.35464535
639.31268731 232.42357642
648.51948052 230.88911089
651.58841159 230.37762238
659.26073926 230.37762238
665.39860140 232.42357642
670.51348651 232.42357642
677.67432567 229.35464535
685.85814186 230.88911089
692.50749251 232.42357642
695.06493506 232.42357642
709.38661339 239.07292707
725.75424575 246.74525475
733.93806194 251.34865135
729.84615385 257.48651349
727.28871129 262.08991009
732.40359640 270.27372627
737.00699301 261.06693307
748.77122877 258.50949051
757.97802198 254.92907093
779.46053946 257.48651349
769.74225774 254.92907093
792.75924076 258.50949051
804.01198801 254.92907093
814.75324675 254.92907093
816.79920080 251.86013986
829.07492507 252.88311688
845.44255744 241.11888112
853.62637363 248.79120879
835.21278721 248.79120879
812.70729271 249.30269730
797.36263736 247.76823177
790.71328671 241.63036963
780.99500500 237.53846154
774.85714286 239.58441558
750.81718282 237.53846154
737.51848152 241.11888112
738.02997003 236.00399600
733.42657343 236.00399600
712.45554446 233.95804196
705.80619381 233.95804196
702.22577423 236.51548452
751.32867133 237.53846154
759.00099900 234.46953047
755.42057942 234.46953047
673.58241758 263.11288711
662.84115884 259.02097902
659.26073926 273.85414585
677.16283716 276.41158841
687.90409590 292.26773227
705.29470529 291.75624376
640.84715285 277.94605395
642.38161838 267.20479520
653.12287712 269.25074925
650.05394605 259.02097902
637.77822178 252.37162837
646.98501499 248.79120879
649.03096903 245.72227772
634.19780220 243.16483516
646.98501499 250.32567433
656.70329670 250.32567433
656.19180819 247.76823177
659.26073926 242.14185814
661.30669331 249.30269730
670.51348651 245.72227772
690.97302697 248.79120879
673.07092907 251.34865135
688.92707293 261.06693307
684.32367632 261.06693307
686.36963037 254.92907093
696.08791209 254.92907093
699.15684316 261.06693307
710.40959041 271.80819181
700.17982018 277.94605395
717.57042957 271.80819181
726.26573427 277.43456543
716.03596404 262.60139860
716.03596404 252.88311688
705.80619381 254.92907093
706.82917083 261.06693307
709.89810190 248.79120879
721.66233766 246.74525475
703.76023976 245.21078921
763.60439560 245.21078921
742.63336663 247.76823177
737.51848152 248.27972028
739.56443556 257.48651349
767.69630370 252.37162837
781.50649351 253.90609391
784.57542458 248.27972028
846.97702298 271.80819181
856.18381618 275.38861139
953.87812188 252.88311688
960.01598402 259.53246753
962.06193806 269.76223776
947.22877123 283.57242757
931.37262737 286.12987013
930.34965035 295.84815185
975.36063936 399.68031968
904.77522478 397.63436563
1019.34865135 305.05494505
