34.06643357 414.75924076
21.27922078 390.46353646
84.57592408 389.82417582
116.54395604 387.90609391
25.11538462 362.33166833
41.09940060 346.34765235
75.62487512 336.11788212
84.57592408 310.54345654
55.16533467 320.13386613
35.34515485 302.23176823
4.01648352 286.88711289
61.55894106 285.60839161
15.52497502 311.82217782
51.96853147 274.73926074
23.19730270 268.34565435
7.85264735 247.24675325
31.50899101 251.72227772
162.57792208 377.67632368
124.85564436 364.88911089
148.51198801 329.08491508
218.84165834 353.38061938
225.87462537 418.59540460
202.21828172 423.07092907
274.46603397 381.51248751
287.89260739 414.75924076
314.74575425 401.97202797
332.00849151 378.31568432
411.92857143 346.34765235
422.15834166 420.51348651
392.74775225 398.13586414
373.56693307 407.72627373
346.71378621 419.87412587
424.71578422 384.70929071
455.40509491 381.51248751
447.09340659 344.42957043
493.12737263 354.65934066
532.76773227 394.29970030
254.64585415 359.13486513
277.66283716 352.74125874
298.76173826 338.03596404
303.87662338 352.74125874
465.63486513 421.79220779
516.14435564 423.07092907
575.60489510 420.51348651
564.73576424 365.52847153
606.93356643 362.33166833
624.19630370 385.34865135
563.45704296 332.92107892
461.15934066 322.69130869
418.96153846 318.85514486
525.09540460 289.44455544
549.39110889 298.39560440
581.35914086 329.08491508
596.06443556 311.82217782
623.55694306 299.03496503
636.34415584 331.00299700
636.34415584 288.16583417
573.68681319 269.62437562
553.22727273 278.57542458
519.34115884 258.11588412
482.25824176 279.21478521
455.40509491 297.75624376
424.07642358 283.05094905
398.50199800 276.01798202
364.61588412 308.62537463
366.53396603 352.74125874
325.61488511 327.16683317
254.64585415 307.34665335
289.81068931 311.82217782
229.71078921 319.49450549
198.38211788 316.29770230
173.44705295 322.69130869
130.60989011 316.93706294
117.18331668 305.42857143
96.72377622 290.08391608
151.06943057 277.93606394
170.25024975 294.55944056
229.71078921 289.44455544
85.21528472 276.65734266
65.39510490 261.95204795
78.82167832 249.80419580
95.44505495 229.98401598
66.03446553 216.55744256
100.55994006 202.49150849
19.36113886 231.26273726
30.23026973 205.68831169
28.95154845 189.70429570
71.78871129 196.73726274
119.74075924 208.24575425
131.24925075 221.67232767
148.51198801 229.98401598
141.47902098 247.24675325
112.70779221 248.52547453
133.16733267 264.50949051
181.75874126 265.14885115
188.79170829 243.41058941
217.56293706 249.16483516
238.66183816 260.67332667
255.92457542 261.31268731
274.46603397 276.01798202
306.43406593 267.70629371
360.14035964 271.54245754
337.12337662 261.95204795
317.94255744 260.67332667
587.75274725 235.73826174
570.49000999 245.32867133
588.39210789 287.52647353
619.72077922 245.96803197
600.53996004 242.77122877
573.04745255 221.03296703
541.07942058 228.06593407
521.89860140 233.82017982
488.01248751 224.22977023
467.55294705 224.86913087
496.32417582 249.16483516
436.22427572 231.90209790
367.17332667 254.27972028
340.95954046 246.60739261
401.05944056 226.14785215
428.55194805 219.75424575
475.86463536 214.00000000
504.63586414 210.16383616
546.19430569 205.68831169
562.81768232 207.60639361
578.80169830 190.34365634
592.22827173 190.34365634
602.45804196 194.81918082
637.62287712 187.78621379
619.72077922 199.93406593
631.86863137 151.34265734
615.88461538 144.30969031
597.34315684 153.90009990
570.49000999 140.47352647
584.55594406 141.75224775
605.01548452 121.29270729
576.24425574 173.72027972
587.11338661 169.24475524
624.19630370 125.76823177
631.86863137 128.96503497
603.09740260 101.47252747
576.24425574 120.01398601
555.78471528 137.91608392
538.52197802 137.91608392
537.24325674 153.26073926
528.93156843 169.88411588
550.66983017 161.57242757
556.42407592 180.11388611
544.91558442 178.83516484
528.29220779 192.90109890
514.22627373 185.86813187
489.93056943 193.54045954
477.14335664 202.49150849
450.29020979 192.26173826
501.43906094 171.80219780
497.60289710 155.17882118
470.74975025 166.04795205
443.25724276 179.47452547
317.94255744 47.76623377
436.86363636 210.16383616
474.42607393 146.86713287
457.48301698 151.98201798
402.17832168 193.54045954
409.85064935 199.29470529
423.59690310 205.36863137
389.07142857 204.72927073
383.31718282 219.11488511
352.94755245 223.59040959
326.41408591 192.26173826
357.10339660 169.56443556
375.64485514 180.43356643
386.19430569 164.12987013
358.70179820 150.06393606
347.83266733 137.91608392
377.56293706 138.87512488
397.06343656 144.94905095
424.55594406 158.37562438
433.18731269 141.11288711
448.21228771 140.47352647
442.13836164 119.69430569
419.44105894 110.10389610
469.95054945 111.70229770
482.41808192 128.32567433
496.48401598 112.34165834
497.76273726 136.63736264
519.50099900 137.27672328
528.13236763 123.21078921
605.49500500 147.50649351
563.29720280 100.19380619
573.20729271 109.46453546
550.82967033 122.57142857
537.72277722 118.09590410
536.76373626 109.46453546
527.49300699 108.50549451
620.83966034 99.23476523
582.79770230 102.75124875
595.90459540 80.69330669
596.86363636 93.48051948
585.67482517 94.75924076
436.70379620 105.30869131
422.31818182 92.84115884
403.13736264 120.01398601
390.35014985 129.60439560
367.65284715 105.30869131
385.55494505 112.34165834
361.89860140 117.77622378
335.04545455 161.25274725
346.55394605 186.18781219
338.56193806 176.59740260
320.34015984 156.77722278
494.88561439 71.74225774
507.67282717 73.02097902
522.05844156 71.42257742
511.18931069 59.91408591
567.77272727 71.74225774
631.06943057 71.42257742
603.89660340 66.62737263
605.81468531 55.75824176
595.90459540 57.99600400
619.56093906 64.06993007
566.17432567 38.49550450
514.70579421 45.84815185
507.67282717 47.12687313
444.37612388 69.18481518
437.02347652 73.66033966
431.26923077 67.58641359
456.52397602 89.64435564
419.44105894 59.91408591
448.85164835 74.61938062
549.87062937 47.76623377
585.83466533 44.56943057
581.99850150 63.11088911
454.76573427 57.99600400
415.76473526 79.09490509
290.45004995 249.16483516
502.07842158 94.43956044
538.52197802 88.04595405
208.61188811 78.45554446
191.98851149 75.89810190
184.95554446 68.22577423
200.93956044 66.30769231
209.89060939 66.94705295
225.87462537 85.48851149
225.23526474 71.42257742
239.94055944 66.94705295
249.53096903 66.94705295
176.64385614 73.34065934
159.38111888 77.81618382
165.77472527 80.37362637
128.69180819 75.25874126
60.91958042 73.34065934
112.70779221 74.61938062
90.96953047 72.06193806
393.38711289 69.50449550
375.48501499 68.86513487
366.53396603 65.02897103
358.22227772 70.14385614
385.71478521 69.50449550
282.77772228 66.94705295
271.90859141 72.06193806
240.26023976 231.58241758
260.08041958 238.61538462
268.07242757 209.84415584
275.42507493 190.98301698
293.00749251 212.40159840
307.39310689 221.03296703
277.02347652 232.22177822
311.22927073 199.93406593
300.36013986 185.22877123
216.60389610 213.68031968
186.87362637 221.99200799
171.20929071 214.00000000
158.10239760 207.60639361
143.07742258 200.25374625
119.10139860 195.13886114
75.94455544 174.67932068
68.27222777 161.57242757
91.60889111 157.73626374
114.30619381 177.55644356
129.33116883 176.91708292
125.49500500 161.89210789
140.20029970 151.02297702
183.03746254 155.49850150
191.98851149 174.03996004
166.09440559 185.22877123
182.39810190 191.94205794
198.06243756 154.85914086
217.88261738 168.28571429
232.26823177 171.80219780
206.69380619 199.93406593
257.20329670 180.75324675
272.22827173 174.67932068
279.90059940 166.04795205
278.94155844 138.23576424
239.94055944 137.27672328
272.22827173 114.57942058
247.61288711 118.41558442
213.08741259 140.15384615
229.71078921 125.12887113
225.87462537 131.20279720
214.68581419 119.05494505
228.75174825 111.38261738
205.09540460 122.57142857
198.38211788 128.96503497
186.23426573 125.76823177
181.11938062 140.15384615
160.65984016 151.02297702
164.81568432 139.83416583
173.12737263 132.48151848
153.30719281 130.56343656
157.14335664 118.73526474
149.15134865 104.98901099
132.52797203 120.97302697
101.83866134 134.39960040
90.64985015 133.44055944
77.86263736 143.67032967
64.75574426 129.28471528
83.29720280 125.76823177
95.76473526 117.77622378
81.69880120 114.89910090
102.15834166 107.22677323
139.56093906 106.58741259
128.69180819 106.58741259
114.94555445 150.38361638
240.57992008 199.61438561
207.01348651 182.35164835
178.24225774 84.52947053
143.71678322 89.64435564
125.49500500 84.52947053
230.03046953 153.90009990
273.50699301 97.63636364
153.30719281 167.96603397
319.86063936 142.07192807
317.94255744 131.20279720
304.19630370 155.17882118
293.96653347 140.47352647
362.69780220 153.26073926
93.52697303 76.53746254
74.66583417 76.53746254
194.54595405 114.25974026
180.79970030 115.85814186
22.07842158 158.69530470
8.65184815 173.72027972
5.77472527 189.70429570
35.50499500 172.12187812
43.49700300 153.26073926
43.49700300 142.39160839
27.19330669 139.19480519
5.45504496 139.51448551
16.00449550 136.95704296
12.80769231 123.53046953
3.21728272 122.25174825
25.59490509 120.01398601
41.57892108 126.72727273
38.06243756 115.53846154
50.52997003 118.09590410
59.48101898 150.70329670
55.32517483 133.76023976
55.32517483 134.39960040
58.52197802 141.43256743
30.39010989 56.39760240
29.11138861 66.62737263
5.45504496 68.86513487
11.84865135 75.25874126
21.75874126 75.25874126
19.52097902 63.11088911
10.25024975 61.83216783
70.35014985 63.75024975
166.25424575 63.11088911
184.79570430 58.95504496
143.55694306 67.90609391
106.79370629 64.70929071
127.89260739 62.79120879
121.81868132 54.47952048
115.10539461 54.47952048
165.93456543 54.15984016
169.13136863 117.45654346
254.16633367 162.21178821
242.97752248 172.12187812
235.94455544 225.18881119
109.51098901 126.40759241
92.88761239 59.27472527
402.97752248 96.99700300
395.94455544 95.71828172
381.23926074 98.91508492
463.71678322 126.40759241
461.15934066 112.98101898
214.36613387 106.58741259
193.90659341 201.21278721
53.24725275 172.44155844
430.47002997 47.12687313
526.37412587 362.33166833
402.33816184 45.20879121
417.68281718 45.20879121
408.09240759 43.29070929
402.97752248 53.52047952
374.84565435 41.37262737
381.87862138 40.73326673
589.67082917 111.70229770
546.83366633 100.19380619
542.99750250 95.07892108
536.60389610 95.07892108
511.02947053 100.19380619
11.04945055 111.70229770
13.60689311 101.47252747
23.83666334 105.94805195
170.88961039 109.78421578
