108.83282051 636.19282051
499.70324786 611.65766382
822.89048433 466.13880342
5.61595442 517.74723647
3.07783476 408.60809117
86.83578348 377.30461538
60.60854701 291.85458689
3.07783476 302.85310541
56.37834758 238.55407407
58.91646724 211.48079772
43.68774929 197.09811966
3.07783476 202.17435897
4.76991453 177.63920228
18.30655271 153.10404558
32.68923077 170.87088319
57.22438746 179.33128205
36.91943020 158.18028490
68.22290598 170.02484330
70.76102564 162.41048433
88.87794872 157.54575499
67.72695157 149.93139601
71.11111111 147.39327635
74.91829060 143.58609687
25.42495726 135.97173789
97.33834758 157.12273504
105.79874644 155.00763533
97.76136752 145.70119658
87.60888889 147.81629630
78.72547009 154.16159544
90.57002849 141.89401709
104.52968661 146.12421652
119.33538462 151.20045584
124.83464387 160.50689459
132.02598291 157.96877493
135.41014245 154.16159544
141.33242165 155.43065527
1.38575499 167.48672365
22.53675214 179.33128205
2.23179487 149.71988604
393.10222222 142.10552707
374.48934473 142.10552707
385.48786325 138.72136752
379.56558405 139.56740741
370.25914530 136.18324786
399.02450142 138.50985755
360.52968661 151.20045584
360.52968661 144.00911681
360.52968661 138.93287749
352.91532764 143.16307692
349.53116809 138.50985755
352.91532764 137.24079772
342.76284900 141.04797721
343.60888889 133.43361823
333.87943020 135.12569801
340.22472934 137.66381766
393.94826211 138.93287749
328.38017094 138.50985755
321.18883191 143.16307692
315.26655271 145.27817664
307.22917379 142.31703704
302.99897436 140.62495726
309.34427350 135.12569801
297.49971510 136.81777778
294.96159544 142.74005698
287.77025641 143.16307692
290.30837607 138.08683761
275.07965812 133.85663818
282.69401709 138.08683761
278.88683761 139.77891738
270.42643875 138.93287749
256.88980057 139.77891738
243.77618234 145.27817664
235.73880342 137.66381766
227.27840456 145.70119658
221.35612536 143.16307692
215.85686610 143.58609687
212.89572650 145.70119658
211.20364672 139.77891738
205.70438746 142.74005698
198.93606838 143.16307692
190.89868946 142.31703704
181.59225071 143.16307692
173.55487179 142.74005698
166.78655271 140.62495726
154.94199430 138.93287749
161.28729345 143.16307692
176.93903134 142.74005698
250.54450142 142.74005698
261.96603989 142.74005698
267.04227920 142.31703704
298.34575499 142.31703704
581.76911681 597.27498575
617.30279202 593.89082621
689.21618234 580.35418803
734.90233618 571.89378917
542.00524217 527.05367521
526.77652422 498.28831909
408.33094017 503.36455840
447.24877493 532.12991453
428.63589744 499.98039886
383.79578348 480.52148148
407.48490028 441.60364672
425.25173789 454.29424501
444.71065527 444.98780627
435.40421652 440.75760684
424.40569801 423.83680912
389.71806268 429.75908832
430.32797721 411.99225071
465.01561254 417.91452991
483.62849003 443.29572650
499.70324786 440.75760684
503.08740741 469.52296296
492.08888889 461.90860399
455.70917379 469.52296296
472.62997151 475.44524217
495.47304843 479.67544160
576.69287749 486.44376068
721.36569801 494.90415954
734.05629630 481.36752137
720.51965812 472.90712251
689.21618234 487.28980057
689.21618234 470.36900285
667.21914530 482.21356125
647.76022792 470.36900285
627.45527066 464.44672365
609.68843305 458.52444444
579.23099715 453.44820513
609.68843305 434.83532764
592.76763533 434.83532764
598.68991453 427.22096866
623.22507123 448.37196581
641.83794872 455.98632479
660.45082621 464.44672365
684.98598291 455.98632479
675.67954416 444.14176638
719.67361823 449.21800570
732.36421652 465.29276353
654.52854701 445.83384615
646.91418803 432.29720798
642.68398860 422.14472934
607.99635328 424.68284900
618.14883191 416.22245014
622.37903134 407.76205128
598.68991453 407.76205128
583.46119658 412.83829060
571.61663818 423.83680912
558.08000000 433.14324786
544.54336182 429.75908832
549.61960114 428.91304843
537.77504274 421.29868946
520.85424501 422.99076923
563.15623932 425.52888889
558.08000000 412.83829060
570.77059829 416.22245014
570.77059829 393.37937322
575.00079772 381.53481481
561.46415954 390.84125356
558.08000000 397.60957265
551.31168091 408.60809117
540.31316239 403.53185185
536.92900285 411.99225071
513.23988604 411.99225071
497.16512821 404.37789174
480.24433048 401.83977208
477.70621083 397.60957265
459.09333333 397.60957265
504.77948718 404.37789174
507.31760684 391.68729345
491.24284900 390.84125356
522.54632479 391.68729345
514.93196581 386.61105413
519.16216524 376.45857550
506.47156695 383.22689459
525.08444444 371.38233618
528.46860399 366.30609687
548.77356125 383.22689459
540.31316239 381.53481481
545.38940171 362.92193732
558.08000000 374.76649573
563.15623932 368.84421652
565.69435897 378.15065527
569.92455840 366.30609687
581.76911681 368.84421652
576.69287749 375.61253561
588.53743590 366.30609687
606.30427350 367.99817664
593.61367521 383.22689459
596.15179487 393.37937322
488.70472934 374.76649573
472.62997151 384.07293447
460.78541311 389.99521368
451.47897436 392.53333333
404.94678063 398.45561254
393.10222222 408.60809117
384.64182336 401.83977208
377.02746439 408.60809117
344.87794872 430.60512821
355.03042735 401.83977208
348.26210826 406.91601140
310.19031339 407.76205128
284.80911681 409.45413105
283.11703704 377.30461538
294.96159544 378.99669516
287.34723647 372.22837607
369.41310541 389.14917379
378.71954416 379.84273504
384.64182336 381.53481481
405.79282051 371.38233618
417.63737892 388.30313390
433.71213675 377.30461538
440.48045584 382.38085470
445.55669516 390.84125356
454.01709402 376.45857550
441.32649573 369.69025641
446.40273504 365.46005698
453.17105413 368.84421652
464.16957265 367.99817664
466.70769231 361.22985755
474.32205128 364.61401709
487.01264957 362.07589744
489.55076923 351.92341880
498.01116809 356.15361823
505.62552707 367.99817664
515.77800570 356.99965812
523.39236467 352.76945869
509.85572650 348.53925926
527.62256410 346.00113960
513.23988604 343.46301994
515.77800570 338.38678063
518.31612536 334.15658120
534.39088319 356.15361823
536.08296296 347.69321937
542.00524217 342.61698006
557.23396011 355.30757835
565.69435897 354.46153846
570.77059829 356.15361823
552.15772080 345.15509972
547.08148148 350.23133903
564.00227920 346.84717949
584.30723647 348.53925926
577.53891738 346.84717949
580.07703704 340.92490028
592.76763533 355.30757835
598.68991453 359.53777778
603.76615385 355.30757835
607.15031339 362.92193732
610.53447293 347.69321937
618.14883191 337.54074074
620.68695157 347.69321937
633.37754986 346.00113960
390.56410256 367.15213675
370.25914530 373.92045584
354.18438746 377.30461538
344.87794872 367.99817664
331.34131054 367.99817664
336.41754986 382.38085470
313.57447293 360.38381766
297.49971510 350.23133903
281.42495726 355.30757835
274.65663818 360.38381766
404.10074074 353.61549858
420.17549858 357.84569801
415.94529915 367.15213675
435.40421652 356.99965812
443.01857550 352.76945869
455.70917379 352.76945869
469.24581197 347.69321937
478.55225071 354.46153846
459.93937322 341.77094017
451.47897436 344.30905983
448.94085470 339.23282051
440.48045584 340.92490028
443.01857550 330.77242165
455.70917379 330.77242165
459.09333333 319.77390313
451.47897436 323.15806268
441.32649573 324.85014245
436.25025641 337.54074074
432.02005698 333.31054131
427.78985755 340.07886040
429.48193732 332.46450142
416.79133903 332.46450142
418.48341880 332.46450142
415.09925926 342.61698006
427.78985755 353.61549858
415.94529915 349.38529915
401.56262108 345.15509972
405.79282051 324.85014245
391.41014245 334.15658120
355.87646724 348.53925926
366.02894587 346.84717949
361.79874644 340.92490028
369.41310541 334.15658120
372.79726496 329.08034188
379.56558405 314.69766382
390.56410256 314.69766382
391.41014245 328.23430199
391.41014245 321.46598291
387.17994302 324.00410256
380.41162393 356.99965812
366.87498575 353.61549858
352.49230769 339.23282051
355.03042735 325.69618234
344.03190883 333.31054131
341.49378917 340.07886040
335.57150997 345.15509972
332.18735043 337.54074074
327.95715100 348.53925926
316.95863248 351.92341880
306.80615385 343.46301994
293.26951567 340.07886040
272.96455840 352.76945869
269.58039886 348.53925926
266.19623932 344.30905983
259.42792023 337.54074074
248.42940171 351.07737892
246.73732194 369.69025641
249.27544160 335.84866097
256.88980057 328.23430199
275.50267806 342.61698006
283.96307692 346.84717949
276.34871795 330.77242165
268.73435897 326.54222222
265.35019943 313.00558405
265.35019943 318.08182336
258.58188034 320.61994302
256.04376068 318.08182336
180.74621083 307.92934473
195.97492877 309.62142450
199.35908832 300.31498575
211.20364672 314.69766382
206.97344729 318.08182336
234.04672365 321.46598291
299.19179487 328.23430199
293.26951567 323.15806268
200.20512821 271.54962963
213.74176638 284.24022792
209.51156695 264.78131054
172.28581197 280.01002849
194.28284900 261.39715100
174.82393162 214.86495726
195.97492877 209.78871795
202.74324786 235.16991453
202.74324786 229.24763533
221.35612536 223.32535613
231.50860399 226.70951567
233.20068376 221.63327635
245.04524217 206.40455840
255.19772080 225.86347578
250.96752137 219.94119658
245.04524217 219.94119658
254.35168091 230.93971510
249.27544160 229.24763533
261.12000000 240.24615385
253.50564103 241.09219373
243.35316239 241.09219373
235.73880342 234.32387464
224.74028490 206.40455840
237.43088319 248.70655271
227.27840456 232.63179487
240.81504274 259.70507123
239.12296296 252.09071225
257.73584046 251.24467236
266.19623932 247.01447293
273.81059829 259.70507123
268.73435897 253.78279202
261.12000000 267.31943020
266.19623932 269.01150997
261.96603989 277.47190883
248.42940171 276.62586895
245.89128205 270.70358974
271.27247863 285.08626781
272.96455840 276.62586895
279.73287749 272.39566952
288.19327635 281.70210826
290.73139601 271.54962963
287.34723647 243.63031339
290.73139601 224.17139601
307.65219373 227.55555556
295.80763533 280.85606838
303.42199430 276.62586895
307.65219373 281.70210826
302.57595442 287.62438746
291.57743590 291.85458689
284.80911681 297.77686610
276.34871795 296.08478632
294.11555556 297.77686610
289.88535613 306.23726496
300.03783476 308.77538462
274.65663818 320.61994302
275.50267806 318.08182336
265.35019943 293.54666667
322.88091168 324.85014245
327.11111111 318.08182336
324.57299145 320.61994302
321.18883191 316.38974359
318.65071225 313.00558405
335.57150997 315.54370370
330.49527066 307.08330484
332.18735043 305.39122507
320.34279202 296.93082621
320.34279202 301.16102564
313.57447293 287.62438746
309.34427350 263.08923077
316.11259259 273.24170940
308.49823362 274.93378917
305.96011396 271.54962963
318.65071225 281.70210826
327.95715100 281.70210826
328.80319088 293.54666667
335.57150997 293.54666667
342.33982906 291.85458689
353.33834758 302.00706553
344.87794872 313.00558405
343.18586895 306.23726496
354.18438746 313.00558405
360.10666667 307.92934473
365.18290598 302.85310541
366.87498575 310.46746439
372.79726496 308.77538462
370.25914530 298.62290598
358.41458689 294.39270655
360.10666667 291.85458689
349.10814815 289.31646724
349.95418803 285.08626781
342.33982906 279.16398860
334.72547009 284.24022792
329.64923077 280.01002849
329.64923077 277.47190883
333.87943020 275.77982906
333.03339031 271.54962963
326.26507123 271.54962963
299.19179487 236.86199430
294.11555556 228.40159544
284.80911681 230.09367521
188.36056980 231.78575499
325.41903134 234.32387464
319.49675214 236.86199430
313.57447293 242.78427350
336.41754986 232.63179487
337.26358974 238.55407407
347.41606838 248.70655271
349.10814815 258.01299145
339.80170940 257.16695157
338.95566952 252.09071225
333.03339031 254.62883191
324.57299145 250.39863248
320.34279202 254.62883191
325.41903134 258.85903134
336.41754986 262.24319088
328.80319088 264.78131054
343.18586895 269.01150997
343.18586895 265.62735043
356.72250712 260.55111111
352.49230769 270.70358974
356.72250712 269.85754986
368.56706553 258.01299145
368.56706553 255.47487179
375.33538462 261.39715100
382.10370370 262.24319088
383.79578348 267.31943020
373.64330484 271.54962963
366.87498575 264.78131054
364.33686610 271.54962963
363.49082621 281.70210826
368.56706553 281.70210826
374.48934473 278.31794872
383.79578348 277.47190883
379.56558405 280.01002849
389.71806268 279.16398860
391.41014245 276.62586895
394.79430199 272.39566952
389.71806268 265.62735043
377.87350427 301.16102564
377.87350427 306.23726496
382.10370370 309.62142450
385.48786325 303.69914530
393.10222222 306.23726496
398.17846154 307.08330484
401.56262108 309.62142450
406.63886040 312.15954416
402.40866097 319.77390313
397.33242165 316.38974359
399.02450142 276.62586895
405.79282051 272.39566952
414.25321937 274.08774929
418.48341880 250.39863248
436.25025641 252.09071225
446.40273504 250.39863248
460.78541311 244.47635328
472.62997151 247.01447293
478.55225071 236.86199430
485.32056980 237.70803419
498.01116809 244.47635328
518.31612536 239.40011396
513.23988604 241.93823362
437.94233618 269.01150997
426.09777778 272.39566952
422.71361823 283.39418803
414.25321937 296.08478632
410.86905983 307.08330484
415.94529915 307.92934473
421.86757835 304.54518519
421.02153846 299.46894587
422.71361823 307.92934473
426.09777778 316.38974359
417.63737892 317.23578348
435.40421652 312.15954416
443.86461538 305.39122507
441.32649573 320.61994302
455.70917379 307.08330484
460.78541311 300.31498575
465.01561254 301.16102564
457.40125356 289.31646724
458.24729345 285.93230769
466.70769231 288.47042735
487.85868946 274.08774929
492.93492877 277.47190883
433.71213675 293.54666667
431.17401709 295.23874644
486.16660969 292.70062678
481.09037037 285.08626781
476.01413105 294.39270655
478.55225071 298.62290598
476.01413105 302.00706553
470.93789174 305.39122507
464.16957265 309.62142450
469.24581197 315.54370370
474.32205128 307.92934473
480.24433048 312.15954416
475.16809117 322.31202279
470.09185185 329.92638177
470.09185185 332.46450142
482.78245014 329.92638177
479.39829060 326.54222222
487.85868946 323.15806268
486.16660969 339.23282051
490.39680912 335.00262108
486.16660969 346.00113960
497.16512821 329.08034188
509.00968661 325.69618234
513.23988604 324.00410256
532.69880342 331.61846154
543.69732194 324.85014245
557.23396011 331.61846154
494.62700855 308.77538462
486.16660969 308.77538462
487.01264957 300.31498575
493.78096866 299.46894587
499.70324786 301.16102564
503.08740741 293.54666667
506.47156695 296.08478632
515.77800570 296.93082621
507.31760684 316.38974359
505.62552707 309.62142450
509.85572650 311.31350427
515.77800570 313.00558405
514.93196581 313.85162393
522.54632479 303.69914530
526.77652422 321.46598291
526.77652422 317.23578348
530.16068376 308.77538462
537.77504274 318.92786325
541.15920228 313.00558405
551.31168091 318.08182336
558.92603989 316.38974359
563.15623932 324.85014245
573.30871795 324.00410256
585.99931624 318.92786325
591.07555556 340.07886040
572.46267806 330.77242165
542.85128205 335.84866097
604.61219373 340.92490028
503.93344729 280.85606838
517.47008547 282.54814815
530.16068376 263.93527066
521.70028490 278.31794872
540.31316239 272.39566952
540.31316239 242.78427350
528.46860399 245.32239316
530.16068376 289.31646724
537.77504274 299.46894587
537.77504274 291.00854701
554.69584046 301.16102564
543.69732194 296.93082621
543.69732194 303.69914530
553.84980057 312.15954416
564.84831909 310.46746439
564.84831909 302.85310541
573.30871795 303.69914530
596.15179487 331.61846154
585.99931624 326.54222222
599.53595442 318.08182336
621.53299145 322.31202279
548.77356125 272.39566952
560.61811966 250.39863248
561.46415954 269.01150997
569.92455840 272.39566952
580.92307692 265.62735043
580.92307692 280.85606838
574.15475783 281.70210826
561.46415954 283.39418803
553.00376068 280.85606838
558.08000000 274.93378917
555.54188034 288.47042735
554.69584046 291.00854701
562.31019943 293.54666667
574.15475783 295.23874644
580.07703704 291.85458689
581.76911681 285.08626781
585.15327635 298.62290598
573.30871795 316.38974359
577.53891738 312.15954416
580.92307692 307.08330484
591.92159544 297.77686610
591.07555556 282.54814815
596.15179487 280.85606838
604.61219373 280.01002849
597.84387464 289.31646724
607.15031339 292.70062678
604.61219373 301.16102564
600.38199430 309.62142450
595.30575499 303.69914530
622.37903134 289.31646724
628.30131054 318.08182336
624.91715100 296.08478632
638.45378917 292.70062678
633.37754986 294.39270655
634.22358974 329.08034188
624.91715100 334.15658120
643.53002849 331.61846154
645.22210826 343.46301994
642.68398860 339.23282051
657.06666667 329.08034188
644.37606838 324.00410256
648.60626781 296.08478632
662.14290598 314.69766382
664.68102564 305.39122507
662.98894587 300.31498575
676.52558405 302.85310541
678.21766382 308.77538462
685.83202279 302.85310541
700.21470085 318.92786325
693.44638177 312.15954416
699.36866097 311.31350427
691.75430199 319.77390313
688.37014245 333.31054131
695.13846154 333.31054131
699.36866097 332.46450142
709.52113960 324.00410256
697.67658120 348.53925926
706.13698006 346.00113960
719.67361823 337.54074074
713.75133903 346.00113960
729.82609687 333.31054131
713.75133903 335.00262108
667.21914530 340.92490028
661.29686610 341.77094017
667.21914530 327.38826211
728.13401709 345.15509972
744.20877493 340.07886040
748.43897436 329.08034188
668.06518519 595.58290598
723.05777778 313.00558405
713.75133903 313.00558405
734.90233618 314.69766382
724.74985755 301.16102564
709.52113960 307.08330484
705.29094017 296.08478632
708.67509972 285.93230769
700.21470085 289.31646724
723.90381766 281.70210826
727.28797721 288.47042735
745.05481481 300.31498575
754.36125356 299.46894587
756.89937322 307.08330484
747.59293447 311.31350427
751.82313390 310.46746439
763.66769231 309.62142450
770.43601140 301.16102564
766.20581197 296.08478632
765.35977208 288.47042735
756.89937322 286.77834758
749.28501425 291.85458689
746.74689459 290.16250712
747.59293447 280.01002849
753.51521368 279.16398860
769.58997151 283.39418803
774.66621083 281.70210826
789.89492877 282.54814815
783.97264957 281.70210826
782.28056980 276.62586895
782.28056980 268.16547009
787.35680912 261.39715100
792.43304843 261.39715100
792.43304843 269.85754986
828.81276353 250.39863248
860.11623932 285.93230769
843.19544160 296.93082621
806.81572650 298.62290598
783.97264957 314.69766382
767.05185185 324.85014245
771.28205128 320.61994302
758.59145299 327.38826211
791.58700855 296.93082621
780.58849003 302.00706553
783.97264957 294.39270655
813.58404558 274.93378917
815.27612536 279.16398860
818.66028490 285.08626781
815.27612536 256.32091168
816.12216524 250.39863248
823.73652422 254.62883191
804.27760684 247.01447293
794.97116809 246.16843305
810.19988604 260.55111111
805.12364672 265.62735043
803.43156695 258.01299145
800.89344729 268.16547009
794.97116809 257.16695157
788.20284900 252.09071225
784.81868946 252.09071225
791.58700855 252.09071225
576.69287749 248.91806268
581.34609687 248.07202279
573.73173789 247.64900285
569.07851852 234.95840456
581.34609687 237.07350427
586.84535613 240.03464387
589.80649573 236.22746439
594.03669516 234.95840456
593.19065527 250.18712251
596.99783476 242.14974359
601.22803419 241.30370370
613.49561254 234.95840456
603.76615385 231.57424501
613.07259259 225.65196581
606.30427350 226.49800570
600.38199430 225.65196581
617.72581197 231.99726496
617.72581197 242.14974359
612.22655271 246.37994302
604.61219373 240.45766382
599.11293447 251.45618234
636.76170940 249.34108262
634.22358974 245.95692308
631.26245014 234.95840456
627.45527066 232.42028490
623.64809117 232.84330484
640.14586895 231.57424501
644.37606838 224.80592593
640.14586895 225.22894587
595.72877493 272.18415954
599.95897436 272.60717949
605.45823362 276.41435897
608.84239316 271.76113960
608.84239316 266.26188034
613.07259259 262.03168091
617.72581197 264.56980057
616.45675214 267.10792023
614.34165242 270.49207977
612.64957265 276.41435897
614.34165242 283.60569801
624.07111111 284.87475783
616.03373219 289.95099715
619.41789174 277.68341880
620.68695157 269.64603989
624.91715100 264.14678063
629.14735043 264.56980057
632.53150997 273.03019943
636.76170940 267.10792023
627.03225071 275.14529915
624.91715100 271.33811966
630.41641026 284.87475783
632.10849003 278.52945869
636.76170940 286.14381766
643.53002849 289.52797721
645.64512821 291.64307692
651.56740741 290.37401709
659.18176638 290.79703704
666.79612536 289.52797721
672.29538462 288.68193732
678.64068376 289.10495726
684.13994302 287.83589744
687.10108262 284.87475783
695.98450142 282.33663818
706.56000000 274.29925926
713.75133903 267.95396011
717.13549858 273.45321937
721.36569801 297.14233618
706.98301994 302.21857550
718.82757835 290.37401709
731.09515670 289.52797721
736.59441595 289.52797721
728.55703704 281.49059829
735.74837607 280.64455840
726.86495726 275.56831909
738.70951567 275.56831909
737.01743590 269.64603989
730.24911681 269.22301994
742.09367521 254.84034188
736.17139601 251.87920228
748.86199430 257.80148148
753.09219373 256.10940171
758.16843305 248.49504274
761.55259259 261.18564103
770.43601140 248.91806268
773.82017094 246.37994302
777.20433048 252.30222222
778.89641026 246.80296296
779.31943020 242.99578348
780.16547009 259.91658120
774.66621083 273.03019943
770.01299145 277.26039886
761.97561254 281.49059829
759.86051282 276.41435897
756.89937322 273.87623932
764.51373219 245.95692308
771.28205128 244.26484330
762.82165242 238.34256410
754.36125356 238.34256410
746.74689459 233.26632479
754.78427350 245.11088319
749.70803419 248.49504274
740.82461538 241.30370370
746.32387464 241.30370370
736.59441595 232.84330484
729.40307692 231.15122507
737.44045584 238.34256410
730.67213675 243.84182336
727.28797721 254.41732194
715.44341880 263.30074074
712.05925926 255.68638177
719.67361823 237.07350427
718.40455840 231.99726496
729.82609687 218.88364672
701.06074074 222.69082621
694.29242165 223.53686610
705.71396011 227.76706553
708.25207977 230.72820513
709.94415954 233.68934473
711.21321937 238.76558405
706.13698006 236.22746439
699.36866097 232.84330484
691.75430199 232.84330484
690.90826211 227.34404558
680.75578348 232.42028490
673.56444444 238.34256410
664.68102564 242.14974359
656.64364672 235.80444444
652.83646724 240.88068376
649.02928775 241.72672365
657.91270655 239.61162393
648.60626781 237.49652422
656.22062678 247.64900285
663.41196581 245.95692308
681.17880342 253.57128205
649.45230769 259.91658120
652.41344729 277.68341880
641.41492877 276.41435897
644.79908832 280.22153846
648.60626781 283.18267806
652.41344729 283.60569801
663.83498575 271.33811966
658.33572650 268.37698006
659.18176638 263.30074074
654.10552707 266.68490028
664.68102564 262.03168091
671.44934473 258.64752137
671.44934473 268.80000000
690.90826211 273.45321937
696.40752137 274.29925926
697.67658120 269.22301994
704.02188034 269.64603989
698.52262108 261.18564103
694.29242165 260.33960114
684.98598291 259.49356125
690.06222222 253.57128205
682.02484330 257.37846154
676.52558405 270.06905983
684.98598291 265.41584046
690.06222222 265.83886040
703.17584046 264.56980057
697.25356125 240.03464387
702.75282051 242.14974359
690.90826211 238.34256410
720.94267806 259.07054131
675.67954416 282.54814815
668.91122507 284.24022792
613.91863248 296.08478632
712.05925926 225.86347578
748.43897436 363.76797721
802.58552707 292.70062678
977.84839161 555.81922078
993.19304695 593.66937063
953.29694306 515.92311688
928.74549451 549.68135864
891.91832168 541.49754246
873.50473526 551.72731269
884.75748252 517.96907093
904.19404595 497.50953047
913.40083916 483.18785215
967.61862138 490.34869131
968.64159840 502.62441558
944.09014985 507.73930070
998.30793207 499.55548452
1008.53770230 487.27976024
995.23900100 465.79724276
974.77946054 454.54449550
964.54969031 473.98105894
948.18205794 470.91212787
935.90633367 447.38365634
916.46977023 419.76327672
952.27396603 429.99304695
971.71052947 429.99304695
993.19304695 419.76327672
999.33090909 414.64839161
997.28495504 437.15388611
978.87136863 443.29174825
1016.72151848 455.56747253
1015.69854146 408.51052947
944.09014985 418.74029970
948.18205794 411.57946054
958.41182817 413.62541459
983.98625375 498.53250749
885.78045954 281.66137862
903.17106893 272.45458541
911.35488511 270.40863137
926.69954046 273.47756244
932.83740260 255.06397602
947.15908092 256.08695305
959.43480519 263.24779221
958.41182817 251.99504496
966.59564436 273.47756244
992.17006993 276.54649351
997.28495504 260.17886114
978.87136863 262.22481518
1013.65258741 260.17886114
977.84839161 245.85718282
974.77946054 237.67336663
983.98625375 241.76527473
980.91732268 233.58145854
930.79144855 242.78825175
937.95228771 242.78825175
937.95228771 236.65038961
937.95228771 231.53550450
928.74549451 228.46657343
942.04419580 225.39764236
954.31992008 230.51252747
946.13610390 234.60443556
949.20503497 238.69634366
955.34289710 237.67336663
958.41182817 232.55848152
961.48075924 229.48955045
967.61862138 237.67336663
990.12411588 247.90313686
986.03220779 234.60443556
1006.49174825 250.97206793
1021.83640360 263.24779221
975.80243756 419.76327672
981.94029970 410.55648352
1014.67556444 439.19984016
924.65358641 478.07296703
904.19404595 464.77426573
1016.72151848 490.34869131
720.05818182 242.78825175
652.54169830 222.32871129
654.58765235 226.42061938
660.72551449 226.42061938
4.99724276 137.42161838
42.84739261 142.53650350
33.64059940 145.60543457
43.87036963 154.81222777
8.06617383 234.60443556
28.52571429 231.53550450
