111.42207792 476.26785714
81.50974026 447.97240260
87.97727273 427.76136364
49.17207792 402.69967532
11.98376623 421.29383117
57.25649351 451.20616883
21.68506494 464.14123377
168.01298701 455.24837662
207.62662338 464.94967532
217.32792208 488.39448052
244.00649351 488.39448052
256.13311688 445.54707792
227.02922078 435.84577922
201.96753247 422.91071429
217.32792208 418.06006494
237.53896104 416.44318182
269.06818182 418.86850649
296.55519481 436.65422078
307.06493506 424.52759740
313.53246753 401.08279221
376.59090909 424.52759740
345.87012987 422.10227273
355.57142857 407.55032468
345.87012987 484.35227273
350.72077922 449.58928571
104.14610390 402.69967532
125.97402597 413.20941558
159.12012987 412.40097403
146.99350649 409.97564935
136.48376623 408.35876623
138.90909091 376.82954545
121.12337662 365.51136364
112.23051948 357.42694805
100.10389610 350.15097403
99.29545455 340.44967532
74.23376623 354.19318182
62.91558442 353.38474026
21.68506494 401.08279221
10.36688312 364.70292208
18.45129870 354.19318182
24.91883117 384.10551948
45.12987013 376.02110390
73.42532468 381.68019481
51.59740260 340.44967532
41.08766234 357.42694805
36.23701299 371.17045455
31.38636364 375.21266234
52.40584416 389.76461039
38.66233766 344.49188312
28.15259740 338.83279221
29.76948052 329.93993506
29.76948052 320.23863636
22.49350649 317.81331169
14.40909091 321.85551948
7.13311688 325.89772727
5.51623377 337.21590909
8.75000000 348.53409091
3.09090909 310.53733766
13.60064935 307.30357143
23.30194805 303.26136364
19.25974026 294.36850649
29.76948052 291.94318182
33.81168831 288.70941558
47.55519481 291.94318182
33.81168831 317.81331169
50.78896104 316.19642857
52.40584416 329.93993506
92.01948052 318.62175325
97.67857143 310.53733766
75.85064935 294.36850649
69.38311688 288.70941558
54.83116883 293.56006494
58.06493506 280.62500000
71.00000000 307.30357143
73.42532468 323.47240260
87.16883117 297.60227273
81.50974026 308.92045455
112.23051948 334.79058442
108.99675325 322.66396104
68.57467532 336.40746753
6.32467532 295.98538961
10.36688312 278.19967532
20.06818182 271.73214286
6.32467532 265.26461039
11.98376623 252.32954545
7.13311688 241.01136364
5.51623377 228.07629870
4.70779221 202.20616883
15.21753247 215.94967532
6.32467532 190.88798701
10.36688312 181.18668831
7.13311688 170.67694805
14.40909091 173.10227273
13.60064935 118.12824675
16.02597403 107.61850649
37.04545455 116.51136364
27.34415584 123.78733766
18.45129870 156.93344156
6.32467532 147.23214286
13.60064935 139.14772727
20.87662338 140.76461039
35.42857143 155.31655844
34.62012987 144.80681818
62.91558442 122.97889610
57.25649351 87.40746753
112.23051948 116.51136364
170.84253247 311.54788961
152.65259740 308.31412338
136.48376623 319.63230519
126.78246753 331.35470779
137.29220779 339.03490260
128.80357143 344.69399351
140.52597403 360.45860390
166.80032468 361.26704545
150.63149351 339.84334416
155.07792208 327.31250000
172.45941558 331.35470779
164.77922078 336.60957792
180.54383117 346.71509740
185.79870130 324.07873377
180.13961039 307.10146104
172.05519481 302.65503247
195.90422078 303.86769481
198.32954545 332.56737013
193.88311688 347.11931818
187.01136364 368.13879870
200.75487013 367.73457792
204.79707792 356.01217532
212.88149351 348.33198052
226.62500000 353.99107143
216.92370130 306.29301948
238.75162338 323.27029221
250.06980519 323.27029221
240.77272727 330.95048701
240.77272727 342.67288961
238.75162338 357.22483766
223.39123377 335.80113636
256.53733766 348.73620130
250.47402597 364.90503247
267.85551948 318.41964286
201.15909091 325.29139610
160.33279221 296.18750000
199.54220779 142.17938312
206.81818182 149.05113636
228.24188312 150.66801948
222.58279221 148.64691558
210.86038961 147.03003247
203.58441558 153.09334416
195.90422078 151.47646104
193.07467532 147.43425325
185.39448052 150.26379870
180.54383117 147.43425325
175.28896104 147.03003247
170.84253247 147.83847403
159.52435065 147.03003247
152.24837662 148.64691558
146.18506494 145.00892857
136.88798701 143.39204545
127.59090909 145.00892857
119.91071429 146.22159091
115.46428571 138.54139610
106.57142857 147.83847403
233.49675325 137.32873377
229.85876623 145.00892857
255.72889610 142.98782468
265.02597403 144.60470779
273.11038961 145.00892857
289.27922078 142.98782468
275.93993506 149.85957792
288.87500000 151.47646104
281.59902597 149.05113636
219.75324675 360.45860390
210.45616883 359.65016234
273.51461039 364.09659091
265.83441558 338.63068182
258.55844156 325.29139610
241.58116883 305.88879870
250.06980519 274.35957792
167.60876623 228.68262987
242.79383117 141.37094156
248.04870130 149.05113636
202.77597403 181.79301948
199.54220779 178.15503247
192.67045455 176.94237013
190.24512987 163.60308442
134.46266234 159.15665584
246.02759740 259.40340909
233.49675325 264.25405844
236.73051948 257.38230519
221.77435065 266.67938312
271.89772727 260.61607143
279.57792208 288.50730519
272.30194805 305.48457792
269.47240260 285.67775974
265.43019481 274.35957792
254.92045455 269.91314935
256.94155844 246.06412338
261.38798701 235.15016234
271.08928571 231.10795455
286.44967532 214.13068182
266.23863636 251.72321429
216.51948052 250.10633117
222.98701299 252.93587662
218.94480519 239.59659091
210.05194805 245.25568182
202.77597403 242.42613636
225.41233766 238.38392857
231.07142857 240.40503247
237.53896104 242.42613636
245.21915584 226.66152597
236.73051948 221.00243506
238.34740260 208.87581169
252.09090909 211.30113636
263.40909091 196.74918831
267.04707792 214.53490260
272.70616883 209.68425325
187.41558442 269.50892857
178.52272727 391.38149351
163.97077922 388.14772727
155.07792208 369.55357143
197.11688312 392.99837662
216.51948052 376.82954545
217.32792208 393.80681818
226.22077922 389.76461039
232.68831169 389.76461039
242.38961039 398.65746753
254.51623377 385.72240260
237.53896104 370.36201299
168.01298701 350.95941558
175.28896104 359.04383117
277.96103896 389.76461039
298.98051948 367.93668831
320.00000000 357.42694805
322.42532468 368.74512987
313.53246753 387.33928571
286.04545455 415.63474026
360.42207792 392.99837662
349.91233766 389.76461039
370.12337662 368.74512987
382.25000000 345.30032468
383.86688312 359.85227273
384.67532468 334.79058442
377.39935065 330.74837662
365.27272727 330.74837662
354.76298701 335.59902597
344.25324675 324.28084416
341.82792208 337.21590909
336.16883117 346.91720779
313.53246753 334.79058442
282.81168831 331.55681818
308.68181818 91.44967532
317.57467532 89.83279221
328.08441558 87.40746753
339.40259740 89.02435065
354.76298701 101.95941558
373.35714286 106.00162338
376.59090909 110.04383117
382.25000000 111.66071429
388.71753247 129.44642857
383.86688312 152.08279221
387.90909091 142.38149351
375.78246753 148.04058442
364.46428571 149.65746753
360.42207792 152.89123377
356.37987013 146.42370130
350.72077922 142.38149351
341.82792208 118.12824675
332.12662338 107.61850649
322.42532468 105.19318182
316.76623377 96.30032468
295.74675325 107.61850649
304.63961039 104.38474026
304.63961039 91.44967532
286.04545455 89.02435065
290.89610390 99.53409091
281.19480519 108.42694805
272.30194805 89.83279221
259.36688312 87.40746753
247.24025974 87.40746753
240.77272727 88.21590909
255.32467532 115.70292208
245.62337662 116.51136364
237.53896104 111.66071429
249.66558442 107.61850649
235.11363636 90.64123377
222.98701299 88.21590909
210.86038961 93.06655844
223.79545455 104.38474026
216.51948052 106.81006494
209.24350649 106.81006494
197.92532468 88.21590909
193.07467532 89.02435065
183.37337662 89.02435065
179.33116883 93.87500000
187.41558442 94.68344156
180.13961039 118.12824675
180.13961039 104.38474026
173.67207792 104.38474026
166.39610390 110.04383117
163.97077922 91.44967532
152.65259740 91.44967532
146.99350649 87.40746753
148.61038961 104.38474026
156.69480519 89.02435065
143.75974026 112.46915584
134.86688312 111.66071429
138.10064935 89.02435065
130.01623377 97.10876623
123.54870130 98.72564935
115.46428571 85.79058442
111.42207792 93.06655844
125.97402597 89.83279221
103.33766234 96.30032468
100.10389610 101.95941558
85.55194805 94.68344156
80.70129870 97.10876623
90.40259740 107.61850649
73.42532468 117.31980519
84.74350649 138.33928571
76.65909091 131.06331169
62.10714286 138.33928571
50.78896104 144.80681818
95.25324675 136.72240260
96.87012987 145.61525974
92.82792208 149.65746753
72.61688312 149.65746753
57.25649351 167.44318182
26.53571429 176.33603896
300.59740260 135.10551948
308.68181818 141.57305195
321.61688312 145.61525974
324.85064935 150.46590909
381.44155844 193.31331169
384.67532468 179.56980519
192.26623377 207.05681818
176.90584416 206.24837662
167.20454545 198.97240260
180.13961039 198.16396104
177.71428571 189.27110390
171.24675325 192.50487013
180.94805195 183.61201299
167.20454545 181.18668831
160.73701299 183.61201299
176.09740260 175.52759740
119.50649351 276.58279221
141.33441558 265.26461039
152.65259740 263.64772727
138.90909091 252.32954545
154.26948052 236.96915584
116.27272727 260.41396104
104.95454545 263.64772727
111.42207792 249.90422078
115.46428571 242.62824675
83.12662338 270.92370130
73.42532468 265.26461039
85.55194805 282.24188312
106.57142857 304.87824675
128.39935065 314.57954545
58.06493506 266.07305195
48.36363636 272.54058442
35.42857143 249.09577922
29.76948052 261.22240260
17.64285714 246.67045455
28.96103896 243.43668831
23.30194805 229.69318182
20.06818182 221.60876623
20.06818182 215.94967532
34.62012987 215.14123377
28.96103896 215.14123377
77.46753247 246.67045455
78.27597403 237.77759740
77.46753247 256.37175325
70.19155844 249.90422078
60.49025974 241.01136364
54.02272727 249.90422078
61.29870130 249.90422078
127.59090909 241.01136364
141.33441558 241.01136364
142.14285714 224.03409091
129.20779221 219.18344156
115.46428571 227.26785714
99.29545455 242.62824675
93.63636364 239.39448052
92.01948052 248.28733766
96.87012987 263.64772727
96.87012987 252.32954545
81.50974026 221.60876623
87.16883117 233.73538961
73.42532468 232.11850649
46.74675325 181.18668831
51.59740260 184.42045455
37.04545455 169.86850649
16.83441558 167.44318182
22.49350649 165.01785714
40.27922078 190.07954545
27.34415584 184.42045455
61.29870130 150.46590909
44.32142857 153.69967532
134.05844156 257.98863636
125.16558442 252.32954545
142.14285714 207.05681818
143.75974026 201.39772727
133.25000000 201.39772727
137.29220779 192.50487013
130.01623377 190.07954545
140.52597403 173.10227273
131.63311688 170.67694805
131.63311688 179.56980519
140.52597403 186.84577922
151.03571429 155.31655844
271.49350649 184.42045455
271.49350649 195.73863636
275.53571429 198.97240260
288.47077922 202.20616883
292.51298701 266.88149351
295.74675325 255.56331169
279.57792208 249.90422078
209.24350649 262.03084416
201.15909091 252.32954545
231.87987013 249.90422078
234.30519481 272.54058442
241.58116883 246.67045455
241.58116883 252.32954545
251.28246753 255.56331169
257.75000000 260.41396104
353.14610390 316.19642857
378.20779221 312.96266234
384.67532468 306.49512987
383.05844156 282.24188312
373.35714286 297.60227273
346.67857143 287.90097403
349.10389610 306.49512987
339.40259740 299.21915584
324.04220779 304.87824675
313.53246753 317.00487013
300.59740260 308.92045455
294.93831169 299.21915584
300.59740260 295.17694805
289.27922078 314.57954545
296.55519481 284.66720779
292.51298701 276.58279221
316.76623377 277.39123377
309.49025974 270.92370130
324.04220779 276.58279221
339.40259740 263.64772727
345.06168831 255.56331169
362.84740260 255.56331169
355.57142857 248.28733766
373.35714286 254.75487013
111.42207792 198.97240260
103.33766234 215.14123377
97.67857143 222.41720779
52.40584416 224.03409091
91.21103896 173.10227273
82.31818182 159.35876623
92.01948052 159.35876623
98.48701299 159.35876623
101.72077922 152.08279221
98.48701299 181.18668831
88.78571429 183.61201299
79.08441558 187.65422078
75.85064935 168.25162338
75.85064935 161.78409091
66.14935065 175.52759740
68.57467532 168.25162338
59.68181818 178.76136364
47.55519481 173.10227273
47.55519481 166.63474026
48.36363636 158.55032468
25.72727273 193.31331169
65.34090909 207.05681818
66.95779221 195.73863636
65.34090909 184.42045455
81.50974026 175.52759740
89.59415584 190.07954545
100.10389610 196.54707792
109.80519481 175.52759740
130.82467532 149.65746753
137.29220779 152.08279221
117.88961039 155.31655844
253.70779221 155.31655844
242.38961039 153.69967532
218.13636364 155.31655844
210.86038961 156.93344156
155.88636364 176.33603896
158.31168831 172.29383117
151.03571429 179.56980519
146.99350649 185.22889610
147.80194805 192.50487013
156.69480519 198.16396104
153.46103896 213.52435065
126.78246753 210.29058442
93.63636364 212.71590909
75.85064935 215.94967532
74.23376623 193.31331169
33.00324675 235.35227273
20.06818182 236.96915584
48.36363636 229.69318182
174.48051948 165.01785714
163.16233766 160.97564935
221.37012987 209.48214286
210.05194805 198.97240260
207.62662338 203.82305195
220.56168831 220.80032468
204.39285714 231.31006494
193.88311688 229.69318182
187.41558442 220.80032468
169.62987013 218.37500000
206.00974026 215.14123377
197.92532468 224.03409091
190.64935065 249.09577922
182.56493506 249.09577922
180.94805195 231.31006494
222.17857143 169.86850649
239.15584416 173.10227273
236.73051948 164.20941558
209.24350649 166.63474026
294.12987013 169.86850649
353.95454545 166.63474026
250.47402597 186.84577922
244.00649351 184.42045455
263.40909091 186.84577922
238.34740260 201.39772727
231.87987013 190.07954545
223.79545455 192.50487013
214.09415584 176.33603896
251.28246753 195.73863636
293.32142857 190.07954545
289.27922078 184.42045455
308.68181818 189.27110390
324.04220779 217.56655844
312.72402597 211.90746753
313.53246753 203.82305195
306.25649351 201.39772727
298.98051948 196.54707792
325.65909091 196.54707792
303.02272727 173.10227273
298.98051948 152.89123377
273.11038961 173.91071429
254.51623377 175.52759740
270.68506494 157.74188312
339.40259740 160.97564935
351.52922078 192.50487013
340.21103896 176.33603896
351.52922078 183.61201299
377.39935065 203.82305195
365.27272727 201.39772727
331.31818182 213.52435065
345.87012987 218.37500000
335.36038961 232.11850649
321.61688312 232.92694805
299.78896104 242.62824675
305.44805195 246.67045455
282.81168831 235.35227273
339.40259740 237.77759740
325.65909091 241.01136364
315.95779221 242.62824675
312.72402597 253.94642857
272.30194805 238.58603896
248.04870130 235.35227273
239.96428571 236.96915584
370.93181818 166.63474026
363.65584416 170.67694805
377.39935065 225.65097403
363.65584416 220.80032468
335.36038961 207.05681818
320.80844156 173.91071429
315.95779221 184.42045455
330.50974026 178.76136364
387.90909091 242.62824675
366.88961039 231.31006494
366.08116883 242.62824675
359.61363636 235.35227273
301.40584416 218.37500000
307.87337662 228.07629870
330.50974026 259.60551948
322.42532468 263.64772727
327.27597403 288.70941558
331.31818182 299.21915584
387.10064935 259.60551948
192.26623377 256.37175325
201.96753247 192.50487013
194.69155844 195.73863636
215.71103896 190.07954545
228.64610390 179.56980519
220.56168831 181.18668831
114.65584416 186.84577922
90.40259740 198.16396104
85.55194805 209.48214286
54.02272727 195.73863636
13.60064935 201.39772727
372.54870130 181.18668831
364.46428571 193.31331169
354.76298701 198.16396104
290.08766234 374.40422078
199.54220779 311.34577922
153.46103896 249.90422078
331.31818182 164.20941558
347.48701299 176.33603896
343.44480519 155.31655844
315.14935065 161.78409091
370.93181818 203.82305195
181.75649351 166.63474026
