10.08904110 288.89432485
0.95596869 279.05870841
19.22211350 250.95694716
52.94422701 288.89432485
61.37475538 312.78082192
85.26125245 324.72407045
94.39432485 281.86888454
138.65459883 292.40704501
145.68003914 239.71624266
123.90117417 214.42465753
87.36888454 224.96281800
55.05185910 224.26027397
39.59589041 217.93737769
51.53913894 206.69667319
74.72309198 188.43052838
59.26712329 170.86692759
19.92465753 195.45596869
173.07925636 256.57729941
161.13600783 322.61643836
168.86399217 335.26223092
204.69373777 283.97651663
213.82681018 292.40704501
237.71330724 265.00782779
237.01076321 326.12915851
254.57436399 340.88258317
272.13796477 332.45205479
288.29647750 320.50880626
294.61937378 333.15459883
321.31604697 338.77495108
327.63894325 305.05283757
274.94814090 269.22309198
272.13796477 241.82387476
303.75244618 222.85518591
313.58806262 224.96281800
317.80332681 185.62035225
322.01859100 163.84148728
111.95792564 195.45596869
3.76614481 175.78473581
21.32974560 158.92367906
42.40606654 157.51859100
33.97553816 109.04305284
59.96966732 113.25831703
52.24168297 146.27788650
66.99510763 149.79060665
83.85616438 161.03131115
95.09686888 170.16438356
119.68590998 167.35420744
111.95792564 151.19569472
88.07142857 85.15655577
95.09686888 90.07436399
102.12230920 99.90998043
92.98923679 114.66340509
104.22994129 121.68884540
126.00880626 116.77103718
120.38845401 88.66927593
129.52152642 90.07436399
138.65459883 90.77690802
133.73679061 163.84148728
107.04011742 183.51272016
135.14187867 191.94324853
149.19275930 177.18982387
149.19275930 164.54403131
162.54109589 165.94911937
169.56653620 178.59491194
149.89530333 201.77886497
168.86399217 206.69667319
185.72504892 199.67123288
187.13013699 219.34246575
206.09882583 200.37377691
206.09882583 189.13307241
224.36497065 195.45596869
218.74461840 177.89236791
238.41585127 203.18395303
248.25146771 175.78473581
234.20058708 168.05675147
256.68199609 190.53816047
232.79549902 234.09589041
220.85225049 213.01956947
199.07338552 239.71624266
177.99706458 246.74168297
259.49217221 221.45009785
273.54305284 187.02544031
284.78375734 217.93737769
284.78375734 229.88062622
303.75244618 182.10763209
314.99315068 211.61448141
300.23972603 169.46183953
280.56849315 162.43639922
302.34735812 152.60078278
289.70156556 144.87279843
303.75244618 136.44227006
323.42367906 151.19569472
326.23385519 142.76516634
315.69569472 128.01174168
322.72113503 123.09393346
162.54109589 99.90998043
154.81311155 93.58708415
170.26908023 98.50489237
177.29452055 114.66340509
197.66829746 113.25831703
185.02250489 92.18199609
175.18688845 83.75146771
218.74461840 99.90998043
228.58023483 104.82778865
240.52348337 99.90998043
243.33365949 113.96086106
234.20058708 123.09393346
228.58023483 119.58121331
195.56066536 165.24657534
324.12622309 319.80626223
104.93248532 66.18786693
120.38845401 64.78277886
293.91682975 119.58121331
284.08121331 123.09393346
260.19471624 118.87866928
265.11252446 108.34050881
143.39677104 183.16144814
185.54941292 178.59491194
169.03962818 139.95499022
183.44178082 128.01174168
160.60909980 130.11937378
133.91242661 133.98336595
58.74021526 128.01174168
102.64921722 135.03718200
155.69129159 78.48238748
153.93493151 69.70058708
190.11594912 77.07729941
141.28913894 68.99804305
162.71673190 65.48532290
121.09099804 138.54990215
95.09686888 156.11350294
73.31800391 249.55185910
186.42759295 234.09589041
307.26516634 121.68884540
304.45499022 111.85322896
309.37279843 99.90998043
277.75831703 103.42270059
284.08121331 94.99217221
295.32191781 100.61252446
305.15753425 126.60665362
269.32778865 95.69471624
255.27690802 97.09980431
267.22015656 85.15655577
293.91682975 85.15655577
287.59393346 72.51076321
278.46086106 74.61839530
266.51761252 76.02348337
293.21428571 108.34050881
192.57485323 191.94324853
204.51810176 161.03131115
217.51516634 153.65459883
215.75880626 126.60665362
202.41046967 126.95792564
240.34784736 140.65753425
214.00244618 114.31213307
212.59735812 84.45401174
223.13551859 90.07436399
239.64530333 84.80528376
200.65410959 103.77397260
158.15019569 161.03131115
196.08757339 144.87279843
203.81555773 116.06849315
260.42270059 145.22407045
257.61252446 131.17318982
276.58121331 141.36007828
249.88454012 155.76223092
192.04794521 134.33463796
182.91487280 134.33463796
87.19324853 58.63551859
94.56996086 49.50244618
100.19031311 49.50244618
97.02886497 40.36937378
99.13649706 31.58757339
81.92416830 33.34393346
75.25000000 26.66976517
111.07974560 31.58757339
104.40557730 29.12866928
117.75391389 26.66976517
126.18444227 24.56213307
107.91829746 53.71771037
114.24119374 48.09735812
147.26076321 61.79696673
149.71966732 51.96135029
173.60616438 20.34686888
192.22358121 56.17661448
184.84686888 62.49951076
177.47015656 67.76859100
177.11888454 62.85078278
200.65410959 66.71477495
207.67954990 64.95841487
191.52103718 68.47113503
193.62866928 66.01223092
158.50146771 52.31262231
153.93493151 63.55332681
133.56115460 53.71771037
125.48189824 46.34099804
136.72260274 61.79696673
140.58659491 60.39187867
160.96037182 38.26174168
170.44471624 48.79990215
162.01418787 47.74608611
170.44471624 42.47700587
167.98581213 44.58463796
164.12181996 49.50244618
173.95743640 43.17954990
158.85273973 41.42318982
159.90655577 60.39187867
164.82436399 60.04060665
180.63160470 45.28718200
182.03669276 53.71771037
206.62573386 47.04354207
132.50733855 21.75195695
130.39970646 17.88796477
126.18444227 17.18542074
108.97211350 47.04354207
127.23825832 37.91046967
129.69716243 25.26467710
171.49853229 37.20792564
196.08757339 53.01516634
140.58659491 14.02397260
170.09344423 19.64432485
153.58365949 26.66976517
132.15606654 41.42318982
134.96624266 35.80283757
138.47896282 40.36937378
138.12769080 22.80577299
137.77641879 17.18542074
172.90362035 14.02397260
182.38796477 14.37524462
179.92906067 34.74902153
175.36252446 28.77739726
166.58072407 23.15704501
160.60909980 28.07485323
167.98581213 5.59344423
160.60909980 10.51125245
154.28620352 4.18835616
194.33121331 33.34393346
208.38209393 22.80577299
208.73336595 31.23630137
197.84393346 30.18248532
203.46428571 35.80283757
201.70792564 48.79990215
197.14138943 47.74608611
188.35958904 44.93590998
185.19814090 39.66682975
156.04256360 12.97015656
152.88111546 6.99853229
151.12475538 12.26761252
148.66585127 8.05234834
145.85567515 9.10616438
146.55821918 5.24217221
164.82436399 1.02690802
173.60616438 1.02690802
189.06213307 2.78326810
191.87230920 1.02690802
196.79011742 1.72945205
200.65410959 2.43199609
197.84393346 6.99853229
196.79011742 15.42906067
198.19520548 9.80870841
194.33121331 5.24217221
203.46428571 5.59344423
206.97700587 2.08072407
204.86937378 0.32436399
205.22064579 2.08072407
206.27446184 8.05234834
205.57191781 11.91634051
201.35665362 11.91634051
204.86937378 18.23923679
200.65410959 18.23923679
193.27739726 20.69814090
188.35958904 24.21086106
191.52103718 25.61594912
194.68248532 26.31849315
202.76174168 26.31849315
183.09050881 30.18248532
183.09050881 27.02103718
183.09050881 24.21086106
178.87524462 20.34686888
163.06800391 15.78033268
177.47015656 37.20792564
167.98581213 32.64138943
155.69129159 17.88796477
146.90949119 19.29305284
151.12475538 19.29305284
120.91536204 30.18248532
98.78522505 57.93297456
100.89285714 55.12279843
132.15606654 48.09735812
134.26369863 45.63845401
190.64285714 2.95890411
173.78180039 9.98434442
176.59197652 8.57925636
177.99706458 7.87671233
181.50978474 7.87671233
180.10469667 3.66144814
184.31996086 2.95890411
188.53522505 9.28180039
175.18688845 5.76908023
169.56653620 2.95890411
158.32583170 1.55381605
188.53522505 18.41487280
157.62328767 25.44031311
16.88649706 11.91634051
18.99412916 15.78033268
12.31996086 14.37524462
211.24380165 76.64428375
222.81404959 71.13464187
232.18044077 67.27789256
244.30165289 76.09331956
250.91322314 71.68560606
254.21900826 55.70764463
259.72865014 73.33849862
264.13636364 59.56439394
279.01239669 55.70764463
267.99311295 49.09607438
240.99586777 55.70764463
248.70936639 51.85089532
236.03719008 52.40185950
222.81404959 60.66632231
221.71212121 53.50378788
227.77272727 39.17871901
217.30440771 50.74896694
225.56887052 19.89497245
238.79201102 31.46522039
249.81129477 27.60847107
238.79201102 43.03546832
255.32093664 45.79028926
252.01515152 40.28064738
262.48347107 40.83161157
273.50275482 41.93353994
268.54407713 36.42389807
263.03443526 36.42389807
217.30440771 38.07679063
213.99862259 28.71039945
245.95454545 6.67183196
237.69008264 13.28340220
230.80303030 33.11811295
226.94628099 27.60847107
219.78374656 31.46522039
213.72314050 20.99690083
209.86639118 17.14015152
212.62121212 18.79304408
215.37603306 13.28340220
211.51928375 8.32472452
260.55509642 13.28340220
259.45316804 17.69111570
257.24931129 9.97761708
253.39256198 2.81508264
246.23002755 2.26411846
240.72038567 4.46797521
230.80303030 8.32472452
226.39531680 12.18147383
220.88567493 14.38533058
224.74242424 9.42665289
226.94628099 5.56990358
217.57988981 5.56990358
212.62121212 4.46797521
214.82506887 2.26411846
226.39531680 2.81508264
231.35399449 0.61122590
220.33471074 4.46797521
217.02892562 9.97761708
228.04820937 23.75172176
234.65977961 18.79304408
246.23002755 12.18147383
240.16942149 23.75172176
244.57713499 28.71039945
263.86088154 25.40461433
259.45316804 24.85365014
264.96280992 22.64979339
253.94352617 18.79304408
254.49449036 32.56714876
245.67906336 36.42389807
267.71763085 41.93353994
274.32920110 49.64703857
246.78099174 40.28064738
250.63774105 56.80957300
