23.11482003 468.70618493
120.72801893 528.77584579
161.08732233 463.07465423
174.22756064 372.03157448
4.34305101 384.23322435
77.55295019 278.17272939
175.16614909 282.86567164
209.89392178 295.06732150
269.02499419 297.88308686
281.22664405 373.90875139
247.43745981 368.27722068
193.93791811 235.93624909
214.58686403 221.85742233
265.27064038 217.16448007
130.11390344 230.30471839
53.14965046 217.16448007
86.00024625 204.96283021
2.46587411 152.40187696
31.56211609 154.27905386
118.85084203 166.48070372
152.64002627 173.05082288
128.23672654 135.50728484
82.24589244 114.85833892
107.58778062 86.70068539
28.74635074 97.96374680
8.09740482 33.20114369
28.74635074 47.27997045
27.80776229 5.04349016
9.03599327 9.73643241
59.71976962 20.06090537
89.75460005 44.46420510
122.60519584 51.97291271
76.37971463 0.70426967
102.19089703 32.14698278
138.79584661 26.98474630
143.01949464 53.73451715
146.77384845 94.09382054
119.55478337 71.09840349
178.68585578 89.87017251
173.52361930 50.91875180
189.47962297 59.36604785
197.92691903 44.34863264
208.72068621 48.10298644
206.84350931 13.84450798
217.63727650 16.66027334
242.04057622 13.37521376
259.40446256 6.80509460
232.18539749 34.96274813
248.14140115 67.81334391
241.10198777 98.31746857
248.14140115 126.47512210
222.79951298 109.58052998
220.92233607 133.04524125
192.76468255 135.39171238
195.11115367 167.77301394
271.60611243 174.34313310
283.33846806 133.04524125
279.11482003 78.13781687
302.57953131 78.13781687
316.18906385 72.97558039
299.76376595 52.32663447
278.17623158 28.39262897
288.03141032 8.21297728
302.57953131 1.64285812
314.78118117 32.61627700
336.83800977 7.74368305
351.85542498 38.24780771
348.10107118 14.31380221
368.28072288 18.06815601
367.34213442 37.30921926
382.35954964 19.47603869
384.23672654 3.52003502
387.52178612 39.18639616
356.54836724 62.65110743
379.07449006 59.83534208
364.52636907 87.52370138
317.59694652 104.41829350
303.98741398 112.86558956
291.78576412 100.66393970
336.36871554 108.64194153
331.67577329 142.43112576
329.79859639 175.28172155
311.49612159 234.88208818
276.29905468 241.45220734
350.44754231 190.76843099
385.17531499 179.50536958
377.66660738 149.00124492
400.19273021 155.10206985
396.43837640 110.98841266
404.88567246 124.59794520
418.02591078 85.64652448
390.80684570 63.58969588
418.49520500 60.30463631
409.57861472 46.22580954
425.53461838 23.69968672
428.81967796 43.41004419
416.14873387 39.65569038
425.53461838 3.52003502
444.30638740 9.15156573
433.51262022 16.19097911
439.14415092 31.20839433
462.60886220 30.26980587
450.40721233 44.81792686
473.40262938 19.47603869
486.54286770 29.33121742
469.17898135 58.89675363
479.97274854 56.55028250
459.79309684 73.91416884
477.62627741 78.13781687
442.89850473 88.93158406
424.59602993 106.76476463
418.96449923 147.59336224
426.94250106 159.32571788
450.87650656 162.61077746
429.28897219 193.11490212
410.04790894 196.39996169
420.84167613 234.88208818
408.17073204 272.89492045
460.73168529 237.69785354
492.64369263 234.41279396
481.38063122 188.89125409
487.48145615 135.39171238
487.01216192 103.47970505
322.52453589 367.33863223
352.55936632 289.43579080
386.34855056 377.66310519
345.98924716 346.68968631
411.69043873 442.42570831
333.78759730 548.48620326
394.79584661 552.24055707
473.63727650 556.93349932
447.35679987 461.19747732
498.97916467 448.99582746
472.69868804 362.64568997
455.80409593 336.36521335
511.18081453 346.68968631
431.40079620 282.86567164
471.76009959 289.43579080
491.47045706 308.20755982
513.99657989 240.62919135
505.54928383 236.87483754
558.11023708 189.94541500
515.87375679 162.72634992
512.11940299 128.93716568
528.07540665 135.50728484
545.90858722 166.48070372
560.92600244 289.43579080
561.86459089 349.50545166
559.98741398 441.48711985
559.04882553 495.92525001
591.89942132 511.88125368
712.03874304 536.28455340
712.03874304 502.49536917
735.50345431 485.60077705
669.80226275 429.28546999
697.95991628 410.51370097
728.93333516 417.08382013
773.04699235 426.46970464
613.48695569 329.32579996
637.42096119 338.24239025
630.38154781 263.62460840
660.88567246 288.02790812
656.66202443 249.54578163
667.92508584 244.38354515
678.24955881 248.60719318
698.42921050 250.48437008
721.89392178 246.73001628
721.42462755 280.98849474
747.70510418 276.76484671
722.83251023 341.52744983
696.55203360 341.52744983
734.56486586 339.65027293
758.02957714 333.08015377
793.69593827 339.65027293
811.05982462 337.30380180
827.48512251 341.99674405
838.74818392 388.45687238
770.23122700 484.19289437
760.37604826 278.17272939
787.59511334 282.39637742
810.12123617 285.68143699
784.31005376 250.48437008
762.25322517 241.09848557
860.33571829 482.78501170
889.43196027 489.35513085
887.55478337 454.62735817
911.95808310 457.44312352
953.25597494 392.68052040
972.96633241 445.24147366
976.72068621 375.78592829
917.58961380 389.86475505
868.54836724 330.73368264
842.26789061 318.06273855
890.13590161 327.44862306
931.90308768 328.85650574
936.12673571 312.90050207
941.28897219 310.08473672
968.03874304 279.11131784
996.66569079 242.50636825
1002.76651573 284.27355432
1002.76651573 315.24697320
959.12215276 256.58519501
956.77568163 217.63377430
975.07815642 219.51095120
987.27980628 223.73459923
916.41637824 252.36154699
932.84167613 260.33954882
936.12673571 223.26530501
907.49978795 281.45778897
888.25872471 252.83084121
890.60519584 291.78226193
880.28072288 288.49720235
869.01766146 285.68143699
852.59236357 288.49720235
818.33388511 224.67318768
847.43012709 250.95366431
601.28530583 210.12506669
617.24130949 201.67777063
575.00482920 189.47612077
578.75918300 160.84917302
596.59236357 152.40187696
513.99657989 101.71810061
526.19822975 109.22680821
537.93058539 106.88033709
558.11023708 114.38904469
575.94341765 122.36704653
608.32471921 120.02057540
611.14048456 130.34504836
633.66660738 122.83634075
658.06990711 128.93716568
650.56119950 139.73093287
642.11390344 166.01140950
648.21472837 171.17364598
658.06990711 176.33588246
682.94250106 166.01140950
706.87650656 174.45870556
691.38979712 175.39729401
698.89850473 204.96283021
719.07815642 204.96283021
726.11756980 179.62094204
737.84992544 185.25247274
737.84992544 210.59436092
772.10840390 218.57236275
788.06440757 218.57236275
804.02041123 204.96283021
825.13865138 180.55953049
842.50253772 216.69518585
800.73535166 158.50270189
793.22664405 163.66493837
808.71335349 168.82717485
797.91958630 141.60810977
810.12123617 138.32305019
805.89758814 118.14339850
827.01582828 123.30563498
819.50712068 98.90233525
802.61252856 100.31021793
823.73076870 78.72268356
747.70510418 97.96374680
773.04699235 78.72268356
744.88933882 121.89775230
753.80592911 132.22222526
784.31005376 117.20481005
756.62169446 159.91058457
736.91133699 159.44129034
715.32380262 155.21764231
693.26697402 146.77034625
677.31097035 135.50728484
665.57861472 109.22680821
686.22756064 113.45045624
703.59144698 112.04257357
733.15698319 112.04257357
719.54745065 74.96832975
728.46404093 75.43762398
653.84625908 81.06915468
629.91225358 103.59527751
602.22389428 84.35421426
585.32930216 99.37162948
585.32930216 111.57327934
566.55753314 90.45503919
544.96999877 84.35421426
583.45212526 82.00774314
603.16248273 68.39821060
528.54470088 81.06915468
486.77751481 81.06915468
497.10198777 77.78409511
508.83434341 78.72268356
552.00941215 70.27538750
495.69410509 15.72168488
505.54928383 16.19097911
520.56669904 16.66027334
522.91317017 35.43204235
537.93058539 33.08557123
514.46587411 49.04157489
558.57953131 38.24780771
571.25047540 11.02874263
579.69777145 11.96733108
580.16706568 38.24780771
606.44754231 23.69968672
613.01766146 9.62085995
628.03507668 30.73910010
639.76743232 61.71251898
646.80684570 42.94074996
667.45579162 49.98016334
642.58319767 30.73910010
654.31555331 16.66027334
670.74085120 33.08557123
685.75826641 52.79592870
725.17898135 53.73451715
740.19639657 61.71251898
705.93791811 18.53745024
677.78026458 3.05074080
715.79309684 3.52003502
879.81142865 217.51820184
876.99566330 233.00491128
899.99108035 212.35596536
866.20189611 194.52278479
845.55295019 199.68502127
847.43012709 183.72901761
890.13590161 195.46137324
912.19273021 192.17631367
932.37238190 191.70701944
938.94250106 172.93525042
976.48603910 173.40454465
1006.05157530 217.04890762
991.50345431 149.00124492
1003.70510418 123.65935675
992.91133699 103.47970505
983.52545248 126.47512210
957.71427008 126.00582787
946.45120867 149.93983337
930.02591078 150.87842182
901.39896302 167.77301394
937.06532416 126.94441632
912.19273021 122.25147407
870.89483837 168.24230817
874.17989794 152.28630450
843.67577329 139.61536041
853.06165780 121.31288562
876.52636907 110.04982421
850.71518667 79.54569955
871.83342682 84.70793603
845.08365596 61.71251898
869.01766146 66.40546124
860.10107118 55.14239982
807.54011793 37.77851348
831.00482920 42.94074996
792.99199694 59.83534208
765.30363763 63.58969588
754.97916467 15.25239066
788.29905468 30.26980587
896.70602077 9.15156573
932.37238190 23.69968672
956.77568163 28.86192320
983.52545248 22.29180404
970.85450839 4.92791770
969.44662572 42.00216151
996.19639657 63.58969588
945.04332599 39.18639616
904.68402260 55.14239982
939.41179529 85.64652448
909.84625908 107.70335308
826.78118117 105.35688195
