282.72222222 68.65925926
291.27777778 67.51851852
362.57407407 68.08888889
112.18148148 372.66666667
131.57407407 385.78518519
88.22592593 383.50370370
51.72222222 381.79259259
26.05555556 366.39259259
64.27037037 363.54074074
42.59629630 336.16296296
60.84814815 337.87407407
67.69259259 328.17777778
16.35925926 316.20000000
2.10000000 321.90370370
8.94444444 308.21481481
10.65555556 279.69629630
28.33703704 283.68888889
43.73703704 272.85185185
40.88518519 292.24444444
63.70000000 289.96296296
58.56666667 279.69629630
145.60370370 283.83148148
129.06296296 281.83518519
112.52222222 282.12037037
97.12222222 286.96851852
85.71481481 287.53888889
94.55555556 309.49814815
76.01851852 303.79444444
121.64814815 329.17592593
100.54444444 330.60185185
132.77037037 356.55370370
166.99259259 354.84259259
183.53333333 363.68333333
165.85185185 334.59444444
180.39629630 332.88333333
202.35555556 329.74629630
222.03333333 328.03518519
253.97407407 325.75370370
227.16666667 307.78703704
204.06666667 302.36851852
163.57037037 304.36481481
141.04074074 308.64259259
120.50740741 313.77592593
166.13703704 262.44259259
187.52592593 278.98333333
165.28148148 281.55000000
173.83703704 290.67592593
223.17407407 266.72037037
202.35555556 264.72407407
238.85925926 293.24259259
234.86666667 272.99444444
252.54814815 274.70555556
263.67037037 297.52037037
268.80370370 311.77962963
279.92592593 305.79074074
292.18888889 307.50185185
285.91481481 290.67592593
299.60370370 291.81666667
308.72962963 316.91296296
273.93703704 329.46111111
271.65555556 345.43148148
287.34074074 339.72777778
312.72222222 334.87962963
302.74074074 378.22777778
313.00740741 290.39074074
304.45185185 263.01296296
282.49259259 264.43888889
286.77037037 256.16851852
269.65925926 257.30925926
254.82962963 257.30925926
237.43333333 257.59444444
220.03703704 244.19074074
231.44444444 251.89074074
228.02222222 242.76481481
238.00370370 238.20185185
244.84814815 243.05000000
263.67037037 239.91296296
278.50000000 238.20185185
191.80370370 249.89444444
202.35555556 253.03148148
178.68518519 271.28333333
129.91851852 268.14629630
113.09259259 268.71666667
110.81111111 260.44629630
99.40370370 266.72037037
104.25185185 254.74259259
82.86296296 256.16851852
79.15555556 268.14629630
72.02592593 258.73518519
50.92222222 253.88703704
20.40740741 261.30185185
25.25555556 243.90555556
17.55555556 251.60555556
380.82592593 398.90370370
364.28518519 386.35555556
368.27777778 331.60000000
276.16296296 283.83148148
265.32592593 276.70185185
330.91851852 264.72407407
350.02592593 282.69074074
343.75185185 289.25000000
330.63333333 298.66111111
324.35925926 289.25000000
341.18518519 314.63148148
337.19259259 333.16851852
347.74444444 328.32037037
416.47407407 326.03888889
386.52962963 321.76111111
434.44074074 326.60925926
369.98888889 315.48703704
381.68148148 289.82037037
366.85185185 286.39814815
412.76666667 283.83148148
393.65925926 272.99444444
426.45555556 276.13148148
425.31481481 256.73888889
411.62592593 253.03148148
386.24444444 259.87592593
399.93333333 255.59814815
369.70370370 259.02037037
351.16666667 263.01296296
344.60740741 244.47592593
351.16666667 253.31666667
333.48518519 244.47592593
286.42962963 238.48703704
297.26666667 245.90185185
481.44074074 338.01666667
511.67037037 348.56851852
513.38148148 332.31296296
539.90370370 319.47962963
559.58148148 328.03518519
574.98148148 326.89444444
632.58888889 335.16481481
648.84444444 318.62407407
620.89629630 318.05370370
633.72962963 312.06481481
600.93333333 301.22777778
564.14444444 303.79444444
548.45925926 300.08703704
526.50000000 303.79444444
510.24444444 304.07962963
487.14444444 313.20555556
459.48148148 336.59074074
462.90370370 304.36481481
461.47777778 293.24259259
470.88888889 297.23518519
487.71481481 283.26111111
486.28888889 294.95370370
514.80740741 291.53148148
543.89629630 288.67962963
544.75185185 276.41666667
562.14814815 284.11666667
562.14814815 270.14259259
584.96296296 280.12407407
574.12592593 291.81666667
582.68148148 299.23148148
610.91481481 289.53518519
603.78518519 288.10925926
628.88148148 296.95000000
596.65555556 274.42037037
579.82962963 271.28333333
471.45925926 267.57592593
472.31481481 251.89074074
488.00000000 253.31666667
491.13703704 266.72037037
455.48888889 267.57592593
443.22592593 265.86481481
458.34074074 254.17222222
448.35925926 232.78333333
641.42962963 287.25370370
632.01851852 272.99444444
621.75185185 276.70185185
643.71111111 268.14629630
630.02222222 263.58333333
640.00370370 261.01666667
638.00740741 251.60555556
639.71851852 242.19444444
627.74074074 249.03888889
620.89629630 257.87962963
618.32962963 252.17592593
613.48148148 247.32777778
617.75925926 242.47962963
610.91481481 238.48703704
598.93703704 235.35000000
597.79629630 241.62407407
604.07037037 245.04629630
603.50000000 255.59814815
593.23333333 250.46481481
386.47407407 239.62777778
366.79629630 251.03518519
439.23333333 286.39814815
430.39259259 240.19814815
404.72592593 298.94629630
8.94444444 172.46666667
22.06296296 180.45185185
32.32962963 178.74074074
43.73703704 174.74814815
53.43333333 170.75555556
64.27037037 169.04444444
74.53703704 170.18518519
84.23333333 167.33333333
92.21851852 169.04444444
101.34444444 167.90370370
107.61851852 151.93333333
87.65555556 158.20740741
95.07037037 157.63703704
115.03333333 169.04444444
124.15925926 167.90370370
134.42592593 165.05185185
146.97407407 165.05185185
153.24814815 163.91111111
167.50740741 165.62222222
178.91481481 165.05185185
193.74444444 165.62222222
200.58888889 165.05185185
201.15925926 149.08148148
217.12962963 147.94074074
212.56666667 162.20000000
231.38888889 163.34074074
238.23333333 162.20000000
251.35185185 161.05925926
266.18148148 161.05925926
274.73703704 164.48148148
282.72222222 162.20000000
292.98888889 159.91851852
299.83333333 159.34814815
306.10740741 159.34814815
320.93703704 157.06666667
315.80370370 159.91851852
329.49259259 158.77777778
336.90740741 158.77777778
347.74444444 158.77777778
352.30740741 127.97777778
354.58888889 157.06666667
366.56666667 154.21481481
376.26296296 153.64444444
387.38518519 154.07222222
395.65555556 154.35740741
404.78148148 153.78703704
411.91111111 154.92777778
418.47037037 152.36111111
425.02962963 149.50925926
68.26296296 248.32592593
40.31481481 246.61481481
44.30740741 215.81481481
31.75925926 232.92592593
7.80370370 230.64444444
6.09259259 218.66666667
6.09259259 191.28888889
68.26296296 182.73333333
57.42592593 183.87407407
78.52962963 181.59259259
114.46296296 179.31111111
101.91481481 187.86666667
121.30740741 202.12592593
125.87037037 202.12592593
141.27037037 204.40740741
152.10740741 204.97777778
145.26296296 182.16296296
169.78888889 182.16296296
179.48518519 174.74814815
254.77407407 174.74814815
233.10000000 179.88148148
248.50000000 185.58518519
241.65555556 182.73333333
465.24074074 239.20000000
464.67037037 231.78518519
476.64814815 232.92592593
590.72222222 235.77777778
586.15925926 232.35555556
585.58888889 238.62962963
579.88518519 231.21481481
574.18148148 228.93333333
573.61111111 236.34814815
576.46296296 240.34074074
566.76666667 240.34074074
559.92222222 235.77777778
563.34444444 227.79259259
546.23333333 222.08888889
548.51481481 247.75555556
533.11481481 248.89629630
521.70740741 238.62962963
514.86296296 235.20740741
505.16666667 254.02962963
497.18148148 239.20000000
500.03333333 247.18518519
494.90000000 221.51851852
493.18888889 231.78518519
398.50740741 232.35555556
417.32962963 242.62222222
404.78148148 242.05185185
408.20370370 234.63703704
411.05555556 225.51111111
423.03333333 223.22962963
432.72962963 216.38518519
539.38888889 241.48148148
562.77407407 257.45185185
531.97407407 261.44444444
520.56666667 248.32592593
145.83333333 248.32592593
132.71481481 250.60740741
123.01851852 249.46666667
119.59629630 242.62222222
117.88518519 230.07407407
101.34444444 227.22222222
86.51481481 234.06666667
72.25555556 228.36296296
64.27037037 221.51851852
81.38148148 220.94814815
30.61851852 218.09629630
55.71481481 203.26666667
648.32962963 246.04444444
347.74444444 301.94074074
314.09259259 254.02962963
290.70740741 275.13333333
327.78148148 235.20740741
316.94444444 245.47407407
338.04814815 231.21481481
350.59629630 235.20740741
355.15925926 219.80740741
363.71481481 232.35555556
379.11481481 216.38518519
371.12962963 219.80740741
387.67037037 212.96296296
395.65555556 219.23703704
400.21851852 218.09629630
421.89259259 212.96296296
415.04814815 218.09629630
409.91481481 212.39259259
416.18888889 202.12592593
424.74444444 200.41481481
440.14444444 208.40000000
457.82592593 205.54814815
453.26296296 204.97777778
445.84814815 203.26666667
453.26296296 211.82222222
445.84814815 215.81481481
449.84074074 224.94074074
436.72222222 223.22962963
439.57407407 216.38518519
457.25555556 226.65185185
466.95185185 222.08888889
466.38148148 218.66666667
468.66296296 215.81481481
492.61851852 210.11111111
483.49259259 219.23703704
485.20370370 224.37037037
473.22592593 200.41481481
465.81111111 199.27407407
473.22592593 205.54814815
516.57407407 227.79259259
530.83333333 222.65925926
526.27037037 218.66666667
535.39629630 226.65185185
539.38888889 231.21481481
534.82592593 210.68148148
519.99629630 207.82962963
519.99629630 214.67407407
523.98888889 201.55555556
549.65555556 194.14074074
544.52222222 192.42962963
512.01111111 213.53333333
498.32222222 201.55555556
501.74444444 210.68148148
513.72222222 203.26666667
508.01851852 227.79259259
436.72222222 195.42407407
439.00370370 185.72777778
460.10740741 188.00925926
451.26666667 188.86481481
451.55185185 195.70925926
421.03703704 191.43148148
411.05555556 190.57592593
411.34074074 184.58703704
411.91111111 178.88333333
397.36666667 180.59444444
386.52962963 174.32037037
368.27777778 207.97222222
358.01111111 198.84629630
340.32962963 199.13148148
332.62962963 193.42777778
320.08148148 166.33518519
439.00370370 155.49814815
244.50740741 203.26666667
217.70000000 206.11851852
172.64074074 202.69629630
193.74444444 203.83703704
170.35925926 216.38518519
150.96666667 215.81481481
105.90740741 211.82222222
96.21111111 210.11111111
84.23333333 211.82222222
75.67777778 216.95555556
125.87037037 218.09629630
119.02592593 214.67407407
148.11481481 226.65185185
157.81111111 235.77777778
160.66296296 249.46666667
180.05555556 240.91111111
174.92222222 237.48888889
168.07777778 234.63703704
189.18148148 228.36296296
201.15925926 227.79259259
218.84074074 230.64444444
209.71481481 235.77777778
208.57407407 243.19259259
383.10740741 226.08148148
359.72222222 206.68888889
344.89259259 203.83703704
323.21851852 202.69629630
327.78148148 204.97777778
332.34444444 210.11111111
314.66296296 217.52592593
310.67037037 212.39259259
286.14444444 210.11111111
275.87777778 208.40000000
261.04814815 200.98518519
254.20370370 194.14074074
255.91481481 211.25185185
249.64074074 207.25925926
263.32962963 222.65925926
287.85555556 226.08148148
271.31481481 219.80740741
271.88518519 211.25185185
274.16666667 171.89629630
264.47037037 171.32592593
285.00370370 170.75555556
268.46296296 182.16296296
288.42592593 173.60740741
395.88518519 194.85370370
381.91111111 198.27592593
399.59259259 205.40555556
366.79629630 165.76481481
356.52962963 168.90185185
192.03333333 183.87407407
201.72962963 184.44444444
210.28518519 188.43703704
229.67777778 219.80740741
234.24074074 206.68888889
238.23333333 216.38518519
247.92962963 219.23703704
231.95925926 229.50370370
255.91481481 230.64444444
259.90740741 228.36296296
269.60370370 230.07407407
300.97407407 223.22962963
296.98148148 204.97777778
287.28518519 193.57037037
281.58148148 197.56296296
305.53703704 175.88888889
299.83333333 183.30370370
449.27037037 162.77037037
444.70740741 162.77037037
435.01111111 166.19259259
444.13703704 170.75555556
437.29259259 170.75555556
421.32222222 167.90370370
456.11481481 175.31851852
450.41111111 178.17037037
453.26296296 169.04444444
461.24814815 163.91111111
460.67777778 167.90370370
485.20370370 172.46666667
482.35185185 150.79259259
476.64814815 151.36296296
464.10000000 145.65925926
454.97407407 146.80000000
437.29259259 140.52592593
437.86296296 146.80000000
433.87037037 147.94074074
427.59629630 142.23703704
448.12962963 146.22962963
445.84814815 153.07407407
449.27037037 152.50370370
498.89259259 154.21481481
504.02592593 153.07407407
488.05555556 154.78518519
486.91481481 161.62962963
531.97407407 168.47407407
518.85555556 157.06666667
522.84814815 163.91111111
526.84074074 162.77037037
529.69259259 162.77037037
534.25555556 165.05185185
541.67037037 166.19259259
492.61851852 182.73333333
474.93703704 180.45185185
463.52962963 179.88148148
408.77407407 163.34074074
401.92962963 171.89629630
394.51481481 172.46666667
646.61851852 168.47407407
637.49259259 166.19259259
626.08518519 163.34074074
619.24074074 163.91111111
612.39629630 161.05925926
604.98148148 166.76296296
603.84074074 163.91111111
596.42592593 162.20000000
582.73703704 163.91111111
561.63333333 160.48888889
571.90000000 145.65925926
635.21111111 143.94814815
639.20370370 142.80740741
644.33703704 143.37777778
648.32962963 143.94814815
636.92222222 147.94074074
641.48518519 151.36296296
619.81111111 153.64444444
630.07777778 158.20740741
634.64074074 155.92592593
626.65555556 149.65185185
640.34444444 155.35555556
647.18888889 157.63703704
644.33703704 163.34074074
638.06296296 161.62962963
618.67037037 141.66666667
618.67037037 147.37037037
608.97407407 146.80000000
599.27777778 135.96296296
591.86296296 140.52592593
583.30740741 142.23703704
606.69259259 129.11851852
563.34444444 141.66666667
554.21851852 145.08888889
542.24074074 149.65185185
547.94444444 151.93333333
552.50740741 153.64444444
559.92222222 153.64444444
573.61111111 159.34814815
566.76666667 153.64444444
577.60370370 147.94074074
572.47037037 150.79259259
581.59629630 149.65185185
580.45555556 154.78518519
587.30000000 150.22222222
590.15185185 154.78518519
595.28518519 149.65185185
599.27777778 143.37777778
602.12962963 153.07407407
606.12222222 154.21481481
611.82592593 152.50370370
555.35925926 187.86666667
545.66296296 183.30370370
525.70000000 194.14074074
514.29259259 192.42962963
517.14444444 183.87407407
529.12222222 188.43703704
523.41851852 181.02222222
529.12222222 182.16296296
532.54444444 177.02962963
523.41851852 175.31851852
519.42592593 171.89629630
509.15925926 173.03703704
501.74444444 164.48148148
509.15925926 165.05185185
501.74444444 173.60740741
494.90000000 166.76296296
493.18888889 170.75555556
494.32962963 177.02962963
501.17407407 181.02222222
508.58888889 185.58518519
501.17407407 189.00740741
494.90000000 189.00740741
496.61111111 194.14074074
480.07037037 186.15555556
477.78888889 173.03703704
468.09259259 167.33333333
425.31481481 177.60000000
420.18148148 173.60740741
334.05555556 167.90370370
339.75925926 176.45925926
355.72962963 176.45925926
375.69259259 176.45925926
376.83333333 168.47407407
311.24074074 198.70370370
292.98888889 196.99259259
308.38888889 186.72592593
549.65555556 262.58518519
596.99629630 260.87407407
579.88518519 249.46666667
587.30000000 255.17037037
578.17407407 263.15555556
586.72962963 264.29629630
608.97407407 264.86666667
618.67037037 264.86666667
612.96666667 279.12592593
643.76666667 278.55555556
328.92222222 173.60740741
320.36666667 178.74074074
186.32962963 200.41481481
138.98888889 238.62962963
135.56666667 220.37777778
160.66296296 218.09629630
179.48518519 209.54074074
192.03333333 215.24444444
198.87777778 214.67407407
351.16666667 192.42962963
345.46296296 189.00740741
338.61851852 186.15555556
361.43333333 190.71851852
369.41851852 196.42222222
369.41851852 187.86666667
368.84814815 180.45185185
380.25555556 187.29629630
375.12222222 184.44444444
389.38148148 182.16296296
404.78148148 194.71111111
404.21111111 187.86666667
483.49259259 240.34074074
479.50000000 202.12592593
485.77407407 197.56296296
472.08518519 187.86666667
482.35185185 179.88148148
488.05555556 176.45925926
506.87777778 196.42222222
537.10740741 193.57037037
534.25555556 199.27407407
534.25555556 187.29629630
540.52962963 186.15555556
536.53703704 182.16296296
537.67777778 178.17037037
428.73703704 231.21481481
418.47037037 231.21481481
334.05555556 222.65925926
355.15925926 225.51111111
339.75925926 215.81481481
428.16666667 197.56296296
426.45555556 191.28888889
430.44814815 183.30370370
563.91481481 180.45185185
565.62592593 174.17777778
556.50000000 177.02962963
551.36666667 173.60740741
542.24074074 171.32592593
543.38148148 174.74814815
547.37407407 177.02962963
378.54444444 236.34814815
373.41111111 228.36296296
206.86296296 207.25925926
203.44074074 200.98518519
462.38888889 152.50370370
468.66296296 158.20740741
474.93703704 157.63703704
299.83333333 212.39259259
369.41851852 275.13333333
54.00370370 236.91851852
503.45555556 236.34814815
275.87777778 179.31111111
224.54444444 187.86666667
241.65555556 195.28148148
220.95454545 256.17532468
