1011.29937169 572.20732021
980.43323290 536.01943335
776.07810712 615.84565436
880.38436923 597.75171093
852.71127928 564.75687291
895.28526382 550.92032794
619.61871394 643.51874431
492.96110994 638.19699624
594.07432322 586.04386518
666.45009693 548.79162871
735.63282181 543.46988064
781.39985518 571.14297059
846.32518160 513.66809147
926.15140261 463.64365964
987.88368019 451.93581389
1020.87851821 449.80711466
1008.10632285 416.81227664
914.44355686 434.90622007
811.20164436 492.38109920
721.79627683 510.47504263
729.24672413 488.12370075
627.06916124 513.66809147
507.86200453 526.44028683
472.73846729 571.14297059
433.35753159 570.07862098
317.34342373 615.84565436
595.13867283 464.70800925
652.61355196 454.06451312
689.86578843 440.22796814
717.53887838 439.16361853
779.27115596 440.22796814
831.42428702 426.39142317
891.02786537 422.13402471
909.12180880 422.13402471
917.63660570 407.23313012
929.34445145 381.68873940
913.37920725 387.01048747
951.69579333 373.17394249
983.62628174 389.13918670
1015.55677014 377.43134095
1012.36372130 355.07999907
978.30453367 372.10959288
993.20542826 358.27304791
1015.55677014 347.62955177
1017.68546937 340.17910448
954.88884217 358.27304791
962.33928947 347.62955177
939.98794759 349.75825100
930.40880107 357.20869829
887.83481653 373.17394249
884.64176769 387.01048747
872.93392194 401.91138206
860.16172658 375.30264172
803.75119707 392.33223554
821.84514049 399.78268283
764.37026137 412.55487819
769.69200944 394.46093476
743.08326910 401.91138206
800.55814823 437.03491930
706.89538224 422.13402471
622.81176278 439.16361853
587.68822554 439.16361853
563.20818443 466.83670848
525.95594796 459.38626118
506.79765492 498.76719688
452.51582463 484.93065190
462.09497115 451.93581389
430.16448275 446.61406582
412.07053932 481.73760306
367.36785556 533.89073412
352.46696097 498.76719688
296.05643146 503.02459533
242.83895079 536.01943335
186.42842127 588.17256441
216.23021045 660.54833812
110.85959872 578.59341789
144.91878635 597.75171093
59.77081728 528.56898606
99.15175297 506.21764417
65.09256534 461.51496041
4.42463738 439.16361853
16.13248312 414.68357742
97.02305375 414.68357742
118.31004601 446.61406582
114.05264756 473.22280616
152.36923364 433.84187046
193.87886857 478.54455422
203.45801509 441.29231775
252.41809731 473.22280616
221.55195852 437.03491930
283.28423610 454.06451312
300.31382991 448.74276505
275.83378880 477.48020461
358.85305865 461.51496041
392.91224628 440.22796814
356.72435942 431.71317123
315.21472450 426.39142317
281.15553687 422.13402471
252.41809731 399.78268283
217.29456006 399.78268283
140.66138790 402.97573167
168.33447785 392.33223554
215.16586084 375.30264172
128.95354215 377.43134095
107.66654988 389.13918670
83.18650877 377.43134095
61.89951650 399.78268283
38.48382501 402.97573167
20.38988158 380.62438979
39.54817462 380.62438979
453.58017425 411.49052858
474.86716651 407.23313012
505.73330530 414.68357742
571.72298134 409.36182935
631.32655969 410.42617896
606.84651858 407.23313012
595.13867283 397.65398360
662.19269848 396.58963399
688.80143882 392.33223554
714.34582954 387.01048747
735.63282181 379.56004017
756.91981408 377.43134095
787.78595286 373.17394249
797.36509939 355.07999907
330.11561909 578.59341789
327.98691986 578.59341789
33.16207694 349.75825100
46.99862191 350.82260061
55.51341882 374.23829211
69.34996380 364.65914559
118.31004601 358.27304791
97.02305375 366.78784481
103.40915143 350.82260061
89.57260645 350.82260061
85.31520800 340.17910448
85.31520800 317.82776260
68.28561418 338.05040525
133.21094060 362.53044636
151.30488403 359.33739752
157.69098171 369.98089365
173.65622591 364.65914559
204.52236470 364.65914559
231.13110504 369.98089365
271.57639035 369.98089365
291.79903300 396.58963399
338.63041600 387.01048747
373.75395324 404.04008128
398.23399435 402.97573167
421.64968584 384.88178824
463.15932077 372.10959288
447.19407657 372.10959288
482.31761381 379.56004017
504.66895569 390.20353631
501.47590685 374.23829211
531.27769603 381.68873940
549.37163946 369.98089365
555.75773714 388.07483708
590.88127438 372.10959288
634.51960853 373.17394249
651.54920235 369.98089365
666.45009693 350.82260061
680.28664191 369.98089365
693.05883727 369.98089365
702.63798379 359.33739752
695.18753650 351.88695023
707.95973186 345.50085254
728.18237451 362.53044636
752.66241562 355.07999907
766.49896060 360.40174713
780.33550557 360.40174713
763.30591176 334.85735641
748.40501717 332.72865718
711.15278070 325.27820989
680.28664191 334.85735641
657.93530003 329.53560834
644.09875505 347.62955177
627.06916124 352.95129984
623.87611240 332.72865718
633.45525892 323.14951066
605.78216897 325.27820989
593.00997361 328.47125873
610.03956742 351.88695023
590.88127438 347.62955177
572.78733095 350.82260061
571.72298134 332.72865718
540.85684255 335.92170602
536.59944409 347.62955177
540.85684255 355.07999907
551.50033868 332.72865718
551.50033868 322.08516105
552.56468830 310.37731530
776.07810712 334.85735641
825.03818934 377.43134095
822.90949011 366.78784481
833.55298624 357.20869829
814.39469320 357.20869829
822.90949011 336.98605564
837.81038470 336.98605564
899.54266228 362.53044636
877.19132039 362.53044636
897.41396305 335.92170602
919.76530493 344.43650293
921.66379371 321.55298624
969.82561372 334.59126901
981.79954687 333.26083199
999.89349030 330.86604536
1008.94046201 336.98605564
1016.39090930 319.69037442
1016.12482190 306.11991685
1017.72134632 298.40338215
1004.15088875 299.46773176
999.62740289 308.78079088
983.66215869 313.57036414
968.49517670 322.88342326
961.04472940 317.82776260
954.92471913 307.98252867
966.63256488 303.19295541
975.14736178 307.18426646
988.98390676 297.60511994
1003.88480135 290.42076005
995.37000444 296.00859552
984.99259571 286.69553640
975.41344919 285.36509939
964.76995305 289.88858524
952.26384509 291.21902226
948.53862145 279.77726392
943.21687338 287.75988602
938.42730012 290.42076005
926.18727956 290.42076005
916.34204564 293.61380889
925.12292995 299.73381917
924.32466774 308.78079088
909.15768575 316.23123818
948.80470885 335.12344381
943.74904819 319.69037442
941.62034896 306.65209165
950.66732067 299.99990657
1002.82045173 322.08516105
855.67411767 343.37215332
873.50197370 339.38084227
882.54894541 334.59126901
899.57853923 321.02081144
884.67764464 317.82776260
899.04636442 311.44166491
907.82724873 290.68684745
895.32114077 302.92686801
889.20113050 306.91817906
875.63067293 312.23992712
873.76806110 323.94777287
858.60107911 332.72865718
849.28801999 329.00343354
854.60976806 314.36862635
844.23235933 318.89211221
847.95758298 307.71644127
839.17669867 314.90080116
809.64099689 330.86604536
800.86011258 334.59126901
788.62009203 339.11475486
789.15226683 331.66430757
772.65484783 327.67299652
825.60624109 388.87309929
907.56116133 401.64529465
805.64968584 319.69037442
819.22014341 315.69906337
826.67059071 309.57905309
831.72625137 302.92686801
843.16800972 299.46773176
835.45147502 297.60511994
840.77322309 287.75988602
845.56279635 286.42944900
844.49844673 281.10770093
841.03931049 276.05204027
813.36622054 269.93202999
812.83404573 282.70422535
811.50360872 287.22771121
817.62361899 294.41207110
826.13841590 295.21033331
830.92798916 287.75988602
819.22014341 305.58774204
810.17317170 308.78079088
794.74010231 316.23123818
784.89486838 310.11122790
776.64615888 305.58774204
785.42704319 300.26599397
802.98881181 297.07294513
808.31055988 299.99990657
796.86880153 294.41207110
798.46532595 288.82423563
793.67575269 275.51986546
787.82182982 280.57552613
783.03225656 281.37378834
772.92093523 280.84161353
773.98528484 287.75988602
779.30703291 285.89727419
782.50008175 291.48510966
779.04094551 296.54077033
769.72788639 302.66078060
768.92962418 290.68684745
876.69502254 300.26599397
861.52804055 305.58774204
867.64805083 302.12860580
870.04283746 293.87989629
861.26195315 291.48510966
861.79412795 284.03466237
850.61845701 295.47642071
888.13678088 295.47642071
892.12809193 287.75988602
886.27416906 278.97900171
901.17506365 286.42944900
908.35942354 280.30943872
758.28612805 317.02950039
765.47048794 315.29993226
744.98175788 319.02515591
736.33391727 318.35993740
725.95650854 324.08081657
721.69911008 324.74603508
721.43302268 315.56601967
726.35563964 306.25296055
736.99913578 294.27902740
746.31219489 303.19295541
753.09742368 295.34337701
760.01569617 298.53642585
766.93396865 281.63987574
756.68960363 286.03031789
749.37220003 289.22336673
739.66000981 282.97031276
729.01651368 274.58855955
729.68173218 291.48510966
728.35129517 286.29640530
718.37301754 284.96596828
958.08189101 483.86630229
566.11122790 373.44002990
517.41723308 342.30780370
507.03982435 356.94261089
487.34935650 367.32001962
479.63282181 354.81391166
460.47452876 351.08868802
423.22229229 364.65914559
407.78922290 365.98958260
373.99612267 374.77046691
399.27442599 346.83128956
371.86742345 336.18779343
384.63961881 342.57389111
392.09006610 332.99474459
398.47616378 329.53560834
417.36836942 348.69390139
444.77537197 342.30780370
460.74061617 330.59995796
472.18237451 330.06778315
474.84324855 342.30780370
484.68848247 331.93039497
492.67110457 339.38084227
498.79111485 333.79300680
517.94940789 329.00343354
491.87284236 323.41559807
496.13024081 314.36862635
365.48132577 321.55298624
372.66568566 317.82776260
380.64830776 315.96515077
382.77700698 328.20517133
373.19786046 307.98252867
367.61002499 299.46773176
375.59264709 293.08163408
393.95267792 299.99990657
392.09006610 291.75119707
385.17179361 291.48510966
407.52313550 306.91817906
403.53182445 311.17557751
420.02924345 313.30427674
423.48837970 338.05040525
423.48837970 328.73734613
429.60838998 323.68168547
430.67273959 311.44166491
410.18400953 302.66078060
421.35968047 295.47642071
425.35099152 296.27468292
430.40665219 292.81554668
447.70233340 317.82776260
457.01539252 311.44166491
463.93366501 310.37731530
469.25541308 316.76341298
475.90759816 323.68168547
481.49543363 315.96515077
484.68848247 306.11991685
504.11286292 317.82776260
511.03113540 305.58774204
520.34419452 309.57905309
531.78595286 308.24861607
543.22771121 306.91817906
550.41207110 298.93555696
546.15467265 293.87989629
539.76857497 299.20164436
559.45904281 300.79816878
563.18426646 300.79816878
577.55298624 306.11991685
572.76341298 316.23123818
583.14082171 314.90080116
597.77562890 305.05556723
606.55651321 309.57905309
615.07131012 313.30427674
614.00696050 306.11991685
606.55651321 298.66946955
606.29042581 290.68684745
592.45388083 291.21902226
580.47994768 294.67815850
571.69906337 293.87989629
577.02081144 295.74250812
529.92334104 298.13729475
522.20680634 298.13729475
528.32681662 290.15467265
474.57716114 292.54945928
595.91301707 343.10606591
606.02433840 338.84866746
552.40772663 284.03466237
558.52773690 282.70422535
567.70775232 284.69988088
576.75472403 285.09901198
575.15819961 275.38682176
580.74603508 271.52855441
586.20082685 273.52420994
595.38084227 274.05638474
596.31214818 283.23640016
602.03302735 284.03466237
618.26435896 284.43379347
616.93392194 277.78160839
608.15303763 279.51117651
634.76177796 284.96596828
622.65480111 286.16336160
635.56004017 297.07294513
629.70611730 304.25730502
634.89482167 303.72513022
646.07049261 305.72078574
640.74874454 316.49732558
657.91138206 311.30862121
668.68792189 311.57470862
661.50356200 304.12426132
654.98442062 298.93555696
659.90703758 295.21033331
666.95835377 288.69119193
666.02704786 275.78595286
670.28444631 285.63118679
653.92007101 282.03900684
647.80006073 279.11204541
641.41396305 290.28771635
602.83128956 302.79382431
587.79735127 306.65209165
583.93908392 286.96162381
559.19295541 291.21902226
614.80522271 298.13729475
685.58447201 281.10770093
701.01754140 278.97900171
713.52364936 276.31812767
685.45142830 306.11991685
696.62709925 307.84948497
694.09926891 297.07294513
690.90622007 291.08597856
680.12968024 289.88858524
673.61053886 290.15467265
647.93310443 322.61733586
643.94179338 330.99908906
712.85843085 284.16770607
708.86711980 295.21033331
714.32191157 311.70775232
706.73842057 305.58774204
702.74710952 301.59643099
698.35666737 292.94859038
695.03057483 285.63118679
633.69742835 279.37813281
676.80358770 309.97818420
656.71398874 285.36509939
649.26354145 288.95727933
714.18886787 296.93990143
754.23502207 348.16172658
445.70667788 304.78947983
453.02408147 301.99556210
448.23450821 294.81120220
443.57797865 300.13295027
464.73192722 295.47642071
461.53887838 283.10335646
457.28147992 284.30074977
452.09277556 286.82858010
447.96842081 281.24074463
443.17884755 278.44682690
447.56928970 272.72594773
455.28582440 277.51552099
461.40583468 276.58421507
478.70151589 282.17205055
477.90325368 288.29206082
487.21631280 291.08597856
488.01457501 298.27033845
496.79545932 296.14163922
502.25025109 291.75119707
519.67897601 285.23205568
508.76939247 283.36944386
498.79111485 282.57118165
487.88153131 284.69988088
491.47371126 276.45117137
486.15196319 275.12073436
477.10499147 256.49461612
469.25541308 253.56765468
445.04145937 255.56331021
439.18753650 254.09982949
437.32492467 266.47289375
442.24754163 270.19811739
441.98145423 264.47723822
447.83537711 268.33550557
451.95973186 266.47289375
454.08843108 270.99637960
457.68061103 272.85899143
460.87365987 270.06507369
465.26410203 271.79464181
476.17368556 271.52855441
471.25106860 267.13811226
468.19106346 276.05204027
537.77291944 278.44682690
531.38682176 282.17205055
527.66159811 276.98334618
515.28853386 276.58421507
519.27984491 275.51986546
508.76939247 276.05204027
544.82423563 284.56683718
453.82234368 262.08245159
461.53887838 261.68332049
457.54756733 261.68332049
563.98252867 282.17205055
568.23992712 281.63987574
349.38303786 290.95293486
342.73085278 298.40338215
349.78216897 314.63471376
356.96652886 291.88424077
364.55001985 289.48945414
361.62305842 282.97031276
375.19351599 282.57118165
376.25786560 279.24508911
381.97874477 281.63987574
382.51091958 276.05204027
394.61789643 278.84595800
388.76397356 278.31378320
403.53182445 277.38247728
395.81528975 284.96596828
403.13269334 286.82858010
414.04227688 289.35641044
419.76315605 283.50248756
414.70749539 282.97031276
413.90923318 273.12507883
424.81881671 274.72160325
430.93882699 283.50248756
435.19622545 279.24508911
434.39796324 273.12507883
432.00317661 271.79464181
427.61273445 262.48158270
432.00317661 261.15114568
423.35533600 256.76070352
416.43706351 257.95809684
411.51444655 256.09548502
416.70315091 266.07376264
410.18400953 271.39551071
403.39878074 264.74332563
402.06834373 260.61897087
397.27877047 258.22418424
387.03440544 263.54593231
361.62305842 260.48592717
364.01784505 266.33985005
363.88480135 274.45551585
358.82914068 271.26246701
354.03956742 269.79898629
350.97956228 277.51552099
355.50304814 280.17639502
343.79520239 277.51552099
345.39172681 264.07810712
351.24564969 264.34419452
348.98390676 259.82070866
345.12563941 259.55462126
346.05694532 253.03547988
354.57174223 254.63200430
367.34393759 253.70069839
371.06916124 254.23287319
371.86742345 249.31025623
376.12482190 248.37895032
375.32655969 262.21549529
380.24917665 268.20246187
377.32221522 271.66159811
373.19786046 275.12073436
367.87611240 272.72594773
369.87176792 266.73898115
374.39525378 266.60593745
370.80307383 263.01375750
365.08219466 259.68766496
363.08653914 255.82939761
367.61002499 257.29287833
387.43353654 272.19377292
383.30918179 270.06507369
420.82750566 270.06507369
399.93964450 269.53289889
397.81094527 272.19377292
392.48919721 269.53289889
395.81528975 268.73463668
391.95702240 258.62331535
300.82208675 358.80522271
283.92553664 354.94695536
261.84028216 349.49216360
259.44549553 373.83916100
273.01595310 335.25648752
284.59075514 333.92605050
299.89078084 337.11909934
316.78733095 326.47560320
325.43517156 330.06778315
342.59780908 334.72431271
353.90652372 327.53995282
356.16826665 342.44084741
343.92824609 353.48347465
346.05694532 363.99392708
356.96652886 377.83047205
330.49083222 367.32001962
314.52558802 352.28608133
257.58288370 324.47994768
273.68117161 320.75472403
281.66379371 316.76341298
293.50468316 314.63471376
302.28556747 317.42863149
263.70289398 315.69906337
315.45689393 314.23558265
320.11342349 311.97383972
336.34475510 316.63036928
187.60189662 345.36780884
200.24104828 338.71562376
217.13759839 334.05909420
232.03849298 332.46256978
239.88807138 326.07647210
248.66895569 342.44084741
238.02545956 346.29911475
158.73141336 330.73300166
170.43925910 335.25648752
189.73059585 335.65561862
184.14276038 330.06778315
183.07841076 319.15819961
174.43057015 321.41994254
165.64968584 312.23992712
160.06185037 301.99556210
170.43925910 299.33468806
180.81666783 301.72947469
193.18973209 305.85382944
201.97061640 300.26599397
215.67411767 305.98687315
214.07759325 316.09819447
221.39499685 315.83210707
205.69584005 318.35993740
230.97414337 319.82341812
238.02545956 313.57036414
243.21416392 307.18426646
251.86200453 314.23558265
263.03767547 308.11557237
269.42377315 306.25296055
253.72461635 306.78513536
259.84462663 301.33034359
263.70289398 296.40772663
268.75855464 294.67815850
276.20900194 288.95727933
265.43246210 289.88858524
276.07595824 278.18073950
269.95594796 280.97465723
262.10636956 279.77726392
258.78027702 284.83292458
251.72896083 287.09466751
255.05505337 293.61380889
243.48025133 292.68250298
237.49328475 296.93990143
231.10718707 297.33903254
226.05152641 301.33034359
217.66977320 296.93990143
218.86716651 291.35206596
226.18457011 285.89727419
230.70805596 282.03900684
238.15850326 281.90596314
248.13678088 282.17205055
251.72896083 277.91465209
221.66108425 280.97465723
204.89757784 277.78160839
204.63149044 283.36944386
190.92798916 291.08597856
184.27580408 280.70856983
160.86011258 279.37813281
186.13841590 294.54511480
135.84789667 343.63824072
151.81314087 343.63824072
226.58370121 355.87826128
327.16473968 307.98252867
293.10555205 294.41207110
308.80470885 281.37378834
285.65510476 281.37378834
282.46205592 307.71644127
287.78380398 307.45035386
119.88265247 335.65561862
146.75748020 314.36862635
136.64615888 313.30427674
116.68960363 317.56167519
116.42351622 304.78947983
122.54352650 305.58774204
122.27743910 295.47642071
133.71919744 298.13729475
139.04094551 305.58774204
143.29834396 298.66946955
150.21661645 295.74250812
150.21661645 288.82423563
155.80445192 311.97383972
152.34531568 305.85382944
148.35400462 277.11638988
137.71050849 281.37378834
126.00266274 284.03466237
115.09307920 277.91465209
102.32088384 280.04335132
110.03741854 271.26246701
101.25653423 269.66594259
103.11914605 258.49027165
107.64263191 259.82070866
114.02872959 266.47289375
124.67222573 269.39985518
126.53483755 261.15114568
136.91224628 257.42592203
147.28965501 263.27984491
139.30703291 264.61028192
140.90355733 270.46420480
134.25137225 272.85899143
155.00618971 270.99637960
164.31924883 256.62765982
165.64968584 252.37026137
173.36622054 252.90243618
177.88970640 256.36157242
176.02709457 262.21549529
172.30187093 260.35288347
194.12103800 252.63634877
186.93667811 252.63634877
200.50713568 257.95809684
193.58886320 259.82070866
192.25842618 264.61028192
190.66190176 267.53724336
185.60624109 270.19811739
183.21145446 268.60159297
170.17317170 267.27115596
169.90708430 275.78595286
157.40097634 264.61028192
187.73494032 270.06507369
205.96192745 266.07376264
211.41671922 264.87636933
204.09931563 261.28418938
215.67411767 271.79464181
211.28367552 273.92334104
215.94020508 281.77291944
224.85413309 274.32247215
228.57935674 271.52855441
226.71674491 277.38247728
221.66108425 269.00072408
223.25760867 264.07810712
219.39934132 262.74767010
216.07324878 262.74767010
216.87151099 259.82070866
221.92717165 258.88940275
222.32630276 254.23287319
227.51500712 252.37026137
221.39499685 248.24590662
228.84544414 248.11286292
250.13243641 248.37895032
247.87069348 254.89809170
252.39417934 251.83808656
261.44115105 249.44329993
270.88725387 249.17721253
261.84028216 253.83374209
251.32982972 269.93202999
242.14981431 273.65725364
240.15415878 265.00941303
232.96979889 265.94071894
238.15850326 271.79464181
237.89241585 275.25377806
236.56197884 257.69200944
228.44631304 260.75201458
230.97414337 256.49461612
290.57772172 267.27115596
292.97250835 272.19377292
289.91250321 275.91899657
292.17424614 285.36509939
282.86118702 297.07294513
287.51771658 292.54945928
263.83593768 270.86333590
259.57853923 272.72594773
268.35942354 272.19377292
273.01595310 271.79464181
269.02464205 267.13811226
264.90028730 265.94071894
259.04636442 263.67897601
275.80987083 263.54593231
284.05858034 264.34419452
291.77511504 260.88505828
287.25162918 260.35288347
277.93857006 251.43895546
267.56116133 255.16417910
267.29507393 259.28853386
246.00808166 260.35288347
244.14546983 264.87636933
250.26548011 266.47289375
252.39417934 258.22418424
270.75421017 263.54593231
279.53509448 269.66594259
273.68117161 267.80333076
285.65510476 271.52855441
297.89512531 276.05204027
302.15252377 277.11638988
302.41861117 272.06072922
297.62903791 269.13376778
303.48296078 268.86768038
302.95078598 262.21549529
300.28991194 264.61028192
303.48296078 257.42592203
309.07079625 262.21549529
316.52124355 262.74767010
320.24646719 267.27115596
317.85168056 269.66594259
311.19949548 268.86768038
313.59428211 272.32681662
306.40992222 272.85899143
321.84299161 275.25377806
325.83430267 281.37378834
316.52124355 282.17205055
317.05341835 286.96162381
319.18211758 290.68684745
311.73167029 293.34772149
300.55599935 295.74250812
309.60297106 306.11991685
334.61518698 295.74250812
334.61518698 286.42944900
334.34909957 278.44682690
329.82561372 275.38682176
331.42213814 270.06507369
332.22040035 266.60593745
338.60649803 269.13376778
339.53780394 272.85899143
336.47779880 263.94506342
323.97169084 262.61462640
322.50821012 257.82505314
337.40910471 254.49896060
317.45254946 257.42592203
320.11342349 261.15114568
324.76995305 258.35722794
326.49952117 261.55027679
324.63690935 271.66159811
319.84733609 271.26246701
355.63609184 260.88505828
353.50739261 258.49027165
341.53345946 283.50248756
340.73519725 276.58421507
72.51909467 480.14107864
63.47212295 302.92686801
68.26169621 278.44682690
85.29129003 286.42944900
65.60082218 270.46420480
435.99448766 398.71833322
316.25515614 301.33034359
309.33688366 299.73381917
364.68306356 282.70422535
368.40828720 282.17205055
429.07621517 254.49896060
715.43409712 358.80522271
921.89400416 672.25618387
