23.57887701 674.33556150
56.03074866 564.73395722
103.79010695 637.59759358
172.97994652 668.21256684
193.18582888 602.08422460
216.45320856 566.57085561
123.99598930 554.93716578
131.34358289 491.25802139
63.37834225 485.74732620
81.74732620 452.68315508
18.68048128 442.88636364
61.54144385 395.73930481
29.70187166 390.84090909
50.52005348 442.88636364
104.40240642 430.64037433
138.69117647 419.00668449
147.26336898 440.43716578
172.97994652 442.88636364
201.75802139 466.76604278
227.47459893 441.66176471
234.20989305 576.36764706
278.90775401 525.54679144
278.90775401 473.50133690
284.41844920 451.45855615
273.39705882 436.15106952
255.64037433 432.47727273
334.62700535 440.43716578
327.27941176 492.48262032
355.44518717 509.01470588
376.87566845 512.07620321
369.52807487 602.69652406
422.79812834 610.65641711
430.75802139 529.83288770
452.18850267 499.83021390
417.28743316 490.03342246
406.87834225 464.92914439
375.65106952 426.35427807
318.09491979 429.41577540
310.13502674 423.29278075
349.93449198 397.57620321
365.24197861 400.63770053
414.83823529 338.18315508
26.64037433 357.77673797
62.76604278 346.14304813
102.56550802 352.87834225
131.95588235 351.65374332
146.03877005 352.87834225
158.89705882 335.12165775
174.81684492 332.67245989
174.81684492 348.59224599
175.42914439 357.16443850
194.41042781 343.69385027
189.51203209 330.22326203
171.14304813 305.73128342
196.24732620 307.56818182
227.47459893 316.14037433
226.86229947 336.34625668
207.26871658 376.75802139
226.86229947 369.41042781
234.82219251 377.37032086
248.90508021 348.59224599
274.00935829 354.71524064
284.41844920 343.08155080
299.11363636 363.89973262
317.48262032 403.08689840
40.72326203 270.21791444
60.92914439 264.70721925
94.60561497 260.42112299
116.03609626 258.58422460
150.32486631 261.03342246
214.00401070 197.35427807
242.78208556 200.41577540
20.51737968 234.70454545
42.56016043 233.47994652
98.89171123 241.43983957
185.83823529 219.39705882
133.18048128 400.02540107
100.11631016 403.69919786
484.64037433 676.78475936
261.85762032 266.39104278
280.53275401 283.22927807
288.18649733 285.37232620
292.47259358 320.88569519
307.78008021 327.00868984
267.36831551 322.41644385
317.27072193 348.43917112
324.31216578 334.66243316
316.96457219 318.13034759
304.71858289 300.98596257
315.12767380 305.88435829
324.92446524 303.74131016
313.29077540 296.08756684
285.73729947 240.06216578
291.86029412 238.83756684
289.10494652 251.08355615
272.26671123 248.63435829
277.47125668 251.38970588
283.59425134 261.49264706
294.00334225 263.32954545
295.84024064 275.26938503
290.94184492 274.65708556
298.28943850 280.16778075
308.69852941 276.18783422
318.18917112 277.10628342
314.82152406 276.49398396
318.49532086 267.92179144
322.78141711 268.84024064
327.98596257 269.14639037
331.96590909 268.22794118
334.10895722 268.84024064
322.78141711 260.57419786
318.18917112 261.49264706
312.37232620 264.24799465
325.53676471 283.53542781
351.86564171 284.14772727
337.78275401 278.94318182
342.68114973 307.10895722
337.17045455 304.96590909
355.84558824 307.72125668
360.74398396 301.59826203
358.29478610 295.47526738
346.04879679 294.25066845
368.39772727 293.94451872
363.49933155 292.10762032
360.74398396 285.06617647
295.53409091 244.34826203
340.53810160 340.78542781
339.61965241 369.86965241
372.37767380 360.68516043
364.72393048 338.64237968
362.58088235 354.56216578
344.51804813 326.39639037
366.56082888 312.00735294
374.52072193 318.74264706
380.64371658 327.31483957
383.39906417 346.90842246
389.82820856 350.58221925
371.76537433 343.54077540
301.04478610 270.37098930
344.21189840 251.08355615
439.42446524 352.11296791
447.38435829 367.42045455
452.89505348 381.80949198
440.95521390 391.60628342
426.56617647 406.30147059
463.61029412 393.74933155
454.42580214 349.35762032
457.79344920 339.56082888
446.77205882 334.66243316
432.99532086 330.68248663
427.79077540 336.80548128
399.93114973 337.41778075
387.99131016 334.05013369
460.24264706 327.92713904
445.54745989 325.78409091
413.70788770 308.02740642
407.58489305 298.23061497
401.15574866 295.47526738
389.21590909 299.45521390
381.25601604 292.10762032
418.91243316 297.61831551
107.46390374 376.14572193
553.83021390 651.06818182
621.79545455 671.27406417
573.42379679 599.02272727
537.29812834 564.12165775
575.26069519 504.72860963
611.38636364 520.03609626
611.38636364 484.52272727
641.38903743 479.01203209
660.98262032 509.01470588
689.14839572 531.05748663
664.65641711 570.24465241
725.88636364 589.22593583
724.04946524 628.41310160
798.13770053 670.66176471
868.55213904 668.82486631
830.58957219 514.52540107
788.95320856 460.03074866
836.10026738 442.88636364
816.50668449 440.43716578
724.04946524 458.19385027
708.12967914 487.58422460
479.12967914 333.28475936
470.55748663 316.75267380
479.74197861 319.81417112
487.70187166 333.89705882
495.66176471 333.89705882
504.23395722 335.73395722
496.88636364 389.61631016
497.49866310 401.86229947
509.74465241 389.61631016
511.58155080 415.94518717
528.11363636 392.06550802
525.05213904 433.70187166
539.74732620 421.45588235
576.48529412 410.43449198
589.34358289 453.90775401
626.69385027 450.23395722
640.77673797 453.90775401
662.81951872 424.51737968
649.96122995 365.12433155
650.57352941 338.18315508
519.54144385 335.12165775
521.99064171 324.71256684
531.78743316 338.18315508
539.13502674 368.79812834
529.95053476 354.71524064
518.92914439 351.65374332
502.39705882 352.26604278
466.27139037 357.77673797
467.49598930 368.18582888
477.90508021 362.67513369
557.50401070 365.12433155
548.31951872 365.73663102
558.72860963 352.87834225
550.15641711 351.65374332
588.11898396 370.63502674
596.69117647 352.87834225
581.99598930 362.67513369
594.85427807 398.80080214
604.03877005 385.33021390
575.26069519 387.16711230
556.27941176 385.94251337
564.23930481 381.65641711
545.87032086 396.35160428
612.61096257 410.43449198
601.58957219 418.39438503
583.83288770 422.68048128
592.40508021 436.15106952
624.85695187 357.16443850
610.77406417 359.61363636
616.89705882 338.18315508
627.91844920 333.28475936
604.03877005 352.87834225
589.95588235 324.10026738
580.15909091 326.54946524
566.07620321 324.71256684
550.15641711 336.34625668
882.63502674 447.17245989
891.20721925 428.19117647
873.45053476 420.84358289
858.75534759 433.70187166
845.89705882 432.47727273
822.62967914 425.12967914
846.50935829 414.72058824
855.69385027 407.37299465
809.77139037 407.98529412
776.70721925 399.41310160
765.07352941 396.35160428
771.19652406 381.65641711
803.03609626 388.39171123
834.26336898 377.98262032
864.26604278 381.65641711
882.63502674 371.24732620
891.20721925 382.26871658
898.55481283 376.14572193
907.73930481 372.47192513
927.33288770 424.51737968
927.94518717 385.33021390
915.69919786 392.67780749
575.87299465 311.85427807
583.83288770 313.69117647
590.56818182 308.79278075
599.75267380 307.56818182
606.48796791 308.79278075
610.16176471 327.16176471
672.61631016 348.59224599
681.80080214 339.40775401
669.55481283 330.83556150
702.00668449 354.10294118
700.16978610 365.12433155
712.41577540 372.47192513
718.53877005 357.77673797
709.96657754 359.61363636
730.78475936 371.24732620
695.88368984 382.88101604
695.88368984 404.92379679
708.12967914 410.43449198
750.37834225 425.12967914
749.15374332 440.43716578
675.06550802 463.70454545
787.11631016 339.40775401
811.60828877 357.16443850
822.01737968 359.61363636
524.43983957 536.56818182
687.92379679 350.42914439
703.23128342 322.87566845
725.27406417 329.61096257
724.04946524 340.63235294
734.45855615 341.85695187
716.08957219 340.63235294
706.90508021 346.14304813
870.38903743 365.12433155
890.59491979 362.67513369
917.53609626 349.81684492
919.98529412 335.12165775
929.16978610 338.79545455
901.00401070 336.34625668
891.81951872 346.14304813
885.08422460 333.28475936
881.41042781 340.63235294
747.92914439 340.63235294
750.99064171 361.45053476
768.13502674 368.18582888
761.39973262 354.10294118
752.82754011 316.14037433
744.25534759 322.26336898
910.80080214 327.77406417
823.85427807 347.36764706
823.85427807 335.12165775
816.50668449 335.12165775
629.14304813 305.11898396
627.30614973 316.75267380
607.71256684 292.26069519
585.05748663 299.60828877
567.30080214 288.58689840
561.79010695 272.66711230
553.83021390 277.56550802
550.76871658 280.01470588
547.70721925 283.68850267
540.97192513 285.52540107
535.46122995 285.52540107
532.39973262 288.58689840
529.33823529 283.07620321
527.50133690 313.07887701
531.78743316 302.05748663
515.86764706 289.19919786
494.43716578 291.03609626
483.41577540 297.15909091
481.57887701 280.01470588
491.98796791 282.46390374
471.16978610 295.32219251
465.04679144 299.60828877
447.90240642 296.54679144
434.43181818 294.70989305
438.71791444 291.03609626
443.00401070 280.01470588
384.83556150 275.11631016
395.24465241 274.50401070
406.87834225 275.11631016
401.36764706 265.93181818
372.58957219 266.54411765
365.85427807 273.27941176
359.73128342 266.54411765
362.79278075 250.62433155
360.34358289 244.50133690
337.68850267 243.88903743
368.91577540 245.11363636
780.38101604 348.59224599
837.32486631 368.18582888
790.79010695 512.07620321
768.74732620 303.28208556
779.76871658 307.56818182
792.01470588 297.15909091
807.32219251 316.14037433
828.75267380 316.14037433
613.83556150 287.97459893
610.16176471 285.52540107
511.58155080 297.77139037
518.92914439 297.77139037
492.60026738 302.66978610
489.53877005 313.07887701
548.93181818 325.32486631
544.03342246 318.58957219
338.30080214 254.91042781
333.40240642 257.97192513
339.52540107 264.70721925
367.53810160 279.86163102
373.35494652 277.10628342
420.80815508 314.15040107
432.74799465 317.51804813
429.99264706 310.47660428
437.03409091 263.94184492
440.70788770 259.34959893
406.72526738 263.94184492
344.27072193 241.28676471
301.71590909 263.63569519
572.65842246 299.14906417
545.71724599 304.96590909
541.73729947 272.51403743
502.24398396 277.10628342
512.95922460 275.26938503
512.95922460 285.37232620
503.77473262 295.16911765
640.01136364 318.13034759
675.83088235 320.27339572
650.72660428 289.96457219
596.53810160 293.33221925
590.10895722 280.47393048
439.17713904 268.84024064
429.38034759 268.22794118
419.88970588 270.98328877
421.11430481 260.88034759
447.74933155 284.76002674
447.44318182 275.88168449
464.28141711 277.10628342
489.69184492 281.69852941
505.91778075 267.00334225
494.59024064 272.51403743
446.52473262 266.08489305
619.49933155 268.84024064
592.25200535 316.90574866
656.84959893 321.80414439
548.16644385 296.69986631
382.84558824 266.39104278
378.55949198 260.57419786
396.92847594 250.16510695
394.47927807 262.71724599
386.51938503 262.71724599
467.34291444 262.10494652
459.38302139 268.84024064
458.15842246 276.18783422
457.23997326 285.37232620
475.30280749 306.80280749
534.69585561 314.76270053
552.75868984 314.15040107
387.13168449 252.61430481
439.78943850 253.22660428
742.26537433 311.39505348
659.29879679 291.18917112
854.92847594 364.66510695
951.36564171 318.13034759
822.47660428 310.17045455
741.04077540 305.88435829
723.28409091 310.17045455
709.20120321 314.76270053
658.68649733 314.15040107
656.54344920 300.67981283
645.52205882 299.45521390
638.17446524 297.00601604
615.82553476 275.88168449
795.84157754 314.45655080
848.80548128 350.88836898
835.64104278 342.62232620
840.84558824 337.41778075
842.37633690 332.51938503
851.25467914 324.25334225
919.52606952 326.39639037
661.74799465 282.31082888
652.56350267 281.39237968
630.52072193 286.59692513
570.51537433 271.28943850
579.39371658 290.88302139
690.21991979 319.66109626
730.32553476 323.02874332
708.28275401 330.68248663
709.81350267 339.25467914
729.40708556 361.90975936
782.06483957 363.44050802
789.71858289 361.29745989
790.33088235 351.19451872
804.71991979 338.33622995
833.49799465 395.58622995
841.76403743 391.60628342
874.52205882 325.78409091
859.82687166 315.98729947
897.78943850 326.39639037
891.36029412 332.51938503
955.03943850 346.90842246
958.71323529 366.19585561
759.40975936 326.70254011
682.87232620 427.73195187
863.80681818 359.15441176
871.76671123 345.37767380
718.69184492 320.27339572
937.28275401 305.88435829
954.73328877 304.65975936
907.28008021 319.66109626
771.04344920 346.90842246
502.24398396 327.00868984
572.65842246 329.45788770
572.04612299 366.80815508
824.92580214 452.53008021
815.74131016 316.90574866
817.57820856 311.39505348
686.23997326 289.35227273
694.73562834 388.92747326
743.87266043 382.65140374
750.14872995 300.45020053
743.71958556 322.49298128
605.18683155 273.04979947
607.17680481 293.86798128
639.62867647 308.86931818
686.46958556 301.21557487
663.81450535 301.98094920
682.64271390 370.86463904
470.55748663 428.19117647
442.39171123 442.88636364
474.84358289 456.96925134
497.49866310 470.43983957
487.70187166 506.56550802
525.05213904 456.96925134
493.82486631 430.64037433
616.89705882 439.21256684
535.46122995 263.48262032
523.21524064 255.52272727
537.91042781 259.19652406
553.83021390 270.21791444
560.56550802 262.25802139
556.89171123 262.25802139
643.83823529 271.44251337
635.26604278 270.21791444
632.81684492 277.56550802
465.65909091 267.76871658
433.20721925 251.23663102
432.59491979 244.50133690
335.39237968 237.61296791
354.98596257 240.06216578
356.82286096 238.83756684
341.82152406 238.53141711
353.14906417 263.32954545
349.47526738 257.81885027
621.64237968 327.92713904
528.87901070 274.65708556
680.11697861 325.78409091
412.84826203 251.08355615
530.10360963 259.65574866
491.22259358 252.61430481
482.03810160 262.41109626
867.84558824 309.25200535
851.31350267 307.41510695
949.31118881 521.99800200
976.93156843 541.43456543
1009.66683317 563.94005994
949.31118881 427.88411588
963.63286713 410.49350649
941.12737263 408.44755245
945.21928072 387.98801199
967.72477522 396.17182817
981.02347652 397.19480519
990.23026973 400.26373626
1002.50599401 409.47052947
859.03346653 326.60939061
842.66583417 313.82217782
837.03946054 312.28771229
774.12637363 313.31068931
766.45404595 313.82217782
788.44805195 326.60939061
798.16633367 325.07492507
781.28721279 300.01198801
693.82267732 309.73026973
682.05844156 311.77622378
676.43206793 305.12687313
670.29420579 306.66133866
670.29420579 295.40859141
669.78271728 285.69030969
699.44905095 294.38561439
710.19030969 302.05794206
716.83966034 298.98901099
723.48901099 292.33966034
730.64985015 288.24775225
748.04045954 278.52947053
872.33216783 319.44855145
887.67682318 317.40259740
882.05044955 324.05194805
934.73376623 325.07492507
936.26823177 332.74725275
951.10139860 336.32767233
963.37712288 329.67832168
969.51498501 320.98301698
972.07242757 315.86813187
984.85964036 313.31068931
978.72177822 325.58641359
971.56093906 332.23576424
971.04945055 338.37362637
962.86563437 349.62637363
962.35414585 342.97702298
966.95754246 346.04595405
983.32517483 347.58041958
989.97452547 339.39660340
988.95154845 335.81618382
998.66983017 337.86213786
1000.71578422 355.76423576
1007.87662338 342.46553447
1008.89960040 366.50549451
1015.03746254 378.26973027
1018.10639361 400.77522478
1017.08341658 434.53346653
1002.25024975 423.28071928
843.94455544 487.21678322
900.20829171 469.82617383
887.93256743 478.00999001
806.09440559 493.35464535
157.78271728 240.16783217
162.38611389 235.05294705
168.01248751 234.02997003
176.70779221 215.10489510
191.54095904 218.17382617
197.67882118 222.77722278
186.93756244 229.93806194
199.21328671 230.44955045
972.83966034 445.27472527
1011.71278721 462.66533467
999.43706294 479.03296703
990.23026973 466.75724276
977.95454545 360.36763237
987.16133866 375.71228771
1011.71278721 323.54045954
928.85164835 362.41358641
