464.92813853 360.82424242
473.10129870 313.58614719
462.43463203 310.53852814
454.95411255 321.62077922
467.14458874 329.65541126
498.45194805 345.03203463
488.06233766 337.27445887
484.73766234 360.13160173
481.27445887 373.70735931
502.33073593 359.16190476
519.92380952 341.15324675
512.72034632 329.93246753
523.66406926 321.62077922
530.86753247 309.98441558
490.00173160 300.28744589
452.59913420 304.85887446
30.22683983 592.65108225
38.04198572 189.63854500
51.71489290 186.35704728
19.99374824 198.93612189
6.32084106 203.31145218
48.43339518 220.81277337
40.77656716 211.51519649
45.69881374 204.95220105
21.08758082 207.68678248
23.82216225 219.71894080
10.14925507 231.75109912
4.68009220 221.90660595
16.71225052 223.54735481
37.49506943 233.93876427
29.83824141 236.12642941
58.27788835 256.36233204
63.20013493 245.42400630
54.44947434 237.76717828
40.77656716 244.87709001
35.30740428 247.06475516
10.69617136 259.09691348
27.10365998 257.45616461
30.93207399 268.39449036
3.58625963 256.90924833
18.35299938 272.22290437
78.51379097 244.87709001
69.21621409 233.39184798
89.45211671 183.62246585
69.21621409 191.27929387
54.44947434 196.20154045
116.25101479 181.43480070
99.29660988 190.18546129
114.06334964 192.92004273
128.28317310 183.62246585
132.65850340 191.27929387
155.08207118 183.62246585
166.56731321 187.45087986
190.63162984 176.51255411
214.14903019 175.96563783
230.00960252 157.37048406
249.69858886 164.48039579
240.40101198 164.48039579
250.79242143 187.45087986
251.88625401 175.96563783
227.82193737 162.29273065
225.08735593 187.45087986
22.67861002 237.26643025
8.61504835 249.19914924
16.07299772 242.16736840
21.61318868 260.49261543
46.54404800 247.70755937
55.28050298 245.15054815
75.09733988 250.69073911
75.09733988 224.26828992
63.16462089 227.46455393
80.42444657 229.80848088
77.22818256 189.74863854
107.05998004 186.33929026
125.38522706 193.15798683
125.59831133 200.18976766
135.40018765 203.38603168
140.94037861 197.41967218
135.18710338 195.71499804
146.26748530 191.24022842
164.80581659 196.35425084
117.28802489 205.30379009
111.32166539 201.04210473
109.61699125 220.64585736
118.35344623 227.46455393
124.74597426 224.26828992
136.67869325 222.98978431
134.12168204 212.54865519
128.15532254 207.64771703
107.91231711 229.38231234
113.23942380 233.64399770
91.07865996 239.18418866
87.66931167 248.55989644
107.48614857 247.28139083
128.58149108 245.15054815
161.18338404 233.64399770
159.05254136 242.80662121
146.26748530 247.06830656
150.95533919 259.00102556
131.77775509 259.00102556
123.89363719 257.93560422
27.57954817 283.93188488
38.23376156 284.57113768
41.43002558 284.57113768
53.14966030 291.38983425
45.26554240 291.38983425
42.49544692 298.42161509
76.16276122 292.02908705
74.45808708 282.65337927
75.31042415 272.85150296
81.27678364 265.60663786
90.01323862 264.54121652
110.89549686 256.23093008
119.63195183 253.03466606
98.74969360 247.06830656
178.65629400 209.13930691
179.50863107 204.02528448
173.54227157 212.97482373
194.21144554 200.61593620
192.93293993 184.63461612
179.50863107 178.45517235
185.04882203 199.76359913
188.45817031 212.33557092
186.54041190 224.90754272
181.63947374 235.13558757
179.08246253 245.57671669
182.49181081 254.10008740
189.09742311 268.80290187
180.14788387 284.78422195
184.40956922 296.93002521
189.94976019 280.94870513
169.28058622 274.98234564
170.34600755 294.79918253
155.85627735 272.42533442
169.06750195 259.00102556
163.31422672 253.03466606
176.73853559 227.89072247
140.94037861 261.98420530
135.18710338 270.93374455
143.71047409 271.78608162
139.02262020 292.45525559
126.66373267 293.52067693
131.77775509 299.48703642
151.38150773 297.56927801
123.68055292 283.29263208
116.22260355 270.29449175
111.53474966 263.90196371
101.94595761 297.78236228
79.14594097 298.84778362
92.35716556 281.80104220
103.86371602 283.29263208
109.83007552 277.32627258
102.79829468 272.42533442
93.20950264 272.42533442
78.29360389 257.72251995
60.60760967 298.42161509
61.88611528 293.30759266
170.98526036 242.16736840
17.95960346 307.97515789
29.54559322 307.97515789
34.23516051 306.87173029
57.40714005 307.97515789
4.44261539 322.87143045
12.44246547 318.18186316
22.64917074 322.59557355
24.58016904 317.35429246
31.20073462 321.21628905
83.88940237 320.11286145
101.82010082 318.45772006
118.64737168 317.35429246
127.75064935 309.90615618
130.78507524 318.73357696
140.99178051 315.42329417
138.23321152 324.80242874
148.99163059 333.62984952
148.43991679 325.35414254
91.61339555 325.07828564
99.61324563 330.59542362
105.40624051 337.49184610
60.44156594 329.76785293
58.51056764 315.69915107
24.30431214 335.00913401
2.51161710 339.69870130
6.64947059 360.93968254
33.13173291 366.73267742
44.44186578 365.90510673
42.23501059 355.14668766
33.95930361 357.07768595
21.26988625 365.35339293
28.99387943 362.04311014
13.82174997 357.90525665
11.61489477 377.76695339
2.78747400 376.93938270
16.85617586 387.42194487
26.51116733 406.18021401
23.20088454 400.66307603
32.85587601 415.00763479
64.02770563 408.11121231
56.85542625 408.66292611
63.20013493 394.87008115
60.99327974 388.80122936
53.54514346 366.73267742
34.23516051 439.00718502
33.68344671 445.07603681
22.09745694 432.38661944
24.02845524 427.69705215
22.09745694 440.11061262
44.99357958 447.83460580
72.02755571 419.42134518
81.40669028 443.97260921
90.50996795 445.90360750
82.51011788 427.42119525
86.09625757 432.66247634
96.85467664 430.17976425
112.02680609 448.93803340
56.85542625 454.17931448
50.78657446 401.49064673
39.20058470 409.76635370
99.33738873 401.21478983
91.33753865 384.11166208
90.23411105 347.42269448
87.19968516 338.59527370
59.88985214 345.49169618
111.19923540 362.31896704
101.82010082 361.76725324
123.88865276 339.97455820
110.92337850 335.56084781
130.23336144 346.31926688
122.23351137 347.42269448
115.88880268 343.56069789
131.06093214 337.49184610
159.47419276 336.11256161
168.85332734 337.76770300
154.78462548 347.42269448
152.30191338 361.76725324
176.02560672 362.87068083
122.50936827 362.87068083
120.85422687 373.07738611
124.71622346 381.62894998
116.99223028 386.59437417
108.71652330 378.87038099
115.33708889 396.52522254
110.64752160 387.97365866
95.47539214 391.28394146
137.12978392 434.59347464
168.57747044 442.86918161
171.88775323 447.83460580
162.78447555 453.62760068
170.78432563 432.93833324
161.12933416 438.45547122
155.33633927 428.80047975
162.78447555 412.24906580
187.88745338 420.52477277
194.78387586 433.21419014
224.02470718 442.59332471
206.64572253 442.04161091
221.54199509 434.31761774
238.92097974 442.04161091
216.02485711 427.69705215
165.54304455 315.14743727
160.02590656 300.80287851
196.71487416 301.07873541
208.85257773 303.83730440
190.37016548 316.80257866
213.81800191 323.42314424
211.05943292 349.35369277
219.05928300 366.73267742
223.47299338 355.14668766
231.74870036 368.66367572
208.02500703 377.49109649
204.43886734 392.66322595
230.64527276 387.97365866
218.50756920 405.35264332
188.99088098 402.59407432
184.57717059 404.24921572
162.50861865 400.38721913
251.61039711 427.14533836
239.74855044 410.31806750
204.16301044 286.73417665
9.17056277 476.28744589
7.21317816 462.92397819
20.33916906 484.68548940
28.62926857 479.84959802
26.21132288 462.92397819
33.11973914 462.23313656
42.79152190 460.85145331
49.69993816 479.15875640
38.30105133 482.26754371
39.68273458 490.90306404
37.26478889 495.39353460
29.66553101 511.97373363
51.08162141 545.13413167
52.46330466 536.84403216
41.40983865 542.37076517
21.72085231 552.73338955
45.90030921 502.99279249
65.58929555 516.80962501
66.28013718 507.82868387
53.15414629 505.75615899
59.37172092 468.45071119
73.87939506 458.77892843
84.93286108 457.39724518
91.84127734 465.68734469
96.33174791 498.50232192
97.71343116 483.30380615
83.89659864 485.72175184
116.02073424 493.32100973
111.53026368 488.83053916
114.63905099 468.10529038
103.24016416 508.86494631
75.95191994 508.86494631
77.33360319 522.68177883
90.45959409 526.48140777
112.91194693 523.37262045
104.27642660 527.51767021
131.21925001 504.37447574
136.05514140 490.90306404
124.65625457 516.11878338
117.05699668 548.24291899
112.91194693 546.86123573
97.71343116 539.26197785
95.98632709 545.13413167
99.44053522 552.73338955
68.69808287 551.00628549
160.92543993 497.46605948
171.97890594 494.70269298
160.58001912 478.46791477
152.28991960 477.43165233
136.40056221 474.32286501
118.09325912 464.65108225
137.78224546 545.47955248
153.67160286 535.80776972
163.68880643 535.11692809
173.36058919 537.18945297
143.65439928 527.51767021
172.66974757 479.84959802
181.65068871 462.23313656
192.70415472 467.75986957
198.57630854 480.88586046
211.01145781 487.10343509
206.17556642 518.19130826
196.84920448 516.80962501
176.46937651 517.84588745
181.30526789 537.88029460
191.32247147 539.60739866
199.95799179 546.17039411
188.55910496 552.73338955
225.51913195 552.38796874
139.50934952 556.18759768
241.40848935 524.06346208
255.57074268 530.62645753
273.87804576 546.86123573
301.16628999 523.02719964
220.33781976 458.77892843
214.46566594 451.52509136
229.66418171 454.97929949
225.17371114 475.01370664
239.33596447 476.04996908
253.15279699 490.21222241
289.42198235 495.73895542
290.45824479 486.41259347
301.85713161 492.28474729
302.54797324 507.13784224
299.78460674 502.30195086
307.72928543 514.39167932
317.40106820 511.97373363
245.20811829 499.19316355
248.31690561 454.97929949
248.31690561 441.50788778
273.87804576 461.54229493
263.86084219 459.12434924
270.07841682 447.72546242
286.31319503 447.03462079
300.13002755 442.19872941
310.14723112 443.58041266
306.69302299 461.19687412
289.07656153 468.45071119
297.02124023 463.26939900
272.49636251 407.31122730
255.22532186 406.27496486
258.33410918 393.14897397
228.62791927 386.24055771
222.06492382 381.40466633
223.10118626 394.53065722
249.00774723 508.17410468
286.65861584 435.98115478
277.67767471 435.98115478
269.38757520 429.41815933
216.53819081 394.87607803
284.58609097 423.89142632
304.96591893 399.71196942
313.25601844 396.94860291
297.36666104 391.76729072
283.89524934 392.80355316
283.89524934 385.54971608
284.93151178 374.84167088
314.63770169 371.73288357
300.13002755 352.04389723
274.91430820 356.87978861
254.87990105 370.00577950
254.87990105 370.00577950
17.55421375 595.78505650
45.28862652 577.85915556
58.14115927 566.69774554
57.12648564 559.25680553
72.68481475 596.12328105
47.31797380 592.06458650
84.86089841 603.22599651
82.49332659 590.37346377
65.58209929 587.32944285
66.93499747 573.12401192
86.21379659 555.19811098
87.56669478 515.62583910
130.18298758 538.62510823
106.84549390 569.40354191
111.91886209 577.52093102
116.65400573 601.19664924
135.59458031 607.96114016
152.50580761 605.93179288
141.68262214 592.74103559
146.75599033 582.59429921
98.72810480 571.77111373
185.99003767 557.56568280
175.50507674 555.87456007
160.28497217 585.63832012
148.78533761 570.07999100
134.57990667 571.09466464
183.62246585 589.02056558
187.34293585 593.75570923
176.18152583 582.59429921
188.35760949 568.38886827
196.13677405 560.94792826
243.82643504 569.06531737
247.54690504 597.47617923
289.14852420 591.38813740
289.82497330 598.82907742
294.22189239 603.90244561
293.20721876 623.85769382
310.45667060 603.22599651
220.48894136 612.35805926
276.29599145 504.12620453
250.92915050 488.56787541
197.48967223 595.44683196
225.56230955 567.71241918
215.41557317 562.97727554
290.50142239 575.15335919
215.49233335 239.48828545
216.23354885 222.19325725
247.61167145 245.17093758
259.96526302 235.04099249
248.10581511 233.55856150
254.52968273 229.85248402
253.29432357 220.46375443
259.47111936 215.27524597
252.80017991 208.11016285
244.15266580 210.58088117
267.62448980 210.58088117
276.51907573 223.67568824
269.84813628 230.09955586
262.18890950 224.41690373
269.60106445 217.49889245
215.98647702 224.91104739
198.69144881 238.49999813
209.80968123 258.51281648
214.25697419 245.41800941
208.08017841 243.93557842
196.22073050 244.42972208
214.25697419 265.67789959
203.87995727 279.26685032
236.98758269 241.95900377
238.96415734 227.13469388
231.79907423 221.20496992
223.39863196 270.61933622
233.28150522 277.53734750
267.62448980 266.41911508
278.49565038 260.98353479
286.15487716 248.87701505
281.21344053 243.19436292
287.63730815 236.27635164
298.01432507 243.93557842
320.99200540 221.94618542
328.15708851 214.03988681
321.73322089 212.31038399
341.49896741 214.28695864
348.16990686 207.61601919
357.06449279 207.12187553
276.27200390 231.82905868
222.65741647 208.11016285
215.73940518 204.65115721
309.13255749 256.53624182
278.24857855 251.34773336
275.53078840 255.05381084
245.63509679 290.87922640
240.19951650 272.34883904
269.84813628 280.50220948
262.43598133 272.34883904
256.50625738 278.03149116
266.14205881 314.35105039
264.16548416 322.50442083
275.28371657 323.98685182
288.13145181 312.12740391
235.01100804 326.45757014
235.75222353 338.81116171
288.87266730 344.24674200
298.01432507 335.35215607
289.36681097 328.43414479
306.41476734 324.72806732
303.94404902 316.08055321
283.93123067 277.04320384
296.28482225 281.49049680
300.97918705 251.84187703
313.57985045 271.36055171
297.52018141 223.92276007
287.63730815 216.26353329
279.97808137 216.26353329
289.36681097 205.88651637
262.68305317 205.39237271
294.30824760 208.11016285
294.55531943 215.02817413
309.62670115 206.38066003
302.21454620 208.35723468
315.80349694 206.38066003
324.45101104 207.12187553
324.69808287 241.71193194
305.67355184 231.33491501
352.37012800 219.22839527
358.29985195 215.02817413
207.58603474 199.83325650
242.17609115 198.35082551
226.85763760 198.84496917
289.11973914 174.13778602
306.90891100 174.13778602
313.82692228 181.05579731
306.41476734 181.54994097
337.05167444 172.65535503
333.09852514 174.13778602
286.64902082 296.68541444
262.43598133 282.84939188
229.32835592 247.27104814
224.38691929 261.10707071
973.32640693 671.33506494
993.27445887 661.36103896
978.86753247 632.54718615
964.46060606 651.38701299
981.08398268 597.08398268
1008.78961039 605.94978355
1012.11428571 579.35238095
1018.76363636 574.91948052
999.92380952 571.59480519
973.32640693 579.35238095
985.51688312 563.83722944
1013.22251082 543.88917749
1003.24848485 541.67272727
1018.76363636 513.96709957
975.54285714 528.37402597
977.75930736 549.43030303
973.32640693 562.72900433
948.94545455 663.57748918
920.13160173 648.06233766
947.83722944 649.17056277
951.16190476 595.97575758
957.81125541 572.70303030
923.45627706 601.51688312
927.88917749 588.21818182
900.18354978 651.38701299
903.50822511 620.35670996
926.78095238 617.03203463
936.75497835 558.29610390
947.83722944 553.86320346
948.94545455 512.85887446
981.08398268 513.96709957
977.75930736 487.36969697
1006.57316017 466.31341991
1006.57316017 448.58181818
1015.43896104 496.23549784
1005.46493506 410.90216450
1017.65541126 373.22251082
1013.22251082 357.70735931
1013.22251082 349.94978355
1017.65541126 325.56883117
1012.11428571 316.70303030
1012.11428571 298.97142857
998.81558442 297.86320346
1015.43896104 235.80259740
1019.87186147 184.82424242
1022.08831169 200.33939394
1013.22251082 175.95844156
1003.24848485 173.74199134
1016.54718615 154.90216450
1011.00606061 144.92813853
1018.76363636 88.40865801
951.16190476 129.41298701
958.91948052 189.25714286
976.65108225 150.46926407
975.54285714 160.44329004
994.38268398 187.04069264
989.94978355 197.01471861
993.27445887 210.31341991
986.62510823 204.77229437
1006.57316017 208.09696970
262.84976668 190.60824197
279.85094732 183.05216169
256.37312644 191.41782200
329.50518918 195.46572216
323.02854894 194.38628212
315.74232867 196.27530219
361.07881037 182.24258166
394.54145162 172.79748131
402.90711194 169.55916119
436.36975319 169.55916119
445.27513352 170.63860123
426.38493282 179.00426154
408.03445213 181.97272165
388.60453140 193.30684208
386.44565132 173.60706134
380.23887109 171.44818126
384.01691123 181.43300163
374.84167088 181.97272165
376.73069095 195.46572216
384.82649126 187.90964187
388.06481138 206.79984258
393.46201158 205.72040254
394.27159161 198.16432226
401.28795187 205.18068252
408.03445213 213.27648282
359.72951032 192.49726205
353.25287007 180.89328161
359.72951032 230.27766346
357.84049025 225.69004329
362.69797043 221.10242312
373.22251082 217.59424299
370.25405071 197.35474223
369.71433069 184.13160173
390.22369146 214.89564289
401.01809186 213.81620284
405.33585203 239.99262383
378.07999100 234.05570360
370.25405071 234.59542362
378.07999100 224.88046326
349.20496992 232.43654354
340.83930961 241.34192388
334.09280936 242.15150391
336.25168944 253.75548434
342.72832968 256.45408444
344.07762973 266.43890482
361.88839040 258.34310451
374.84167088 244.58024400
383.47719121 253.48562433
381.85803115 247.00898409
389.68397144 243.23094395
370.25405071 190.06852195
458.22841401 180.08370158
455.79967392 195.73558217
464.70505425 190.60824197
473.61043459 186.02062180
480.08707483 179.27412155
476.30903469 168.74958115
483.86511497 168.74958115
493.58007534 167.94000112
489.26231517 180.89328161
490.34175521 192.76712206
479.27749480 190.06852195
483.59525496 201.13278237
472.26113454 198.97390229
462.54617417 204.91082251
473.61043459 213.81620284
489.80203519 210.03816270
453.37093383 207.87928262
436.36975319 184.67132175
443.65597346 198.16432226
438.52863327 194.65614213
430.43283297 187.63978186
418.82885253 191.41782200
416.13025243 179.27412155
421.52745263 197.35474223
430.97255299 208.14914263
426.92465284 203.02180244
410.19333221 204.64096250
412.62207230 249.97744420
431.24241300 249.70758419
448.51345365 241.34192388
464.16533423 234.59542362
455.25995390 234.59542362
456.87911396 220.56270310
477.11861472 241.34192388
495.46909541 227.57906336
494.65951538 217.05452297
473.88029460 178.46454152
453.10107382 178.73440153
471.18169450 267.24848485
481.43637488 272.91554506
471.45155451 257.53352448
465.24477427 251.59660426
457.95855400 238.91318379
494.92937539 236.48444369
489.26231517 229.46808343
442.03681340 265.89918480
432.59171305 265.89918480
421.25759262 266.43890482
419.09871254 286.13868556
389.95383145 269.67722494
391.57299151 254.56506437
379.69915107 280.47162534
365.93629055 270.21694496
350.28440996 243.77066397
344.61734975 273.72512509
352.98301006 284.78938551
349.20496992 290.99616574
351.63371001 295.58378591
365.66643054 280.47162534
374.03209085 272.91554506
395.35103165 282.90036544
403.17697195 287.48798561
390.76341148 294.77420588
384.28677124 289.91672570
373.49237083 291.26602575
454.18051386 291.80574577
462.54617417 262.66086468
462.81603418 271.02652499
490.88147523 294.23448586
491.15133524 279.66204531
445.00527351 294.23448586
435.83003317 288.29756564
325.09507693 308.36315661
320.23399861 310.44647589
331.34503476 304.42799798
359.35410506 337.99258635
352.17822754 321.32603212
378.79841832 314.84459437
383.89097656 309.28907629
395.69645247 311.60387549
380.88173760 327.80746988
345.00235003 356.51097993
337.36351268 353.03878113
330.88207492 351.64990161
344.53939019 334.75186747
337.36351268 398.40884541
328.79875565 378.50157231
337.59499260 372.25161447
347.78010907 364.14981728
359.35410506 363.45537752
349.16898859 376.88121287
361.90038418 380.81637151
352.64118738 385.67744982
354.26154682 423.64015667
371.85402073 422.25127715
364.44666329 424.56607635
371.85402073 408.36248196
373.70586009 401.18660445
332.03947452 425.49199603
327.17839621 419.70499803
378.79841832 354.19618073
367.91886209 352.34434137
360.51150466 324.33527108
388.98353479 327.57598996
405.65008902 314.84459437
417.68704485 331.97410843
412.59448661 318.54827308
430.41844043 302.34467870
441.52947658 311.83535541
434.35359907 322.25195180
440.83503682 324.56675100
444.77019546 341.92774498
433.19619947 344.24254418
413.52040629 330.35374899
397.31681190 357.20541969
385.27985607 360.44613857
422.54812316 376.88121287
418.61296452 379.89045183
439.21467739 389.84408838
436.43691835 378.03861247
456.57567137 395.16812653
469.77002680 369.93681528
475.78850471 341.92774498
424.86292236 389.38112854
441.76095650 409.98284140
394.07609303 413.45504020
392.91869343 394.70516669
376.25213920 396.55700605
411.20560709 396.32552613
423.70552276 407.66804220
399.16865126 429.89011450
391.52981391 421.55683739
433.42767939 427.11235547
382.03913720 413.22356028
399.40013118 327.11303012
384.35393640 339.61294578
508.41398025 169.11659077
503.25425685 168.54328817
525.89970953 167.68333427
527.90626862 173.70301156
550.26506999 169.97654467
560.01121418 158.51049268
572.62387137 163.67021608
579.50350256 167.68333427
596.98923184 162.52361088
600.71569873 169.68989337
575.77703566 181.72924795
566.31754277 178.86273496
559.15126028 176.56952456
545.67864920 175.99622196
519.30672963 180.86929405
514.43365754 192.04869474
518.73342703 209.82107532
538.22571541 200.64823373
546.53860310 202.65479283
572.91052267 192.04869474
572.91052267 200.36158243
555.13814209 213.83419351
546.53860310 212.97423961
537.65241281 224.44029160
531.05943292 223.29368640
524.46645303 221.28712730
521.02663743 228.16675849
515.29361144 224.44029160
500.96104646 228.45340979
506.40742115 244.79253387
504.68751335 250.23890857
510.99384194 238.77285658
517.30017054 255.11198066
531.63273552 294.09655741
520.45333483 290.94339311
529.05287382 264.85812485
544.53204400 271.45110474
552.84493169 305.27595810
537.65241281 329.35466727
536.21915631 323.33498997
550.26506999 330.78792376
565.74424018 313.30219449
571.47726617 298.39632691
564.88428628 294.95651131
548.83181350 287.21692622
557.14470119 272.31105864
553.70488559 267.43798654
532.77934072 233.03983059
557.14470119 223.00703510
546.82525440 222.43373250
564.59763498 225.01359420
578.35689736 224.44029160
585.80983115 210.39437792
591.82950844 212.68758831
577.78359476 210.68102922
584.94987725 201.79483893
600.71569873 187.17562265
610.46184292 188.89553044
616.76817151 173.70301156
618.77473061 161.09035438
625.94101310 169.11659077
612.18175072 166.53672907
633.39394689 168.82993947
647.43986057 167.68333427
660.33916906 168.54328817
649.73307097 159.65709788
679.25815483 165.67677517
672.66517494 161.66365698
666.35884635 161.66365698
697.03053541 162.52361088
705.34342310 172.55640636
710.50314649 170.54984727
689.57760162 190.32878694
677.25159573 194.34190514
670.08531324 198.35502333
657.47265606 197.78172073
663.77898465 175.13626806
659.19256386 188.60887914
641.13353198 190.04213564
635.68715729 186.60232005
607.30867862 202.36814153
600.42904743 199.78827983
625.94101310 200.64823373
637.12041379 204.94800322
616.48152021 213.83419351
596.12927794 208.10116752
631.67403909 214.40749611
648.29981447 219.28056821
657.18600476 215.84075261
647.72651187 200.07493113
678.97150353 213.26089091
696.74388411 208.38781882
705.34342310 223.29368640
699.89704841 214.12084481
693.30406851 229.02671239
711.36310039 236.76629748
721.68254718 225.87354810
721.39589588 238.19955398
720.24929068 263.71151965
714.51626469 277.47078203
719.67598808 285.49701842
696.74388411 267.72463784
708.78323869 269.73119694
697.89048931 253.10542156
692.73076592 242.21267218
683.84457563 239.63281048
655.75274826 232.46652799
660.91247166 241.06606698
670.08531324 214.98079871
664.35228725 257.69184236
672.09187234 248.23234947
685.27783212 272.31105864
670.37196454 284.92371582
673.52512884 302.40944510
702.76356140 304.98930680
707.34998220 283.20380802
717.95608028 325.91485167
704.77012050 328.78136467
694.45067371 318.74856918
684.41787823 327.34810817
679.25815483 320.46847698
664.92558985 320.46847698
659.76586646 317.02866138
658.04595866 305.56260940
636.54711119 313.01554319
632.53399299 329.35466727
645.71995277 302.69609640
623.07450010 314.16214839
613.32835592 319.03522048
629.09417740 301.26283990
598.99579093 315.02210228
578.93019996 318.17526658
588.38969285 311.00898409
601.00235003 301.54949120
570.90396357 322.76168737
613.90165851 284.35041322
601.28900133 284.92371582
588.38969285 280.91059763
581.79671296 283.20380802
575.20373306 284.92371582
571.47726617 273.45766384
584.66322595 256.83188846
592.68946234 262.27826315
597.56253444 258.26514496
612.46840202 270.87780214
608.45528382 263.42486835
628.80752610 269.15789434
644.85999888 269.15789434
633.68059819 254.82532936
643.71339368 251.67216506
627.08761830 250.23890857
616.48152021 242.78597478
566.31754277 239.05950788
586.95643635 240.20611308
605.30211953 240.77941568
627.08761830 208.10116752
536.21915631 284.92371582
312.03265306 635.11625344
320.78331366 625.81867656
330.08089054 628.55325800
353.05137460 636.75700231
260.62252207 654.80523978
204.29014449 620.34951369
193.35181874 603.94202507
322.42406252 594.09753191
330.62780683 606.67660651
348.67604430 604.48894136
354.14520717 615.97418339
386.96018440 623.63101141
371.64652836 617.06801597
356.33287232 593.00369933
341.56613257 596.83211334
338.28463485 577.69004329
328.44014168 580.42462473
327.34630910 537.76515433
316.40798336 534.48365660
336.64388598 550.89114522
351.41062574 554.71955923
360.70820262 560.73563839
367.81811435 556.90722438
359.06745376 578.78387586
359.61437005 571.12704784
411.57141733 673.94730983
423.60357565 678.32264013
459.15313431 678.32264013
470.09146006 669.57197954
494.15577669 667.93123067
514.39167932 664.10281666
523.68925620 669.57197954
541.19057739 665.74356553
563.06722888 674.49422612
574.00555462 662.46206780
561.97339630 650.42990948
508.92251644 647.14841176
499.07802328 636.75700231
460.24696689 619.80259740
458.60621802 598.47286220
421.96282678 595.19136448
420.32207792 585.34687131
407.19608703 586.44070388
386.41326812 562.37638725
376.56877495 563.47021982
398.99234272 564.01713611
343.75379772 530.65524259
330.08089054 511.51317254
322.42406252 514.79467026
336.09696970 503.85634452
349.22296059 506.04400967
356.33287232 503.30942823
372.19344465 490.18343734
361.25511891 489.63652105
331.72163940 463.38453927
341.56613257 465.02528813
339.92538371 452.99312981
350.86370945 452.99312981
363.44278406 434.39797605
374.38110980 449.16471580
372.19344465 461.19687412
390.24168213 469.94753472
398.99234272 471.04136729
406.10225446 472.13519987
368.91194693 506.04400967
379.85027267 514.24775398
392.97626356 514.79467026
390.78859841 531.74907517
412.11833361 631.83475572
538.45599595 621.44334626
565.80181031 626.91250914
566.89564289 608.31735537
576.19321977 602.84819250
567.44255917 598.47286220
580.02163378 590.81603418
572.36480576 585.34687131
620.49343903 590.26911790
606.27361556 614.33343453
602.44520155 649.88299320
575.64630348 638.94466745
539.54982853 598.47286220
530.25225164 604.48894136
525.33000506 603.94202507
516.03242818 576.04929443
508.37560016 566.20480126
500.17185585 572.22088042
476.65445550 572.76779671
475.56062293 618.16184854
465.16921347 563.47021982
444.93331084 559.64180581
435.08881768 562.37638725
417.58749649 561.28255467
441.10489683 514.24775398
428.52582223 530.65524259
418.68132906 490.18343734
339.92538371 501.12176309
437.82339911 450.80546467
440.01106426 436.58564120
533.53374937 368.22110530
525.33000506 357.28277956
548.30048912 366.58035644
542.83132625 370.40877045
565.80181031 353.45436555
496.34344184 437.67947377
495.79652555 427.83498060
489.23353011 451.89929724
476.65445550 448.07088323
481.02978580 434.39797605
473.91987407 428.38189689
462.98154832 466.66603699
481.02978580 463.38453927
487.59278124 477.60436274
476.10753921 478.15127902
458.05930174 493.46493506
450.94939000 487.44885591
440.55798055 489.63652105
438.37031540 475.96361388
447.66789228 473.77594873
430.16657109 473.77594873
450.40247372 530.10832631
465.16921347 539.40590319
483.76436723 495.10568393
501.26568842 501.12176309
491.96811154 498.38718165
534.08066565 506.04400967
535.17449823 497.29334908
549.94123798 462.83762298
575.09938719 422.36581773
616.11810873 403.77066397
628.15026705 391.19158936
622.68110418 349.62595154
596.97603868 355.64203070
651.12075111 361.65810986
662.60599314 353.45436555
660.96524428 384.62859392
650.02691854 417.44357115
659.32449542 407.59907798
619.94652274 426.19423174
601.35136898 435.49180862
586.58462922 444.78938551
607.91436442 465.02528813
599.71062012 472.13519987
602.99211784 485.80810704
610.10202957 479.79202789
616.66502502 466.11912071
639.08859279 443.14863664
668.62207230 424.00656659
670.26282116 358.92352842
651.66766740 389.55084050
645.65158824 401.03608253
592.60070838 376.42484961
584.94388036 351.81361669
577.28705234 358.92352842
560.87956373 487.99577219
593.69454096 474.32286501
580.56855006 513.70083769
612.28969472 507.68475853
618.30577388 493.46493506
605.17978299 498.93409794
646.19850453 452.99312981
653.85533255 459.00920897
661.51216057 462.83762298
669.16898859 468.85370214
662.60599314 481.43277675
659.87141171 491.27726992
644.55775566 506.04400967
633.07251363 462.83762298
640.18242537 524.09224715
650.57383482 516.43541913
648.38616967 550.89114522
658.77757913 574.95546185
661.51216057 563.47021982
662.60599314 584.79995502
647.29233710 607.77043908
656.04299769 617.06801597
653.85533255 638.39775117
622.68110418 617.06801597
604.63286670 582.61228987
611.74277843 564.56405240
630.88484848 556.36030809
624.86876933 544.32814977
607.91436442 539.40590319
594.78837353 529.01449373
585.49079665 535.57748918
565.25489402 530.65524259
558.69189858 530.10832631
568.53639175 544.32814977
558.69189858 547.06273121
551.03507056 572.22088042
523.68925620 544.32814977
526.97075392 530.65524259
538.45599595 524.09224715
485.40511610 516.43541913
500.71877214 550.89114522
431.26040367 537.21823804
505.65541126 368.51255411
508.98008658 380.70303030
494.57316017 394.00173160
620.35670996 335.81991342
574.91948052 337.48225108
587.10995671 335.81991342
566.05367965 331.94112554
740.04502165 248.82424242
732.28744589 243.83722944
738.38268398 266.55584416
751.68138528 262.12294372
736.16623377 289.82857143
755.00606061 283.73333333
525.60346320 144.92813853
517.84588745 142.71168831
707.35238095 139.38701299
745.03203463 152.68571429
828.14891775 150.46926407
722.73320215 169.81282959
729.44971796 173.17108750
738.18118851 169.81282959
757.65908435 169.14117801
737.50953693 179.21595173
711.31512528 201.38045389
763.03229700 183.91751279
779.15193493 178.54430014
730.79302112 196.67889282
722.73320215 199.36549915
769.07716122 197.35054441
775.79367703 209.44027286
767.73385806 208.09696970
746.91265906 220.85834973
756.98743277 208.76862128
757.65908435 222.87330447
798.62983078 159.06640430
806.01799816 178.54430014
793.92826971 169.14117801
818.10772662 194.66393808
808.70460449 206.08201495
828.85415191 169.14117801
859.07847304 147.64832743
873.18315624 159.06640430
898.03426473 151.67823691
932.96014692 140.26016004
943.03492063 177.87264856
971.24428703 220.18669815
992.06548603 217.50009183
995.42374393 232.94807818
986.02062180 229.58982028
1000.12530500 263.17239932
991.39383445 255.78423193
982.66236390 319.59113210
964.52777122 302.12819100
959.82621015 257.79918667
933.63179850 258.47083825
949.07978486 229.58982028
958.48290699 220.18669815
946.39317854 216.15678867
941.69161747 210.78357602
930.94519218 216.82844025
934.30345009 202.72375705
951.76639118 183.91751279
915.49720582 191.97733176
906.76573527 179.88760331
910.79564476 173.84273908
906.76573527 164.43961695
897.36261314 161.75301063
894.00435524 176.52934540
879.22802046 162.42466221
871.83985308 147.64832743
846.31709301 155.03649482
846.98874459 165.11126853
854.37691198 166.45457169
876.54141414 175.18604224
881.91462679 176.52934540
837.58562246 182.57420963
852.36195723 182.57420963
829.52580349 207.42531812
841.61553194 208.09696970
848.33204775 207.42531812
857.73516988 214.14183392
875.19811098 202.05210547
872.51150466 215.48513709
891.98940050 222.87330447
904.75078053 216.15678867
901.39252263 209.44027286
885.27288469 206.75366654
881.24297521 204.06706021
789.89836023 202.72375705
830.86910665 232.94807818
837.58562246 216.15678867
850.34700249 236.30633609
814.74946871 239.66459399
773.77872229 238.99294241
773.10707071 255.78423193
779.82358651 246.38110980
789.22670864 251.75432245
789.22670864 261.15744458
778.48028335 265.18735406
770.42046438 282.65029516
793.92826971 277.27708251
801.31643710 267.87396038
814.74946871 283.99359832
804.67469500 286.68020464
798.62983078 294.06837203
724.74815689 314.88957104
750.94256854 308.84470681
789.22670864 299.44158468
763.03229700 320.93443526
713.33008002 343.09893743
757.65908435 351.15875640
766.39055490 331.00920897
785.19679916 331.68086055
792.58496655 335.71077004
801.31643710 333.69581530
820.79433294 316.90452578
834.22736455 333.69581530
854.37691198 265.18735406
859.07847304 251.75432245
904.07912895 232.94807818
910.12399318 251.08267086
909.45234160 237.64963925
918.18381215 238.99294241
939.00501115 298.76993310
891.31774892 297.42662994
882.58627837 288.69515939
896.01930998 288.02350781
895.34765840 262.50074774
878.55636888 260.48579299
861.09342778 306.82975207
869.82489833 320.93443526
901.39252263 331.00920897
905.42243211 312.20296471
912.13894792 319.59113210
933.63179850 318.24782894
968.55768070 333.69581530
968.55768070 326.30764791
954.45299751 333.69581530
931.61684376 350.48710481
914.82555424 333.69581530
920.87041847 349.14380165
900.72087105 351.15875640
981.99071232 338.39737636
962.51281648 349.14380165
972.58759019 382.72638069
980.64740916 394.14445756
956.46795225 427.05538502
954.45299751 408.92079234
933.63179850 390.11454808
932.96014692 372.65160698
957.81125541 376.00986488
955.79630067 467.35447986
946.39317854 474.74264725
932.96014692 474.74264725
939.67666273 504.96696839
967.21437754 487.50402729
921.54207005 486.16072412
917.51216057 504.29531680
923.55702479 464.66787354
913.48225108 459.96631248
938.33335957 437.13015873
935.64675325 410.26409550
943.03492063 403.54757969
946.39317854 389.44289650
963.85611964 392.12950282
902.73582579 451.23484193
889.30279418 444.51832612
884.60123311 456.60805457
898.03426473 458.62300931
902.06417421 480.78751148
846.98874459 481.45916306
846.31709301 466.01117670
875.19811098 441.16006821
863.10838253 443.17502296
858.40682146 427.72703660
916.84050899 417.65226289
922.21372163 407.57748918
914.15390266 398.17436705
902.06417421 396.15941230
908.10903844 384.74133543
885.27288469 414.96565657
877.88471730 405.56253444
872.51150466 394.81610914
883.25792995 391.45785124
882.58627837 374.66656172
879.89967205 343.09893743
871.16820150 335.03911846
852.36195723 359.21857536
844.30213827 333.69581530
852.36195723 312.20296471
832.88406139 274.59047619
834.22736455 255.78423193
827.51084875 258.47083825
824.15259084 251.75432245
847.66039617 246.38110980
666.98612095 335.71077004
685.12071363 336.38242162
703.25530631 366.60674275
683.77741047 386.75629017
687.13566837 408.92079234
667.65777253 397.50271547
676.38924308 443.84667454
695.86713892 451.90649351
699.89704841 437.80181031
701.91200315 411.60739866
681.76245573 470.71273777
705.94191263 472.05604093
698.55374524 466.01117670
723.40485373 479.44420832
725.41980847 449.21988718
710.64347370 441.83171980
728.77806638 437.13015873
740.86779483 433.77190083
757.65908435 429.07033976
752.95752328 452.57814509
744.22605274 459.96631248
736.16623377 448.54823560
736.83788535 477.42925357
751.61422012 471.38438935
758.33073593 476.08595041
774.45037387 468.02613144
782.51019284 480.11585990
771.09211596 492.20558835
732.80797586 504.29531680
796.61487603 457.95135773
790.57001181 450.56319035
821.46598452 457.27970615
833.55571297 455.93640299
818.77937820 430.41364292
847.66039617 503.62366522
752.28587170 399.51767021
751.61422012 386.75629017
740.19614325 393.47280598
733.47962744 382.72638069
721.38989899 377.35316804
716.68833792 367.95004591
740.19614325 359.89022694
766.39055490 339.74067952
766.39055490 372.65160698
799.30148236 371.30830382
786.54010232 378.02481962
790.57001181 365.26343959
792.58496655 353.84536272
781.83854126 349.81545323
822.80928768 350.48710481
849.67535091 406.23418602
867.80994359 388.09959334
853.03360882 417.65226289
772.43541913 430.41364292
797.95817919 416.30895973
829.52580349 357.20362062
710.64347370 388.09959334
690.01657390 625.01629280
694.26237139 589.35159386
686.61993591 596.99402935
698.08358914 557.93269242
692.13947265 544.77072019
699.78190814 537.97744420
688.74283465 532.45790746
683.22329791 520.56967448
760.49681228 515.47471749
758.37391353 522.26799348
741.81530331 517.59761624
732.89912858 529.91042896
711.24556137 529.91042896
749.03315905 553.68689492
758.37391353 551.56399618
741.39072356 543.92156069
774.50794400 540.94950245
788.09449598 544.77072019
806.35142520 552.83773542
795.73693147 569.82092539
800.40730871 581.28457862
776.63084275 594.87113060
749.88231855 584.25663687
757.94933378 603.78730534
741.39072356 613.12805982
725.68127284 586.37953562
702.75396638 577.46336088
716.34051836 575.34046214
712.09472086 625.86545230
711.67014111 645.39612076
702.75396638 652.18939675
690.44115365 654.73687525
774.50794400 618.22301681
771.96046551 629.68667004
767.71466802 655.58603474
788.09449598 660.25641199
801.68104796 667.89884747
715.91593861 656.43519424
835.64742790 637.75368528
815.69217968 613.97721932
802.95478720 605.48562433
825.88209366 587.22869511
814.41844043 580.43541913
826.30667341 562.60306966
818.66423793 555.38521392
811.02180244 504.43564401
873.43502558 553.68689492
873.85960533 539.67576320
835.64742790 556.65895317
867.06632934 570.67008489
885.74783831 566.42428740
887.02157756 575.34046214
898.48523079 596.56944960
909.94888402 577.46336088
853.47977737 608.45768258
872.16128633 613.97721932
860.69763310 616.94927756
855.60267611 641.15032327
776.63084275 516.32387699
790.21739473 498.06694777
792.76487322 636.90452578
808.89890369 632.65872828
782.15037949 452.63691460
958.91948052 624.78961039
873.41565102 594.31341991
