150.43456790 368.34753086
199.91851852 373.90185185
115.08888889 395.10925926
143.87037037 404.19814815
59.04074074 384.50555556
70.14938272 404.70308642
101.45555556 371.88209877
51.97160494 326.94259259
22.68518519 371.37716049
14.10123457 338.55617284
10.56666667 316.84382716
4.00246914 381.47592593
89.33703704 352.69444444
33.79382716 330.98209877
174.67160494 368.34753086
242.83827160 388.54506173
311.00493827 389.05000000
326.65802469 404.70308642
387.25061728 392.58456790
452.89259259 390.05987654
496.82222222 380.97098765
540.24691358 387.03024691
546.30617284 348.65493827
583.67160494 297.15123457
517.52469136 340.57592593
572.56296296 336.53641975
543.27654321 328.45740741
523.07901235 319.36851852
543.27654321 311.79444444
557.91975309 315.83395062
478.13950617 337.54629630
418.55679012 330.47716049
393.81481481 332.49691358
398.35925926 355.72407407
342.81604938 359.25864198
329.18271605 328.45740741
280.20370370 338.55617284
247.88765432 350.67469136
308.98518519 336.53641975
302.42098765 317.85370370
251.92716049 322.90308642
196.88888889 350.16975309
166.08765432 322.39814815
187.29506173 316.33888889
109.53456790 264.33024691
44.39753086 298.66604938
42.37777778 271.39938272
8.54691358 272.40925926
80.75308642 321.89320988
75.70370370 270.89444444
86.30740741 246.15246914
131.24691358 255.74629630
205.97777778 244.63765432
228.70000000 277.96358025
251.42222222 257.26111111
497.83209877 299.17098765
473.09012346 275.43888889
487.73333333 227.97469136
358.97407407 305.73518519
409.46790123 293.61666667
329.68765432 288.56728395
238.29382716 293.11172840
255.46172840 302.70555556
279.69876543 266.35000000
281.21358025 249.18209877
309.99506173 243.12283951
352.40987654 231.00432099
291.81728395 151.72901235
283.23333333 212.82654321
124.17777778 164.85740741
139.83086420 107.79938272
245.86790123 84.57222222
262.02592593 108.30432099
298.38148148 121.43271605
364.02345679 145.16481481
492.27777778 150.71913580
502.88148148 252.71666667
528.12839506 242.61790123
529.64320988 214.84629630
507.93086420 221.91543210
244.85802469 195.15370370
233.24444444 188.58950617
216.58148148 218.38086420
229.20493827 225.95493827
179.72098765 177.48086420
142.35555556 208.28209877
50.96172840 64.87962963
102.46543210 55.28580247
420.57654321 143.14506173
567.00864198 240.59814815
384.72592593 276.95370370
355.94444444 257.76604938
451.37777778 333.00185185
72.79376787 186.38435440
94.45243444 214.88259989
208.77136599 113.45143369
158.94536041 52.01184787
196.40852250 65.49858622
417.29456435 44.91886491
432.00279776 66.98121503
363.97721823 85.73421263
357.35851319 72.86450839
349.63669065 64.03956835
399.27697842 91.61750600
329.41286970 92.35291767
279.03717026 86.83733014
216.89488409 12.19304556
258.44564349 14.39928058
65.40007994 128.02038369
63.19384492 141.99320544
80.84372502 156.33373301
308.08593125 54.47921663
190.42006395 35.76298961
176.99880096 34.84372502
109.52478018 45.13948841
229.02917666 62.78936851
220.93964828 72.71742606
231.97082334 83.93245404
276.27937650 20.31934452
304.77657874 22.70943245
6.29136691 146.49760192
61.44724221 210.66227018
79.09712230 125.90607514
145.10031974 186.02597922
153.74140687 170.76618705
156.86690647 187.49680256
53.17386091 193.01239009
18.24180655 99.37609912
35.70783373 43.30095923
53.72541966 36.49840128
62.36650679 38.33693046
156.13149480 18.29696243
177.64228617 77.49760192
91.78297362 80.80695444
100.24020783 30.43125500
200.99160671 7.81734612
306.52318145 80.62310152
331.71103118 56.72222222
438.16187050 22.70943245
353.22182254 36.86610711
312.59032774 17.37769784
412.14668265 239.80295763
427.95803357 230.24260592
391.18745004 260.39448441
192.62629896 104.85491607
450.02038369 117.72462030
394.12909672 155.23061551
81.67106315 89.68705036
260.94955045 400.72427572
324.12637363 376.56843157
456.67382617 364.18081918
450.48001998 353.65134865
403.40709291 372.85214785
519.23126873 380.28471528
612.13836164 273.13186813
602.84765235 260.12487512
587.36313686 237.82717283
555.77472527 211.81318681
578.07242757 214.91008991
599.13136863 190.13486513
609.66083916 221.10389610
616.47402597 204.38061938
579.93056943 199.42557443
564.44605395 190.75424575
551.43906094 195.08991009
538.43206793 180.22477522
570.02047952 167.21778222
599.75074925 160.40459540
553.29720280 178.36663337
612.75774226 152.97202797
325.62987013 158.85614386
314.79070929 167.52747253
336.77872128 162.88211788
312.93256743 147.08791209
425.65984016 187.65734266
395.00049950 187.96703297
402.43306693 62.54245754
386.63886114 56.34865135
395.61988012 52.63236763
391.28421578 43.34165834
381.37412587 42.10289710
371.77372627 57.27772228
360.31518482 44.58041958
373.32217782 32.81218781
390.35514486 20.11488511
406.45904096 43.96103896
377.96753247 71.83316683
345.14035964 54.80019980
339.87562438 48.60639361
344.52097902 46.12887113
332.13336663 40.86413586
322.84265734 47.05794206
322.84265734 35.28971029
332.75274725 30.64435564
323.77172827 24.45054945
335.23026973 20.42457542
345.14035964 24.76023976
346.06943057 28.78621379
351.95354645 22.90209790
359.51598402 27.19207405
359.74575425 12.94631981
361.58391608 4.67459154
349.40609391 6.05321292
375.59990010 6.28298315
368.47702298 10.18907705
376.51898102 18.69057555
387.31818182 15.93333280
392.37312687 4.90436177
403.40209790 9.49976636
401.56393606 21.67758854
392.37312687 35.23403210
402.71278721 34.54472141
411.67382617 35.23403210
417.18831169 28.57069543
452.57292707 23.97529084
451.65384615 45.57369244
407.07842158 55.45381232
451.42407592 130.58867745
9.46103896 108.62987013
77.93256743 43.37512488
78.85164835 32.34615385
68.74175824 28.21028971
73.79670330 19.93856144
80.68981019 14.88361638
100.45004995 14.42407592
22.32817183 23.61488511
14.51598402 16.26223776
4.86563437 13.50499500
5.32517483 93.00549451
32.89760240 145.85264735
59.09140859 180.31818182
107.34315684 177.10139860
114.69580420 204.21428571
148.24225774 263.49500500
202.46803197 130.68781219
196.49400599 122.41608392
185.00549451 124.71378621
211.19930070 134.82367632
210.73976024 149.98851149
224.52597403 144.01448551
235.09540460 162.85564436
242.90759241 152.74575425
236.47402597 142.63586414
222.68781219 121.95654346
253.01748252 166.07242757
273.69680320 156.88161838
272.31818182 149.52897103
280.58991009 185.83266733
249.34115884 178.93956044
245.20529471 173.42507493
258.07242757 224.89360639
311.83866134 211.56693307
323.32717283 235.46303696
330.67982018 212.94555445
331.13936064 189.96853147
329.30119880 178.02047952
315.51498501 178.48001998
365.14535465 136.20229770
406.50399600 166.53196803
370.20029970 206.05244755
403.74675325 223.51498501
378.01248751 228.56993007
429.02147852 281.41708292
412.01848152 286.01248751
418.45204795 272.22627373
380.76973027 286.01248751
439.59090909 271.30719281
352.27822178 117.36113886
318.27222777 70.94755245
268.64185814 58.99950050
250.71978022 60.37812188
252.09840160 66.35214785
255.31518482 76.00249750
241.52897103 54.86363636
242.90759241 35.56293706
178.57192807 21.31718282
172.13836164 11.66683317
190.51998002 23.61488511
185.00549451 28.66983017
191.89860140 7.07142857
114.23626374 7.53096903
6.70379620 81.51698302
297.59290709 42.45604396
278.29220779 55.78271728
271.39910090 41.07742258
272.77772228 27.75074925
277.83266733 46.13236763
306.32417582 11.66683317
298.97152847 10.74775225
290.69980020 6.61188811
285.64485514 8.90959041
288.40209790 19.01948052
268.64185814 5.69280719
325.16533467 12.12637363
335.73476523 13.50499500
412.47802198 19.93856144
446.48401598 84.73376623
459.35114885 93.92457542
209.82067932 53.94455544
207.52297702 68.64985015
178.11238761 58.99950050
178.57192807 49.34915085
187.76273726 47.05144855
157.43306693 7.07142857
145.94455544 14.42407592
38.98651349 30.17908704
43.81168831 23.74552061
31.97852148 24.53396603
9.46103896 42.45604396
24.62587413 8.90959041
33.35714286 13.04545455
48.06243756 14.88361638
31.51898102 81.97652348
37.03346653 229.94855145
45.30519481 242.35614386
31.51898102 252.92557443
66.44405594 154.12437562
99.53096903 118.73976024
122.96753247 89.32917083
168.46203796 98.51998002
170.30019980 113.22527473
221.76873127 87.03146853
167.08341658 37.86063936
222.68781219 34.64385614
445.56493506 69.10939061
298.05244755 3.39510490
243.36713287 7.99050949
256.69380619 52.10639361
266.34415584 49.34915085
214.41608392 44.75374625
417.53296703 94.84365634
458.89160839 31.88661339
458.43206793 6.61188811
130.77972028 52.10639361
135.83466533 17.18131868
67.36313686 50.26823177
254.85564436 235.46303696
291.61888112 230.40809191
275.99450549 235.92257742
320.56993007 256.14235764
388.12237762 201.45704296
101.36913087 3.39510490
72.41808192 78.75974026
347.68281718 86.57192807
64.60589411 6.79820180
116.63386613 32.19280719
476.49400599 124.48051948
470.91958042 104.66033966
571.25924076 142.44255744
527.90259740 125.09990010
527.28321678 116.42857143
508.70179820 105.27972028
503.74675325 87.31768232
482.68781219 62.54245754
482.68781219 77.40759241
496.31418581 45.19980020
510.55994006 45.81918082
493.21728272 32.19280719
469.06143856 19.80519481
474.63586414 13.61138861
477.11338661 4.94005994
487.02347652 18.56643357
508.70179820 24.14085914
517.37312687 31.57342657
521.70879121 24.76023976
526.04445554 21.04395604
509.94055944 14.23076923
500.64985015 5.55944056
530.99950050 30.33466533
535.95454545 50.15484515
541.52897103 68.11688312
552.67782218 79.26573427
553.29720280 88.55644356
552.67782218 98.46653347
552.05844156 109.61538462
561.96853147 115.80919081
569.40109890 117.04795205
572.49800200 129.43556444
586.12437562 107.75724276
582.40809191 98.46653347
572.49800200 97.22777223
563.82667333 84.22077922
581.16933067 84.84015984
609.66083916 94.75024975
602.22827173 78.02697303
612.75774226 71.21378621
604.08641359 59.44555445
591.07942058 50.15484515
589.84065934 30.33466533
576.21428571 35.28971029
560.72977023 32.19280719
568.78171828 22.28271728
578.07242757 26.61838162
560.72977023 16.08891109
548.96153846 13.61138861
530.38011988 14.23076923
540.29020979 9.27572428
517.37312687 2.46253746
561.34915085 7.41758242
570.63986014 12.37262737
578.07242757 4.32067932
588.60189810 16.70829171
594.79570430 22.28271728
599.75074925 17.94705295
593.55694306 4.94005994
609.66083916 19.18581419
607.18331668 9.89510490
616.47402597 12.37262737
610.89960040 33.43156843
609.66083916 50.77422577
616.47402597 50.77422577
