7.58389595 472.26086264
21.71200887 440.97718405
37.85842362 288.93177841
9.93858144 293.30476574
12.62965057 312.47863327
34.83097086 306.08734409
57.70505843 286.24070929
69.81486950 288.93177841
94.03449164 301.37797312
93.02534071 312.14224963
75.53339139 315.84246967
48.95908377 301.37797312
51.65015290 333.33441900
40.21310911 329.29781531
15.65710333 331.98888443
43.24056188 355.19935565
53.33207110 345.44423006
69.47848586 340.39847545
99.41662989 323.91567705
122.96348474 300.36882220
119.59964834 285.23155836
152.90162877 300.70520584
137.42798130 314.83331875
178.13040183 319.87907336
174.09379814 309.78756414
201.67725669 300.36882220
194.94958387 319.20630608
201.00448941 340.39847545
180.82147096 345.10784642
167.36612533 334.34356992
163.66590528 345.10784642
163.66590528 357.21765749
138.77351586 354.86297201
140.79181771 331.98888443
129.35477392 331.98888443
113.54474280 327.95228074
94.03449164 337.37102268
108.49898819 347.46253191
115.22666101 354.52658837
140.79181771 371.00938676
129.69115756 368.65470128
93.02534071 362.93617938
102.78046630 376.39152502
113.88112644 386.14665060
132.04584304 387.82856880
169.72081081 375.04599045
188.89467834 370.33661948
196.96788572 362.26341210
205.04109310 368.99108492
223.20580970 371.68215405
243.38882815 377.06429230
231.95178436 347.46253191
241.37052630 327.27951346
229.26071523 288.93177841
258.18970834 307.43287865
284.42763232 303.73265861
286.78231781 289.94092933
321.09344917 305.07819317
311.00193994 324.25206069
319.41153096 330.97973351
316.04769456 351.49913560
302.92873257 339.72570817
293.17360698 328.62504802
308.64725446 366.63639943
301.58319800 396.57454346
294.18275790 390.85602157
271.64505397 395.56539254
264.91738116 391.86517249
274.33612310 350.48998468
257.18055742 349.81721739
245.74351363 355.87212293
88.31596974 402.62944900
64.43273125 372.69130497
71.16040406 353.51743744
37.52203998 379.41897778
9.26581416 379.75536142
28.43968168 398.59284531
14.31156877 406.66605269
5.90197775 397.24731075
59.72336028 412.72095822
60.73251120 427.52183842
55.35037295 458.13274973
65.44188217 474.95193177
80.57914600 461.49658614
98.07109533 487.73451012
124.98178659 471.25171172
133.72776125 475.28831541
136.41883038 439.29526584
136.41883038 413.73010914
152.56524513 429.20375662
147.85587416 451.06869327
166.02059076 438.62249856
154.91993062 474.95193177
174.43018178 487.06174284
177.45763455 471.25171172
185.19445829 458.46913337
217.15090416 466.87872439
196.63150208 491.09834653
236.66115533 482.01598822
266.93568300 469.23340987
246.75266455 436.94058036
258.52609198 419.11224740
227.24241339 412.04819094
299.56489616 431.22205846
320.75706553 447.36847322
313.02024179 461.83296978
281.40017955 462.16935342
272.99058854 488.07089376
12.62965057 424.49438565
274.67250674 383.79196511
208.74131314 404.98413448
192.59489839 388.83771973
163.66590528 401.95668172
189.90382926 404.31136720
212.10514955 446.35932230
108.83537183 413.73010914
107.82622091 433.91312759
360.74968572 435.59504580
347.96710737 424.83076929
342.24858548 374.70960681
362.43160392 396.23815982
345.27603824 340.39847545
355.03116383 352.50828652
349.98540921 313.48778419
340.56666727 319.54268972
378.24163504 322.57014249
459.31009247 368.99108492
426.00811203 355.19935565
400.44295533 336.02548812
407.17062815 317.18800424
392.03336431 317.18800424
500.01251301 336.69825540
464.01946344 333.67080264
492.61207291 309.11479686
480.16587820 304.06904225
458.63732519 303.73265861
518.84999689 385.47388332
500.68528029 384.80111604
510.77678951 411.37542366
499.00336208 424.83076929
509.76763859 444.00463681
503.03996577 458.46913337
526.25043699 458.46913337
536.67832985 425.50353657
552.82474461 440.30441677
547.44260636 466.20595711
545.42430451 437.94973128
595.20908335 431.55844211
609.33719626 454.76891332
628.17468015 430.88567482
641.96640942 434.24951123
628.51106379 390.85602157
652.39430228 380.09174507
653.06706956 339.72570817
642.97556034 327.27951346
629.85659835 312.14224963
644.32109490 303.73265861
609.67357990 298.01413671
618.41955456 328.96143167
599.24568704 326.94312982
586.79949233 313.15140055
570.98946121 289.60454569
561.23433563 294.31391666
556.86134830 301.37797312
563.92540476 316.17885332
537.01471349 297.34136943
531.96895888 286.57709293
514.14062592 295.65945123
483.19333097 292.29561482
616.73763636 359.57234298
641.96640942 352.17190288
600.92760524 356.88127385
581.41735408 323.91567705
576.37159947 505.89922672
430.04471572 302.05074040
429.37194844 316.85162060
408.85254635 289.60454569
402.46125718 381.43727963
414.90745189 377.06429230
383.62377329 357.21765749
369.83204402 351.16275196
363.44075485 296.66860215
383.28738965 308.77841322
379.92355324 421.80331652
408.51616271 420.12139832
401.78848990 397.24731075
389.00591155 374.70960681
373.19588043 386.81941788
383.96015693 445.01378774
400.10657169 453.75976240
405.15232630 476.29746633
376.22333320 482.68875551
380.59632053 470.91532808
337.87559815 473.60639720
338.88474907 451.06869327
439.46345766 458.80551701
421.97150834 445.01378774
411.54361548 445.68655502
451.23688509 473.94278084
456.28263970 437.94973128
453.92795422 424.49438565
452.58241965 386.14665060
439.12707402 388.50133608
440.13622495 372.35492133
485.88440009 376.05514138
499.33974572 387.82856880
475.79289087 400.27476351
509.43125495 481.34322094
504.38550034 477.30661725
433.40855213 346.78976463
336.53006358 303.73265861
443.50006135 289.94092933
460.99201067 284.89517472
484.53886553 286.57709293
519.52276417 338.04378997
526.92320427 329.97058259
522.21383330 322.23375885
528.26873883 346.45338099
472.76543810 429.87652390
594.87269971 369.32746856
612.70103267 505.56284308
600.92760524 477.30661725
595.20908335 465.53318983
630.52936563 482.35237186
639.61172393 465.53318983
603.95505801 401.95668172
592.51801422 399.60199623
576.70798311 370.00023584
556.18858102 374.03683953
556.86134830 388.50133608
548.11537364 401.95668172
560.56156835 406.66605269
620.10147277 300.36882220
635.23873660 287.24986021
494.29399111 354.52658837
475.12012359 329.63419895
537.01471349 360.58149390
537.01471349 360.58149390
557.53411558 341.40762637
592.51801422 286.24070929
425.33534475 397.92007803
399.09742077 326.27036254
383.62377329 299.02328764
585.45395777 353.18105380
580.40820315 334.67995356
313.02024179 79.08393615
319.07514732 63.94667232
311.33832359 63.94667232
300.91043072 51.83686125
321.42983281 35.01767921
315.71131092 26.60808819
302.92873257 17.18934625
288.80061965 24.58978634
282.40933048 36.02683013
275.34527402 23.58063542
298.89212888 74.03818154
309.65640538 127.18679678
290.81892150 123.48657674
281.06379591 132.56893504
274.67250674 116.75890392
280.05464499 96.57588547
261.55354475 85.13884169
259.19885926 66.63774144
229.93348251 92.87566542
236.99753897 75.38371610
222.86942606 71.68349605
232.96093528 64.95582324
245.74351363 65.62859052
248.43458276 60.24645227
238.34307353 55.20069766
208.06854586 62.60113775
215.46898596 72.01987969
210.42323135 85.81160897
202.68640761 93.21204906
198.64980392 84.80245804
187.54914378 90.52097994
176.11209999 87.49352717
172.41187994 75.04733246
162.99313800 61.92837047
160.63845251 67.98327601
141.80096863 76.39286703
134.40052853 77.73840159
146.51033960 109.02208018
146.17395596 97.24865275
140.11905042 86.14799261
157.27461610 84.80245804
162.32037072 88.50267809
164.33867256 102.63079101
159.29291795 116.08613664
166.69335805 119.44997305
185.19445829 115.41336936
177.12125091 110.70399839
195.28596751 107.34016198
199.99533848 122.47742581
189.56744562 130.88701683
212.44153319 131.89616776
221.18750785 137.27830601
221.86027514 147.36981523
260.88077747 118.44082212
233.97008620 116.42252028
312.68385815 162.17069543
301.91958164 156.78855717
294.18275790 145.68789703
302.92873257 138.96022421
316.72046184 140.97852606
296.87382703 101.95802373
291.49168878 109.69484746
253.14395373 102.29440737
271.64505397 190.76330489
295.52829247 205.90056873
287.11870145 191.77245582
288.12785237 178.65349382
318.40238004 199.50927955
308.98363810 178.65349382
327.48473834 172.59858829
261.55354475 134.92362052
249.44373368 129.54148227
238.34307353 133.57808596
230.26986616 138.28745693
247.42543184 157.79770810
259.87162654 168.56198460
271.98143761 181.34456295
243.38882815 186.05393392
242.71606086 197.82736135
234.64285349 169.23475188
214.12345140 167.88921732
192.93128203 158.80685902
202.35002397 159.47962630
202.01364033 142.66044426
208.74131314 144.34236246
175.43933271 146.69704795
155.92908154 149.38811708
147.85587416 154.09748805
145.83757232 143.33321154
136.41883038 130.21424955
143.48288683 124.15934402
130.70030848 115.41336936
134.73691217 101.28525644
127.00008843 95.23035091
123.29986838 108.34931290
217.15090416 97.24865275
198.98618756 42.75450295
202.68640761 30.30830824
192.93128203 12.47997528
206.38662766 12.47997528
226.56964611 18.53488081
239.01584082 6.76145338
249.44373368 19.54403173
263.57184659 7.77060430
179.47593640 162.17069543
164.33867256 171.58943737
156.93823246 163.17984635
190.24021290 181.34456295
187.54914378 192.78160674
180.14870368 199.50927955
201.00448941 203.54588324
202.68640761 193.11799038
224.88772790 200.18204684
219.84197329 207.24610329
248.43458276 205.22780145
272.31782125 201.86396504
287.79146873 207.58248693
307.30171990 191.43607217
143.81927047 199.50927955
159.29291795 200.51843048
159.62930159 190.76330489
143.14650319 178.98987747
139.78266678 156.45217353
129.69115756 162.50707907
124.64540295 142.66044426
119.93603198 127.85956407
123.63625203 120.79550761
130.02754120 60.91921955
150.21055965 40.06343382
168.03889261 18.53488081
155.59269790 7.77060430
147.51949052 21.22594994
133.39137761 18.53488081
127.67285571 41.40896838
142.13735227 45.78195571
186.53999285 66.30135780
180.14870368 59.57368499
177.45763455 42.41811931
186.53999285 43.76365387
164.33867256 47.12749028
186.20360921 21.89871722
203.69555853 24.25340270
266.59929936 52.84601217
261.88992839 37.37236469
255.83502286 49.14579212
282.74571412 50.15494304
282.74571412 50.15494304
291.15530514 46.79110664
304.61065077 32.66299372
297.88297795 7.77060430
284.09124868 8.10698795
138.77351586 54.19154673
277.69995951 157.79770810
263.57184659 151.74280256
259.53524290 149.05173344
316.38407820 150.39726800
303.93788349 90.85736358
288.46423601 89.51182902
281.06379591 72.69264698
267.60845028 76.72925067
326.47558742 53.85516309
324.79366922 44.43642115
221.86027514 54.52793037
221.86027514 45.44557207
215.13260232 37.37236469
233.29731892 35.01767921
244.06159543 31.99022644
282.74571412 17.86211353
226.23326247 182.01733023
230.60624980 190.76330489
120.60879926 199.50927955
123.97263567 187.39946849
120.27241562 13.82550984
142.47373591 1.37931513
126.66370479 9.11613887
104.79876814 6.08868610
81.25191329 10.79805707
88.31596974 35.01767921
89.66150431 45.10918843
101.43493173 46.79110664
115.22666101 36.69959741
113.88112644 23.24425178
99.41662989 20.21679901
63.42358032 22.57148450
59.05059299 7.77060430
47.27716557 10.79805707
34.15820358 21.89871722
41.89502731 30.30830824
41.89502731 39.05428290
37.52203998 44.77280479
30.12159989 49.14579212
35.84012178 58.56453406
46.94078193 67.98327601
43.91332916 73.36541426
41.89502731 86.82075989
34.49458722 86.14799261
24.73946163 81.10223800
23.05754343 70.33796149
15.32071969 51.83686125
4.55644319 37.37236469
13.30241785 32.99937736
10.27496508 23.58063542
9.93858144 10.12528979
24.73946163 6.76145338
25.07584527 15.50742804
31.80351809 13.15274256
38.19480726 7.77060430
77.21530960 51.50047761
75.53339139 38.38151562
62.75081304 42.08173566
54.34122202 51.50047761
49.29546741 54.19154673
5.22921047 55.53708130
5.56559411 71.34711241
16.32987061 83.79330712
3.21090862 88.50267809
87.97958610 64.28305596
66.11464945 64.28305596
68.46933494 56.88261586
68.80571858 76.39286703
67.46018401 85.81160897
57.36867479 87.49352717
58.71420935 75.04733246
95.04364256 86.14799261
93.02534071 95.23035091
87.97958610 107.00377834
81.58829693 116.08613664
93.02534071 121.13189125
105.13515178 111.71314931
100.08939717 133.24170232
108.49898819 135.59638780
100.08939717 153.08833712
91.67980615 149.05173344
73.17870591 135.93277144
59.72336028 141.98767698
62.07804576 154.09748805
109.50813911 184.03563208
101.43493173 204.21865052
88.65235338 204.89141781
91.67980615 193.11799038
79.90637872 171.58943737
66.45103309 178.98987747
68.46933494 193.11799038
69.14210222 205.56418509
55.35037295 192.10883946
47.61354921 205.22780145
30.45798353 192.78160674
11.95688328 188.74500305
38.19480726 178.98987747
14.98433605 176.63519198
7.58389595 170.24390281
9.93858144 157.46132446
33.82181993 141.31490970
28.77606532 131.89616776
39.54034183 128.19594771
30.79436717 116.75890392
19.69370702 125.84126222
18.34817246 109.02208018
110.51729003 73.70179790
110.18090639 58.56453406
85.62490062 77.73840159
25.41222892 35.01767921
20.03009066 26.60808819
35.84012178 155.10663897
61.06889484 166.88006640
50.30461833 168.56198460
99.41662989 171.92582101
4.89282683 200.18204684
25.74861256 209.60078878
161.31121979 28.29000639
152.22886149 23.58063542
164.00228892 132.90531868
175.10294907 127.18679678
51.31376926 102.29440737
67.46018401 103.63994193
61.06889484 118.44082212
52.99568746 122.47742581
244.06159543 45.78195571
318.06599640 98.25780368
323.44813465 102.29440737
324.79366922 110.70399839
302.92873257 120.12274033
322.43898373 192.10883946
172.07549630 189.41777033
118.25411377 220.00090685
103.45323358 221.34644141
95.04364256 233.11986884
99.75301353 251.95735272
110.18090639 244.22052898
106.81706999 252.96650364
119.93603198 261.03971102
124.98178659 281.89549675
162.32037072 270.12206932
151.21971057 230.09241607
137.76436494 223.36474325
123.63625203 211.59131583
156.26546518 215.29153587
177.45763455 222.35559233
188.55829470 261.71247830
186.53999285 279.87719491
198.98618756 292.65977326
173.75741450 278.86804398
233.63370256 281.89549675
210.08684771 265.41269835
222.86942606 252.29373636
226.23326247 236.48370524
214.45983504 226.05581238
204.03194217 244.22052898
250.78926824 230.42879971
245.40712999 214.95515223
280.05464499 223.36474325
273.99973946 232.78348520
300.57404708 223.36474325
307.30171990 235.81093796
304.94703441 248.25713267
307.30171990 264.73993107
307.63810354 277.85889306
325.80282014 227.73773058
315.37492727 217.64622136
266.26291572 246.57521447
275.34527402 260.03056010
245.40712999 257.67587461
239.01584082 227.06496330
129.69115756 239.84754165
73.17870591 258.68502554
57.70505843 256.66672369
42.90417824 248.25713267
30.45798353 248.25713267
12.62965057 241.19307622
16.32987061 251.62096908
17.67540518 263.05801287
3.54729226 236.48370524
9.26581416 213.94600131
48.28631649 218.65537228
70.48763678 220.33729049
97.73471168 267.76738384
109.84452275 291.98700597
27.07563059 224.87846964
34.47607069 232.27890973
350.00392575 229.58784061
542.06046810 35.69044649
515.82254412 25.93532091
494.29399111 16.18019532
478.82034364 15.17104440
466.03776529 13.15274256
457.96455791 16.18019532
441.14537587 13.82550984
421.63512470 11.80720799
430.71748300 26.60808819
419.95320650 25.59893727
434.41770305 43.76365387
446.86389776 37.70874833
455.94625606 49.14579212
461.66477796 35.35406285
467.71968349 43.09088659
486.22078373 51.50047761
492.94845655 33.67214465
507.07656946 41.40896838
515.82254412 43.09088659
521.20468238 54.86431401
531.63257524 55.53708130
552.15197733 59.57368499
543.06961903 69.32881057
524.56851878 76.72925067
518.84999689 78.74755251
497.99421116 78.74755251
503.37634941 90.52097994
489.92100378 88.16629445
486.22078373 75.38371610
470.41075262 75.38371610
467.71968349 59.57368499
451.90965237 66.30135780
441.14537587 75.38371610
427.69003024 78.07478523
415.91660281 84.80245804
405.15232630 76.39286703
400.10657169 85.81160897
370.84119494 60.91921955
365.12267305 71.34711241
367.81374218 80.09308707
386.31484242 76.39286703
382.61462237 75.04733246
357.04946567 94.55758363
350.65817650 96.57588547
348.97625829 104.64909285
340.90305091 114.06783479
336.86644722 120.79550761
334.84814538 137.61468965
382.27823873 133.24170232
398.08826985 127.85956407
394.38804980 142.66044426
407.50701179 147.70619887
420.62597378 159.14324266
441.81814315 137.27830601
449.55496689 128.53233135
611.69188175 105.32186013
612.02826539 91.53013086
611.01911447 88.16629445
596.89100155 86.14799261
585.79034141 77.40201795
593.52716515 70.33796149
577.38075039 64.28305596
585.11757413 51.50047761
568.29839209 49.48217576
556.86134830 27.28085547
566.28009024 22.23510086
544.07876995 17.52572989
552.48836097 18.53488081
532.97810980 21.89871722
530.95980796 7.09783702
535.66917893 106.66739470
526.92320427 118.44082212
506.74018582 118.44082212
503.71273305 105.99462741
484.20248189 99.60333824
492.61207291 124.83211130
473.43820538 119.11358941
459.98285975 111.37676567
440.47260859 116.75890392
427.69003024 118.44082212
462.67392888 145.35151339
464.35584708 158.47047538
481.51141276 152.07918620
506.74018582 145.01512975
504.72188398 154.77025533
496.31229296 165.53453183
515.14977684 175.62604106
529.95065704 188.40861941
519.52276417 185.04478300
539.03301534 181.68094659
557.87049922 189.75415397
570.31669393 174.95327378
585.79034141 193.11799038
599.24568704 183.69924844
609.67357990 162.50707907
597.22738519 164.52538091
596.21823427 139.96937513
617.07402000 151.40641892
652.39430228 150.73365164
651.04876772 130.88701683
635.91150388 124.83211130
642.63917670 120.12274033
636.24788753 103.63994193
649.70323316 104.98547649
640.62087486 89.51182902
655.75813869 78.07478523
655.08537141 61.92837047
653.73983685 49.48217576
637.92980573 36.02683013
628.84744743 39.05428290
633.22043476 53.18239581
607.99166170 48.13664120
610.00996354 59.91006863
580.40820315 40.06343382
585.79034141 18.53488081
575.02606490 14.16189348
387.99676062 113.05868387
405.48870994 110.70399839
407.17062815 98.93057096
416.58937009 95.23035091
425.67172839 95.23035091
433.40855213 91.86651450
368.48650946 35.01767921
374.87779863 46.79110664
381.26908781 31.65384280
369.49566038 13.82550984
357.72223295 11.47082435
339.89389999 15.17104440
348.97625829 32.66299372
360.41330208 30.30830824
359.06776752 34.00852829
346.62157281 43.42727023
350.65817650 52.84601217
337.87559815 58.56453406
332.49345989 71.34711241
342.24858548 78.74755251
337.87559815 89.51182902
396.40635164 65.62859052
401.45210626 54.19154673
391.69698067 48.13664120
414.57106825 39.72705018
420.28959014 47.80025756
419.28043922 56.54623222
438.11792310 50.15494304
431.72663393 5.75230246
507.07656946 54.86431401
565.27093932 156.78855717
549.46090820 155.44302261
553.49751189 146.69704795
545.08792087 132.56893504
555.17943010 121.46827489
557.53411558 116.08613664
549.12452456 97.58503639
537.68748077 88.16629445
555.51581374 88.16629445
587.80864325 94.22119999
580.74458680 89.17544538
582.09012136 129.54148227
593.19078150 127.18679678
618.41955456 125.50487858
640.28449121 146.69704795
631.20213291 147.36981523
620.77424005 186.72670120
615.05571816 194.12714130
637.59342209 193.45437402
631.87490020 206.57333601
568.63477573 201.52758140
575.02606490 193.79075766
539.03301534 200.18204684
536.67832985 205.22780145
517.50446233 204.89141781
505.73103490 205.56418509
497.99421116 186.05393392
481.17502912 204.89141781
465.36499800 200.51843048
482.52056369 178.98987747
447.20028140 179.66264475
441.48175951 194.46352494
419.28043922 193.79075766
403.80679174 198.83651227
395.73358436 189.08138669
399.77018805 181.00817931
374.87779863 193.11799038
349.64902557 200.18204684
338.54836543 187.39946849
338.54836543 205.90056873
358.05861659 117.76805484
368.82289310 102.63079101
380.59632053 98.93057096
389.67867883 88.50267809
633.22043476 77.73840159
626.15637830 66.97412508
642.30279306 26.60808819
635.91150388 10.12528979
597.90015248 2.05208241
577.38075039 2.05208241
363.44075485 152.07918620
343.59412004 153.76110441
338.88474907 162.17069543
511.44955679 220.67367413
523.89575150 239.17477437
473.43820538 227.73773058
489.58462014 229.08326515
490.93015470 241.52945986
479.82949456 240.18392529
471.41990354 260.70332738
455.27348878 246.23883083
448.88219961 240.85669257
435.42685397 224.37389418
447.87304868 217.64622136
417.26213737 217.64622136
421.29874106 208.22747942
430.38109936 203.18172481
398.08826985 214.95515223
400.44295533 226.72857966
408.17977907 243.88414534
372.85949679 221.01005777
373.53226407 209.90939762
368.15012582 252.63012000
361.75883664 254.31203821
338.88474907 245.56606355
344.60327096 257.33949097
350.32179286 271.46760389
419.95320650 280.21357855
437.44515582 263.05801287
426.34449567 262.04886194
433.07216849 252.63012000
492.27568927 275.84059122
513.13147500 272.14037117
529.95065704 252.63012000
542.06046810 259.02140918
549.12452456 268.44015112
561.57071927 253.30288728
544.41515359 237.82923981
582.42650500 251.95735272
576.37159947 270.12206932
590.16332874 254.98480549
601.26398888 237.82923981
583.09927228 226.72857966
597.22738519 212.93685039
603.28229073 228.41049787
573.68053034 226.72857966
563.25263747 229.08326515
545.08792087 210.58216490
619.76508913 231.43795063
627.50191286 247.92074903
619.76508913 247.92074903
648.69408223 220.33729049
651.38515136 236.14732160
658.11282418 253.63927092
641.29364214 262.72162923
634.90235296 265.07631471
649.70323316 271.46760389
603.95505801 275.16782394
439.12707402 164.49760612
436.09962126 135.56861301
609.01932915 222.86016779
537.03323002 225.55123692
647.36706420 177.78475993
636.60278770 169.03878527
214.10493487 423.34481770
329.14814002 274.66324847
260.52587730 277.35431760
581.43587061 148.18299954
36.49437253 269.95387750
474.46587284 173.07538896
7.56537942 144.81916313
526.94172080 152.21960323
535.68769546 144.81916313
210.74109846 281.39092129
455.93823612 90.53871257
74.36780655 503.82142985
104.03414022 545.76348779
152.11406030 530.41883245
167.45871564 510.98226901
194.05611824 531.44180947
213.49268168 554.97028100
238.04413023 522.23501627
229.86031404 510.98226901
290.21595840 516.09715413
79.48269167 541.67157970
66.18399037 519.16608520
5.82834601 509.95929199
26.28788647 562.13112016
37.54063373 627.60164963
38.56361075 637.83141986
59.02315121 634.76248879
72.32185251 637.83141986
89.71246190 642.94630498
126.53963472 634.76248879
134.72345091 615.32592536
129.60856579 591.79745383
111.19497938 572.36089039
165.41276160 634.76248879
168.48169267 627.60164963
201.21695740 649.08416711
233.95222214 631.69355772
249.29687748 595.88936192
270.77939496 541.67157970
284.07809626 577.47577551
288.17000435 613.27997131
259.52664771 644.99225902
323.97420016 622.48676452
352.61755680 591.79745383
372.05412024 606.11913215
337.27290146 545.76348779
297.37679756 547.80944184
311.69847588 493.59165962
311.69847588 493.59165962
324.99717718 504.84440688
334.20397039 519.16608520
346.47969466 523.25799329
368.98518917 538.60264863
387.39877558 520.18906222
388.42175261 491.54570558
436.50167269 524.28097031
446.73144292 517.12013115
460.03014421 491.54570558
495.83434002 503.82142985
402.74343093 548.83241886
449.80037398 558.03921207
475.37479956 565.20005123
482.53563872 574.40684444
478.44373063 608.16508620
556.18998437 515.07417710
525.50067369 534.51074054
520.38578857 547.80944184
550.05212224 562.13112016
562.32784651 576.45279848
551.07509926 586.68256871
578.69547888 548.83241886
600.17799636 526.32692436
611.43074362 547.80944184
645.18898537 577.47577551
635.98219217 534.51074054
629.84433003 505.86738390
658.48768667 513.02822306
683.03913522 475.17807321
658.48768667 464.94830298
674.85531904 450.62662466
675.87829606 438.35090038
652.34982453 409.70754374
656.44173263 405.61563565
686.10806629 414.82242885
698.38379057 409.70754374
687.13104332 384.13311816
690.19997438 374.92632496
669.74043393 365.71953175
699.40676759 348.32892236
700.42974461 329.91533595
689.17699736 313.54770358
662.57959476 305.36388739
663.60257179 269.55969159
682.01615820 265.46778350
419.11106330 646.01523605
427.29487948 627.60164963
439.57060376 639.87737391
452.86930505 649.08416711
484.58159277 637.83141986
542.89128308 613.27997131
530.61555880 646.01523605
333.18099337 650.10714414
352.61755680 638.85439689
382.28389047 636.80844284
314.76740695 649.08416711
558.23593842 652.15309818
566.41975460 636.80844284
641.09707728 626.57867261
593.01715720 651.13012116
644.16600835 651.13012116
678.94722713 624.53271856
708.61356080 644.99225902
693.26890545 581.56768360
707.59058378 572.36089039
678.94722713 554.97028100
657.46470965 562.13112016
689.17699736 527.34990138
705.54462973 498.70654474
726.00417019 507.91333794
717.82035400 526.32692436
747.48668767 508.93631497
716.79737698 486.43082046
712.70546889 473.13211916
738.27989446 434.25899229
765.90027408 451.64960168
727.02714721 554.97028100
739.30287149 545.76348779
774.08409027 554.97028100
785.33683752 560.08516612
798.63553882 536.55669459
832.39378058 536.55669459
830.34782653 507.91333794
808.86530905 497.68356771
800.68149287 513.02822306
738.27989446 580.54470658
747.48668767 576.45279848
767.94622813 591.79745383
783.29088348 603.05020108
790.45172264 581.56768360
822.16401035 584.63661467
817.04912523 627.60164963
848.76141295 609.18806322
868.19797638 617.37187940
917.30087349 646.01523605
894.79537898 649.08416711
921.39278158 610.21104024
899.91026409 597.93531597
883.54263173 587.70554574
867.17499936 562.13112016
875.35881554 545.76348779
909.11705730 569.29195932
929.57659776 567.24600528
925.48468967 554.97028100
979.70247189 569.29195932
978.67949486 538.60264863
1016.52964471 541.67157970
997.09308128 529.39585543
991.97819616 502.79845283
984.81735700 487.45379748
1014.48369067 475.17807321
998.11605830 452.67257870
968.44972463 490.52272855
965.38079357 515.07417710
900.93324112 493.59165962
942.87529906 509.95929199
936.73743692 468.01723405
906.04812623 474.15509619
881.49667768 483.36188939
871.26690745 489.49975153
825.23294142 460.85639489
808.86530905 472.10914214
793.52065371 457.78746382
807.84233203 444.48876252
797.61256180 430.16708420
729.07310126 395.38586542
723.95821614 387.20204923
732.14203233 372.88037091
722.93523912 327.86938190
739.30287149 353.44380747
744.41775660 337.07617511
749.53264172 357.53571557
761.80836599 341.16808320
762.83134302 327.86938190
899.91026409 436.30494634
883.54263173 450.62662466
868.19797638 441.41983145
856.94522913 432.21303824
845.69248188 443.46578550
829.32484951 443.46578550
822.16401035 427.09815313
828.30187249 408.68456672
849.78438997 417.89135992
941.85232204 446.53471657
946.96720715 427.09815313
925.48468967 427.09815313
917.30087349 382.08716412
759.76241195 407.66158969
769.99218218 395.38586542
780.22195241 409.70754374
781.24492943 432.21303824
775.10706729 446.53471657
796.58958477 393.33991137
826.25591844 369.81143984
841.60057379 388.22502626
866.15202234 373.90334793
883.54263173 391.29395732
901.95621814 372.88037091
914.23194242 357.53571557
940.82934501 345.25999129
935.71445990 369.81143984
946.96720715 379.01823305
956.17400036 369.81143984
959.24293143 357.53571557
975.61056380 351.39785343
997.09308128 341.16808320
997.09308128 367.76548580
980.72544891 382.08716412
989.93224212 393.33991137
672.80936499 85.42382745
665.64852583 125.31993135
672.80936499 112.02123005
663.60257179 103.83741387
682.01615820 50.64260867
748.66193600 184.59536920
735.40206899 166.56195007
713.65588710 160.72760859
705.69996690 169.74431815
696.15286266 178.76102772
717.36864986 180.88260644
704.10878286 200.50720961
697.74404670 212.17589257
713.12549242 216.41905001
725.85496475 220.66220746
735.40206899 213.23668193
721.08141263 202.09839365
735.40206899 195.73365748
751.31390940 214.29747129
776.77285405 203.15918301
788.97193170 197.32484153
782.60719554 184.59536920
799.57982530 180.88260644
708.88233498 282.18799036
726.91575411 271.58009676
711.00391370 254.60746699
690.31852117 251.42509891
687.13615309 232.86128510
677.05865417 227.02694362
670.16352332 208.99352449
656.37326164 207.93273513
672.28510204 185.65615856
732.21970091 249.83391487
715.24707114 240.28681063
747.07075196 249.30352019
759.26982960 253.54667763
748.66193600 264.68496592
764.04338173 276.88404356
744.94917324 289.61351589
753.43548812 303.93417225
774.12088065 299.16062013
781.54640617 311.89009246
789.50232638 323.55877542
811.24850827 310.29890842
794.27587850 289.61351589
786.85035298 271.04970208
792.15429978 250.36430955
665.92036588 158.60602987
677.05865417 166.56195007
582.64840108 117.23524481
558.78064047 104.50577248
570.97971812 110.34011397
606.51616169 35.55446405
754.49627748 91.77630016
769.87772321 90.18511612
773.06009129 98.67143100
779.95522213 85.41156399
790.03272106 98.67143100
796.39745722 86.47235335
812.30929763 102.38419376
817.61324443 117.23524481
837.76824228 125.72155969
815.49166571 143.22458414
716.30786050 147.46774158
703.04799350 147.99813626
705.16957222 124.66077033
688.72733713 109.80971929
688.19694245 85.41156399
698.27444138 66.84775019
701.98720414 39.26722681
713.12549242 40.85841085
726.38535943 39.26722681
741.23641048 32.37209597
794.80627318 61.54380338
791.09351042 48.28393638
779.42482745 46.69275234
776.24245937 39.26722681
757.14825088 36.08485873
754.49627748 44.57117361
750.78351472 55.70946190
752.37469876 65.25656614
763.51298705 51.99669914
767.22574981 62.07419806
782.60719554 63.13498742
755.02667216 80.10761719
734.87167431 90.18511612
727.44614879 80.63801187
730.09812219 56.23985658
709.94312434 54.11827786
665.92036588 42.97998957
660.08602440 33.96328001
532.26090646 37.14564809
691.37931053 135.79905862
698.27444138 145.34616286
696.15286266 113.52248205
714.71667646 107.15774588
712.06470306 92.83708952
702.51759882 84.35077463
665.92036588 62.07419806
827.16034868 76.92524911
822.91719123 91.77630016
839.88982100 94.95866824
843.60258376 102.91458844
844.13297844 115.11366609
831.40350612 104.50577248
872.77429118 91.24590548
900.35481455 94.95866824
823.97798059 193.61207876
836.70745292 188.30813196
858.45363481 200.50720961
870.65271246 198.38563089
904.59797199 203.15918301
926.34415388 214.29747129
936.42165281 237.63483722
915.20586560 234.98286382
901.41560391 233.92207446
899.29402519 248.77312551
874.36547522 226.49654894
867.47034437 239.22602126
840.42021568 228.08773298
840.95061036 215.88865533
833.52508484 208.46312981
803.82298274 225.43575958
820.26521783 229.14852234
824.50837527 245.06036275
833.52508484 256.72904571
825.56916463 263.62417656
813.37008699 256.19865103
790.03272106 229.14852234
774.12088065 226.49654894
784.19837958 220.66220746
799.04943062 213.23668193
825.03876995 169.74431815
822.91719123 160.19721391
828.75153272 142.16379478
846.25455716 163.90997667
857.39284545 169.74431815
857.39284545 155.42366179
872.77429118 158.60602987
882.85179010 166.03155539
883.91257946 189.36892132
896.11165711 186.71694792
897.17244647 171.86589687
903.00678795 154.89326711
918.38823368 154.89326711
922.10099644 176.63944900
909.37152411 175.04826496
941.19520493 177.16984368
939.07362621 185.65615856
968.77572830 272.11049144
983.09638467 278.47522760
996.88664635 294.38706801
1000.59940912 269.45851804
1011.20730272 286.96154249
1010.67690804 269.45851804
1012.79848676 249.30352019
1012.26809208 227.02694362
1003.78177720 210.58470853
1001.66019848 176.63944900
1013.32888144 181.41300112
1019.16322292 158.07563519
926.34415388 144.28537350
906.18915603 142.16379478
891.33810499 133.14708522
887.09494754 117.23524481
869.59192310 122.00879693
865.34876565 137.39024266
864.81837097 103.44498312
863.22718693 82.22919591
875.95665926 74.80367039
888.68613158 67.37814487
897.17244647 74.27327571
903.00678795 64.19577678
916.26665496 74.80367039
925.28336452 66.84775019
945.96875705 66.84775019
956.57665066 64.19577678
973.01888574 87.53314271
978.85322723 73.21248635
987.86993679 92.83708952
1009.61611868 91.24590548
1016.51124952 111.40090333
1008.55532932 129.96471713
996.35625167 129.43432245
1002.72098784 110.87050865
993.70427827 66.84775019
991.58269955 54.64867254
1000.59940912 45.10156830
866.40955501 61.54380338
854.21047737 50.40551510
829.81232208 48.81433106
833.52508484 43.51038425
843.07218908 35.55446405
854.21047737 35.55446405
884.44297414 38.20643745
954.98546661 51.99669914
963.47178150 41.91920021
941.72559961 33.43288533
822.38679655 61.54380338
809.65732423 47.22314702
845.72416248 71.09090763
905.65876135 128.37353309
914.67547092 120.94800757
927.93533792 105.03616716
375.26408111 258.32022975
680.77141693 132.61669054
787.38074766 120.94800757
804.35337743 134.20787458
789.50232638 151.18050434
789.50232638 162.31879263
762.98259237 152.77168838
749.19233068 151.18050434
736.46285835 140.57261074
737.52364771 120.94800757
733.28049027 117.23524481
732.75009559 106.62735120
748.66193600 111.40090333
757.67864556 125.72155969
777.30324873 113.52248205
856.86245077 288.02233185
854.74087205 304.46456693
829.28192740 306.58614566
835.11626888 285.90075313
819.73482315 289.61351589
814.43087635 277.41443824
799.57982530 282.18799036
678.64983821 66.84775019
1010.67690804 65.25656614
962.94138682 104.50577248
977.26204318 96.01945760
956.04625598 93.36748420
950.74230917 82.75959059
933.76967940 94.95866824
948.62073045 111.40090333
944.37757301 118.82642885
951.80309853 141.10300542
967.71493894 139.51182138
974.07967510 130.49511181
967.71493894 154.89326711
973.01888574 162.84918731
958.16783470 163.90997667
944.90796769 161.78839795
986.27875275 236.57404786
984.15717403 221.72299682
984.68756871 204.21997237
976.20125382 182.47379048
967.18454426 189.36892132
954.98546661 207.93273513
964.53257086 214.29747129
957.10704534 231.80049574
935.36086345 226.49654894
941.19520493 206.87194577
916.79704964 196.79444685
938.01283685 276.35364888
951.80309853 258.85062443
925.81375920 249.83391487
906.71955071 268.92812336
898.23323583 277.41443824
874.89586990 267.33693932
858.98402949 259.91141379
866.40955501 271.04970208
891.33810499 285.90075313
899.29402519 312.42048714
923.69218048 310.82930310
915.73626028 295.44785737
914.14507624 341.06179987
903.53718263 335.22745839
875.95665926 336.81864243
864.81837097 336.81864243
836.17705824 330.45390627
773.59048597 127.31274373
776.24245937 164.44037135
748.66193600 204.75036705
732.21970091 326.74114351
931.64810068 132.08629586
989.46112083 146.93734690
986.27875275 134.20787458
923.69218048 40.85841085
899.82441987 48.28393638
995.29546231 166.03155539
855.80166141 192.02089472
616.06326594 207.93273513
984.15717403 312.95088182
953.92467725 316.13324990
952.86388789 284.83996377
960.81980810 295.44785737
508.92354053 242.93878403
248.46053828 75.01851679
625.52946541 87.93183621
618.79353856 23.71481787
643.87390707 5.94955684
655.36907597 9.08460290
664.77421417 20.57977180
676.26938307 23.71481787
677.31439842 1.76949542
689.85458268 13.26466432
703.43978229 16.39971038
706.57482835 16.39971038
721.20504332 16.39971038
736.88027364 14.30967967
745.24039647 6.99457219
754.64553467 13.26466432
777.63587247 11.17463361
789.13104137 16.39971038
811.07636382 24.75983322
808.98633311 11.17463361
804.80627169 1.76949542
823.61654807 13.26466432
823.61654807 17.44472574
833.02168627 18.48974109
850.78694729 13.26466432
859.14707013 20.57977180
872.73226974 24.75983322
883.18242329 23.71481787
889.45251542 11.17463361
909.30780716 20.57977180
933.34316031 23.71481787
953.19845205 18.48974109
956.33349811 18.48974109
963.64860560 16.39971038
967.82866702 14.30967967
979.32383592 20.57977180
985.59392805 23.71481787
993.95405088 13.26466432
1021.12445010 27.89487928
1017.98940404 9.08460290
1003.35918907 23.71481787
996.04408159 28.93989464
711.79990513 2.81451077
317.82911642 5.94955684
801.67122563 352.89465458
797.49116421 354.98468529
816.30144059 345.57954710
819.43648666 346.62456245
831.97667091 346.62456245
848.69691659 360.20976207
860.19208549 350.80462387
871.68725439 352.89465458
886.31746935 352.89465458
463.08625072 188.82724390
113.00610691 94.77586198
466.22129678 356.02970065
448.45603575 338.26443962
764.05067286 369.61490026
785.99599531 382.15508451
795.40113350 369.61490026
978.27882056 429.18077547
403.06462775 13.14093593
381.68720973 12.01580866
471.69739087 4.13991781
446.94459106 6.39017234
183.66481121 6.39017234
603.33728079 18.76657225
621.33931702 5.26504508
613.46342617 7.51529960
691.09720741 27.76759036
707.97411637 26.64246310
936.37495103 7.51529960
920.62316933 8.64042687
863.24167885 5.26504508
953.25185999 7.51529960
1012.88360500 396.80933305
1015.13385953 384.43293314
1017.38411406 420.43700560
