128.31455837 644.59668508
644.96634857 646.82844228
781.10353735 557.55815455
974.15053455 467.17198823
796.72583770 514.03888929
820.15928823 394.63987946
948.48532683 357.81588577
1007.62689244 312.06486331
862.56267489 306.48547033
695.18088541 371.20642893
730.88900050 365.62703595
649.42986295 392.40812226
513.29267418 461.59259525
323.59331276 511.80713209
216.46896750 483.91016718
352.60615627 423.65272297
143.93685872 396.87163665
17.84257731 415.84157279
12.26318433 352.23649279
93.72232188 289.74729138
445.22407979 382.36521490
502.13388821 344.42534261
552.34842506 406.91454402
584.70890436 339.96182823
632.69168401 310.94898472
670.63155629 293.09492717
707.45554997 318.76013489
779.98765875 304.25371314
923.93599770 288.63141279
959.64411279 284.16789840
464.19401593 304.25371314
448.57171558 329.91892086
428.48590084 357.81588577
420.67475066 316.52837770
363.76494224 296.44256296
324.70919136 285.28377700
302.39161943 322.10777068
243.25005381 294.21080577
188.57200258 320.99189209
155.09564469 293.09492717
186.34024539 269.66147664
131.66219416 300.90607735
10.03142714 277.47262682
27.88548468 281.93614121
60.24596398 281.93614121
37.92839205 260.73444787
65.12965488 244.97266270
77.68328909 258.64217550
9.61469470 253.62072182
19.65760207 249.15720743
22.16832891 237.44048217
12.40439119 231.30314989
1.52457487 234.65078568
17.98378417 228.23448375
17.98378417 223.77096936
31.65329698 227.95551410
42.25414365 217.91260673
41.41723470 236.60357322
51.73911172 225.44478726
67.08244242 228.23448375
60.66614049 227.39757480
79.91504628 229.35036234
85.77340891 228.79242305
73.77771400 239.95120901
53.13395996 246.92545024
96.65322523 228.23448375
106.69613260 236.60357322
116.18110067 239.11430006
118.97079716 246.92545024
125.94503839 262.82672024
134.59309751 247.48338954
144.91497453 272.86962761
163.32697137 256.96835761
158.86345699 244.97266270
147.42570137 238.55636077
151.05230681 231.86108919
148.26261032 223.21303006
161.37418383 222.65509077
169.74327330 229.62933199
169.18533400 239.95120901
180.90205927 235.76666427
196.52435962 252.22587357
198.75611681 241.34605726
223.02647629 256.13144866
270.96218698 266.45332568
287.70036593 254.17866112
307.50721102 242.74090550
290.76903207 240.50914831
268.45146014 239.39326971
251.15534190 249.15720743
235.53304154 249.71514673
240.27552558 232.97696778
234.97510225 233.25593743
227.44292172 234.09284638
219.35280189 234.65078568
209.30989453 240.50914831
201.21977470 234.92975533
196.19832102 228.79242305
206.52019803 224.32890866
197.31419961 219.58642463
202.05668365 214.84394059
178.06529382 224.04993901
183.36571716 227.11860515
187.27129224 227.11860515
187.82923154 218.47054603
193.96656382 221.26024252
182.24983856 215.40187989
177.78632417 217.63363708
169.13826505 214.56497094
152.67905575 212.61218340
140.68336084 213.44909234
217.12104470 224.60787831
231.62746646 213.72806199
229.11673961 215.40187989
226.60601277 223.21303006
219.07383225 212.61218340
214.61031786 216.51775848
239.43861663 212.33321375
239.15964698 218.19157638
246.13388821 219.30745498
250.31843295 218.74951568
254.22400804 215.68084954
259.24546172 213.44909234
254.50297769 222.37612112
248.64461505 230.74521059
256.45576523 237.99842147
266.21970295 225.23556002
281.28406400 230.53598335
291.88491067 225.65401449
279.61024611 221.74843941
279.33127646 211.42656239
273.89136830 217.28492502
268.86991462 219.09822774
266.08021812 213.79780441
270.40424769 210.03171414
291.88491067 233.74413432
298.99863672 226.90937791
293.00078927 221.19050011
290.76903207 216.02956160
300.25400014 216.44801607
304.57802971 221.05101528
311.13381646 221.32998493
377.71342470 272.17220349
399.47305733 283.88892875
450.24553347 274.96189998
488.18540575 286.67862524
420.67475066 254.31814594
551.23254646 275.51983928
512.73473488 275.51983928
495.43861663 251.52844945
411.74772189 268.26662840
384.40869628 235.90614910
331.96240224 249.29669226
321.36155557 236.46408840
352.04821698 242.60142068
337.68128005 232.34928607
324.98816101 230.39649853
311.31864820 230.39649853
356.79070101 233.04671020
361.25421540 228.58319581
353.30358040 228.02525651
352.32718663 222.16689388
343.26067303 222.02740906
343.67912750 230.81495300
335.86797733 224.39865107
320.10619215 196.78065581
330.42806917 196.64117098
341.72633996 198.45447370
354.83791347 198.59395853
363.62545742 198.45447370
367.53103250 222.44586353
351.35079285 257.03810002
474.23692330 240.78811796
466.14680347 236.60357322
451.36141207 240.78811796
439.92365645 241.06708761
417.88505417 233.81387673
403.37863242 253.34175217
432.39147593 236.60357322
427.64899189 227.95551410
483.16395207 229.90830164
461.26483461 230.67546818
464.19401593 221.19050011
453.45368444 221.46946976
493.48582909 228.51345340
486.79055751 219.02848533
478.97940733 202.84824568
465.03092488 203.12721533
507.15534190 205.91691182
536.72612470 217.91260673
541.74757839 220.70230322
552.06945541 219.02848533
555.41709120 220.14436392
563.50721102 221.81818182
533.37848891 221.81818182
520.82485470 220.70230322
511.33988663 221.53921217
502.13388821 221.81818182
504.92358470 227.67654445
516.36134032 229.90830164
528.07806558 232.41902849
539.51582120 232.69799813
547.04800172 231.30314989
525.56733874 246.08854129
575.50290593 236.32460357
592.52005453 252.22587357
644.40840927 269.24302217
652.21955945 250.55205568
682.62725120 255.57350936
703.54997489 250.27308603
713.59288226 274.54344550
709.68730717 238.83533042
691.27531033 235.48769463
575.78187558 217.91260673
571.59733085 215.12291024
640.78180383 233.46516467
633.11013848 241.27631485
772.43969290 229.86137619
763.53591160 236.78653943
738.80318576 249.31778719
727.26124704 239.09492717
734.18641027 229.86137619
734.18641027 222.60644328
751.00466384 237.11630911
747.70696707 232.16976394
701.86898185 226.89344909
679.44464375 233.81861233
593.04498816 217.65989811
598.65107268 217.65989811
603.59761785 217.98966779
631.95781015 218.97897682
635.25550692 219.96828586
641.52113080 219.96828586
644.81882758 218.97897682
654.05237856 220.29805554
660.97754180 235.13769104
677.13625601 227.55298845
661.96685083 227.55298845
676.14694698 239.75446653
803.10827294 271.41235560
811.35251489 255.91318074
807.06550908 243.71170266
792.22587357 248.65824783
775.07785033 252.28571429
785.30071034 241.40331492
809.70366650 234.47815168
843.21963120 243.85678410
830.66599699 239.39326971
820.34411997 243.57781445
864.70029418 247.76235919
855.77326541 240.78811796
860.51574944 229.90830164
839.59302576 232.97696778
820.62308962 232.69799813
800.53727488 223.21303006
842.94066155 217.35466743
887.85477506 248.04132884
915.19380067 246.64648059
778.21970295 231.86108919
776.96433953 192.73559590
782.40424769 191.61971730
788.12312549 192.59611107
799.28191146 196.36220133
812.25400014 179.62402239
778.35918777 198.45447370
788.12312549 199.98880677
796.35273014 202.91798809
802.90851690 206.96304800
807.51151611 209.61325967
789.23900409 212.12398651
781.84630839 209.89222932
816.15957523 210.17119897
814.76472699 203.89438186
811.27760637 198.59395853
805.41924374 198.03601923
820.20463514 193.29353519
823.69175576 197.61756476
827.03939155 191.34074765
833.59517830 203.47592739
837.08229892 192.31714142
845.17241874 193.29353519
841.40632848 203.05747291
830.52651216 210.86862309
822.15742269 208.21841142
848.93850900 204.59180598
850.75181172 219.93513669
824.94711918 227.18834756
819.08875655 226.35143862
811.41709120 226.76989309
853.77340891 193.36327761
861.02661979 193.64224726
869.11673961 191.68945971
875.53304154 191.96842936
887.52873646 193.36327761
851.82062137 214.00703164
860.46868049 210.38042620
869.95364856 211.21733515
859.91074119 222.93406041
879.43861663 221.53921217
888.08667576 216.51775848
903.70897611 215.68084954
947.78618067 239.67223936
939.41709120 237.44048217
926.58448734 233.81387673
920.72612470 229.90830164
1018.36550190 254.17866112
1001.90629260 244.41472340
1013.06507857 233.25593743
1005.53289804 232.69799813
989.35265839 234.65078568
974.28829734 250.83102533
967.31405611 233.25593743
958.66599699 238.55636077
958.94496664 231.58211954
958.94496664 220.98127287
964.24538997 215.95981919
976.52005453 209.26454761
898.68752242 178.29891655
905.66176365 177.74097725
915.14673172 174.39334147
944.43854488 179.69376480
954.20248260 184.99418813
963.68745067 177.74097725
996.04792997 193.36327761
987.67884050 191.41049006
977.63593313 192.52636866
970.38272225 197.82679199
988.51574944 203.40618498
999.67453541 206.19588147
1010.83332137 210.10145655
1003.30114085 217.07569778
996.60586927 221.53921217
987.67884050 222.37612112
880.83346488 213.17012269
912.35703523 217.63363708
920.16818541 204.52206357
932.16388032 196.71091340
947.22824137 200.61648848
946.94927172 207.31176006
899.52443137 209.54351726
902.31412786 201.17442778
893.38709909 194.75812585
873.30128435 202.29030638
861.86352874 202.56927603
878.60170768 200.61648848
929.37418383 216.51775848
920.16818541 215.95981919
965.36126857 224.32890866
972.61447944 227.39757480
1019.20241085 222.37612112
901.47721891 244.41472340
897.57164383 232.69799813
831.45583698 214.56497094
828.94511014 214.56497094
820.01808137 215.68084954
956.43423979 217.63363708
941.09090909 210.10145655
940.53296979 196.43194375
936.62739470 191.96842936
907.33558155 190.57358112
888.08667576 200.33751883
951.13381646 227.95551410
942.76472699 228.79242305
932.72181962 228.23448375
926.30551769 227.67654445
980.42562962 225.72375691
327.58039750 224.25529167
398.81064792 217.98966779
397.16179953 227.22321877
399.47018727 233.15907297
407.05488986 225.90414006
409.36327761 216.67058908
387.92824855 220.29805554
392.54502404 214.36220133
435.74485183 223.26598264
443.65932410 227.22321877
445.63794217 220.29805554
445.63794217 232.82930329
473.66836478 227.88275813
478.94467963 226.56367941
453.88218411 201.83095358
490.48661835 155.58075626
473.50347995 162.17614982
467.73251058 154.92121690
402.93276889 202.40805051
443.16466958 155.25098658
664.34462775 220.08718353
667.41355882 220.59867205
670.99397840 220.59867205
679.68928309 218.04122949
676.62035202 220.59867205
683.78119118 225.20206865
689.40756481 218.55271800
711.91305932 223.66760312
718.05092145 226.22504567
779.42954283 219.57569502
904.74422815 223.15611460
905.76720517 235.94332739
974.81815422 202.18508563
955.89307930 199.11615456
962.54242995 196.04722349
955.89307930 210.36890182
959.47349888 209.34592479
955.38159078 204.23103968
983.51345892 206.78848224
897.07190048 199.11615456
920.08888349 195.53573498
519.33763474 580.68658413
