30.70202247 87.76449438
63.06157303 76.25887640
70.61213483 70.86561798
53.71325843 47.85438202
31.42112360 43.18022472
46.52224719 67.98921348
62.70202247 32.75325843
51.19640449 41.02292135
46.52224719 37.06786517
40.76943820 47.49483146
86.43235955 25.56224719
76.00539326 32.03415730
105.12898876 39.94426966
108.36494382 32.39370787
98.65707865 27.71955056
127.42112360 63.67460674
108.00539326 61.15775281
84.63460674 92.07910112
86.07280899 32.39370787
126.34247191 44.61842697
145.75820225 42.10157303
137.12898876 65.11280899
99.73573034 80.93303371
25.30876404 114.01168539
17.03910112 114.01168539
24.94921348 129.47235955
49.39865169 123.71955056
67.01662921 119.04539326
79.24134831 124.43865169
87.51101124 106.46112360
71.33123596 101.06786517
35.37617978 143.85438202
40.40988764 129.83191011
14.88179775 150.68584270
27.46606742 167.94426966
61.62337079 145.65213483
58.38741573 175.13528090
41.12898876 172.25887640
22.07280899 185.92179775
78.16269663 180.16898876
91.10651685 165.78696629
92.90426966 154.28134831
95.42112360 140.61842697
114.83685393 128.75325843
108.36494382 148.88808989
120.94921348 166.86561798
126.34247191 147.09033708
139.28629213 128.75325843
115.91550562 107.89932584
103.33123596 113.65213483
51.55595506 107.18022472
38.25258427 107.18022472
5.53348315 106.46112360
105.12898876 100.34876404
107.64584270 91.71955056
124.18516854 98.91056180
132.45483146 91.36000000
134.61213483 80.93303371
142.16269663 102.86561798
141.80314607 92.79820225
162.29752809 84.16898876
156.90426966 101.42741573
163.37617978 93.51730337
178.47730337 86.32629213
186.02786517 74.46112360
189.26382022 101.06786517
197.53348315 89.20269663
187.10651685 91.00044944
179.55595506 106.82067416
192.85932584 117.96674157
174.88179775 119.04539326
164.45483146 138.10157303
167.69078652 163.27011236
141.80314607 155.71955056
147.91550562 173.33752809
182.43235955 154.64089888
183.87056180 179.44988764
209.03910112 144.57348315
215.87056180 121.92179775
226.29752809 133.78696629
229.17393258 116.88808989
201.84808989 78.41617978
221.26382022 85.24764045
235.28629213 78.41617978
244.63460674 92.79820225
231.69078652 93.87685393
221.26382022 73.74202247
251.10651685 73.38247191
239.24134831 146.37123596
203.64584270 176.93303371
19.55595506 15.90741573
30.70202247 19.14337079
129.21887640 32.08719101
137.84808989 32.08719101
111.24134831 17.34561798
103.33123596 11.59280899
103.33123596 6.91865169
92.90426966 7.99730337
89.30876404 15.18831461
74.92674157 8.35685393
57.30876404 14.46921348
58.74696629 9.79505618
50.47730337 23.45797753
69.89303371 19.86247191
118.07280899 25.97483146
123.10651685 19.50292135
147.19640449 23.09842697
154.02786517 37.48044944
162.29752809 41.79505618
159.42112360 19.14337079
144.67955056 18.06471910
175.60089888 38.55910112
178.11775281 24.89617978
171.64584270 7.27820225
171.64584270 16.98606742
182.79191011 9.07595506
200.05033708 35.68269663
192.14022472 2.60404494
193.21887640 43.23325843
210.83685393 31.00853933
215.51101124 45.75011236
207.24134831 57.97483146
211.55595506 65.88494382
154.02786517 64.08719101
152.58966292 73.07595506
114.47730337 81.70516854
159.06157303 64.80629213
225.93797753 12.31191011
214.07280899 11.59280899
203.64584270 12.31191011
238.52224719 37.12089888
228.09528090 33.16584270
224.49977528 54.73887640
220.90426966 50.78382022
248.94921348 43.59280899
194.29752809 59.05348315
193.57842697 18.42426966
195.37617978 34.96359551
79.60089888 23.45797753
37.53348315 7.27820225
23.51101124 5.84000000
27.82561798 7.99730337
3.37617978 9.79505618
242.47730337 16.62651685
246.79191011 162.24449438
152.23011236 88.17707865
73.30876404 203.25393258
92.00539326 193.18651685
45.98292135 204.69213483
14.34247191 208.28764045
8.58966292 178.08539326
27.28629213 263.65842697
218.56719101 184.55730337
229.35370787 195.34382022
227.19640449 208.28764045
212.09528090 216.91685393
190.52224719 221.95056180
137.30876404 194.62471910
149.53348315 214.04044944
134.43235955 234.89438202
156.00539326 232.01797753
270.34247191 209.72584270
278.97168539 181.68089888
263.15146067 161.54606742
263.87056180 142.13033708
272.49977528 121.27640449
286.16269663 116.96179775
258.83685393 93.95056180
256.67955056 113.36629213
286.88179775 86.75955056
301.26382022 98.26516854
282.56719101 138.53483146
291.91550562 158.66966292
239.42112360 262.22022472
209.93797753 247.11910112
181.17393258 269.41123596
150.97168539 253.59101124
138.02786517 280.91685393
111.42112360 271.56853933
89.84808989 281.63595506
132.99415730 330.53483146
12.18516854 337.72584270
55.33123596 390.22022472
77.62337079 383.02921348
204.18516854 288.82696629
233.66831461 293.86067416
227.91550562 276.60224719
276.81438202 272.28764045
263.15146067 249.99550562
245.89303371 201.81573034
316.36494382 219.07415730
323.55595506 200.37752809
337.93797753 223.38876404
359.51101124 216.91685393
342.25258427 196.78202247
335.06157303 149.32134831
320.67955056 149.32134831
309.89303371 147.16404494
294.79191011 180.24269663
307.73573034 185.27640449
286.16269663 313.99550562
310.61213483 282.35505618
321.39865169 306.80449438
317.80314607 332.69213483
324.27505618 368.64719101
264.58966292 401.72584270
352.32000000 279.47865169
327.87056180 266.53483146
332.18516854 244.96179775
350.16269663 252.15280899
372.45483146 266.53483146
381.08404494 244.24269663
383.96044944 216.91685393
404.81438202 218.35505618
361.66831461 183.11910112
343.69078652 160.82696629
368.85932584 137.09662921
381.08404494 173.77078652
364.54471910 163.70337079
397.62337079 168.73707865
409.84808989 242.08539326
398.34247191 316.87191011
392.58966292 340.60224719
419.91550562 359.29887640
450.83685393 334.84943820
470.97168539 340.60224719
504.05033708 358.57977528
476.72449438 298.89438202
449.39865169 275.16404494
438.61213483 264.37752809
439.33123596 224.10786517
455.15146067 206.84943820
461.62337079 237.05168539
481.75820225 248.55730337
493.26382022 215.47865169
482.47730337 206.84943820
427.82561798 166.57977528
407.69078652 128.46741573
391.87056180 120.55730337
400.49977528 109.05168539
391.15146067 134.22022472
378.92674157 114.08539326
378.92674157 90.35505618
355.91550562 105.45617978
332.90426966 111.92808989
455.87056180 166.57977528
480.32000000 170.17528090
488.94921348 183.11910112
483.19640449 154.35505618
470.25258427 183.11910112
443.64584270 144.28764045
463.06157303 142.13033708
395.46606742 148.60224719
415.60089888 111.20898876
415.60089888 95.38876404
398.34247191 87.47865169
338.65707865 83.88314607
352.32000000 83.88314607
314.02786517 67.32314607
298.92674157 77.39056180
271.60089888 71.63775281
257.57842697 75.59280899
355.01662921 68.04224719
358.25258427 59.05348315
325.89303371 69.84000000
367.24134831 85.66022472
349.26382022 141.39056180
260.81438202 41.07595506
266.92674157 37.48044944
257.93797753 18.42426966
261.17393258 50.42426966
284.18516854 56.17707865
280.94921348 40.71640449
287.42112360 36.76134831
294.25258427 51.14337079
325.17393258 44.67146067
319.06157303 50.78382022
308.99415730 51.50292135
300.72449438 64.08719101
337.75820225 55.81752809
336.67955056 63.00853933
346.02786517 48.26696629
358.25258427 43.23325843
378.38741573 52.94112360
383.06157303 47.54786517
367.24134831 33.16584270
371.55595506 57.25573034
377.30876404 19.14337079
281.66831461 16.62651685
293.53348315 23.09842697
271.96044944 24.53662921
312.94921348 24.17707865
325.53348315 28.13213483
338.11775281 6.55910112
331.28629213 19.86247191
311.15146067 4.04224719
394.56719101 19.50292135
391.33123596 14.10966292
406.43235955 14.10966292
411.46606742 5.48044944
404.27505618 5.84000000
386.29752809 4.76134831
378.02786517 2.96359551
394.92674157 5.84000000
399.24134831 12.31191011
353.21887640 15.18831461
424.76943820 10.15460674
428.72449438 18.42426966
450.65707865 17.34561798
447.42112360 29.57033708
424.40988764 47.18831461
417.57842697 46.82876404
405.35370787 57.97483146
396.00539326 62.28943820
374.07280899 76.31191011
422.25258427 75.59280899
443.82561798 54.01977528
439.15146067 47.18831461
447.06157303 79.18831461
435.55595506 95.72764045
424.76943820 93.57033708
439.87056180 112.62651685
431.96044944 143.18831461
417.93797753 145.34561798
413.98292135 155.41303371
452.81438202 39.99730337
436.27505618 33.52539326
167.87056180 478.31011236
114.65707865 545.90561798
38.43235955 515.70337079
9.66831461 485.50112360
39.87056180 581.86067416
80.14022472 620.69213483
232.58966292 520.01797753
254.16269663 485.50112360
284.36494382 543.02921348
281.48853933 512.82696629
351.96044944 571.79325843
386.47730337 512.82696629
420.99415730 472.55730337
472.76943820 427.97303371
488.58966292 532.96179775
531.73573034 508.51235955
543.24134831 534.40000000
595.01662921 551.65842697
577.75820225 599.11910112
692.81438202 534.40000000
711.51101124 590.48988764
809.30876404 540.15280899
902.79191011 553.09662921
954.56719101 560.28764045
826.56719101 459.61348315
786.29752809 432.28764045
671.24134831 475.43370787
632.40988764 334.48988764
603.64584270 292.78202247
584.94921348 284.15280899
583.51101124 242.44494382
534.61213483 251.07415730
517.35370787 220.87191011
527.42112360 192.10786517
458.56719101 17.70516854
456.05033708 30.64898876
466.83685393 19.50292135
475.46606742 34.60404494
465.75820225 53.30067416
456.05033708 75.95235955
473.30876404 78.82876404
471.15146067 61.21078652
479.42112360 67.32314607
479.42112360 48.26696629
486.97168539 50.78382022
493.80314607 59.05348315
485.89303371 39.63775281
500.27505618 46.10966292
503.15146067 22.01977528
498.11775281 17.70516854
493.80314607 15.18831461
493.08404494 29.21078652
499.55595506 31.00853933
481.93797753 27.41303371
473.66831461 22.73887640
467.55595506 34.60404494
508.90426966 75.59280899
520.40988764 81.70516854
513.57842697 90.69393258
507.10651685 106.51415730
472.23011236 114.42426966
470.79191011 134.91865169
486.25258427 131.32314607
503.15146067 120.89617978
511.06157303 131.68269663
521.84808989 115.86247191
537.66831461 104.35685393
545.93797753 105.07595506
535.51101124 63.00853933
542.70202247 76.67146067
563.55595506 70.91865169
571.82561798 11.95235955
581.53348315 15.90741573
595.91550562 8.35685393
540.54471910 7.27820225
533.35370787 21.66022472
539.82561798 25.61528090
511.78067416 24.17707865
561.39865169 97.16584270
559.60089888 84.94112360
588.00539326 81.34561798
612.81438202 96.44674157
576.85932584 104.35685393
574.70202247 116.58157303
560.67955056 119.81752809
552.76943820 113.34561798
521.48853933 144.26696629
523.28629213 157.92988764
538.38741573 52.94112360
545.93797753 25.25573034
557.08404494 39.63775281
550.97168539 50.42426966
551.33123596 58.69393258
625.03910112 81.70516854
452.09528090 91.77258427
449.21887640 112.62651685
465.03910112 152.89617978
550.25258427 139.95235955
578.65707865 132.76134831
594.83685393 127.36808989
594.83685393 141.03101124
576.14022472 144.98606742
585.48853933 159.00853933
602.38741573 151.45797753
636.18516854 124.13213483
629.71325843 116.94112360
626.11775281 20.58157303
609.57842697 11.59280899
639.06157303 19.14337079
614.97168539 65.52539326
655.60089888 71.63775281
646.61213483 78.10966292
653.44359551 102.19955056
648.40988764 123.41303371
660.99415730 134.19955056
657.39865169 150.01977528
676.45483146 147.86247191
667.10651685 74.87370787
678.97168539 84.22202247
677.89303371 74.15460674
698.74696629 92.49168539
685.08404494 100.04224719
690.11775281 142.46921348
695.87056180 152.89617978
712.76943820 68.40179775
723.55595506 75.59280899
728.58966292 95.72764045
724.27505618 107.59280899
716.00539326 135.63775281
713.84808989 150.73887640
724.27505618 150.37932584
724.63460674 161.16584270
612.81438202 158.28943820
608.49977528 166.19955056
692.27505618 8.35685393
707.73573034 4.40179775
722.47730337 7.27820225
747.28629213 6.91865169
758.43235955 6.91865169
755.19640449 78.10966292
766.70202247 105.79505618
776.05033708 113.34561798
782.16269663 131.68269663
757.71325843 125.92988764
742.61213483 119.09842697
739.01662921 151.45797753
744.05033708 140.31191011
760.23011236 145.34561798
762.38741573 137.43550562
770.65707865 153.97483146
771.37617978 161.16584270
778.20764045 71.27820225
779.64584270 87.45797753
749.44359551 102.19955056
540.72449438 153.63595506
560.14022472 175.92808989
579.55595506 175.20898876
576.67955056 195.34382022
582.43235955 214.04044944
554.38741573 234.17528090
544.32000000 217.63595506
555.10651685 149.32134831
561.57842697 135.65842697
605.44359551 186.71460674
607.60089888 201.81573034
610.47730337 227.70337079
655.78067416 284.51235955
678.07280899 293.14157303
672.32000000 261.50112360
649.30876404 220.51235955
647.87056180 197.50112360
623.42112360 180.96179775
636.36494382 170.17528090
661.53348315 173.77078652
639.96044944 138.53483146
627.01662921 138.53483146
688.85932584 185.99550562
695.33123596 206.13033708
679.51101124 212.60224719
696.76943820 227.70337079
634.20764045 210.44494382
632.76943820 193.90561798
754.29752809 259.34382022
737.75820225 205.41123596
752.14022472 207.56853933
760.76943820 185.27640449
751.42112360 173.77078652
783.06157303 178.80449438
772.99415730 206.84943820
793.12898876 225.54606742
791.69078652 277.32134831
762.20764045 307.52359551
743.51101124 342.75955056
772.99415730 367.20898876
700.36494382 365.05168539
741.35370787 244.24269663
834.11775281 308.96179775
821.89303371 285.95056180
870.79191011 317.59101124
834.11775281 249.27640449
826.92674157 200.37752809
816.14022472 198.93932584
821.17393258 175.20898876
812.54471910 158.66966292
807.51101124 148.60224719
793.84808989 142.84943820
801.75820225 130.62471910
801.03910112 110.48988764
802.47730337 95.38876404
798.88179775 83.88314607
831.96044944 128.46741573
818.29752809 136.37752809
764.36494382 234.17528090
852.09528090 220.51235955
901.71325843 263.65842697
872.23011236 206.84943820
854.25258427 193.90561798
837.71325843 109.77078652
849.93797753 99.70337079
854.25258427 129.18651685
874.38741573 135.65842697
888.05033708 102.57977528
775.69078652 5.12089888
790.79191011 7.27820225
798.34247191 5.48044944
824.94921348 5.84000000
814.88179775 52.94112360
830.34247191 55.45797753
813.08404494 69.84000000
820.99415730 73.07595506
856.94921348 84.22202247
860.18516854 9.07595506
865.93797753 67.32314607
885.35370787 65.88494382
876.00539326 108.31191011
877.44359551 120.89617978
864.85932584 129.88494382
862.34247191 139.95235955
895.42112360 141.03101124
882.83685393 143.54786517
891.46606742 3.32314607
870.97168539 4.40179775
972.72449438 42.51415730
943.24134831 78.10966292
930.65707865 106.51415730
923.82561798 119.09842697
957.98292135 104.35685393
947.19640449 125.21078652
951.15146067 143.18831461
975.96044944 145.34561798
987.46606742 136.71640449
991.42112360 149.30067416
994.29752809 141.03101124
1019.10651685 138.87370787
1020.18516854 121.61528090
1002.56719101 74.15460674
999.33123596 52.94112360
893.80314607 378.71460674
920.40988764 313.99550562
940.54471910 358.57977528
975.78067416 358.57977528
909.62337079 419.70337079
842.74696629 405.32134831
967.87056180 472.19775281
568.05033708 413.95056180
890.74696629 164.24269663
885.35370787 175.74831461
847.60089888 160.28764045
860.90426966 156.69213483
841.48853933 175.74831461
877.80314607 188.33258427
903.69078652 189.77078652
882.83685393 216.01797753
914.83685393 215.29887640
923.82561798 216.73707865
940.00539326 216.73707865
927.42112360 245.14157303
953.66831461 240.10786517
970.20764045 236.15280899
989.98292135 237.59101124
989.26382022 209.54606742
961.93797753 199.11910112
979.19640449 189.05168539
989.26382022 169.63595506
1005.44359551 181.86067416
946.83685393 176.46741573
930.65707865 175.74831461
1018.38741573 169.99550562
1021.62337079 257.72584270
992.49977528 86.32629213
1017.66831461 103.94426966
1002.38741573 273.00674157
