29.62251160 472.92022152
54.35533603 454.96602305
51.79045053 460.46220626
51.79045053 465.77518336
50.87442000 473.65304595
27.24083221 478.41640473
22.84388565 479.69884748
19.17976351 487.75991618
30.53854213 481.53090855
34.38587038 482.99655740
39.51564137 480.43167191
45.19503068 482.26373297
56.37060320 468.34006885
41.16449633 477.13396198
40.79808412 486.84388565
33.10342763 486.47747343
66.81335129 447.45457267
64.24846580 446.53854213
58.75228259 452.40113755
58.75228259 459.17976351
62.41640473 463.02709175
62.41640473 479.69884748
71.21029786 475.30190091
71.94312229 487.39350397
65.71411465 487.75991618
58.01945816 489.04235893
32.73701542 492.88968717
22.84388565 506.44693908
17.71411465 501.50037420
20.27900015 497.28663374
15.33243526 496.73701542
6.90495435 501.31716809
41.89732076 499.30190091
51.24083221 500.03472534
51.42403832 494.72174824
61.13396198 495.82098488
64.79808412 493.43930549
73.04235893 466.87442000
73.59197725 461.74464900
69.01182458 457.53090855
63.88205358 454.41640473
55.45457267 503.14922916
61.50037420 504.98129023
46.84388565 504.06525969
45.56144290 509.19503068
42.44693908 511.21029786
25.95838946 503.88205358
26.32480168 498.01945816
2.32480168 503.88205358
10.38587038 493.80571771
71.57671007 451.85151923
48.12632839 476.76754977
37.13396198 472.18739710
41.89732076 464.30953450
38.59961084 483.54617572
48.85915282 486.11106122
25.95838946 491.60724442
18.08052687 492.88968717
23.94312229 500.58434366
71.02709175 497.65304595
76.34006885 499.30190091
82.20266427 503.33243526
84.76754977 494.53854213
62.01945816 500.85915282
54.32480168 490.59961084
75.94312229 477.40877114
69.71411465 480.70648107
75.21029786 482.90495435
71.91258794 493.89732076
25.74464900 514.41640473
16.58434366 514.41640473
11.08816046 502.69121389
27.94312229 537.50037420
22.44693908 523.21029786
26.47747343 529.80571771
6.32480168 518.08052687
7.79045053 529.07289328
14.01945816 538.96602305
38.56907649 519.91258794
36.00419099 514.78281694
30.14159557 514.41640473
63.48510702 515.14922916
56.15686275 517.71411465
50.66067954 512.95075587
56.15686275 511.85151923
42.23319862 527.60724442
31.24083221 523.94312229
30.87442000 498.29426733
68.24846580 508.55380931
37.83625206 541.53090855
38.56907649 534.20266427
60.55380931 541.16449633
50.66067954 541.16449633
48.46220626 536.76754977
45.53090855 532.73701542
8.15686275 537.50037420
43.42403832 521.28663374
49.10342763 520.37060320
55.51564137 530.44693908
69.43930549 523.85151923
74.56907649 514.69121389
79.51564137 509.56144290
71.63777878 508.46220626
73.83625206 541.07289328
91.60724442 538.14159557
96.18739710 521.46983984
95.63777878 515.24083221
89.04235893 517.80571771
87.02709175 512.30953450
101.31716809 495.08816046
102.41640473 504.06525969
105.71411465 512.49274061
79.69884748 532.27900015
84.46220626 525.13396198
112.67594671 516.88968717
110.84388565 505.71411465
59.91258794 524.95075587
97.46983984 533.56144290
95.27136656 502.04999252
109.37823679 499.11869481
100.21793145 488.49274061
72.55380931 519.82098488
129.34770244 538.14159557
127.33243526 523.66831313
128.24846580 531.36296962
119.08816046 502.23319862
115.05762610 501.86678641
107.72938183 492.52327496
104.06525969 482.81335129
100.40113755 484.82861847
101.68358030 474.38587038
107.17976351 475.66831313
117.98892381 481.71411465
112.67594671 477.50037420
117.25609939 475.30190091
114.87442000 489.95838946
129.53090855 504.43167191
136.12632839 503.51564137
128.98129023 513.95838946
134.66067954 522.75228259
137.22556504 535.21029786
124.95075587 497.65304595
125.31716809 491.05762610
130.63014519 490.50800778
137.22556504 492.70648107
133.74464900 477.50037420
135.94312229 474.38587038
124.03472534 475.85151923
135.02709175 482.99655740
121.10342763 482.63014519
120.92022152 487.75991618
127.14922916 485.92785511
101.50037420 478.23319862
95.45457267 497.65304595
90.32480168 505.89732076
109.91258794 452.63014519
108.08052687 450.70648107
106.06525969 458.95075587
111.19503068 464.17212992
105.60724442 463.71411465
109.72938183 470.58434366
116.69121389 463.89732076
116.96602305 454.27900015
115.59197725 446.49274061
125.39350397 447.68358030
123.46983984 443.92785511
120.35533603 452.63014519
121.91258794 459.04235893
124.01945816 463.25609939
123.83625206 468.84388565
126.40113755 470.58434366
130.43167191 470.58434366
132.17212992 463.98892381
129.88205358 461.33243526
131.62251160 450.88968717
129.42403832 443.01182458
135.19503068 442.09579404
134.37060320 451.07289328
140.96602305 452.63014519
141.69884748 445.21029786
143.16449633 449.14922916
141.69884748 466.09579404
142.43167191 471.86678641
145.08816046 469.21029786
146.73701542 478.64541236
153.60724442 446.49274061
149.30190091 443.74464900
147.46983984 439.07289328
149.02709175 454.55380931
149.75991618 461.88205358
152.59961084 463.98892381
153.14922916 468.66067954
148.75228259 469.66831313
156.81335129 475.07289328
153.24083221 476.53854213
165.30190091 454.27900015
166.12632839 446.95075587
159.62251160 446.85915282
159.25609939 441.36296962
167.59197725 461.51564137
162.82861847 480.01945816
154.12632839 454.09579404
179.13396198 475.07289328
169.33243526 473.14922916
184.72174824 480.20266427
177.21029786 461.97365664
181.33243526 463.43930549
182.06525969 467.56144290
187.65304595 467.01182458
189.11869481 471.77518336
142.84388565 495.45457267
153.46983984 486.11106122
141.74464900 486.84388565
149.80571771 493.62251160
148.15686275 501.86678641
140.46220626 502.59961084
148.34006885 509.56144290
139.54617572 514.32480168
141.92785511 521.10342763
152.73701542 517.62251160
148.70648107 520.73701542
157.50037420 501.31716809
159.88205358 506.08052687
153.83625206 521.83625206
150.17212992 528.98129023
151.27136656 536.49274061
159.33243526 526.59961084
157.68358030 532.46220626
158.78281694 538.87442000
164.82861847 530.63014519
164.82861847 524.40113755
167.57671007 522.20266427
173.43930549 525.31716809
177.46983984 539.42403832
168.30953450 537.59197725
162.81335129 534.29426733
168.49274061 506.63014519
156.21793145 493.25609939
167.75991618 494.72174824
172.34006885 494.90495435
177.46983984 497.65304595
175.08816046 503.51564137
180.03472534 510.29426733
186.81335129 503.51564137
192.30953450 490.69121389
187.54617572 487.21029786
194.50800778 502.23319862
201.46983984 499.66831313
199.45457267 510.29426733
189.37823679 525.68358030
185.71411465 520.92022152
183.33243526 532.64541236
199.27136656 477.50037420
197.80571771 484.46220626
198.53854213 490.32480168
204.76754977 489.04235893
209.16449633 494.53854213
207.69884748 503.51564137
212.09579404 504.43167191
218.14159557 510.47747343
223.27136656 522.20266427
218.32480168 530.08052687
233.53090855 514.50800778
231.33243526 506.08052687
159.88205358 521.46983984
145.59197725 532.46220626
195.60724442 531.54617572
199.63777878 524.95075587
203.85151923 520.37060320
212.82861847 526.59961084
210.99655740 547.11869481
210.63014519 537.04235893
200.18739710 537.77518336
166.29426733 544.92022152
200.37060320 469.62251160
203.48510702 482.63014519
211.54617572 484.64541236
215.75991618 490.32480168
205.13396198 510.47747343
199.45457267 505.16449633
168.85915282 488.12632839
160.06525969 489.77518336
154.20266427 505.71411465
182.04999252 492.88968717
220.70648107 478.78281694
220.15686275 486.11106122
222.53854213 490.32480168
225.65304595 493.80571771
227.66831313 499.66831313
226.93548870 513.22556504
214.47747343 520.73701542
232.79808412 520.73701542
227.30190091 526.59961084
236.09579404 529.53090855
234.44693908 497.46983984
232.98129023 491.97365664
229.50037420 485.74464900
240.12632839 483.36296962
224.18739710 481.89732076
229.68358030 469.62251160
206.41640473 477.50037420
193.77518336 471.27136656
186.99655740 460.64541236
192.12632839 463.75991618
215.39350397 461.01182458
204.76754977 459.72938183
213.37823679 473.46983984
242.32480168 476.76754977
235.91258794 484.64541236
241.59197725 490.87442000
244.34006885 507.91258794
241.04235893 502.23319862
215.39350397 502.41640473
153.16449633 458.08052687
136.30953450 469.43930549
147.66831313 473.46983984
171.30190091 436.64541236
149.86678641 449.10342763
183.94312229 437.37823679
176.06525969 440.85915282
197.31716809 439.94312229
203.91258794 442.14159557
201.71411465 446.35533603
202.44693908 453.68358030
184.12632839 447.27136656
186.32480168 439.94312229
190.72174824 443.42403832
194.93548870 444.15686275
204.27900015 470.72174824
213.25609939 450.56907649
222.41640473 441.22556504
226.26373297 436.09579404
212.88968717 437.92785511
212.70648107 445.43930549
231.94312229 440.49274061
240.37060320 439.57671007
229.37823679 440.85915282
227.91258794 451.11869481
231.02709175 452.76754977
219.85151923 449.83625206
221.86678641 457.89732076
232.85915282 457.89732076
233.22556504 462.11106122
218.75228259 466.87442000
226.99655740 460.64541236
228.27900015 464.30953450
235.42403832 478.41640473
205.74464900 438.66067954
179.91258794 451.66831313
182.11106122 440.85915282
245.95838946 456.52327496
250.35533603 460.55380931
246.32480168 445.16449633
250.72174824 441.86678641
249.25609939 437.83625206
238.63014519 447.72938183
238.26373297 444.43167191
236.43167191 472.64541236
215.91258794 481.80571771
245.95838946 452.12632839
253.65304595 445.16449633
257.31716809 441.86678641
254.75228259 440.03472534
240.46220626 458.72174824
244.49274061 463.85151923
249.62251160 477.04235893
246.69121389 481.80571771
190.99655740 509.28663374
195.75991618 518.44693908
209.68358030 520.27900015
261.43930549 437.74464900
258.69121389 441.95838946
251.91258794 454.41640473
257.40877114 454.04999252
263.63777878 448.37060320
245.31716809 440.30953450
225.34770244 444.15686275
251.17976351 468.34006885
256.30953450 462.47747343
244.03472534 468.88968717
262.90495435 459.91258794
266.93548870 456.98129023
270.41640473 443.60724442
272.79808412 440.30953450
268.03472534 438.29426733
259.42403832 472.18739710
263.45457267 472.37060320
262.17212992 466.87442000
257.59197725 478.96602305
256.85915282 483.72938183
248.61487801 485.92785511
253.92785511 487.75991618
253.74464900 493.07289328
248.79808412 495.63777878
250.26373297 498.01945816
255.39350397 498.38587038
259.60724442 492.52327496
266.20266427 490.69121389
263.63777878 485.01182458
264.00419099 479.14922916
268.40113755 478.59961084
273.71411465 484.27900015
274.99655740 480.06525969
271.69884748 466.87442000
266.93548870 465.95838946
275.36296962 457.71411465
270.59961084 448.37060320
281.40877114 465.59197725
286.35533603 463.75991618
292.03472534 470.17212992
286.35533603 476.03472534
279.39350397 478.78281694
292.40113755 463.94312229
297.53090855 462.47747343
287.63777878 453.86678641
290.01945816 457.34770244
288.00419099 448.92022152
284.52327496 443.24083221
286.72174824 441.59197725
296.24846580 441.04235893
297.53090855 446.17212992
293.13396198 443.24083221
294.96602305 479.33243526
291.66831313 483.36296962
282.69121389 480.79808412
284.52327496 484.64541236
282.32480168 489.95838946
276.27900015 494.72174824
290.93548870 492.52327496
295.51564137 489.59197725
292.95075587 498.75228259
301.01182458 499.30190091
312.37060320 440.30953450
308.52327496 443.24083221
318.59961084 439.75991618
312.92022152 448.37060320
313.83625206 454.78281694
319.33243526 445.80571771
325.92785511 443.24083221
327.02709175 450.56907649
324.46220626 454.04999252
325.92785511 465.77518336
311.08816046 462.47747343
293.50037420 474.01945816
314.93548870 469.80571771
318.41640473 471.82098488
315.48510702 478.23319862
319.88205358 482.44693908
326.11106122 478.59961084
316.76754977 487.75991618
317.68358030 492.88968717
321.53090855 498.01945816
326.29426733 494.35533603
325.92785511 485.92785511
325.56144290 440.30953450
278.20266427 503.05762610
263.91258794 506.35533603
270.50800778 496.09579404
305.31716809 501.95838946
258.41640473 512.21793145
244.12632839 519.17976351
265.01182458 517.71411465
269.40877114 526.87442000
281.86678641 533.46983984
281.86678641 524.30953450
286.99655740 521.01182458
283.33243526 515.14922916
297.62251160 517.34770244
305.31716809 512.95075587
300.55380931 532.00419099
297.62251160 525.04235893
291.02709175 525.77518336
320.70648107 506.35533603
322.53854213 509.65304595
326.56907649 511.48510702
328.03472534 518.08052687
323.27136656 522.47747343
320.70648107 515.14922916
311.54617572 514.78281694
306.78281694 520.64541236
314.11106122 525.77518336
310.44693908 530.90495435
316.30953450 540.43167191
327.30190091 536.76754977
336.09579404 522.47747343
333.16449633 508.92022152
331.33243526 502.69121389
326.20266427 499.39350397
334.63014519 492.79808412
343.42403832 501.95838946
336.46220626 500.12632839
340.49274061 506.35533603
344.15686275 514.78281694
349.65304595 514.04999252
349.65304595 522.47747343
346.35533603 518.08052687
354.41640473 522.47747343
348.55380931 528.70648107
351.11869481 537.13396198
358.44693908 530.17212992
243.75991618 529.43930549
365.77518336 530.90495435
379.33243526 533.83625206
372.37060320 520.27900015
365.40877114 511.48510702
357.34770244 510.75228259
352.95075587 505.25609939
348.55380931 495.36296962
341.59197725 483.63777878
335.72938183 483.27136656
339.02709175 478.14159557
332.79808412 480.34006885
328.40113755 489.13396198
332.43167191 470.44693908
334.90495435 445.80571771
328.12632839 437.19503068
334.35533603 455.14922916
331.60724442 462.66067954
340.03472534 458.44693908
346.08052687 446.53854213
348.46220626 451.66831313
363.66831313 454.78281694
358.90495435 443.97365664
356.70648107 437.01182458
356.70648107 459.91258794
347.17976351 469.43930549
343.51564137 474.56907649
346.26373297 481.16449633
354.32480168 478.04999252
362.56907649 468.34006885
366.23319862 463.94312229
366.59961084 475.48510702
357.43930549 473.46983984
358.72174824 482.63014519
353.59197725 484.09579404
363.48510702 490.50800778
370.81335129 475.85151923
374.11106122 477.13396198
378.87442000 478.59961084
375.39350397 494.17212992
384.73701542 497.83625206
367.69884748 441.04235893
380.15686275 470.90495435
376.85915282 463.94312229
371.72938183 460.09579404
373.19503068 441.77518336
374.47747343 447.08816046
369.89732076 453.86678641
375.57671007 453.31716809
384.92022152 487.94312229
391.33243526 498.56907649
398.11106122 495.82098488
402.32480168 492.88968717
395.72938183 465.40877114
403.42403832 483.54617572
401.59197725 476.03472534
396.27900015 479.14922916
401.77518336 468.70648107
402.87442000 461.19503068
401.77518336 457.16449633
396.46220626 459.72938183
399.02709175 452.03472534
404.88968717 444.34006885
390.04999252 440.67594671
370.81335129 488.85915282
348.27900015 461.92785511
372.64541236 468.70648107
366.96602305 497.28663374
362.56907649 493.98892381
355.42403832 492.70648107
387.75991618 523.57671007
375.66831313 503.05762610
388.85915282 504.88968717
398.01945816 503.79045053
400.21793145 521.01182458
394.35533603 530.53854213
407.91258794 528.70648107
406.44693908 510.75228259
413.40877114 511.85151923
408.64541236 502.32480168
420.73701542 526.87442000
432.82861847 504.15686275
422.93548870 502.32480168
415.97365664 501.59197725
419.63777878 493.16449633
414.14159557 490.23319862
409.01182458 485.46983984
413.04235893 484.37060320
411.57671007 474.84388565
406.44693908 472.64541236
407.54617572 466.41640473
409.01182458 457.25609939
413.77518336 463.48510702
415.24083221 458.72174824
406.44693908 448.82861847
408.27900015 441.13396198
412.30953450 442.96602305
421.46983984 444.43167191
421.46983984 435.63777878
418.17212992 438.20266427
423.66831313 462.38587038
421.83625206 452.12632839
418.90495435 467.14922916
420.73701542 479.97365664
418.53854213 474.84388565
423.30190091 483.63777878
424.76754977 489.50037420
449.40877114 524.40113755
438.04999252 505.16449633
441.71411465 500.40113755
434.75228259 498.56907649
438.78281694 493.07289328
428.34006885 523.11869481
429.07289328 531.17976351
452.70648107 517.98892381
453.98892381 513.40877114
446.11106122 509.19503068
450.50800778 502.23319862
457.10342763 507.54617572
446.84388565 519.27136656
444.64541236 517.80571771
451.24083221 495.27136656
445.74464900 494.17212992
457.10342763 493.62251160
460.76754977 502.41640473
471.21029786 508.64541236
468.09579404 512.12632839
466.44693908 520.18739710
464.43167191 526.78281694
459.48510702 522.38587038
437.68358030 521.83625206
442.26373297 534.29426733
479.08816046 523.30190091
480.92022152 492.88968717
471.75991618 494.17212992
465.53090855 497.28663374
464.24846580 489.22556504
457.10342763 493.07289328
458.75228259 479.51564137
456.00419099 485.01182458
449.04235893 483.36296962
479.82098488 530.44693908
434.56907649 440.30953450
440.98129023 439.02709175
432.73701542 458.26373297
422.11106122 457.16449633
448.67594671 440.85915282
454.53854213 443.05762610
441.53090855 446.35533603
443.54617572 451.48510702
450.69121389 450.75228259
452.52327496 456.24846580
447.02709175 456.24846580
448.12632839 463.39350397
457.28663374 469.43930549
457.10342763 464.30953450
452.34006885 478.04999252
439.88205358 473.65304595
434.01945816 476.58434366
462.59961084 441.22556504
461.68358030 437.37823679
455.27136656 437.92785511
455.45457267 432.06525969
463.33243526 433.71411465
471.75991618 437.37823679
469.01182458 438.66067954
471.21029786 441.77518336
468.64541236 443.42403832
464.79808412 445.98892381
464.79808412 452.40113755
470.11106122 447.27136656
458.56907649 451.11869481
466.63014519 465.22556504
470.66067954 459.17976351
477.62251160 456.98129023
474.50800778 451.48510702
474.50800778 445.07289328
480.55380931 441.22556504
483.85151923 438.84388565
437.50037420 442.50800778
453.07289328 466.32480168
454.72174824 474.20266427
431.45457267 493.98892381
427.05762610 497.65304595
473.59197725 474.01945816
476.70648107 468.52327496
469.92785511 477.50037420
471.75991618 485.74464900
484.03472534 487.02709175
480.73701542 483.54617572
494.61487801 439.53090855
491.50037420 445.85151923
485.91258794 451.25609939
489.02709175 451.71411465
486.27900015 444.56907649
471.71411465 454.82861847
494.70648107 458.40113755
500.47747343 456.84388565
498.37060320 448.87442000
485.72938183 463.53090855
489.75991618 464.90495435
494.24846580 469.75991618
505.51564137 469.48510702
497.54617572 472.59961084
488.84388565 469.30190091
486.46220626 474.79808412
492.92022152 525.40877114
481.92785511 510.38587038
485.95838946 515.14922916
487.79045053 529.80571771
442.35533603 460.18739710
434.66067954 465.31716809
465.80571771 470.08052687
482.75228259 481.89732076
502.53854213 483.72938183
508.21793145 481.71411465
474.14159557 479.33243526
513.34770244 485.01182458
509.50037420 491.97365664
500.52327496 489.22556504
495.94312229 488.49274061
523.42403832 487.21029786
506.93548870 499.48510702
498.87442000 495.63777878
487.69884748 493.07289328
486.41640473 510.11106122
488.79808412 500.03472534
494.84388565 504.79808412
494.84388565 511.75991618
498.69121389 518.72174824
506.38587038 516.52327496
509.13396198 524.95075587
509.68358030 507.36296962
494.84388565 505.89732076
518.47747343 498.20266427
524.70648107 493.98892381
518.11106122 507.91258794
513.34770244 507.91258794
533.68358030 488.12632839
530.01945816 493.07289328
530.20266427 500.21793145
526.35533603 505.53090855
530.56907649 508.82861847
518.34006885 515.74464900
532.08052687 519.40877114
531.34770244 527.28663374
520.99655740 529.39350397
510.09579404 521.97365664
529.97365664 513.82098488
540.78281694 516.84388565
540.87442000 523.07289328
547.10342763 524.08052687
503.68358030 520.69121389
500.20266427 511.89732076
519.07289328 522.15686275
541.24083221 502.46220626
544.26373297 499.53090855
551.31716809 509.79045053
550.03472534 516.20266427
568.40113755 518.08052687
559.60724442 500.85915282
553.74464900 490.96602305
546.04999252 488.76754977
539.45457267 488.40113755
534.69121389 494.99655740
536.52327496 500.12632839
555.94312229 522.47747343
565.46983984 511.11869481
569.13396198 503.42403832
562.53854213 495.72938183
562.90495435 488.03472534
558.87442000 486.56907649
557.04235893 478.14159557
559.97365664 474.11106122
562.53854213 469.34770244
549.71411465 488.76754977
546.41640473 493.89732076
574.99655740 505.98892381
588.92022152 523.21029786
595.51564137 530.17212992
587.45457267 493.53090855
580.12632839 494.99655740
573.53090855 488.76754977
584.52327496 508.55380931
588.92022152 500.12632839
591.11869481 505.25609939
594.04999252 509.28663374
600.64541236 510.01945816
609.43930549 505.98892381
614.93548870 514.04999252
609.43930549 517.71411465
604.30953450 519.17976351
585.62251160 516.98129023
550.08052687 482.17212992
564.00419099 451.39350397
559.24083221 446.26373297
565.10342763 462.01945816
569.86678641 455.42403832
559.33243526 461.19503068
578.56907649 459.36296962
571.24083221 462.47747343
576.00419099 444.34006885
579.30190091 439.75991618
573.62251160 441.40877114
576.37060320 437.92785511
577.83625206 434.81335129
571.24083221 433.53090855
569.95838946 436.46220626
566.47747343 440.49274061
569.22556504 439.75991618
583.88205358 441.77518336
588.09579404 439.02709175
587.54617572 433.53090855
590.66067954 436.82861847
595.42403832 438.47747343
594.69121389 441.95838946
589.56144290 443.24083221
586.81335129 443.97365664
583.88205358 447.45457267
576.18739710 455.14922916
578.01945816 449.10342763
589.92785511 449.10342763
589.01182458 456.79808412
593.04235893 461.56144290
590.11106122 465.77518336
582.59961084 465.40877114
579.11869481 467.97365664
581.50037420 474.20266427
573.98892381 474.20266427
566.66067954 474.20266427
568.49274061 467.79045053
578.56907649 477.68358030
564.64541236 482.63014519
573.25609939 499.11869481
569.22556504 494.53854213
581.50037420 486.11106122
585.53090855 482.81335129
593.22556504 476.03472534
590.47747343 481.53090855
596.52327496 479.51564137
604.21793145 477.68358030
601.10342763 488.30953450
598.90495435 492.34006885
595.97365664 498.01945816
593.95838946 498.20266427
593.04235893 489.77518336
593.77518336 484.64541236
601.65304595 482.26373297
604.21793145 487.21029786
571.97365664 482.26373297
607.69884748 480.79808412
619.79045053 472.55380931
608.43167191 488.30953450
615.02709175 491.79045053
620.70648107 486.66067954
612.82861847 478.04999252
604.21793145 492.70648107
600.73701542 497.83625206
608.61487801 494.53854213
618.14159557 498.75228259
622.72174824 494.35533603
625.65304595 488.67594671
617.59197725 481.89732076
605.50037420 483.36296962
617.40877114 490.14159557
622.35533603 463.21029786
632.43167191 472.92022152
634.63014519 475.66831313
637.19503068 489.40877114
620.34006885 429.31716809
619.42403832 437.56144290
618.32480168 442.87442000
624.55380931 441.04235893
626.75228259 450.56907649
628.40113755 454.78281694
629.86678641 459.36296962
618.69121389 456.79808412
618.32480168 447.45457267
631.88205358 440.12632839
629.31716809 442.32480168
637.19503068 441.40877114
634.63014519 434.63014519
636.27900015 452.58434366
637.37823679 462.47747343
636.27900015 459.36296962
637.56144290 472.18739710
633.71411465 482.26373297
630.04999252 485.01182458
630.23319862 493.98892381
635.54617572 499.11869481
645.71411465 496.46220626
646.08052687 486.56907649
649.01182458 478.50800778
643.88205358 474.47747343
648.27900015 470.08052687
640.95075587 505.25609939
648.64541236 507.82098488
639.48510702 513.68358030
644.61487801 522.11106122
626.29426733 519.54617572
620.43167191 515.14922916
622.63014519 501.95838946
616.49274061 531.17976351
634.26373297 526.41640473
635.17976351 536.67594671
659.17976351 520.18739710
656.79808412 498.01945816
645.98892381 500.40113755
576.00419099 520.37060320
574.72174824 513.59197725
582.41640473 502.23319862
579.30190091 516.15686275
570.32480168 520.00419099
664.49274061 503.51564137
669.07289328 495.08816046
680.98129023 495.08816046
686.11106122 495.82098488
675.11869481 526.41640473
664.67594671 518.35533603
692.15686275 526.04999252
681.71411465 522.20266427
693.80571771 506.99655740
692.34006885 516.15686275
687.02709175 510.66067954
651.85151923 516.70648107
654.23319862 490.32480168
658.99655740 485.19503068
663.02709175 490.87442000
667.05762610 486.47747343
673.10342763 486.11106122
683.54617572 489.59197725
691.05762610 489.04235893
686.47747343 487.57671007
684.64541236 483.54617572
677.31716809 485.19503068
687.02709175 525.13396198
644.70648107 438.84388565
648.73701542 433.89732076
655.33243526 438.11106122
649.10342763 442.69121389
641.95838946 448.18739710
642.32480168 458.44693908
654.23319862 446.17212992
659.17976351 444.52327496
657.89732076 452.58434366
653.86678641 457.34770244
648.55380931 462.11106122
656.79808412 466.32480168
658.81335129 471.82098488
671.27136656 452.58434366
673.65304595 440.12632839
668.88968717 437.74464900
662.29426733 440.67594671
674.20266427 430.78281694
666.69121389 432.06525969
669.98892381 432.61487801
674.56907649 446.53854213
671.45457267 446.53854213
683.54617572 450.01945816
686.47747343 441.04235893
681.16449633 444.52327496
678.04999252 438.47747343
683.36296962 436.46220626
685.92785511 430.78281694
677.68358030 433.53090855
692.15686275 434.44693908
691.60724442 437.74464900
691.60724442 442.69121389
688.85915282 448.37060320
691.97365664 454.23319862
681.71411465 458.08052687
670.72174824 461.92785511
669.80571771 470.17212992
680.61487801 471.82098488
681.53090855 464.49274061
688.67594671 461.01182458
697.10342763 455.14922916
698.38587038 459.91258794
698.93548870 466.50800778
688.30953450 472.55380931
671.45457267 478.96602305
655.33243526 475.48510702
643.60724442 453.86678641
697.83625206 477.68358030
692.70648107 476.76754977
697.83625206 487.75991618
695.45457267 491.42403832
702.59961084 482.08052687
710.47747343 490.69121389
715.60724442 488.30953450
704.06525969 488.49274061
698.56907649 499.11869481
717.07289328 479.51564137
706.44693908 480.06525969
699.30190091 438.47747343
698.93548870 435.17976351
696.73701542 435.17976351
706.63014519 437.56144290
724.76754977 432.61487801
720.73701542 437.56144290
719.45457267 440.67594671
701.31716809 445.80571771
731.36296962 434.08052687
737.22556504 434.63014519
735.02709175 430.96602305
737.77518336 428.95075587
735.02709175 442.32480168
739.24083221 440.12632839
724.03472534 440.12632839
721.65304595 446.53854213
719.82098488 452.21793145
741.98892381 455.88205358
734.47747343 455.69884748
729.71411465 455.14922916
720.55380931 463.21029786
728.79808412 464.67594671
718.90495435 473.83625206
721.83625206 478.78281694
724.21793145 485.92785511
722.75228259 497.28663374
714.50800778 497.28663374
708.61487801 516.98129023
700.92022152 523.57671007
706.41640473 527.60724442
719.60724442 522.47747343
720.70648107 507.08816046
710.08052687 505.25609939
703.85151923 504.15686275
731.69884748 500.12632839
737.56144290 496.09579404
726.93548870 522.11106122
737.56144290 530.17212992
733.16449633 522.11106122
745.98892381 522.84388565
751.48510702 515.51564137
749.65304595 502.69121389
737.19503068 486.56907649
731.33243526 485.83625206
729.50037420 479.60724442
732.43167191 478.14159557
738.66067954 477.04235893
744.52327496 479.97365664
737.92785511 482.53854213
732.79808412 482.17212992
741.59197725 470.08052687
749.28663374 466.78281694
754.78281694 470.44693908
754.78281694 477.77518336
759.91258794 478.50800778
762.47747343 477.77518336
762.11106122 485.46983984
760.27900015 501.59197725
773.10342763 492.43167191
772.37060320 484.00419099
768.34006885 480.34006885
762.93548870 494.72174824
756.34006885 489.40877114
764.21793145 510.66067954
762.20266427 522.38587038
769.34770244 526.78281694
767.33243526 522.01945816
773.74464900 519.45457267
779.05762610 519.63777878
770.26373297 502.41640473
777.22556504 508.27900015
771.72938183 510.47747343
778.32480168 472.00419099
773.19503068 472.73701542
769.71411465 466.32480168
777.22556504 465.04235893
791.51564137 469.80571771
785.65304595 482.44693908
781.43930549 490.14159557
782.17212992 506.63014519
791.14922916 512.67594671
793.34770244 483.72938183
796.64541236 489.04235893
788.03472534 493.98892381
791.14922916 498.56907649
783.45457267 498.93548870
801.40877114 496.37060320
796.46220626 509.19503068
794.26373297 521.10342763
747.82098488 429.40877114
746.72174824 438.93548870
745.25609939 459.82098488
736.09579404 460.92022152
726.20266427 462.38587038
730.87442000 446.53854213
748.64541236 442.69121389
749.19503068 449.10342763
754.69121389 456.43167191
759.27136656 448.73701542
759.82098488 465.95838946
784.37060320 432.06525969
789.86678641 424.18739710
774.11106122 426.20266427
770.81335129 426.38587038
764.21793145 427.66831313
755.42403832 425.10342763
758.53854213 434.63014519
753.22556504 437.56144290
748.46220626 435.17976351
720.98129023 467.05762610
742.41640473 484.46220626
748.64541236 485.37823679
781.62251160 467.60724442
788.58434366 455.88205358
791.33243526 459.54617572
806.53854213 464.67594671
801.77518336 459.91258794
800.85915282 473.83625206
792.43167191 477.13396198
805.98892381 492.52327496
812.03472534 490.32480168
808.73701542 489.40877114
802.32480168 484.09579404
810.20266427 482.08052687
808.37060320 471.27136656
772.27900015 435.17976351
775.75991618 440.12632839
775.75991618 444.88968717
780.15686275 444.52327496
784.37060320 444.88968717
776.49274061 459.36296962
768.43167191 460.27900015
802.87442000 429.50037420
802.50800778 424.92022152
796.64541236 430.59961084
792.06525969 434.63014519
789.86678641 439.75991618
781.80571771 438.47747343
779.42403832 434.99655740
776.30953450 432.79808412
774.66067954 452.21793145
780.70648107 452.03472534
785.65304595 450.75228259
796.64541236 452.03472534
800.12632839 436.46220626
802.14159557 442.32480168
802.50800778 449.10342763
804.70648107 452.95075587
810.38587038 447.45457267
815.33243526 443.60724442
810.38587038 441.59197725
811.30190091 437.19503068
816.24846580 430.78281694
819.91258794 425.65304595
823.75991618 426.38587038
816.06525969 425.10342763
808.92022152 427.48510702
809.10342763 432.79808412
821.19503068 432.61487801
822.84388565 435.91258794
817.53090855 438.84388565
819.72938183 442.32480168
821.74464900 446.17212992
823.57671007 453.13396198
810.75228259 454.23319862
815.33243526 458.26373297
818.26373297 454.23319862
818.26373297 465.40877114
823.75991618 462.29426733
819.72938183 475.48510702
814.78281694 474.38587038
809.10342763 476.95075587
801.77518336 478.96602305
782.17212992 462.84388565
830.63014519 426.47747343
834.66067954 427.94312229
837.95838946 426.11106122
838.32480168 423.54617572
842.35533603 424.64541236
841.25609939 426.47747343
835.39350397 431.97365664
830.99655740 438.20266427
828.06525969 438.93548870
839.42403832 438.20266427
836.12632839 438.20266427
829.89732076 448.46220626
833.56144290 445.16449633
845.28663374 433.80571771
841.62251160 433.07289328
848.95075587 433.07289328
851.14922916 425.37823679
855.91258794 425.37823679
833.92785511 452.85915282
833.56144290 459.45457267
833.92785511 463.85151923
831.36296962 467.88205358
821.46983984 456.88968717
826.23319862 478.50800778
829.16449633 472.27900015
817.07289328 486.20266427
831.72938183 485.10342763
840.52327496 480.70648107
836.85915282 485.83625206
823.66831313 497.92785511
810.47747343 504.88968717
822.20266427 508.55380931
826.96602305 503.42403832
815.97365664 512.58434366
811.21029786 525.04235893
807.54617572 523.21029786
803.88205358 512.58434366
819.27136656 517.34770244
833.92785511 512.95075587
830.26373297 495.36296962
841.98892381 502.69121389
846.75228259 501.22556504
853.71411465 496.82861847
849.31716809 485.83625206
844.18739710 488.03472534
841.98892381 463.85151923
842.35533603 448.46220626
847.85151923 441.50037420
854.44693908 436.37060320
838.32480168 444.43167191
848.95075587 456.88968717
854.81335129 452.85915282
859.94312229 443.33243526
855.17976351 446.99655740
854.44693908 463.85151923
849.68358030 515.51564137
859.57671007 512.58434366
869.46983984 504.15686275
856.27900015 484.73701542
851.14922916 477.04235893
843.45457267 470.08052687
844.92022152 473.74464900
839.79045053 475.21029786
804.61487801 516.24846580
799.11869481 526.87442000
839.05762610 520.27900015
824.03472534 523.21029786
863.24083221 523.21029786
852.61487801 525.77518336
894.38587038 524.67594671
887.79045053 499.39350397
876.79808412 511.85151923
917.83625206 505.98892381
903.91258794 495.72938183
898.04999252 488.40113755
861.04235893 469.71411465
864.70648107 471.54617572
864.34006885 464.58434366
863.97365664 478.14159557
870.20266427 479.60724442
876.43167191 478.87442000
873.13396198 473.01182458
861.40877114 497.19503068
854.44693908 492.06525969
841.25609939 498.29426733
888.15686275 519.17976351
878.63014519 519.17976351
893.28663374 496.82861847
880.82861847 490.23319862
885.95838946 481.43930549
881.56144290 478.87442000
876.06525969 466.04999252
869.83625206 466.41640473
866.53854213 453.59197725
862.50800778 448.09579404
871.30190091 426.84388565
881.56144290 433.07289328
876.43167191 433.07289328
877.89732076 427.94312229
892.55380931 506.35533603
897.31716809 501.95838946
870.93548870 492.06525969
861.40877114 489.13396198
864.34006885 486.93548870
880.18739710 494.17212992
885.50037420 510.84388565
875.97365664 500.58434366
891.54617572 479.14922916
891.17976351 462.29426733
885.86678641 469.25609939
878.90495435 474.93548870
877.80571771 453.50037420
888.43167191 451.66831313
883.85151923 463.02709175
897.95838946 467.42403832
914.08052687 472.00419099
906.01945816 483.91258794
910.96602305 482.63014519
909.13396198 492.52327496
904.37060320 523.66831313
906.38587038 517.43930549
920.85915282 476.76754977
918.66067954 481.34770244
916.82861847 494.53854213
915.36296962 489.04235893
884.58434366 449.46983984
879.82098488 448.37060320
875.05762610 447.45457267
868.64541236 446.17212992
870.29426733 450.75228259
856.00419099 477.13396198
909.13396198 456.43167191
912.98129023 461.56144290
935.88205358 472.73701542
930.75228259 476.76754977
922.69121389 472.55380931
940.64541236 471.27136656
946.14159557 472.18739710
937.89732076 474.93548870
945.40877114 479.69884748
940.82861847 478.96602305
934.04999252 485.56144290
929.28663374 487.39350397
921.59197725 485.37823679
930.01945816 482.63014519
934.04999252 494.17212992
928.00419099 495.08816046
928.92022152 511.21029786
939.17976351 502.04999252
946.87442000 499.85151923
856.37060320 524.40113755
899.79045053 508.27900015
938.44693908 483.54617572
941.19503068 493.07289328
939.54617572 510.84388565
900.52327496 478.41640473
947.05762610 458.99655740
934.78281694 503.69884748
873.95838946 519.82098488
878.35533603 525.86678641
866.63014519 509.92785511
861.13396198 509.01182458
831.08816046 523.11869481
915.54617572 521.28663374
921.77518336 512.85915282
942.29426733 483.17976351
866.20266427 435.36296962
866.38587038 429.86678641
872.06525969 439.39350397
866.01945816 438.66067954
876.82861847 441.95838946
885.62251160 435.91258794
887.82098488 431.88205358
891.66831313 433.34770244
893.50037420 426.01945816
905.59197725 416.12632839
900.09579404 424.00419099
906.14159557 423.45457267
902.84388565 426.38587038
900.09579404 429.31716809
908.15686275 429.50037420
904.49274061 432.06525969
894.96602305 437.92785511
891.48510702 441.95838946
886.35533603 441.77518336
890.56907649 438.11106122
885.80571771 439.94312229
883.60724442 441.95838946
880.30953450 439.21029786
903.94312229 445.25609939
913.83625206 443.42403832
963.11869481 415.21029786
960.92022152 422.17212992
968.61487801 422.17212992
976.12632839 421.62251160
982.53854213 422.17212992
979.79045053 427.30190091
968.24846580 427.66831313
955.79045053 424.18739710
952.30953450 422.72174824
948.09579404 421.25609939
957.80571771 431.14922916
945.16449633 434.08052687
918.78281694 438.11106122
922.26373297 429.86678641
918.04999252 425.28663374
913.28663374 430.78281694
916.58434366 454.04999252
898.63014519 453.13396198
943.69884748 444.88968717
951.02709175 443.97365664
954.69121389 442.32480168
960.18739710 441.77518336
968.61487801 442.14159557
966.78281694 437.37823679
960.73701542 436.82861847
956.15686275 435.91258794
979.05762610 436.09579404
970.99655740 446.53854213
966.59961084 449.46983984
962.56907649 452.76754977
956.15686275 454.41640473
958.35533603 456.79808412
960.55380931 461.92785511
967.69884748 459.17976351
970.99655740 456.06525969
974.11106122 451.11869481
979.97365664 450.75228259
983.82098488 450.20266427
981.43930549 455.33243526
975.94312229 458.81335129
968.98129023 463.75991618
974.11106122 463.02709175
984.18739710 465.77518336
979.97365664 467.79045053
970.26373297 471.27136656
963.11869481 473.28663374
955.97365664 468.34006885
953.95838946 469.98892381
946.44693908 468.34006885
954.87442000 474.01945816
948.34006885 483.17976351
945.77518336 490.32480168
951.63777878 490.69121389
943.21029786 488.85915282
957.13396198 478.96602305
954.75228259 480.24846580
949.98892381 478.96602305
958.41640473 488.30953450
957.13396198 484.82861847
951.45457267 497.83625206
968.67594671 475.66831313
971.97365664 475.11869481
975.45457267 474.38587038
980.76754977 479.14922916
973.25609939 487.02709175
964.82861847 491.42403832
984.79808412 472.73701542
991.75991618 465.77518336
989.37823679 472.92022152
989.01182458 476.76754977
1008.61487801 464.85915282
996.15686275 474.01945816
997.62251160 465.77518336
993.59197725 458.99655740
981.68358030 460.64541236
988.82861847 454.23319862
987.72938183 458.08052687
999.45457267 451.11869481
995.60724442 447.08816046
997.98892381 441.95838946
987.72938183 443.97365664
989.56144290 438.84388565
985.89732076 432.61487801
977.28663374 444.70648107
973.80571771 436.46220626
971.97365664 426.75228259
988.09579404 421.07289328
992.85915282 424.55380931
1006.96602305 422.53854213
995.42403832 421.25609939
1002.56907649 428.58434366
1002.75228259 436.27900015
1014.47747343 430.04999252
1021.80571771 428.76754977
1018.50800778 454.23319862
1012.27900015 453.31716809
1005.13396198 457.16449633
1014.11106122 421.43930549
1006.41640473 434.44693908
1016.85915282 450.38587038
1012.46220626 450.93548870
1008.06525969 448.00419099
1005.86678641 454.78281694
998.72174824 459.36296962
1020.15686275 465.04235893
1021.07289328 423.45457267
1015.94312229 441.95838946
1015.57671007 436.64541236
1006.23319862 439.39350397
524.98129023 380.12632839
538.17212992 395.51564137
555.75991618 402.11106122
508.85915282 416.03472534
494.20266427 374.99655740
17.62251160 627.82098488
52.79808412 627.08816046
66.72174824 608.03472534
22.01945816 702.56907649
71.85151923 674.72174824
90.90495435 647.60724442
114.35533603 630.01945816
74.04999252 712.09579404
39.60724442 753.86678641
141.46983984 726.75228259
102.63014519 726.01945816
143.66831313 671.05762610
171.51564137 661.53090855
191.30190091 668.12632839
153.92785511 613.89732076
132.67594671 611.69884748
86.50800778 616.82861847
241.13396198 647.60724442
208.88968717 627.08816046
197.89732076 632.21793145
257.98892381 687.17976351
306.35533603 652.73701542
297.56144290 618.29426733
318.08052687 622.69121389
347.39350397 723.82098488
373.77518336 656.40113755
362.78281694 643.94312229
345.92785511 640.27900015
356.92022152 622.69121389
343.72938183 619.02709175
268.24846580 628.55380931
260.92022152 615.36296962
216.95075587 713.56144290
445.59197725 652.73701542
404.55380931 641.01182458
391.36296962 629.28663374
383.30190091 622.69121389
393.56144290 654.20266427
366.44693908 684.24846580
524.98129023 620.49274061
480.27900015 627.08816046
474.41640473 614.63014519
503.72938183 628.55380931
494.20266427 628.55380931
563.08816046 625.62251160
585.07289328 624.15686275
575.54617572 624.15686275
598.26373297 621.95838946
605.59197725 637.34770244
585.07289328 659.33243526
577.74464900 684.98129023
653.22556504 650.53854213
627.57671007 713.56144290
682.53854213 638.08052687
662.75228259 616.82861847
653.95838946 618.29426733
640.76754977 611.69884748
623.91258794 619.75991618
624.64541236 606.56907649
701.59197725 597.04235893
725.77518336 619.75991618
776.34006885 615.36296962
752.15686275 655.66831313
827.63777878 650.53854213
831.30190091 677.65304595
862.81335129 611.69884748
832.03472534 618.29426733
824.70648107 624.15686275
799.79045053 639.54617572
795.39350397 627.08816046
597.89732076 688.27900015
965.77518336 638.44693908
166.99655740 628.18739710
