41.43181818 652.64772727
32.60930736 631.69426407
33.71212121 616.25487013
23.78679654 590.89015152
44.74025974 589.78733766
84.44155844 583.17045455
124.14285714 578.75919913
112.01190476 614.04924242
71.20779221 617.35768398
76.72186147 638.31114719
73.41341991 652.64772727
117.52597403 637.20833333
128.55411255 653.75054113
151.71320346 614.04924242
160.53571429 668.08712121
194.72294372 662.57305195
204.64826840 625.07738095
214.57359307 614.04924242
181.48917749 583.17045455
222.29329004 577.65638528
189.20887446 560.01136364
169.35822511 531.33820346
183.69480519 513.69318182
156.12445887 492.73971861
151.71320346 449.72997835
142.89069264 508.17911255
143.99350649 539.05790043
112.01190476 523.61850649
99.88095238 543.46915584
91.05844156 508.17911255
82.23593074 520.31006494
56.87121212 513.69318182
72.31060606 466.27218615
66.79653680 451.93560606
71.20779221 436.49621212
9.45021645 326.21482684
27.09523810 339.44859307
10.55303030 339.44859307
21.58116883 357.09361472
34.81493506 367.01893939
46.94588745 359.29924242
72.31060606 369.22456710
60.17965368 369.22456710
48.04870130 376.94426407
45.84307359 370.32738095
113.11471861 438.70183983
134.06818182 442.01028139
139.58225108 426.57088745
130.75974026 416.64556277
119.73160173 403.41179654
104.29220779 400.10335498
118.62878788 387.97240260
108.70346320 390.17803030
102.08658009 374.73863636
92.16125541 382.45833333
91.05844156 363.71049784
91.05844156 390.17803030
86.64718615 401.20616883
63.48809524 382.45833333
64.59090909 390.17803030
71.20779221 407.82305195
38.12337662 384.66396104
53.56277056 423.26244589
24.88961039 413.33712121
12.75865801 418.85119048
23.78679654 397.89772727
19.37554113 333.93452381
30.40367965 354.88798701
21.58116883 370.32738095
28.19805195 382.45833333
40.32900433 421.05681818
10.55303030 407.82305195
76.72186147 384.66396104
125.24567100 371.43019481
134.06818182 374.73863636
159.43290043 382.45833333
164.94696970 390.17803030
142.89069264 390.17803030
156.12445887 397.89772727
131.86255411 402.30898268
143.99350649 407.82305195
156.12445887 413.33712121
163.84415584 405.61742424
175.97510823 407.82305195
196.92857143 397.89772727
206.85389610 425.46807359
203.54545455 415.54274892
190.31168831 436.49621212
185.90043290 425.46807359
170.46103896 425.46807359
161.63852814 442.01028139
151.71320346 418.85119048
99.88095238 421.05681818
75.61904762 428.77651515
85.54437229 418.85119048
86.64718615 438.70183983
46.94588745 430.98214286
37.02056277 428.77651515
23.78679654 434.29058442
11.65584416 454.14123377
45.84307359 444.21590909
50.25432900 469.58062771
29.30086580 486.12283550
48.04870130 492.73971861
40.32900433 525.82413420
12.75865801 539.05790043
17.16991342 548.98322511
14.96428571 562.21699134
57.97402597 560.01136364
84.44155844 554.49729437
120.83441558 560.01136364
123.04004329 470.68344156
121.93722944 458.55248918
201.33982684 458.55248918
180.38636364 455.24404762
187.00324675 446.42153680
169.35822511 454.14123377
235.52705628 428.77651515
228.91017316 446.42153680
249.86363636 438.70183983
264.20021645 455.24404762
241.04112554 471.78625541
212.36796537 473.99188312
205.75108225 493.84253247
232.21861472 505.97348485
253.17207792 487.22564935
268.61147186 500.45941558
287.35930736 458.55248918
279.63961039 475.09469697
303.90151515 464.06655844
312.72402597 473.99188312
325.95779221 510.38474026
333.67748918 500.45941558
354.63095238 454.14123377
364.55627706 508.17911255
384.40692641 500.45941558
341.39718615 515.89880952
330.36904762 485.02002165
297.28463203 504.87067100
296.18181818 539.05790043
284.05086580 563.31980519
258.68614719 571.03950216
267.50865801 601.91829004
289.56493506 621.76893939
312.72402597 647.13365801
314.92965368 614.04924242
354.63095238 621.76893939
354.63095238 589.78733766
305.00432900 582.06764069
316.03246753 552.29166667
357.93939394 548.98322511
361.24783550 525.82413420
388.81818182 523.61850649
389.92099567 515.89880952
395.43506494 541.26352814
376.68722944 566.62824675
374.48160173 586.47889610
388.81818182 603.02110390
418.59415584 614.04924242
420.79978355 654.85335498
420.79978355 635.00270563
405.36038961 569.93668831
427.41666667 555.60010823
416.38852814 531.33820346
413.08008658 498.25378788
424.10822511 461.86093074
432.93073593 487.22564935
439.54761905 448.62716450
451.67857143 477.30032468
446.16450216 528.02976190
473.73484848 569.93668831
466.01515152 561.11417749
472.63203463 541.26352814
442.85606061 584.27326840
468.22077922 603.02110390
461.60389610 623.97456710
488.07142857 654.85335498
493.58549784 617.35768398
493.58549784 582.06764069
506.81926407 560.01136364
491.37987013 525.82413420
471.52922078 500.45941558
510.12770563 480.60876623
537.69805195 496.04816017
517.84740260 523.61850649
555.34307359 493.84253247
578.50216450 504.87067100
592.83874459 539.05790043
574.09090909 572.14231602
544.31493506 556.70292208
536.59523810 577.65638528
527.77272727 589.78733766
517.84740260 612.94642857
535.49242424 622.87175325
566.37121212 610.74080087
592.83874459 595.30140693
596.14718615 658.16179654
625.92316017 556.70292208
663.41883117 536.85227273
646.87662338 492.73971861
662.31601732 492.73971861
639.15692641 454.14123377
600.55844156 464.06655844
649.08225108 621.76893939
682.16666667 621.76893939
629.23160173 665.88149351
696.50324675 670.29274892
602.76406926 626.18019481
367.86471861 610.74080087
243.24675325 605.22673160
727.38203463 664.77867965
724.07359307 644.92803030
738.41017316 621.76893939
728.48484848 597.50703463
775.90584416 560.01136364
795.75649351 622.87175325
778.11147186 661.47023810
836.56060606 629.48863636
920.37445887 621.76893939
985.44047619 629.48863636
979.92640693 599.71266234
1001.98268398 614.04924242
1015.21645022 631.69426407
951.25324675 579.86201299
920.37445887 578.75919913
918.16883117 600.81547619
876.26190476 590.89015152
852.00000000 566.62824675
822.22402597 578.75919913
796.85930736 562.21699134
717.45670996 515.89880952
743.92424242 528.02976190
740.61580087 508.17911255
749.43831169 493.84253247
718.55952381 492.73971861
697.60606061 490.53409091
690.98917749 477.30032468
709.73701299 471.78625541
697.60606061 465.16937229
686.57792208 461.86093074
662.31601732 442.01028139
665.62445887 469.58062771
678.85822511 436.49621212
706.42857143 428.77651515
743.92424242 421.05681818
725.17640693 438.70183983
722.97077922 451.93560606
722.97077922 475.09469697
739.51298701 479.50595238
740.61580087 465.16937229
750.54112554 462.96374459
740.61580087 450.83279221
754.95238095 456.34686147
805.68181818 536.85227273
790.24242424 515.89880952
782.52272727 500.45941558
760.46645022 494.94534632
797.96212121 492.73971861
811.19588745 503.76785714
827.73809524 503.76785714
837.66341991 535.74945887
869.64502165 546.77759740
861.92532468 525.82413420
850.89718615 505.97348485
892.80411255 523.61850649
888.39285714 504.87067100
867.43939394 487.22564935
907.14069264 498.25378788
956.76731602 541.26352814
993.16017316 554.49729437
997.57142857 535.74945887
981.02922078 529.13257576
954.56168831 528.02976190
954.56168831 518.10443723
975.51515152 508.17911255
960.07575758 489.43127706
945.73917749 481.71158009
1009.70238095 488.32846320
1001.98268398 503.76785714
972.20670996 467.37500000
949.04761905 461.86093074
943.53354978 449.72997835
913.75757576 464.06655844
903.83225108 470.68344156
909.34632035 444.21590909
924.78571429 439.80465368
929.19696970 428.77651515
971.10389610 424.36525974
964.48701299 434.29058442
985.44047619 434.29058442
986.54329004 446.42153680
874.05627706 454.14123377
886.18722944 436.49621212
901.62662338 423.26244589
879.57034632 413.33712121
793.55086580 454.14123377
811.19588745 473.99188312
771.49458874 450.83279221
772.59740260 461.86093074
788.03679654 475.09469697
775.90584416 439.80465368
770.39177489 428.77651515
785.83116883 426.57088745
777.00865801 415.54274892
807.88744589 407.82305195
808.99025974 428.77651515
804.57900433 440.90746753
867.43939394 470.68344156
836.56060606 481.71158009
837.66341991 467.37500000
833.25216450 450.83279221
833.25216450 433.18777056
850.89718615 421.05681818
866.33658009 418.85119048
895.00974026 405.61742424
797.96212121 387.97240260
835.45779221 401.20616883
820.01839827 385.76677489
854.20562771 413.33712121
852.00000000 405.61742424
861.92532468 392.38365801
872.95346320 390.17803030
941.32792208 405.61742424
954.56168831 418.85119048
998.67424242 415.54274892
999.77705628 405.61742424
987.64610390 408.92586580
974.41233766 400.10335498
958.97294372 401.20616883
1011.90800866 390.17803030
997.57142857 387.97240260
978.82359307 374.73863636
967.79545455 385.76677489
961.17857143 382.45833333
945.73917749 382.45833333
924.78571429 407.82305195
928.09415584 392.38365801
929.19696970 374.73863636
915.96320346 369.22456710
903.83225108 362.60768398
906.03787879 378.04707792
893.90692641 371.43019481
861.92532468 376.94426407
838.76623377 379.14989177
863.02813853 367.01893939
875.15909091 376.94426407
996.46861472 359.29924242
1013.01082251 382.45833333
1016.31926407 340.55140693
1007.49675325 336.14015152
990.95454545 336.14015152
997.57142857 322.90638528
1010.80519481 265.56006494
1013.01082251 235.78409091
1006.39393939 231.37283550
1014.11363636 189.46590909
997.57142857 277.69101732
1003.08549784 293.13041126
1013.01082251 300.85010823
988.74891775 296.43885281
982.13203463 310.77543290
995.36580087 312.98106061
1010.80519481 320.70075758
972.20670996 320.70075758
981.02922078 322.90638528
962.28138528 289.82196970
964.48701299 251.22348485
968.89826840 305.26136364
967.79545455 346.06547619
938.01948052 308.56980519
946.84199134 301.95292208
947.94480519 282.10227273
944.63636364 243.50378788
922.58008658 254.53192641
938.01948052 257.84036797
944.63636364 274.38257576
929.19696970 266.66287879
923.68290043 267.76569264
917.06601732 278.79383117
922.58008658 285.41071429
949.04761905 336.14015152
953.45887446 325.11201299
945.73917749 346.06547619
971.10389610 357.09361472
954.56168831 369.22456710
934.71103896 357.09361472
939.12229437 332.83170996
925.88852814 318.49512987
909.34632035 300.85010823
929.19696970 293.13041126
901.62662338 271.07413420
897.21536797 280.99945887
895.00974026 286.51352814
893.90692641 297.54166667
891.70129870 307.46699134
913.75757576 317.39231602
891.70129870 322.90638528
918.16883117 336.14015152
915.96320346 347.16829004
901.62662338 341.65422078
896.11255411 343.85984848
896.11255411 353.78517316
885.08441558 351.57954545
887.29004329 359.29924242
867.43939394 354.88798701
925.88852814 182.84902597
934.71103896 180.64339827
943.53354978 197.18560606
960.07575758 188.36309524
907.14069264 188.36309524
901.62662338 186.15746753
892.80411255 186.15746753
900.52380952 229.16720779
888.39285714 243.50378788
887.29004329 262.25162338
875.15909091 269.97132035
867.43939394 280.99945887
865.23376623 293.13041126
871.85064935 307.46699134
877.36471861 301.95292208
363.45346320 201.32115801
408.11742424 200.76975108
424.10822511 200.21834416
444.51028139 206.28382035
458.84686147 206.28382035
393.78084416 204.07819264
379.99567100 202.97537879
324.85497835 198.56412338
349.66829004 218.96617965
400.94913420 234.40557359
436.23917749 218.41477273
446.71590909 226.68587662
467.11796537 221.72321429
492.48268398 198.56412338
517.29599567 192.49864719
527.77272727 189.74161255
555.34307359 184.77895022
564.71699134 183.67613636
572.98809524 183.67613636
601.66125541 192.49864719
654.59632035 216.76055195
720.76515152 214.00351732
727.38203463 204.07819264
743.92424242 217.86336580
748.88690476 233.30275974
728.48484848 221.72321429
763.77489177 217.86336580
765.42911255 233.30275974
756.05519481 252.60200216
764.32629870 260.32169913
709.18560606 242.67667749
721.31655844 254.80762987
713.59686147 258.11607143
743.37283550 268.59280303
736.75595238 261.42451299
748.88690476 260.32169913
742.27002165 253.70481602
763.22348485 278.51812771
756.05519481 285.13501082
755.50378788 271.90124459
748.33549784 275.76109307
726.27922078 273.00405844
726.83062771 268.04139610
731.79329004 264.18154762
708.63419913 265.28436147
705.32575758 251.49918831
694.84902597 261.42451299
692.09199134 255.35903680
684.92370130 251.49918831
670.58712121 216.76055195
643.56818182 227.23728355
632.54004329 224.48024892
618.20346320 227.78869048
618.20346320 202.97537879
668.38149351 194.70427489
644.67099567 199.11553030
606.07251082 205.18100649
625.92316017 200.76975108
590.63311688 208.48944805
583.46482684 208.48944805
559.75432900 202.97537879
567.47402597 219.51758658
572.43668831 210.14366883
555.89448052 210.14366883
537.14664502 215.65773810
535.49242424 207.93804113
526.66991342 212.90070346
520.05303030 220.06899351
520.05303030 223.92884199
511.23051948 214.00351732
506.81926407 214.00351732
497.44534632 216.20914502
488.62283550 216.20914502
510.12770563 227.78869048
512.33333333 221.72321429
518.95021645 236.05979437
528.32413420 237.16260823
539.35227273 229.44291126
538.80086580 225.58306277
554.79166667 225.58306277
548.17478355 229.44291126
547.07196970 238.81682900
569.67965368 229.99431818
576.29653680 237.71401515
586.22186147 238.81682900
596.69859307 224.48024892
609.93235931 217.86336580
638.05411255 249.29356061
623.16612554 249.29356061
617.10064935 256.46185065
608.82954545 248.74215368
630.88582251 256.46185065
645.22240260 255.35903680
676.65259740 238.26542208
662.31601732 262.52732684
670.03571429 264.73295455
689.88636364 270.79843074
679.96103896 256.46185065
675.54978355 249.84496753
640.25974026 241.02245671
595.59577922 245.98511905
568.57683983 248.74215368
568.57683983 243.77949134
566.37121212 235.50838745
553.13744589 252.60200216
558.10010823 244.88230519
547.07196970 247.08793290
540.45508658 239.91964286
534.38961039 244.88230519
529.42694805 243.22808442
520.60443723 243.77949134
512.33333333 241.57386364
508.47348485 249.29356061
505.16504329 243.22808442
507.37067100 233.30275974
488.07142857 225.58306277
495.23971861 236.05979437
496.34253247 226.68587662
484.21158009 238.26542208
484.21158009 230.54572511
475.38906926 235.50838745
465.46374459 237.71401515
463.80952381 231.64853896
453.33279221 237.71401515
453.88419913 222.82602814
416.93993506 229.44291126
427.96807359 239.91964286
472.63203463 245.43371212
487.52002165 250.39637446
499.09956710 250.94778139
511.23051948 257.01325758
526.66991342 257.01325758
540.45508658 256.46185065
548.72619048 253.15340909
537.69805195 249.29356061
527.22132035 248.74215368
522.25865801 250.94778139
546.52056277 262.52732684
561.95995671 258.11607143
575.74512987 258.66747835
590.63311688 251.49918831
608.27813853 226.13446970
639.70833333 264.73295455
665.07305195 276.86390693
652.39069264 273.55546537
678.85822511 275.76109307
703.67153680 280.72375541
724.62500000 281.82656926
715.25108225 280.72375541
719.11093074 271.90124459
736.75595238 279.62094156
663.41883117 288.44345238
675.54978355 284.58360390
647.97943723 287.34063853
643.01677489 277.41531385
630.88582251 284.58360390
614.34361472 273.00405844
608.82954545 268.04139610
624.82034632 272.45265152
621.51190476 277.41531385
616.54924242 287.34063853
604.41829004 280.17234848
600.00703463 270.24702381
593.39015152 273.55546537
586.22186147 265.83576840
577.39935065 272.45265152
566.92261905 266.38717532
558.10010823 276.86390693
558.10010823 265.83576840
536.59523810 264.73295455
518.39880952 262.52732684
489.17424242 260.32169913
502.40800866 260.32169913
508.47348485 270.24702381
496.89393939 266.93858225
517.84740260 268.04139610
524.46428571 276.31250000
536.04383117 280.17234848
543.21212121 281.82656926
552.03463203 287.34063853
572.98809524 295.06033550
596.69859307 284.03219697
585.67045455 281.82656926
602.21266234 291.20048701
586.77326840 292.30330087
591.73593074 300.02299784
608.27813853 297.26596320
625.37175325 297.26596320
620.40909091 289.54626623
635.84848485 296.16314935
651.28787879 297.26596320
671.68993506 297.26596320
698.15746753 293.40611472
688.78354978 289.54626623
713.59686147 296.16314935
747.78409091 287.89204545
752.19534632 295.06033550
746.68127706 309.39691558
758.81222944 308.84550866
764.87770563 299.47159091
734.55032468 312.70535714
730.13906926 307.74269481
725.72781385 303.33143939
705.87716450 304.98566017
705.87716450 312.70535714
698.70887446 319.32224026
688.78354978 312.70535714
679.96103896 305.53706710
680.51244589 311.05113636
677.75541126 318.77083333
668.93290043 312.70535714
660.11038961 307.19128788
651.83928571 308.84550866
651.28787879 315.46239177
644.11958874 304.98566017
638.05411255 304.98566017
636.39989177 311.60254329
626.47456710 308.84550866
612.68939394 307.19128788
588.97889610 311.05113636
598.35281385 307.74269481
607.72673160 314.91098485
624.26893939 322.63068182
614.89502165 317.11661255
634.19426407 328.69615801
649.08225108 324.83630952
662.31601732 325.38771645
670.03571429 329.24756494
678.85822511 331.45319264
688.78354978 335.31304113
704.77435065 328.14475108
722.97077922 330.35037879
715.80248918 303.88284632
740.61580087 320.42505411
748.88690476 323.73349567
761.56926407 325.38771645
761.01785714 339.17288961
754.40097403 335.31304113
742.27002165 340.27570346
735.65313853 329.24756494
746.12987013 331.45319264
762.67207792 350.75243506
753.29816017 345.78977273
758.81222944 367.29464286
746.12987013 361.22916667
716.90530303 345.78977273
711.39123377 346.89258658
706.97997835 355.71509740
703.12012987 347.44399351
696.50324675 339.17288961
688.23214286 347.99540043
684.37229437 358.47213203
706.97997835 362.88338745
722.97077922 370.60308442
731.24188312 354.61228355
745.02705628 389.35091991
741.71861472 371.70589827
761.01785714 403.13609307
727.38203463 389.90232684
670.58712121 363.98620130
667.83008658 343.58414502
655.69913420 331.45319264
649.08225108 340.82711039
640.25974026 357.36931818
632.54004329 343.58414502
624.82034632 339.17288961
611.03517316 328.69615801
606.62391775 324.83630952
585.11904762 328.69615801
581.25919913 320.42505411
569.67965368 318.21942641
572.98809524 311.60254329
555.34307359 320.42505411
543.76352814 389.90232684
525.01569264 392.10795455
531.08116883 377.77137446
542.10930736 359.57494589
522.25865801 352.40665584
519.50162338 366.74323593
510.67911255 373.91152597
509.57629870 382.73403680
499.09956710 381.63122294
495.79112554 388.24810606
505.16504329 425.19237013
425.21103896 397.89772727
418.59415584 384.66396104
478.14610390 395.69209957
316.03246753 370.05167749
336.43452381 352.40665584
295.63041126 348.54680736
319.34090909 328.14475108
324.85497835 312.70535714
329.26623377 299.47159091
338.64015152 297.81737013
347.46266234 295.61174242
351.87391775 291.75189394
341.94859307 309.39691558
332.57467532 322.63068182
339.74296537 322.63068182
427.41666667 313.25676407
404.25757576 270.79843074
409.77164502 289.54626623
407.56601732 280.72375541
419.14556277 275.76109307
426.86525974 281.27516234
454.43560606 306.63988095
446.16450216 299.47159091
436.23917749 288.44345238
434.03354978 275.76109307
435.13636364 265.83576840
444.51028139 272.45265152
459.94967532 270.24702381
454.43560606 277.41531385
442.85606061 284.58360390
458.84686147 291.20048701
465.46374459 305.53706710
486.41720779 306.63988095
477.59469697 311.05113636
462.15530303 326.49053030
450.57575758 367.29464286
470.42640693 366.19182900
475.94047619 376.66856061
492.48268398 375.01433983
495.23971861 358.47213203
510.67911255 401.48187229
452.78138528 386.04247835
426.86525974 372.80871212
390.47240260 368.94886364
359.04220779 366.19182900
371.72456710 358.47213203
295.63041126 330.35037879
282.39664502 327.59334416
289.56493506 315.46239177
272.47132035 313.25676407
262.54599567 326.49053030
276.88257576 301.12581169
277.98538961 306.63988095
289.01352814 301.67721861
297.83603896 297.26596320
309.41558442 303.33143939
302.79870130 319.32224026
314.37824675 314.91098485
319.89231602 297.26596320
332.02326840 286.23782468
335.88311688 282.37797619
345.80844156 280.17234848
354.63095238 266.38717532
354.63095238 279.62094156
368.41612554 291.20048701
362.35064935 278.51812771
362.90205628 286.23782468
380.54707792 284.03219697
366.21049784 269.14420996
329.81764069 274.65827922
321.54653680 279.62094156
309.41558442 274.65827922
391.02380952 277.41531385
374.48160173 268.04139610
383.85551948 252.60200216
378.89285714 258.11607143
414.18290043 260.32169913
428.51948052 259.21888528
426.31385281 252.60200216
461.05248918 260.32169913
451.12716450 260.32169913
471.52922078 260.32169913
473.73484848 272.45265152
484.21158009 275.76109307
484.21158009 287.89204545
470.42640693 297.26596320
475.94047619 287.89204545
469.32359307 284.58360390
463.80952381 279.62094156
495.79112554 303.33143939
496.89393939 292.30330087
496.89393939 284.03219697
493.03409091 276.31250000
484.76298701 295.61174242
525.56709957 318.77083333
537.69805195 320.42505411
521.15584416 307.19128788
515.64177489 301.67721861
505.71645022 297.26596320
518.95021645 291.20048701
510.67911255 283.48079004
520.60443723 281.82656926
529.97835498 293.95752165
537.14664502 291.20048701
549.27759740 303.33143939
538.24945887 307.74269481
526.11850649 301.12581169
559.75432900 301.67721861
467.11796537 251.49918831
459.39826840 247.63933983
444.51028139 253.15340909
443.40746753 246.53652597
436.23917749 243.77949134
436.23917749 235.50838745
413.08008658 250.39637446
404.25757576 258.11607143
403.70616883 249.84496753
400.39772727 242.67667749
396.53787879 250.94778139
391.02380952 256.46185065
402.60335498 377.77137446
418.59415584 358.47213203
402.60335498 362.33198052
392.67803030 353.50946970
268.61147186 301.12581169
281.84523810 291.20048701
274.67694805 280.17234848
264.75162338 283.48079004
286.80790043 264.18154762
286.80790043 278.51812771
300.04166667 282.37797619
291.21915584 291.20048701
302.79870130 264.18154762
307.76136364 260.32169913
321.54653680 261.42451299
317.13528139 252.60200216
333.67748918 252.60200216
327.06060606 253.15340909
343.60281385 250.39637446
354.07954545 252.60200216
362.35064935 251.49918831
358.49080087 239.36823593
368.96753247 231.09713203
367.31331169 224.48024892
355.73376623 230.54572511
340.84577922 224.48024892
298.93885281 193.05005411
282.94805195 188.63879870
272.47132035 188.63879870
261.44318182 184.77895022
305.55573593 204.62959957
318.78950216 200.76975108
302.79870130 212.90070346
318.23809524 218.41477273
293.97619048 229.99431818
276.33116883 223.37743506
257.03192641 220.62040043
260.34036797 239.36823593
278.53679654 241.02245671
287.91071429 238.81682900
311.06980519 226.68587662
319.89231602 231.09713203
345.25703463 234.95698052
324.30357143 241.02245671
332.57467532 236.05979437
304.45292208 237.16260823
416.93993506 265.83576840
293.97619048 246.81222944
301.69588745 247.91504329
269.71428571 242.40097403
261.99458874 231.37283550
232.21861472 222.55032468
237.73268398 219.24188312
225.60173160 204.90530303
216.77922078 192.77435065
92.16125541 72.56764069
85.54437229 68.15638528
88.85281385 73.67045455
83.33874459 69.25919913
78.92748918 72.56764069
73.41341991 72.56764069
67.89935065 72.56764069
62.38528139 72.56764069
59.07683983 73.67045455
54.66558442 72.56764069
44.74025974 72.56764069
41.43181818 68.15638528
38.12337662 75.87608225
30.40367965 72.56764069
23.78679654 72.56764069
30.40367965 115.57738095
24.88961039 112.26893939
19.37554113 113.37175325
11.65584416 108.96049784
169.35822511 144.25054113
152.81601732 147.55898268
141.78787879 146.45616883
132.96536797 146.45616883
120.83441558 147.55898268
113.11471861 147.55898268
103.18939394 151.97023810
97.67532468 149.76461039
88.85281385 149.76461039
78.92748918 151.97023810
73.41341991 161.89556277
62.38528139 153.07305195
56.87121212 153.07305195
52.45995671 160.79274892
48.04870130 167.40963203
31.50649351 166.30681818
29.30086580 162.99837662
22.68398268 165.20400433
6.14177489 161.89556277
51.35714286 177.33495671
42.53463203 190.56872294
37.02056277 177.33495671
84.44155844 181.74621212
118.62878788 180.64339827
129.65692641 181.74621212
37.02056277 198.28841991
73.41341991 201.59686147
67.89935065 186.15746753
53.56277056 190.56872294
87.75000000 211.52218615
107.60064935 204.90530303
120.83441558 217.03625541
99.88095238 219.24188312
93.26406926 200.49404762
110.90909091 182.84902597
143.99350649 188.36309524
126.34848485 192.77435065
129.65692641 201.59686147
140.68506494 203.80248918
167.15259740 196.08279221
177.07792208 193.87716450
195.82575758 193.87716450
207.95670996 189.46590909
244.34956710 182.84902597
162.74134199 211.52218615
147.30194805 221.44751082
128.55411255 223.65313853
145.09632035 246.81222944
135.17099567 242.40097403
127.45129870 236.88690476
113.11471861 235.78409091
175.97510823 224.75595238
167.15259740 226.96158009
191.08406314 213.63187990
216.87126971 217.55602003
222.47718419 234.37376345
207.90180656 232.13139766
198.37175196 247.82795818
232.56783024 246.14618384
237.05256181 238.29790358
82.08414696 288.28213700
110.57216911 270.42397386
42.96626581 280.20344415
62.95040074 274.67591746
138.63499689 282.32941595
173.50093444 273.40033438
164.99704724 258.94372613
179.87884985 251.71542200
178.17807241 214.29831829
131.40669277 209.62118032
152.66641079 251.71542200
196.03623555 225.35337166
189.23312578 224.92817730
189.23312578 236.83361939
230.05178438 213.02273521
218.99673101 226.62895474
250.88630804 240.66036863
241.10683775 247.46347840
214.31959304 245.76270096
208.36687200 258.51853177
199.01259607 263.62086409
186.68195962 268.29800206
190.08351450 282.32941595
204.96531711 276.37669491
203.26453967 272.54994566
212.19362124 269.57358514
219.84711973 263.62086409
225.37464641 250.01464456
238.55567158 252.56581072
248.33514187 251.71542200
254.28786292 250.01464456
257.68941780 253.84139380
263.21694449 247.88867276
315.94104517 238.53439683
340.17712372 239.80997991
352.93295453 245.76270096
365.68878534 240.66036863
380.99578231 238.10920247
387.79889208 238.95959119
382.69655976 220.67623369
392.47603004 230.88089834
370.36592330 255.54217125
345.27945604 264.47125281
339.32673500 266.59722462
349.10620529 257.66814305
308.28754669 249.58945020
297.23249332 255.96736561
281.07510762 248.73906148
274.69719222 256.81775433
267.89408245 251.71542200
247.05955879 262.34528101
256.83902908 263.62086409
264.49252757 264.47125281
275.54758094 265.74683590
296.38210460 271.27436258
381.84617103 267.44761334
370.79111766 280.20344415
249.61072495 326.12443507
237.28008850 332.07715612
220.27231409 316.77015914
196.46142991 311.24263246
204.54012275 312.94340990
175.62690625 304.43952269
153.94199387 312.94340990
165.84743596 295.93563548
156.91835439 288.28213700
154.79238259 279.35305543
153.51679951 271.69955694
128.85552660 275.52630618
183.28040473 270.42397386
236.42969978 269.57358514
226.65022949 258.51853177
237.70528286 288.28213700
221.54789717 291.68369188
216.44556484 283.60499903
204.11492839 295.51044112
218.57153665 302.31355089
229.20139566 311.24263246
230.05178438 315.91977042
227.07542385 298.06160728
230.05178438 291.68369188
243.23280955 300.18757909
247.48475315 287.43174828
257.26422344 289.98291444
252.58708548 303.16393961
257.68941780 312.09302118
262.36655577 295.51044112
284.05146815 284.03019339
264.91772193 256.81775433
136.93421945 264.47125281
122.47761120 243.63672916
333.79920831 216.42429009
335.07479139 226.20376038
327.84648727 227.05414910
286.17743995 210.04637468
203.26453967 253.41619944
234.42424242 192.77435065
773.12177113 185.75989958
795.06203767 186.96540873
805.18831453 187.92981605
876.79555806 189.37642703
869.32140132 189.13532520
827.61078473 256.16163396
820.85993348 233.25696010
805.42941636 271.83325291
797.95525963 250.13408821
787.82898277 262.43028154
791.44551022 255.67943030
777.70270590 283.16503892
794.09763035 280.99512245
801.57178708 298.35445422
790.24000107 306.06971278
772.63956747 304.38199997
787.82898277 294.01462127
767.09422538 285.81715905
771.67516015 272.07435474
802.77729623 288.71038101
809.04594381 293.29131578
814.35018407 301.72987984
810.49255479 313.06166585
825.19976643 307.27522193
833.63833048 311.85615670
832.19171950 301.72987984
847.62223662 301.00657435
851.96206956 293.29131578
864.74046655 301.72987984
864.01716106 264.11799435
872.45572512 253.26841200
848.10444028 267.25231814
851.72096773 257.36714311
836.04934878 271.35104925
817.24340603 273.76206755
825.19976643 283.64724258
817.48450786 259.53705958
789.75779741 221.68407226
844.02768350 257.85445012
880.89369731 288.72973669
916.83806078 294.72046394
949.09582287 294.25963876
968.91130530 273.98333117
1001.62989256 277.20910737
972.13708151 193.33892594
881.35452248 313.61429602
849.09676040 286.42561083
836.65448073 281.35653393
731.12551618 293.33798842
691.49455133 298.86789049
695.64197788 308.54521912
724.21313859 245.87299563
718.22241135 335.27307914
625.13572646 237.57814252
654.62853751 247.25547115
663.38421579 253.70702357
673.06154442 258.77610047
818.91558442 193.87716450
831.04653680 188.36309524
840.97186147 188.36309524
855.30844156 185.05465368
780.28237672 392.14915027
772.54692736 382.82694207
769.96844424 360.21562857
784.24927382 368.14942278
796.34830999 376.08321699
797.93506884 368.34776764
820.14969263 372.90969931
822.52983089 365.96762937
831.05865966 362.99245654
818.36458893 360.01728372
829.67024568 353.07521378
828.48017655 340.57948790
816.77783009 336.21590108
819.15796835 332.24900398
804.87713877 337.60431507
795.35658572 331.65396941
785.63768781 325.10858919
778.89396273 320.74500237
769.77009939 314.19962215
905.04129068 420.11577486
901.47108328 396.90942679
912.57839518 394.13259882
886.19852943 397.30611651
871.91769985 336.41424594
856.05011143 335.22417681
852.08321432 346.33148870
849.30638635 339.38941877
840.38086786 344.14969529
846.72790323 358.43052487
848.11631722 396.71108194
816.57948523 395.91770252
801.30693137 399.68625477
840.18252301 322.72845093
934.39632926 333.43907311
817.37286465 324.11686491
805.47217334 350.29838581
787.02610180 356.24873147
797.93506884 358.03383516
786.43106723 345.73645414
774.33203106 337.00928050
758.87079587 196.78321678
751.70995671 199.85214785
758.87079587 207.01298701
765.00865801 203.94405594
765.00865801 197.80619381
774.21545122 201.89810190
774.21545122 197.80619381
784.44522145 193.71428571
780.35331335 201.89810190
789.56010656 202.92107892
794.67499167 197.80619381
798.76689977 202.92107892
802.85880786 211.10489510
803.88178488 217.24275724
815.13453213 219.28871129
816.15750916 209.05894106
946.07559108 151.77222777
928.68498168 151.77222777
966.53513154 168.13986014
964.48917749 166.09390609
947.09856810 181.43856144
