22.42067266 355.70275058
9.12197136 352.63381951
31.62746587 344.45000333
49.01807526 346.49595738
65.38570763 355.70275058
84.82227106 347.51893440
57.20189144 318.87557776
70.50059274 325.01343989
33.67341991 328.08237096
21.39769564 315.80664669
14.23685648 284.09435897
25.48960373 273.86458874
24.46662671 262.61184149
13.21387945 252.38207126
24.46662671 243.17527806
50.04105228 247.26718615
9.12197136 237.03741592
12.19090243 222.71573760
7.07601732 218.62382950
26.51258075 225.78466866
31.62746587 215.55489843
19.35174159 211.46299034
22.42067266 200.21024309
17.30578755 182.81963370
35.71937396 185.88856477
47.99509824 195.09535798
36.74235098 200.21024309
12.19090243 203.27917416
79.70738595 337.28916417
89.93715618 334.22023310
76.63845488 317.85260073
82.77631702 309.66878455
96.07501832 304.55389943
98.12097236 322.96748585
105.28181152 339.33511822
102.21288045 352.63381951
113.46562771 360.81763570
127.78730603 359.79465867
134.94814519 341.38107226
144.15493839 349.56488844
148.24684649 353.65679654
114.48860473 325.01343989
97.09799534 294.32412920
84.82227106 284.09435897
77.66143190 290.23222111
45.94914419 294.32412920
45.94914419 283.07138195
52.08700633 272.84161172
62.31677656 251.35909424
122.92816517 300.40977689
114.74434898 295.80638029
99.91118215 286.08809857
90.19290043 257.44474192
83.54354978 248.74943723
82.00908425 228.80138528
71.26782551 236.98520147
66.15294039 221.64054612
62.57252081 208.85333333
54.38870463 215.50268398
46.20488844 205.27291375
58.48061272 193.50867799
64.10698635 187.37081585
54.90019314 179.69848818
47.22786547 183.79039627
41.09000333 178.16402264
49.27381951 175.60658009
40.57851482 172.53764902
49.78530803 165.37680986
40.57851482 161.28490176
27.79130203 166.91127539
27.79130203 174.07211455
17.56153180 177.65253413
28.81427905 155.65852814
34.95214119 156.68150516
13.46962371 151.05513154
17.56153180 146.45173493
20.11897436 136.22196470
19.09599734 130.08410256
16.02706627 121.38879787
7.84325008 122.92326340
9.37771562 114.22795871
13.46962371 112.18200466
11.93515818 103.48669997
11.93515818 106.55563104
19.09599734 107.57860806
17.05004329 102.97521146
21.65343989 117.29688978
29.32576757 112.69349317
28.30279054 122.41177489
27.27981352 127.52666001
31.37172161 133.66452214
31.37172161 140.31387279
37.50958375 146.96322344
39.55553780 138.26791875
40.57851482 129.57261405
36.99809524 124.96921745
42.11298035 122.92326340
37.50958375 116.78540127
53.36572761 135.19898768
47.22786547 138.77940726
47.73935398 146.96322344
47.73935398 157.19299367
61.54954379 143.89429237
64.10698635 167.42276390
62.06103230 171.00318348
70.24484848 171.00318348
74.33675658 194.53165501
69.22187146 202.20398268
82.52057276 200.66951715
82.00908425 212.43375291
86.10099234 220.10608059
90.70438894 233.40478188
92.75034299 244.65752914
100.93415917 248.23794872
119.34774559 252.84134532
111.67541792 244.65752914
117.30179154 230.33585082
107.07202131 239.03115551
105.02606727 266.65153513
109.11797536 277.39279387
131.62346986 284.04214452
120.88221112 273.81237429
137.76133200 275.85832834
146.45663670 249.26092574
131.62346986 243.63455211
130.60049284 228.28989677
122.41667666 212.43375291
108.60648685 205.78440226
104.51457875 197.60058608
94.28480852 196.06612055
88.65843490 187.37081585
78.42866467 171.51467199
78.94015318 165.37680986
75.87122211 161.79639028
73.82526807 156.17001665
77.40568765 142.87131535
71.26782551 143.38280386
68.71038295 132.64154512
57.96912421 126.50368298
51.83126207 127.52666001
51.83126207 122.41177489
64.61847486 121.38879787
61.03805528 118.83135531
58.99210123 112.69349317
51.83126207 110.64753913
46.71637696 115.25093573
64.61847486 111.67051615
71.26782551 116.78540127
77.40568765 133.15303363
86.10099234 134.68749917
87.12396936 128.03814852
85.07801532 123.94624043
88.14694639 119.85433233
86.61248085 114.73944722
94.79629704 118.31986680
94.79629704 125.48070596
96.84225108 130.59559108
93.77332001 135.71047619
88.65843490 149.00917749
82.00908425 151.05513154
110.65244089 172.02616051
111.16392940 191.97421245
108.60648685 187.37081585
113.72137196 184.81337329
121.39369963 189.92825841
117.81328005 196.57760906
127.02007326 197.08909757
130.60049284 186.34783883
137.76133200 200.15802864
134.69240093 208.34184482
144.41068265 212.43375291
150.03705628 222.66352314
132.13495837 236.47371295
139.80728605 231.35882784
139.80728605 236.98520147
144.41068265 245.16901765
144.92217116 241.07710956
155.66342990 235.96222444
157.70938395 245.68050616
148.50259074 257.95623044
159.75533800 257.44474192
164.35873460 270.23195471
165.89320013 284.04214452
154.12896437 274.83535132
143.89919414 269.20897769
142.36472860 265.11706960
144.92217116 300.40977689
135.71537796 298.36382284
134.18091242 325.98420246
146.45663670 320.86931735
154.12896437 311.66252414
160.26682651 299.38679987
178.16892441 301.43275391
180.21487845 309.10508159
164.35873460 312.17401265
172.54255078 324.44973693
169.98510823 332.63355311
170.49659674 350.02416250
185.32976357 356.16202464
197.60548785 361.78839827
213.46163170 354.62755911
202.20888445 348.48969697
194.53655678 338.25992674
203.23186147 321.89229437
189.93316017 317.28889777
207.32376956 313.70847819
203.23186147 303.99019647
204.76632701 286.59958708
183.79529804 283.53065601
172.54255078 269.20897769
181.23785548 258.97920746
174.58850483 250.79539128
183.28380952 245.16901765
195.04804529 258.97920746
184.81827506 270.74344322
207.32376956 266.65153513
220.11098235 287.62256410
235.45563770 303.99019647
246.19689644 288.13405261
245.68540793 228.80138528
233.40968365 212.43375291
217.55353979 249.26092574
219.08800533 239.54264402
211.41567766 242.10008658
195.55953380 245.16901765
193.00209124 235.96222444
188.39869464 224.70947719
174.07701632 232.38180486
166.40468864 232.89329337
166.91617716 222.15203463
158.22087246 208.34184482
161.28980353 199.13505162
163.33575758 190.43974692
142.87621712 182.76741925
117.30179154 164.86532135
135.71537796 151.56662005
141.85324009 152.07810856
152.59449883 150.54364302
157.70938395 150.54364302
158.73236097 166.39978688
160.26682651 174.58360306
168.45064269 162.81936730
171.00808525 144.40578089
164.35873460 156.68150516
182.26083250 163.33085581
182.77232101 169.98020646
145.43365967 141.84833833
151.06003330 144.40578089
156.17491841 135.71047619
148.50259074 138.26791875
135.71537796 137.24494172
138.78430902 127.52666001
130.08900433 126.50368298
123.43965368 132.64154512
115.25583750 128.03814852
107.58350982 135.19898768
124.97411921 146.45173493
109.11797536 143.38280386
118.83625708 117.80837829
121.39369963 110.64753913
109.62946387 106.04414252
91.72736597 110.64753913
137.24984349 117.29688978
148.50259074 120.36582085
162.31278055 130.08410256
162.31278055 123.43475191
168.45064269 120.36582085
169.98510823 130.08410256
178.16892441 128.54963703
181.74934399 135.71047619
187.88720613 139.80238428
186.35274059 145.42875791
196.58251082 144.91726940
201.69739594 138.26791875
190.95613720 128.54963703
188.91018315 123.43475191
179.70338994 115.25093573
274.32876457 254.88729937
256.42666667 265.62855811
267.67941392 242.61157509
275.35174159 244.65752914
272.79429903 226.24394272
260.00708625 213.96821845
274.84025308 207.83035631
284.04704629 219.08310356
284.04704629 230.33585082
289.16193140 242.61157509
295.29979354 255.39878788
301.43765568 255.39878788
301.43765568 244.65752914
304.50658675 235.45073593
314.22486846 217.54863803
315.75933400 231.35882784
314.73635698 259.49069597
322.40868465 266.14004662
323.43166167 274.83535132
331.61547786 281.48470196
340.31078255 280.46172494
315.75933400 293.76042624
306.55254079 292.73744922
292.23086247 290.18000666
295.81128205 305.01317349
282.51258075 302.45573094
277.90918415 331.09908758
258.98410922 332.12206460
247.21987346 324.44973693
249.26582751 302.45573094
257.96113220 344.90927739
252.84624709 354.62755911
256.42666667 363.83435231
271.77132201 364.34584083
284.04704629 357.18500167
273.30578755 346.95523144
288.13895438 339.79439227
306.04105228 346.44374292
318.82826507 344.90927739
319.85124209 323.93824842
315.75933400 307.05912754
290.18490842 327.00717949
295.29979354 348.48969697
315.24784549 361.78839827
346.44864469 357.18500167
333.66143190 355.13904762
351.56352980 345.42076590
336.21887446 339.79439227
345.42566767 321.38080586
330.08101232 316.77740926
343.37971362 293.76042624
370.48860473 284.55363303
339.79929404 272.27790876
332.12696637 265.62855811
328.03505828 257.95623044
316.27082251 243.12306360
317.80528805 252.84134532
328.03505828 238.00817849
330.08101232 227.77840826
338.26482850 234.42775891
340.31078255 242.61157509
337.24185148 250.79539128
339.79929404 228.80138528
348.49459873 233.40478188
345.42566767 221.64054612
332.12696637 214.99119547
262.05304029 193.50867799
219.59949384 196.06612055
205.78930403 181.23295371
211.41567766 173.04913753
219.08800533 182.76741925
236.47861472 176.11806860
242.10498834 179.69848818
225.73735598 175.09509158
220.62247086 154.63555112
210.39270063 162.81936730
198.62846487 166.39978688
183.79529804 183.79039627
173.56552781 195.04314352
173.56552781 187.37081585
185.32976357 210.89928738
260.51857476 168.95722944
266.14494838 179.18699967
262.05304029 157.19299367
248.24285048 158.72745921
238.52456876 156.68150516
242.10498834 147.47471195
242.10498834 142.35982684
248.75433899 143.38280386
255.40368964 138.26791875
259.49559774 143.38280386
225.73735598 137.75643024
221.13395937 128.03814852
212.43865468 131.61856810
204.76632701 125.48070596
217.55353979 111.15902764
194.02506827 117.80837829
202.72037296 108.09009657
186.35274059 109.62456210
169.47361971 106.55563104
160.77831502 113.20498168
169.47361971 98.88330336
159.24384948 96.32586081
149.01407925 92.74544123
47.73935398 100.98147186
34.44065268 89.72872461
54.90019314 91.26319014
62.57252081 100.46998335
64.10698635 105.07337995
72.80229104 98.42402930
69.73335997 91.77467865
80.47461871 89.72872461
87.12396936 96.88956377
77.91717616 109.16528805
78.42866467 124.50994339
7.84325008 90.24021312
21.14195138 75.40704629
25.74534799 72.33811522
28.30279054 67.22323010
36.48660673 64.66578755
40.57851482 65.17727606
58.48061272 74.38406926
55.92317016 81.03341991
49.78530803 74.89555778
47.22786547 82.56788545
61.54954379 69.78067266
54.38870463 66.20025308
73.31377955 76.43002331
71.26782551 66.20025308
79.45164169 74.38406926
88.14694639 79.49895438
89.16992341 72.33811522
4.26283050 65.17727606
5.79729604 60.06239094
11.42366966 58.01643690
9.37771562 47.78666667
6.30878455 53.92452880
3.75134199 49.83262071
2.72836497 44.71773560
17.05004329 44.20624709
14.49260073 41.13731602
25.23385947 37.55689644
27.27981352 42.67178155
23.18790543 51.87857476
24.21088245 55.97048285
23.18790543 59.55090243
36.99809524 46.25220113
35.46362970 37.55689644
47.22786547 25.28117216
55.92317016 33.97647686
44.15893440 53.92452880
49.78530803 49.83262071
43.13595738 47.27517816
53.87721612 55.45899434
54.38870463 60.06239094
68.71038295 59.03941392
61.54954379 64.66578755
63.08400932 55.45899434
70.24484848 48.29815518
82.52057276 48.29815518
88.65843490 41.64880453
88.65843490 35.51094239
82.52057276 33.97647686
97.86522811 37.55689644
100.93415917 30.39605728
97.86522811 44.71773560
100.42267066 49.32113220
92.23885448 49.83262071
90.19290043 62.10834499
80.98610723 62.10834499
75.35973360 53.41304029
98.88820513 60.06239094
104.51457875 62.10834499
111.16392940 62.10834499
119.34774559 61.59685648
125.99709624 57.50494838
119.34774559 50.34410922
115.25583750 55.97048285
109.62946387 55.45899434
105.53755578 52.90155178
107.07202131 48.29815518
113.20988345 44.71773560
115.25583750 47.78666667
124.46263070 46.25220113
121.39369963 40.62582751
112.69839494 38.57987346
116.27881452 36.02243090
122.92816517 35.51094239
132.13495837 47.78666667
131.62346986 52.39006327
133.15793540 58.52792541
136.22686647 61.08536797
126.50858475 66.20025308
133.66942391 65.68876457
116.27881452 69.26918415
99.91118215 70.29216117
114.74434898 75.40704629
295.29979354 197.14131202
306.55254079 193.04940393
311.15593740 206.85959374
326.50059274 201.23322011
330.08101232 187.42303030
315.75933400 181.79665668
309.62147186 174.63581752
303.48360972 184.35409923
292.74235098 182.30814519
284.04704629 193.04940393
285.58151182 203.79066267
292.74235098 163.89455877
271.25983350 165.42902431
274.32876457 155.19925408
280.46662671 160.82562771
286.09300033 155.19925408
306.04105228 163.89455877
319.85124209 163.89455877
319.33975358 158.26818515
316.27082251 152.13032301
323.94315018 141.90055278
328.54654679 143.43501832
330.08101232 154.17627706
329.56952381 164.40604729
345.42566767 167.98646687
342.35673660 178.21623710
336.73036297 183.33112221
348.49459873 182.81963370
342.35673660 189.46898435
351.05204129 192.53791542
350.54055278 203.27917416
341.33375957 199.18726607
336.21887446 195.60684649
337.75333999 206.34810523
354.12097236 215.04340992
362.30478854 197.14131202
371.51158175 196.11833500
376.11497835 206.85959374
373.04604729 221.18127206
369.46562771 224.76169164
357.70139194 224.25020313
358.72436896 219.64680653
366.90818515 219.64680653
363.83925408 214.02043290
381.22986347 192.53791542
385.32177156 200.72173160
392.99409923 199.18726607
395.55154179 185.88856477
389.41367965 191.00344988
383.27581752 176.68177156
376.11497835 172.58986347
371.00009324 177.70474858
370.48860473 178.72772561
360.77032301 177.19326007
360.25883450 184.35409923
358.21288045 170.54390942
367.93116217 168.49795538
360.25883450 160.31413919
345.93715618 132.18227106
352.58650683 125.53292041
360.77032301 131.15929404
364.86223110 124.50994339
374.06902431 130.64780553
382.76432900 133.71673660
384.29879454 125.53292041
376.62646687 110.69975358
125.99709624 81.03341991
126.50858475 74.38406926
133.15793540 73.36109224
133.66942391 82.05639694
123.95114219 91.26319014
113.20988345 85.12532801
115.25583750 97.91254079
128.55453879 102.51593740
120.88221112 102.00444888
143.89919414 83.07937396
141.34175158 74.38406926
142.87621712 65.17727606
148.50259074 66.20025308
145.43365967 57.50494838
142.87621712 53.92452880
142.87621712 45.74071262
139.80728605 42.67178155
133.66942391 42.67178155
131.11198135 35.51094239
138.27282051 23.23521812
155.66342990 35.51094239
154.12896437 45.22922411
150.54854479 50.85559774
157.19789544 49.32113220
158.73236097 51.87857476
154.12896437 60.06239094
164.35873460 53.92452880
180.21487845 47.78666667
178.68041292 43.18327006
166.40468864 43.18327006
160.77831502 40.11433899
179.19190143 35.51094239
193.00209124 45.74071262
186.86422910 47.78666667
186.35274059 41.64880453
188.91018315 57.50494838
195.04804529 55.97048285
187.37571762 51.87857476
186.35274059 61.08536797
182.26083250 64.15429903
176.63445887 68.24620713
176.63445887 54.94750583
173.56552781 72.33811522
190.95613720 71.31513820
193.51357975 74.38406926
185.84125208 77.45300033
194.53655678 81.03341991
179.19190143 86.65979354
189.93316017 88.70574759
195.55953380 90.24021312
197.60548785 93.82063270
195.55953380 97.40105228
191.97911422 103.02742591
199.13995338 102.00444888
206.30079254 95.86658675
216.53056277 96.88956377
211.41567766 99.95849484
233.92117216 92.28616717
241.08201132 87.68277056
227.78331002 67.22323010
226.76033300 62.61983350
225.73735598 59.55090243
216.01907426 60.06239094
212.43865468 57.50494838
208.85823510 57.50494838
211.41567766 64.66578755
207.83525808 63.64281052
204.76632701 68.75769564
202.20888445 62.10834499
197.09399933 63.13132201
201.18590743 52.39006327
202.72037296 48.80964369
209.36972361 50.85559774
217.04205128 46.76368964
220.11098235 43.18327006
227.78331002 43.18327006
236.47861472 50.34410922
241.08201132 56.99345987
252.84624709 69.26918415
247.73136197 74.38406926
252.84624709 86.65979354
260.51857476 82.56788545
260.00708625 75.91853480
263.58750583 60.06239094
255.40368964 53.92452880
255.91517816 44.71773560
201.18590743 77.45300033
221.64544789 71.31513820
221.64544789 89.72872461
221.64544789 96.37807526
222.15693640 104.05040293
242.10498834 105.07337995
243.63945388 111.21124209
244.15094239 119.39505828
248.75433899 117.34910423
250.28880453 123.48696637
266.65643690 115.30315018
262.56452880 127.57887446
267.67941392 128.60185148
262.56452880 136.27417915
270.74834499 141.38906427
275.86323010 138.83162171
275.86323010 131.67078255
273.30578755 126.55589744
272.28281052 110.69975358
258.47262071 105.58486846
278.93216117 100.98147186
273.81727606 96.88956377
267.67941392 91.77467865
276.88620713 82.56788545
274.84025308 87.68277056
278.42067266 88.70574759
281.48960373 83.07937396
286.60448884 107.11933400
284.55853480 121.95250083
285.07002331 116.83761572
291.71937396 115.30315018
293.76532801 109.16528805
300.41467865 114.28017316
302.97212121 129.11333999
307.06402930 120.92952381
298.88021312 122.97547786
292.74235098 128.60185148
298.36872461 127.57887446
294.78830503 140.36608725
289.16193140 136.78566767
286.09300033 141.90055278
289.67341991 147.01543790
308.08700633 130.13631702
321.89719614 125.53292041
318.82826507 117.34910423
311.66742591 109.16528805
311.66742591 114.79166167
328.03505828 111.21124209
329.56952381 117.34910423
322.92017316 112.23421911
315.75933400 99.44700633
316.27082251 89.72872461
299.90319014 74.38406926
297.34574759 80.52193140
240.57052281 68.24620713
264.09899434 54.43601732
272.79429903 47.78666667
280.97811522 53.41304029
288.65044289 54.43601732
276.88620713 60.06239094
282.00109224 63.13132201
277.39769564 70.29216117
269.72536797 62.10834499
270.74834499 70.80364968
290.18490842 63.13132201
295.81128205 65.17727606
298.36872461 55.45899434
303.99509824 55.97048285
304.50658675 52.39006327
310.64444888 59.03941392
311.66742591 51.87857476
315.75933400 65.68876457
309.62147186 70.29216117
315.75933400 78.47597736
319.85124209 76.43002331
313.71337995 74.38406926
308.08700633 76.94151182
313.20189144 83.59086247
320.87421911 82.05639694
305.52956377 88.70574759
303.99509824 78.47597736
303.48360972 66.71174159
286.09300033 71.31513820
335.19589744 78.98746587
326.50059274 73.36109224
335.70738595 68.24620713
340.31078255 68.24620713
328.54654679 62.10834499
323.94315018 67.22323010
319.33975358 62.61983350
322.40868465 61.59685648
317.80528805 56.99345987
317.80528805 49.83262071
322.40868465 53.41304029
325.98910423 45.22922411
332.12696637 58.52792541
335.70738595 54.43601732
341.33375957 55.97048285
346.96013320 53.41304029
343.89120213 52.90155178
341.33375957 46.25220113
336.73036297 43.69475857
194.02506827 37.55689644
200.16293040 40.62582751
202.72037296 36.02243090
207.32376956 34.99945388
213.46163170 37.55689644
219.59949384 36.02243090
220.62247086 30.39605728
211.92716617 30.90754579
201.69739594 28.86159174
202.20888445 25.28117216
212.43865468 26.81563770
223.69140193 24.25819514
227.78331002 28.86159174
230.34075258 35.51094239
229.82926407 39.60285048
256.42666667 34.48796537
246.19689644 40.62582751
283.02406926 29.88456876
297.85723610 32.44201132
302.97212121 42.67178155
312.69040293 33.97647686
324.96612721 34.99945388
328.03505828 34.99945388
334.68440892 35.51094239
344.91417915 34.48796537
353.60948385 38.06838495
358.72436896 47.27517816
357.70139194 45.22922411
351.56352980 43.69475857
353.09799534 50.34410922
350.54055278 55.45899434
357.18990343 58.01643690
360.77032301 55.45899434
365.37371961 55.45899434
373.04604729 51.87857476
371.00009324 47.78666667
367.93116217 36.02243090
381.74135198 36.53391941
383.27581752 45.74071262
381.22986347 53.41304029
379.18390942 47.78666667
378.67242091 60.06239094
363.32776557 63.64281052
358.72436896 66.20025308
347.47162171 67.22323010
344.40269064 72.84960373
341.33375957 82.05639694
348.49459873 78.47597736
349.00608725 82.56788545
341.84524809 88.70574759
344.91417915 92.28616717
332.12696637 86.14830503
359.23585748 85.12532801
363.83925408 87.68277056
373.04604729 79.49895438
373.04604729 76.43002331
375.60348984 72.33811522
383.78730603 71.82662671
381.22986347 81.03341991
391.45963370 71.82662671
387.36772561 78.47597736
386.85623710 65.17727606
396.57451881 58.01643690
389.92516817 55.97048285
395.55154179 47.78666667
403.73535798 54.94750583
401.68940393 51.36708625
407.82726607 56.99345987
410.38470862 53.92452880
416.01108225 58.52792541
408.33875458 66.20025308
414.47661672 62.10834499
412.94215118 65.68876457
422.14894439 65.68876457
422.14894439 60.06239094
429.82127206 61.08536797
421.12596737 51.87857476
398.62047286 119.39505828
385.32177156 107.63082251
358.21288045 110.69975358
352.58650683 114.79166167
364.35074259 109.67677656
363.83925408 101.49296037
361.79330003 94.84360972
414.47661672 106.09635698
410.89619714 112.23421911
405.78131202 115.81463869
419.08001332 116.83761572
424.19489843 109.16528805
435.95913420 104.05040293
431.86722611 113.25719614
430.33276057 81.03341991
435.44764569 72.33811522
439.53955378 70.29216117
443.63146187 66.20025308
452.83825508 64.15429903
450.79230103 60.57387945
449.76932401 74.89555778
446.70039294 89.21723610
441.07401931 93.82063270
448.74634699 109.16528805
444.14295038 121.44101232
453.34974359 118.88356976
453.34974359 111.21124209
460.51058275 104.56189144
465.11397935 91.77467865
468.18291042 111.21124209
469.20588745 123.48696637
479.43565768 119.90654679
473.29779554 114.28017316
477.90119214 92.28616717
495.80329004 76.43002331
490.17691642 74.38406926
492.22287046 125.53292041
499.89519814 139.85459873
497.84924409 134.22822511
468.18291042 157.24520813
457.95314019 151.10734599
458.46462870 159.29116217
450.28081252 165.42902431
446.70039294 157.24520813
448.74634699 150.59585748
429.82127206 149.57288045
423.68340992 154.17627706
417.54554779 157.75669664
407.31577756 167.98646687
420.61447885 166.96348984
434.42466866 161.33711622
435.44764569 164.91753580
443.11997336 171.56688645
440.56253080 179.23921412
429.82127206 171.05539794
398.10898435 161.33711622
385.32177156 160.31413919
394.01707626 169.52093240
400.66642691 173.10135198
407.82726607 176.17028305
407.82726607 161.84860473
404.24684649 192.02642691
411.91917416 190.49196137
413.45363969 184.86558775
419.08001332 181.28516817
425.21787546 193.56089244
436.47062271 198.16428904
435.44764569 191.00344988
448.74634699 186.91154179
452.32676657 192.53791542
451.30378954 198.67577756
465.11397935 194.58386946
471.25184149 188.95749584
481.99310023 184.86558775
472.78630703 178.72772561
480.45863470 175.65879454
475.34374958 166.96348984
404.75833500 203.27917416
424.19489843 209.41703630
422.66043290 203.27917416
436.47062271 216.06638695
441.58550783 209.41703630
470.22886447 209.41703630
380.46263070 352.07011655
365.62946387 344.39778888
366.65244089 325.98420246
374.83625708 312.68550117
362.04904429 309.10508159
356.93415917 316.77740926
383.53156177 324.44973693
386.08900433 332.63355311
412.68640693 346.95523144
394.78430902 356.67351315
457.18590743 355.13904762
437.23785548 353.60458208
427.00808525 341.32885781
437.74934399 336.72546121
448.49060273 340.81736930
461.78930403 338.25992674
447.46762571 328.54164502
454.62846487 323.42675991
441.84125208 320.86931735
425.47361971 320.86931735
415.24384948 327.51866800
409.61747586 316.77740926
416.77831502 310.63954712
391.71537796 313.70847819
394.78430902 289.66851815
394.27282051 273.81237429
383.53156177 263.58260406
364.09499833 264.09409257
354.88820513 260.51367299
370.74434898 255.91027639
388.64644689 246.19199467
399.38770563 256.42176490
413.19789544 245.68050616
411.66342990 257.44474192
408.08301032 265.62855811
412.68640693 277.39279387
426.49659674 283.01916750
419.33575758 293.24893773
433.14594739 270.23195471
428.03106227 248.23794872
446.44464868 238.00817849
450.53655678 242.10008658
450.53655678 252.32985681
457.18590743 264.60558109
481.22586747 264.09409257
487.87521812 248.23794872
484.80628705 296.31786880
480.71437895 311.66252414
463.83525808 311.15103563
472.01907426 320.86931735
465.88121212 327.00717949
473.55353979 338.25992674
486.85224109 341.84034632
482.76033300 362.29988678
498.61647686 349.51267399
508.33475857 351.55862804
516.00708625 336.72546121
517.54155178 322.40378288
490.43266067 327.51866800
503.21987346 321.89229437
491.96712621 313.70847819
503.21987346 308.08210456
512.42666667 308.08210456
535.95513820 302.45573094
549.76532801 307.05912754
535.95513820 330.07611056
543.62746587 342.35183483
556.41467865 334.16801865
530.32876457 355.13904762
543.62746587 364.85732934
563.06402930 355.65053613
578.40868465 348.48969697
578.92017316 338.25992674
574.82826507 329.05313353
579.43166167 322.40378288
565.62147186 315.24294372
593.75333999 275.85832834
547.20788545 255.39878788
529.81727606 253.35283383
507.31178155 250.79539128
497.59349983 248.74943723
477.64544789 224.70947719
474.57651682 239.54264402
517.54155178 222.66352314
516.00708625 229.31287379
502.70838495 230.33585082
527.77132201 238.51966700
527.77132201 211.92226440
519.58750583 203.22695971
513.96113220 209.87631036
508.33475857 205.78440226
507.31178155 195.04314352
509.35773560 178.16402264
482.76033300 195.04314352
480.20289044 205.78440226
481.73735598 210.89928738
491.96712621 196.57760906
523.67941392 188.39379287
518.56452880 175.09509158
514.98410922 161.79639028
514.98410922 148.49768898
486.85224109 167.42276390
536.46662671 168.95722944
523.67941392 169.98020646
525.72536797 160.77341325
533.90918415 180.20997669
539.02406926 177.65253413
529.30578755 193.50867799
529.30578755 199.64654013
537.48960373 198.62356310
546.18490842 198.11207459
551.29979354 192.48570097
552.32277056 183.79039627
558.97212121 185.83635032
553.85723610 175.09509158
546.18490842 168.44574093
544.13895438 163.33085581
536.97811522 160.26192474
558.97212121 159.23894772
553.85723610 164.86532135
563.57551782 166.91127539
561.52956377 168.95722944
578.92017316 254.88729937
563.57551782 238.51966700
552.32277056 229.31287379
559.99509824 228.28989677
570.22486846 230.33585082
578.92017316 225.73245421
578.92017316 238.51966700
586.08101232 232.38180486
560.50658675 209.87631036
558.46063270 201.69249417
565.62147186 197.60058608
568.17891442 197.08909757
569.71337995 188.90528139
578.92017316 198.11207459
578.92017316 210.89928738
569.20189144 213.96821845
578.92017316 218.57161505
589.14994339 218.57161505
601.42566767 258.46771895
614.21288045 255.39878788
617.79330003 287.11107559
606.02906427 309.61657010
587.61547786 318.31187479
597.33375957 334.67950716
595.79929404 345.93225441
599.89120213 355.13904762
614.21288045 357.18500167
612.67841492 347.46671995
610.12097236 340.81736930
607.05204129 334.67950716
608.58650683 322.91527140
613.18990343 318.82336330
627.51158175 320.35782884
633.13795538 329.05313353
630.58051282 335.19099567
633.13795538 358.71946720
651.55154179 352.58160506
658.71238095 359.74244422
642.85623710 340.30588079
642.85623710 332.63355311
643.87921412 328.03015651
647.45963370 323.42675991
664.33875458 320.35782884
663.82726607 333.14504163
665.36173160 340.81736930
659.22386946 346.95523144
664.85024309 307.05912754
656.66642691 312.17401265
637.74135198 260.00218448
625.97711622 245.68050616
636.20688645 244.14604063
615.74734599 240.56562105
619.83925408 231.87031635
621.37371961 222.66352314
614.72436896 222.15203463
611.65543790 216.52566101
614.21288045 210.89928738
618.30478854 205.27291375
623.41967366 205.27291375
599.37971362 202.71547120
585.56952381 189.92825841
590.68440892 181.23295371
574.31677656 181.23295371
582.50059274 177.14104562
583.01208125 168.95722944
583.01208125 156.68150516
575.85124209 139.29089577
565.62147186 125.99219447
547.71937396 123.94624043
529.30578755 113.20498168
524.19090243 142.87131535
525.72536797 137.24494172
523.16792541 130.08410256
512.42666667 56.94124542
556.41467865 86.60757909
563.06402930 99.39479187
570.73635698 103.99818848
576.87421911 101.95223443
574.31677656 112.18200466
577.38570763 119.85433233
588.12696637 122.41177489
594.26482850 118.83135531
592.21887446 112.18200466
590.17292041 107.06711955
593.75333999 100.92925741
589.66143190 100.41776890
597.33375957 103.48669997
601.93715618 110.64753913
607.56352980 112.18200466
610.63246087 119.85433233
600.91417915 125.99219447
606.54055278 143.89429237
593.24185148 152.07810856
619.32776557 143.38280386
620.86223110 174.07211455
611.14394938 182.76741925
596.31078255 191.97421245
603.47162171 189.41676990
598.35673660 183.79039627
617.28181152 197.08909757
620.35074259 189.41676990
628.53455877 191.46272394
632.11497835 185.83635032
633.13795538 177.65253413
638.76432900 167.93425241
652.57451881 171.00318348
640.29879454 187.37081585
645.41367965 191.97421245
649.50558775 195.04314352
650.52856477 201.69249417
640.29879454 207.31886780
631.09200133 213.96821845
641.32177156 214.99119547
642.34474858 227.77840826
634.16093240 229.82436230
640.29879454 234.93924742
646.94814519 242.61157509
657.17791542 234.42775891
652.06303030 259.49069597
659.22386946 246.70348318
668.94215118 250.79539128
667.91917416 242.61157509
665.87322011 238.51966700
668.94215118 229.82436230
671.49959374 223.68650017
665.87322011 216.52566101
657.17791542 208.34184482
664.33875458 203.73844822
660.24684649 198.62356310
666.38470862 191.46272394
670.47661672 168.44574093
670.98810523 144.40578089
656.15493839 139.80238428
647.97112221 145.94024642
642.34474858 118.31986680
644.90219114 112.18200466
646.43665668 109.11307359
646.43665668 103.48669997
638.76432900 105.53265401
630.58051282 110.64753913
625.97711622 113.20498168
622.39669664 116.78540127
618.81627706 111.15902764
650.52856477 116.78540127
657.68940393 116.78540127
664.85024309 116.27391275
663.31577756 109.62456210
661.26982351 104.50967699
667.40768565 107.57860806
674.56852481 115.76242424
675.08001332 109.11307359
406.54854479 36.53391941
401.43365967 38.57987346
395.80728605 42.16029304
391.20388944 35.51094239
397.34175158 35.51094239
393.24984349 27.32712621
402.96812521 29.88456876
398.36472860 25.79266067
418.31278055 33.97647686
410.64045288 29.37308025
424.45064269 31.41903430
429.05403929 46.76368964
432.63445887 39.60285048
433.14594739 44.71773560
431.09999334 54.43601732
442.86422910 48.80964369
452.58251082 50.85559774
463.32376956 51.36708625
465.36972361 63.64281052
469.46163170 61.08536797
469.97312021 55.97048285
469.46163170 50.34410922
458.20888445 43.18327006
440.81827506 37.04540793
443.88720613 36.02243090
452.07102231 34.48796537
455.13995338 30.90754579
462.30079254 38.06838495
468.95014319 37.04540793
465.88121212 29.88456876
475.59949384 41.64880453
483.78331002 42.16029304
483.78331002 54.94750583
484.29479853 67.73471861
479.17991342 68.24620713
483.27182151 77.45300033
463.83525808 81.03341991
457.18590743 85.63681652
446.95613720 84.10235098
438.26083250 85.63681652
434.68041292 89.72872461
410.12896437 88.70574759
419.33575758 87.68277056
416.26682651 82.56788545
418.82426906 77.45300033
408.08301032 71.82662671
361.02606727 75.91853480
507.82327006 48.80964369
498.61647686 44.71773560
512.42666667 41.64880453
529.81727606 44.71773560
539.53555778 48.80964369
548.74235098 52.90155178
555.39170163 52.39006327
551.81128205 71.31513820
556.92616717 79.49895438
561.52956377 75.40704629
567.66742591 73.36109224
570.22486846 80.52193140
565.62147186 89.72872461
564.08700633 85.63681652
573.80528805 90.24021312
582.50059274 93.30914419
578.92017316 81.54490842
583.52356976 88.19425907
588.12696637 91.77467865
593.75333999 79.49895438
596.31078255 83.59086247
600.40269064 80.01044289
609.60948385 79.49895438
604.49459873 68.75769564
597.84524809 66.20025308
593.75333999 70.80364968
588.63845488 68.24620713
584.03505828 69.78067266
580.45463869 64.66578755
574.31677656 66.71174159
565.62147186 53.92452880
555.39170163 43.18327006
547.71937396 43.18327006
539.02406926 41.64880453
566.13296037 44.20624709
577.89719614 43.18327006
583.52356976 46.76368964
594.26482850 38.57987346
583.01208125 33.97647686
589.14994339 32.44201132
572.78231102 34.48796537
565.62147186 32.44201132
559.99509824 34.48796537
556.41467865 30.39605728
551.81128205 26.30414918
549.76532801 30.90754579
546.18490842 36.53391941
536.97811522 36.02243090
543.11597736 24.25819514
528.28281052 28.86159174
520.61048285 27.83861472
519.58750583 21.18926407
514.47262071 22.72372960
512.42666667 27.32712621
494.52456876 37.55689644
504.24285048 28.35010323
503.73136197 24.25819514
489.92117216 28.35010323
496.05903430 22.72372960
482.24884449 26.30414918
598.86822511 87.68277056
608.58650683 91.77467865
608.58650683 85.63681652
614.21288045 86.65979354
614.72436896 91.26319014
620.86223110 85.63681652
620.86223110 81.54490842
617.28181152 72.84960373
622.39669664 75.40704629
627.51158175 61.08536797
619.83925408 56.99345987
610.63246087 55.97048285
607.56352980 48.29815518
627.00009324 50.85559774
609.60948385 42.16029304
606.54055278 32.44201132
603.47162171 35.51094239
614.21288045 32.95349983
616.77032301 33.46498834
622.90818515 36.53391941
631.09200133 38.06838495
641.83326007 38.57987346
654.10898435 36.02243090
636.20688645 34.48796537
640.81028305 67.73471861
635.18390942 69.78067266
637.22986347 72.84960373
634.67242091 77.96448884
633.64944389 84.61383949
629.04604729 89.21723610
631.09200133 93.82063270
637.74135198 93.82063270
635.18390942 88.19425907
654.62047286 95.35509824
651.04005328 81.03341991
654.62047286 74.38406926
648.99409923 69.26918415
651.04005328 59.55090243
662.29280053 60.06239094
658.71238095 52.39006327
636.71837496 60.57387945
643.87921412 58.01643690
668.43066267 60.57387945
661.78131202 67.22323010
667.91917416 69.26918415
669.96512821 74.89555778
670.47661672 79.49895438
670.47661672 83.59086247
671.49959374 91.26319014
661.26982351 90.75170163
681.21787546 87.68277056
678.14894439 89.72872461
676.10299034 81.54490842
674.05703630 72.33811522
674.56852481 66.20025308
674.05703630 55.97048285
677.12596737 56.99345987
679.68340992 61.08536797
684.28680653 52.39006327
689.91318015 51.87857476
691.44764569 63.13132201
700.65443889 62.61983350
690.42466866 69.78067266
685.30978355 71.31513820
681.21787546 73.36109224
679.68340992 67.73471861
688.37871462 107.63082251
685.30978355 101.49296037
685.82127206 93.82063270
699.11997336 110.18826507
697.58550783 99.95849484
704.74634699 93.82063270
711.39569764 98.42402930
712.93016317 100.98147186
718.04504829 106.09635698
712.93016317 115.81463869
725.71737596 110.69975358
733.38970363 106.60784549
739.52756577 99.95849484
735.43565768 93.82063270
718.04504829 88.19425907
709.86123210 67.73471861
706.79230103 61.08536797
717.02207126 66.20025308
719.57951382 61.08536797
721.11397935 55.97048285
723.15993340 50.85559774
727.76333000 58.01643690
729.29779554 50.85559774
708.32676657 54.43601732
704.23485847 54.43601732
700.14295038 54.43601732
698.60848485 40.62582751
702.70039294 41.13731602
704.74634699 36.02243090
688.89020313 39.60285048
683.77531802 38.57987346
667.40768565 34.48796537
715.99909424 39.60285048
726.74035298 44.20624709
728.27481851 38.57987346
722.64844489 34.48796537
722.13695638 30.90754579
716.51058275 32.95349983
711.39569764 34.99945388
709.86123210 36.53391941
685.82127206 145.48097236
680.19489843 140.36608725
696.56253080 140.36608725
700.14295038 152.64181152
690.42466866 157.75669664
687.86722611 169.52093240
682.75234099 185.88856477
690.42466866 185.37707626
703.21188145 177.70474858
702.18890443 184.86558775
712.93016317 179.75070263
714.46462870 167.47497835
702.70039294 161.84860473
721.11397935 155.19925408
717.02207126 142.41204129
719.57951382 130.13631702
729.80928405 133.71673660
739.01607726 135.25120213
739.01607726 147.52692641
733.38970363 164.40604729
740.55054279 180.77367965
710.37272061 197.14131202
708.32676657 202.76768565
684.54255078 355.65053613
678.40468864 351.55862804
686.07701632 339.28290376
679.42766567 328.03015651
674.82426906 316.77740926
690.68041292 312.17401265
697.84125208 302.96721945
701.42167166 262.55962704
686.58850483 251.30687979
692.72636697 239.03115551
684.54255078 238.51966700
680.45064269 228.80138528
684.54255078 220.61756910
687.61148185 216.01417249
697.84125208 205.78440226
692.72636697 201.69249417
726.99609724 212.43375291
729.04205128 232.89329337
735.69140193 232.89329337
722.39270063 245.16901765
717.78930403 253.86432234
748.99010323 253.35283383
746.43266067 236.98520147
760.75433899 227.26691975
775.58750583 239.54264402
764.33475857 296.31786880
748.99010323 299.89828838
718.30079254 316.26592075
706.02506827 332.63355311
696.30678655 329.56462204
698.86422910 361.27690976
693.23785548 346.95523144
713.18590743 354.11607060
711.13995338 344.90927739
723.41567766 336.72546121
735.69140193 344.90927739
724.43865468 347.46671995
738.76033300 331.09908758
746.43266067 321.89229437
732.62247086 324.44973693
746.94414918 339.79439227
749.50159174 356.16202464
761.26582751 346.95523144
769.44964369 340.81736930
779.16792541 334.67950716
779.67941392 343.88630037
795.02406926 342.86332334
789.90918415 325.98420246
798.09300033 326.49569098
797.07002331 309.10508159
784.28281052 313.70847819
774.05304029 304.50168498
762.28880453 324.44973693
752.05903430 310.63954712
780.70239094 256.93325341
797.07002331 240.56562105
809.85723610 249.26092574
823.66742591 255.39878788
819.57551782 242.61157509
808.32277056 231.35882784
805.25383949 235.96222444
794.51258075 222.15203463
788.88620713 224.70947719
780.70239094 213.96821845
782.74834499 207.31886780
783.25983350 201.69249417
778.65643690 190.95123543
772.51857476 199.13505162
764.84624709 187.88230436
760.24285048 199.13505162
756.15094239 209.87631036
744.89819514 197.60058608
756.15094239 187.37081585
748.99010323 183.27890776
742.85224109 159.75043623
756.66243090 164.35383283
756.15094239 154.63555112
756.15094239 144.40578089
744.89819514 139.80238428
752.57052281 113.71647020
745.92117216 103.48669997
756.66243090 133.66452214
763.82327006 134.68749917
763.31178155 140.82536131
770.47262071 153.61257409
783.77132201 151.05513154
781.72536797 179.18699967
791.95513820 181.74444222
770.47262071 183.27890776
790.42067266 192.99718948
804.23086247 191.46272394
804.74235098 183.79039627
806.27681652 176.11806860
818.04105228 161.79639028
792.97811522 163.33085581
798.09300033 155.65852814
799.62746587 150.03215451
801.16193140 138.26791875
801.16193140 125.99219447
789.90918415 121.90028638
788.88620713 137.75643024
779.16792541 138.26791875
772.00708625 109.62456210
780.70239094 111.15902764
799.11597736 115.25093573
799.11597736 105.53265401
773.03006327 121.90028638
760.24285048 105.53265401
752.05903430 102.97521146
758.70838495 95.81437229
759.73136197 83.02715951
750.01308025 84.56162504
745.40968365 69.72845821
739.27182151 66.65952714
743.87521812 50.29189477
755.63945388 62.56761905
825.71337995 180.72146520
814.97212121 172.02616051
802.69639694 162.81936730
812.41467865 157.19299367
815.99509824 154.63555112
824.69040293 147.47471195
832.87421911 148.49768898
809.34574759 146.45173493
807.81128205 132.64154512
812.41467865 112.69349317
832.87421911 109.62456210
815.48360972 130.08410256
819.57551782 137.24494172
823.15593740 127.01517150
832.87421911 136.22196470
839.01208125 141.84833833
847.70738595 146.96322344
848.73036297 142.35982684
853.84524809 146.45173493
854.86822511 138.26791875
850.26482850 135.71047619
854.35673660 131.10707959
842.59250083 125.48070596
864.07501832 120.36582085
852.31078255 107.57860806
844.12696637 109.11307359
823.15593740 100.41776890
825.71337995 108.09009657
834.40868465 174.58360306
843.10398934 176.62955711
853.84524809 158.72745921
865.09799534 156.68150516
862.54055278 144.91726940
874.30478854 147.98620047
876.86223110 155.65852814
891.18390942 158.72745921
886.58051282 150.54364302
879.93116217 139.29089577
876.86223110 125.99219447
899.36772561 133.66452214
893.22986347 140.82536131
896.29879454 151.56662005
901.41367965 150.03215451
890.67242091 167.93425241
886.06902431 167.42276390
871.23585748 169.46871795
859.47162171 171.00318348
861.51757576 184.30188478
853.84524809 179.18699967
827.75933400 189.92825841
819.57551782 196.57760906
811.90319014 204.76142524
803.71937396 208.85333333
814.46063270 192.99718948
823.66742591 209.87631036
814.46063270 222.15203463
831.85124209 204.24993673
837.98910423 197.60058608
850.26482850 203.73844822
854.35673660 213.96821845
836.45463869 218.06012654
833.38570763 228.80138528
844.12696637 232.38180486
855.37971362 229.31287379
840.03505828 246.70348318
846.68440892 249.77241425
866.12097236 240.56562105
872.77032301 238.00817849
876.86223110 242.61157509
875.32776557 231.35882784
874.81627706 220.10608059
874.81627706 212.43375291
867.14394938 202.71547120
873.79330003 191.46272394
870.21288045 194.02016650
861.00608725 190.95123543
866.63246087 187.37081585
879.41967366 182.25593074
882.48860473 191.46272394
880.95413919 196.06612055
890.16093240 184.81337329
899.36772561 188.39379287
888.62646687 205.27291375
901.41367965 202.71547120
894.25284049 217.03714952
894.76432900 224.19798868
892.71837496 240.56562105
907.04005328 243.12306360
924.43066267 235.96222444
909.59749584 227.26691975
907.55154179 211.92226440
931.59150183 213.96821845
922.89619714 208.34184482
919.31577756 193.50867799
931.08001332 200.15802864
933.63745588 205.27291375
926.47661672 189.92825841
919.82726607 181.23295371
915.73535798 176.62955711
910.62047286 174.07211455
910.10898435 168.95722944
907.04005328 159.75043623
917.26982351 164.86532135
920.33875458 152.58959707
927.49959374 146.45173493
917.78131202 142.87131535
915.73535798 138.77940726
909.59749584 138.26791875
909.08600733 148.49768898
931.59150183 130.08410256
923.40768565 132.13005661
922.38470862 127.52666001
928.01108225 119.85433233
921.87322011 113.71647020
906.52856477 112.18200466
900.90219114 120.36582085
890.67242091 124.45772894
888.62646687 109.62456210
905.50558775 107.06711955
905.50558775 100.92925741
895.27581752 102.46372294
893.74135198 89.16502165
887.60348984 93.76841825
875.83925408 105.02116550
860.49459873 101.95223443
857.93715618 92.23395271
862.54055278 88.14204462
855.89120213 85.07311355
812.41467865 359.74244422
830.31677656 360.25393273
819.06402930 337.23694972
807.81128205 326.49569098
811.90319014 318.82336330
825.71337995 283.01916750
848.21887446 272.27790876
858.96013320 261.02516151
844.12696637 313.19698968
841.05803530 319.84634033
829.80528805 328.03015651
837.47761572 333.65653014
848.21887446 338.77141525
848.21887446 327.00717949
864.58650683 350.02416250
847.70738595 353.60458208
833.38570763 347.46671995
852.31078255 360.25393273
848.21887446 364.85732934
889.64944389 353.09309357
890.67242091 336.72546121
866.63246087 343.37481185
872.77032301 330.58759907
865.60948385 299.89828838
874.81627706 285.06512155
883.00009324 299.38679987
887.09200133 306.03615052
902.43665668 313.19698968
906.52856477 315.75443223
893.74135198 271.25493173
913.68940393 268.18600067
934.66043290 260.00218448
929.54554779 250.79539128
940.28680653 244.14604063
948.98211122 256.93325341
947.44764569 241.58859807
952.56253080 240.05413253
942.33276057 230.33585082
940.28680653 217.54863803
950.00508825 217.54863803
946.93615718 209.87631036
941.30978355 201.18100566
947.44764569 199.13505162
941.30978355 195.55463203
954.09699634 199.13505162
954.60848485 208.34184482
963.30378954 203.73844822
956.65443889 218.06012654
962.79230103 227.77840826
968.93016317 242.61157509
975.57951382 244.65752914
980.18291042 231.35882784
981.20588745 220.10608059
970.97611722 223.17501166
999.10798535 242.61157509
988.36672661 242.61157509
976.09100233 260.51367299
963.81527806 255.39878788
947.95913420 287.11107559
984.78630703 266.14004662
995.52756577 256.93325341
1005.75733600 260.00218448
1014.96412920 267.67451215
1001.66542791 338.77141525
978.13695638 349.00118548
975.57951382 334.16801865
954.09699634 334.16801865
936.19489843 338.77141525
925.45363969 325.47271395
910.62047286 324.44973693
925.96512821 310.12805861
909.59749584 333.65653014
910.10898435 349.51267399
921.87322011 342.35183483
924.43066267 353.09309357
911.64344988 366.90328338
940.28680653 351.04713953
964.83825508 354.11607060
984.27481851 364.85732934
998.59649684 332.17427905
999.10798535 281.53691642
976.60249084 286.65180153
1007.29180153 232.43401931
993.99310023 229.36508825
995.52756577 221.18127206
1003.19989344 221.69276057
1009.33775558 219.64680653
1014.45264069 203.27917416
995.52756577 206.85959374
984.27481851 208.39405927
968.93016317 211.97447885
973.53355977 204.30215118
980.18291042 195.09535798
970.97611722 194.58386946
949.49359973 193.04940393
939.26382950 180.26219114
938.75234099 171.56688645
932.10299034 164.40604729
931.59150183 158.77967366
937.21787546 154.17627706
937.72936397 144.96948385
942.84424908 141.38906427
951.53955378 140.36608725
958.70039294 143.94650683
959.72336996 148.54990343
959.21188145 151.61883450
951.53955378 158.26818515
953.58550783 170.03242091
949.49359973 151.61883450
976.09100233 162.87158175
976.09100233 156.73371961
973.53355977 148.03841492
965.34974359 142.92352980
962.79230103 134.22822511
975.57951382 137.80864469
981.20588745 141.38906427
982.22886447 149.06139194
982.22886447 152.64181152
984.78630703 158.77967366
984.27481851 167.98646687
993.48161172 170.54390942
986.32077256 174.63581752
985.80928405 182.81963370
979.15993340 185.88856477
992.45863470 185.88856477
991.94714619 191.00344988
1000.64245088 185.88856477
1007.80329004 184.86558775
999.61947386 178.21623710
1001.15393939 172.58986347
1008.82626707 172.58986347
1001.66542791 166.45200133
1012.40668665 168.49795538
986.32077256 131.15929404
991.43565768 125.53292041
995.01607726 122.46398934
991.43565768 136.27417915
996.55054279 141.90055278
996.55054279 147.01543790
991.94714619 152.13032301
1004.73435897 152.13032301
999.61947386 159.29116217
1011.38370962 159.29116217
1021.10199134 165.94051282
1022.63645688 174.63581752
1020.07901432 180.77367965
1020.59050283 187.42303030
1022.12496836 139.85459873
1011.38370962 127.57887446
1004.22287046 128.09036297
1009.33775558 118.88356976
1010.36073260 112.23421911
1002.68840493 107.63082251
1007.80329004 94.84360972
1018.03306027 100.98147186
1013.94115218 90.75170163
1020.59050283 92.79765568
1015.98710623 83.07937396
1014.96412920 72.84960373
1003.19989344 44.20624709
1010.87222111 47.78666667
1008.31477855 38.57987346
983.76333000 115.30315018
989.38970363 118.88356976
968.41867466 113.76868465
973.02207126 109.67677656
956.65443889 106.60784549
959.21188145 111.72273060
952.56253080 114.79166167
946.93615718 125.53292041
937.21787546 115.30315018
940.28680653 107.11933400
940.28680653 98.93551782
936.70638695 90.75170163
923.91917416 102.51593740
914.20089244 96.88956377
909.59749584 93.82063270
904.48261072 88.19425907
793.48960373 84.61383949
778.14494838 83.59086247
773.03006327 93.82063270
779.67941392 91.77467865
772.00708625 102.51593740
764.84624709 75.40704629
752.57052281 47.78666667
742.85224109 39.09136197
817.52956377 95.35509824
827.75933400 84.10235098
810.88021312 75.40704629
806.27681652 72.84960373
802.18490842 67.22323010
830.31677656 60.57387945
827.75933400 70.29216117
820.08700633 67.73471861
815.48360972 64.66578755
778.65643690 29.88456876
772.51857476 28.35010323
758.19689644 45.22922411
753.59349983 38.57987346
805.25383949 59.03941392
799.11597736 54.94750583
790.42067266 52.90155178
856.40269064 61.08536797
843.10398934 46.76368964
822.13296037 54.94750583
823.66742591 60.06239094
814.97212121 56.48197136
807.29979354 51.87857476
816.50658675 46.76368964
803.71937396 46.76368964
803.71937396 40.11433899
796.04704629 40.11433899
797.58151182 36.53391941
844.63845488 61.08536797
832.87421911 50.85559774
954.09699634 96.37807526
950.00508825 89.72872461
968.93016317 98.93551782
978.64844489 98.42402930
966.88420912 88.19425907
961.76932401 87.68277056
955.63146187 87.17128205
897.32177156 75.91853480
890.67242091 74.89555778
884.02307026 81.03341991
877.88520813 78.47597736
876.35074259 87.68277056
870.72436896 88.19425907
709.09399933 30.90754579
756.15094239 31.93052281
746.94414918 34.48796537
842.59250083 52.39006327
847.19589744 52.39006327
857.93715618 53.92452880
864.07501832 50.85559774
857.93715618 48.80964369
851.79929404 45.74071262
868.16692641 46.25220113
871.23585748 55.45899434
865.60948385 73.87258075
872.77032301 67.22323010
910.10898435 81.54490842
918.80428904 77.45300033
913.68940393 75.40704629
914.20089244 67.22323010
917.78131202 61.08536797
905.50558775 58.01643690
899.87921412 62.10834499
896.81028305 67.22323010
887.09200133 64.66578755
881.46562771 59.55090243
885.55753580 59.55090243
890.16093240 55.97048285
885.55753580 52.90155178
955.63146187 62.10834499
954.60848485 44.71773560
969.44165168 50.34410922
977.11397935 75.40704629
961.76932401 65.17727606
932.61447885 66.71174159
937.72936397 62.10834499
932.61447885 50.85559774
924.43066267 55.97048285
919.82726607 54.43601732
910.62047286 50.34410922
901.92516817 48.80964369
898.85623710 41.64880453
915.73535798 34.99945388
850.26482850 39.60285048
854.86822511 41.64880453
844.12696637 38.57987346
840.03505828 41.13731602
837.98910423 40.62582751
832.36273060 40.62582751
829.80528805 41.64880453
829.29379953 24.25819514
822.13296037 41.64880453
785.81727606 25.79266067
790.93216117 21.70075258
789.90918415 18.12033300
787.35174159 20.16628705
780.70239094 18.63182151
764.33475857 23.23521812
762.28880453 24.25819514
694.26083250 33.97647686
686.58850483 32.95349983
681.47361971 30.90754579
675.33575758 32.44201132
672.26682651 30.39605728
663.57152181 26.30414918
658.45663670 27.32712621
655.89919414 29.37308025
650.78430902 27.83861472
645.15793540 32.44201132
635.95114219 29.88456876
644.64644689 23.74670663
860.49459873 34.99945388
852.31078255 18.63182151
846.17292041 18.63182151
838.50059274 14.53991342
842.08101232 28.35010323
843.61547786 30.39605728
975.57951382 64.66578755
1001.66542791 89.72872461
979.15993340 84.61383949
976.09100233 83.59086247
969.44165168 76.43002331
940.28680653 83.59086247
945.91318015 59.03941392
938.75234099 56.48197136
880.95413919 34.48796537
872.77032301 41.13731602
868.67841492 35.51094239
867.65543790 39.60285048
892.20688645 47.78666667
878.90818515 50.34410922
700.65443889 27.83861472
690.42466866 27.83861472
685.30978355 25.28117216
676.61447885 26.30414918
715.48760573 25.79266067
706.28081252 25.28117216
711.39569764 28.86159174
727.25184149 27.32712621
735.94714619 14.02842491
721.11397935 22.72372960
724.69439893 19.65479853
746.17691642 16.07437895
749.75733600 14.02842491
753.84924409 5.84460872
762.03306027 6.35609724
766.12496836 5.84460872
766.12496836 16.58586747
769.70538795 16.58586747
776.35473859 11.98247086
753.33775558 18.12033300
747.71138195 23.23521812
749.24584749 30.39605728
754.36073260 25.28117216
786.07302031 3.79865468
786.07302031 11.47098235
814.71637696 23.74670663
798.86023310 23.74670663
798.86023310 30.39605728
790.67641692 30.39605728
791.69939394 36.53391941
792.72237096 43.69475857
862.54055278 29.37308025
866.63246087 23.23521812
861.51757576 20.67777556
864.58650683 18.63182151
874.81627706 22.72372960
878.90818515 25.79266067
874.81627706 28.86159174
880.95413919 29.37308025
886.58051282 32.44201132
889.64944389 19.14331002
883.51158175 16.58586747
895.27581752 16.07437895
907.04005328 23.23521812
976.60249084 53.92452880
980.18291042 52.39006327
1022.12496836 18.12033300
995.01607726 20.16628705
139.55154179 10.96183816
145.68940393 11.47332667
150.80428904 16.58821179
155.91917416 16.07672328
160.01108225 7.89290709
173.30978355 4.82397602
168.70638695 14.03076923
165.63745588 21.70309690
160.52257076 26.30649351
156.94215118 23.74905095
146.71238095 24.26053946
185.07401931 29.37542458
246.96412920 24.77202797
238.78031302 31.42137862
249.52157176 30.39840160
251.05603730 24.77202797
251.05603730 20.68011988
262.30878455 19.14565435
264.35473859 12.49630370
256.17092241 6.86993007
271.51557776 17.09970030
271.00408924 19.65714286
272.02706627 31.42137862
261.28580753 37.55924076
277.14195138 24.26053946
283.79130203 24.26053946
288.90618715 23.74905095
284.81427905 17.61118881
276.11897436 11.98481518
281.23385947 12.49630370
284.81427905 9.42737263
290.95214119 14.03076923
294.53256077 19.65714286
297.09000333 22.21458541
302.71637696 23.23756244
302.20488844 17.61118881
302.20488844 9.42737263
307.31977356 13.51928072
307.83126207 3.28951049
312.94614719 6.35844156
319.59549784 4.82397602
311.41168165 17.09970030
308.34275058 22.72607393
313.45763570 23.74905095
319.59549784 27.32947053
324.19889444 25.79500500
322.15294039 20.16863137
317.03805528 19.14565435
322.15294039 13.51928072
327.26782551 16.07672328
327.77931402 7.89290709
331.35973360 11.98481518
335.45164169 9.93886114
333.40568765 6.86993007
327.26782551 3.28951049
339.03206127 4.82397602
344.65843490 3.80099900
342.61248085 13.00779221
337.49759574 17.09970030
331.87122211 23.23756244
330.84824509 27.84095904
336.47461871 28.86393606
339.03206127 22.21458541
344.14694639 23.23756244
348.23885448 15.56523477
348.23885448 10.96183816
357.95713620 11.98481518
355.91118215 17.09970030
365.11797536 11.47332667
364.60648685 7.38141858
361.53755578 2.26653347
371.25583750 4.31248751
370.74434898 8.91588412
368.18690643 14.03076923
368.69839494 21.70309690
370.23286047 27.84095904
357.44564769 30.90989011
344.14694639 28.86393606
357.95713620 23.74905095
359.49160173 20.68011988
376.37072261 16.58821179
376.37072261 10.45034965
382.50858475 7.89290709
389.15793540 5.33546454
390.18091242 10.96183816
384.55453879 14.03076923
386.60049284 19.65714286
383.53156177 24.77202797
387.11198135 27.84095904
391.71537796 19.14565435
395.29579754 17.09970030
398.36472860 11.98481518
401.43365967 17.09970030
403.99110223 10.96183816
398.87621712 3.80099900
395.80728605 8.40439560
401.43365967 21.19160839
410.64045288 21.70309690
411.15194139 14.03076923
420.35873460 13.00779221
418.31278055 20.16863137
418.31278055 25.28351648
424.45064269 24.26053946
424.45064269 18.12267732
429.05403929 18.63416583
430.58850483 24.26053946
432.12297036 27.32947053
435.19190143 19.65714286
442.35274059 19.65714286
418.82426906 2.77802198
425.98510823 2.77802198
452.58251082 6.86993007
460.76632701 6.35844156
466.39270063 6.35844156
467.41567766 3.80099900
474.06502831 4.31248751
480.20289044 4.82397602
475.59949384 15.05374625
464.85823510 22.21458541
450.53655678 26.81798202
445.93316017 30.90989011
440.81827506 29.37542458
433.14594739 33.97882118
473.04205128 22.21458541
475.59949384 23.74905095
483.27182151 20.68011988
484.80628705 16.58821179
490.43266067 20.16863137
497.59349983 17.61118881
492.47861472 15.56523477
486.85224109 10.96183816
492.99010323 6.35844156
499.63945388 10.45034965
503.21987346 14.54225774
503.73136197 8.40439560
511.40368964 12.49630370
513.44964369 16.58821179
518.05304029 13.00779221
514.47262071 7.38141858
507.82327006 3.80099900
522.14494838 5.33546454
527.25983350 8.40439560
526.23685648 15.05374625
533.39769564 13.00779221
538.00109224 9.42737263
538.00109224 2.77802198
541.58151182 3.80099900
544.65044289 7.38141858
550.78830503 4.82397602
545.67341991 11.98481518
541.07002331 16.58821179
531.86323010 6.35844156
548.74235098 17.61118881
549.76532801 11.98481518
559.48360972 21.19160839
554.36872461 19.14565435
554.88021312 11.47332667
561.52956377 15.05374625
558.46063270 5.33546454
567.15593740 6.86993007
570.73635698 8.91588412
569.71337995 21.70309690
565.62147186 23.23756244
577.89719614 23.74905095
588.12696637 25.28351648
586.59250083 19.14565435
589.14994339 13.00779221
584.54654679 12.49630370
587.61547786 8.40439560
580.45463869 4.82397602
574.82826507 10.45034965
597.33375957 10.96183816
597.33375957 16.58821179
592.21887446 20.68011988
598.35673660 21.19160839
601.93715618 17.09970030
602.44864469 12.49630370
593.75333999 5.33546454
587.10398934 3.28951049
602.44864469 4.82397602
612.16692641 4.31248751
612.67841492 10.45034965
622.39669664 11.98481518
619.32776557 8.91588412
616.77032301 18.63416583
604.49459873 26.30649351
598.86822511 26.81798202
594.77631702 26.81798202
613.18990343 25.28351648
618.30478854 29.37542458
623.93116217 25.28351648
629.55753580 25.28351648
635.69539794 20.16863137
637.22986347 11.47332667
643.87921412 9.93886114
627.00009324 7.89290709
641.83326007 19.14565435
653.08600733 15.56523477
658.71238095 18.12267732
660.24684649 12.49630370
663.31577756 20.16863137
669.96512821 16.58821179
675.08001332 18.12267732
677.12596737 14.54225774
680.19489843 11.47332667
673.03405927 5.84695305
680.19489843 5.84695305
683.26382950 19.65714286
688.89020313 14.54225774
696.05104229 10.96183816
687.35573760 6.86993007
701.16592741 7.89290709
704.23485847 6.35844156
703.21188145 16.07672328
695.02806527 16.58821179
692.47062271 22.72607393
688.37871462 21.70309690
708.83825508 14.54225774
714.97611722 13.00779221
720.60249084 16.07672328
726.22886447 12.49630370
735.94714619 8.40439560
721.62546787 3.80099900
823.92317016 18.12267732
840.80229104 21.70309690
