97.82025316 629.06075949
190.17468354 585.31392405
295.89620253 525.76962025
366.37721519 501.46582278
404.04810127 508.75696203
399.18734177 586.52911392
479.38987342 506.32658228
543.79493671 550.07341772
529.21265823 723.84556962
684.75696203 610.83291139
715.13670886 478.37721519
839.08607595 517.26329114
904.70632911 610.83291139
999.49113924 625.41518987
989.76962025 558.57974684
964.25063291 512.40253165
1003.13670886 490.52911392
598.47848101 580.45316456
670.17468354 478.37721519
332.35189873 445.56708861
374.88354430 450.42784810
263.08607595 444.35189873
237.56708861 421.26329114
220.55443038 444.35189873
197.46582278 393.31392405
142.78227848 382.37721519
111.18734177 411.54177215
51.64303797 420.04810127
40.70632911 373.87088608
145.21265823 350.78227848
184.09873418 359.28860759
571.74430380 482.02278481
594.83291139 456.50379747
608.20000000 433.41518987
592.40253165 420.04810127
581.46582278 399.38987342
554.73164557 428.55443038
542.57974684 450.42784810
498.83291139 441.92151899
525.56708861 396.95949367
462.37721519 411.54177215
480.60506329 444.35189873
444.14936709 461.36455696
418.63037975 424.90886076
418.63037975 394.52911392
374.88354430 382.37721519
829.36455696 438.27594937
764.82810447 441.72563692
763.83307162 495.45741067
799.65425413 475.55675373
816.07229611 410.87961865
827.51517385 407.89452011
849.40589649 416.35229931
862.34132351 419.83491428
876.27178337 434.76040699
886.71962826 416.35229931
908.61035091 426.30262778
922.54081077 426.80014421
933.48617209 431.77530844
937.46630348 415.85478289
971.29742029 412.37216792
987.71546227 410.87961865
1008.11363564 423.31752924
1006.62108636 448.69086685
978.26265022 458.14367890
946.42159910 475.55675373
919.55571223 458.14367890
907.11780163 442.22315334
879.25688191 468.59152379
844.43073225 438.24302195
558.35878866 471.07910591
721.54417561 416.35229931
732.48953693 391.47647813
749.90261176 391.47647813
764.33058805 398.44170806
659.85213908 407.39700369
636.46886717 391.47647813
654.87697484 382.02366608
661.84220477 380.03360038
666.31985259 378.54105111
670.29998398 369.08823906
678.26024676 374.06340330
691.19567377 377.54601827
718.55907707 380.03360038
720.05162634 375.05843615
726.02182343 374.56091972
732.48953693 378.54105111
744.92744752 378.04353469
760.35045666 377.54601827
771.29581798 379.03856754
781.74366287 376.05346900
792.68902419 388.98889601
854.87857715 480.03440154
948.90918122 462.62132671
665.32481974 439.23805480
827.01765743 387.99386316
850.89844576 391.97399455
871.29661913 392.96902740
885.22707899 388.49137959
887.21714469 398.93922448
897.66498959 400.43177375
875.77426694 405.90445441
873.78420125 417.84484858
906.62028521 386.00379747
925.52590931 388.98889601
927.01845858 402.91935587
946.91911553 395.95412594
963.83467393 396.45164237
960.84957539 401.92432303
986.72042942 392.47151098
1020.05402980 402.42183945
648.90677776 366.10314052
653.38442557 365.60562410
632.98625220 370.58078834
640.44899856 377.54601827
628.01108797 381.02863323
620.05082519 370.58078834
610.10049672 368.09320622
610.10049672 384.51124820
613.58311168 360.63045986
628.01108797 359.13791059
660.84717193 360.13294344
172.93802275 350.87409069
174.21281846 336.21394007
157.64047428 349.59929498
146.16731293 333.66434866
134.69415158 338.12613363
113.66002243 340.67572504
99.63726967 340.67572504
90.71369973 333.66434866
67.12997917 338.76353149
67.76737702 352.14888640
46.09585002 354.06107996
101.54946323 361.70985419
110.47303317 377.64480051
122.58359237 358.52286493
162.73965711 364.25944560
174.85021631 361.07245634
185.04858196 378.28219837
213.73148534 367.44643487
235.40301234 376.37000481
214.36888319 350.87409069
215.00628104 340.67572504
243.05178657 347.04970357
259.62413075 352.78628425
259.62413075 364.25944560
331.65008813 374.45781125
302.96718475 394.21714469
280.65825989 419.71305880
301.69238904 434.37320942
349.49722801 412.06428457
352.68421727 391.03015542
366.06957218 373.18301554
346.94763660 367.44643487
440.00772312 386.56837045
474.42720718 379.55699407
487.17516424 404.41551033
503.74750841 376.37000481
557.28892806 396.12933825
545.81576670 383.38138119
558.56372376 371.90821984
369.25656145 349.59929498
382.00451851 349.59929498
394.11507771 364.25944560
403.67604551 354.06107996
417.25251892 360.99303374
407.81711447 366.42553933
423.54278855 357.56197758
430.97674357 358.70566296
437.26701321 365.85369664
452.13492325 365.85369664
462.42809174 359.56342701
472.72126023 360.99303374
490.16246240 355.56052815
496.45273204 358.99158431
502.74300167 354.70276411
508.74734996 362.42264048
517.89683306 356.99013488
523.61526000 358.41974162
533.33658580 355.84644949
545.34528237 356.70421354
528.47592290 368.71291011
515.89538363 372.71580897
479.29745122 369.85659550
414.39330545 350.41394390
394.95065385 343.26591023
401.81276618 337.54748329
410.10448524 332.40089904
416.68067622 338.40524733
411.24817063 340.40669676
380.08274381 338.97709002
365.78667646 338.40524733
361.49785625 345.55328100
353.49205854 345.55328100
392.94920442 336.40379790
389.23222691 338.69116868
424.11463125 337.83340463
438.69661994 338.69116868
443.27136149 346.41104504
448.70386709 347.26880909
457.56742884 350.41394390
423.82870990 375.57502244
393.52104712 380.72160668
326.04360923 354.70276411
324.89992384 340.40669676
312.60530592 344.69551696
340.05375523 337.26156194
345.77218217 339.54893272
352.06245180 334.97419116
331.19019347 331.25721365
314.03491265 337.83340463
313.17714861 328.68392153
490.16246240 341.55038215
495.30904665 343.55183157
517.89683306 343.83775292
515.60946228 348.41249447
527.04631616 348.41249447
582.51505748 346.69696639
537.33948466 349.27025851
483.30035007 346.69696639
478.15376583 349.84210121
469.86204677 342.40814619
458.13927154 345.83920235
425.25831663 342.69406753
376.07984495 334.40234847
318.03781151 365.56777529
312.89122727 375.28910109
389.23222691 356.41829219
149.26032890 473.21716244
198.43880058 509.81509485
165.27192433 435.47554463
116.09345265 459.49293778
17.73650928 411.45815148
18.88019467 373.71653368
6.29965540 349.69914053
26.88599239 338.26228665
39.31060197 337.30996951
43.28183233 330.08955068
55.19552339 325.75729939
64.94308881 321.42504809
73.96861234 323.59117374
82.27209399 323.59117374
85.16026152 334.06078104
107.18253894 318.53688056
108.98764364 329.00648786
114.76397871 325.75729939
120.17929282 323.59117374
123.78950224 330.08955068
134.98115142 322.50811092
158.80853354 327.20138315
185.16306226 329.72852974
191.30041826 338.75405328
200.32594179 335.86588574
199.96492085 344.89140928
221.62617733 323.23015280
234.98395216 339.83711610
236.42803592 329.00648786
297.07955406 342.36426269
291.66423994 329.72852974
290.94219806 338.39303233
275.41829758 336.58792763
36.78345538 321.06402715
20.17649209 322.14708998
6.45769632 332.25567633
7.90178008 314.56565021
19.81547114 306.98421044
48.69714645 313.84360833
41.11570668 309.15033609
20.89853397 362.58143540
128.48277447 317.45381774
184.80204132 319.25892245
192.74450203 324.67423656
77.57882175 344.16936739
62.77696316 364.74756105
59.88879563 379.18839870
60.97185845 310.59441985
158.80853354 339.83711610
269.64196252 342.36426269
249.42478981 331.17261351
249.42478981 324.31321562
239.31620345 323.59117374
232.81782651 322.50811092
227.04149145 329.72852974
149.06096813 325.75729939
146.89484248 319.61994339
93.46374317 313.48258738
88.04842905 313.84360833
79.74494740 314.20462927
32.81222503 327.56240410
8.62382196 322.50811092
15.12219891 316.00973397
163.14078484 319.61994339
172.16630837 322.14708998
159.89159637 313.48258738
136.78625612 314.92667115
202.85308838 318.53688056
259.89439711 328.28444598
264.94869029 323.95219468
275.41829758 325.75729939
259.53337617 338.75405328
253.39602016 349.94570246
246.53662228 369.07981234
277.58442323 370.88491705
289.13709335 378.10533588
276.50136041 395.07332012
255.56214581 381.71554529
215.84984227 406.62599024
808.22948245 377.99642685
820.29966352 372.76601506
828.74879026 377.99642685
849.26809806 374.77771191
850.07277680 367.13326390
785.69847781 364.31688832
771.61659990 364.31688832
766.78852748 359.89115526
752.30431021 355.86776158
751.90197084 367.13326390
758.74174011 367.13326390
732.18734177 361.50051274
724.14055440 364.71922769
721.32417882 360.29349463
713.67973081 366.32858516
706.43762218 365.92624579
704.42592533 358.68413716
711.26569460 357.87945842
712.87505207 355.06308284
690.74638680 357.47711905
693.16042301 363.10987021
701.60954975 368.74262137
682.29726005 357.07477968
679.48088447 363.51220958
672.23877584 355.86776158
663.38730973 353.05138600
668.61772152 351.84436789
745.06220157 361.50051274
740.63646851 359.08647653
795.35462266 363.10987021
815.06925172 369.94963948
825.53007531 368.74262137
837.60025637 365.92624579
879.04121134 369.94963948
893.92776799 381.61748117
884.27162314 374.37537254
859.72892165 375.58239064
865.36167281 375.58239064
870.59208460 380.81280244
857.31488544 384.83619612
853.29149175 382.82449928
845.64704374 386.44555360
835.58855953 389.26192918
812.65521551 386.44555360
972.38394488 377.19174812
684.71129627 459.67131870
693.56276238 437.94499279
679.48088447 423.86311489
954.78621294 388.31918501
966.29299157 387.05343936
921.25268726 376.52473692
896.39804544 389.18219341
973.95373335 402.06978547
1007.78366250 399.07802302
1012.84664509 392.63422700
979.01671594 442.11337507
647.23296703 434.83736264
628.81938062 406.19400599
741.34685315 434.83736264
358.75344655 430.74545455
45.72247752 516.67552448
570.50969031 380.61958042
568.46373626 363.22897103
572.55564436 351.97622378
561.30289710 344.81538462
554.14205794 348.90729271
545.95824176 343.79240759
575.62457542 363.22897103
587.90029970 367.32087912
598.13006993 366.29790210
593.01518482 373.45874126
578.69350649 388.80339660
596.08411588 399.03316683
783.28891109 411.30889111
286.12207792 355.04515485
304.53566434 355.04515485
833.01012658 501.46582278
229.06075949 350.78227848
287.16422487 324.01601363
281.27666099 325.32436116
297.63100511 324.01601363
300.24770017 328.59522998
306.13526405 325.32436116
306.78943782 331.21192504
325.10630324 324.67018739
332.30221465 327.94105622
339.49812606 329.90357751
345.38568995 329.90357751
357.16081772 332.52027257
357.81499148 327.94105622
364.35672913 332.52027257
366.97342419 327.94105622
372.86098807 330.55775128
371.55264055 333.82862010
383.32776831 331.86609881
391.17785349 331.86609881
121.00408859 315.51175468
115.11652470 315.51175468
90.91209540 324.34310051
88.94957411 319.10971039
80.77240204 310.93253833
74.55775128 310.27836457
72.26814310 311.25962521
76.19318569 313.54923339
74.23066440 315.18466780
68.99727428 319.76388416
64.09097104 316.49301533
67.68892675 311.91379898
58.53049404 317.14718910
54.27836457 317.14718910
55.25962521 311.91379898
81.75366269 411.34821124
43.81158433 389.76047700
34.98023850 349.52879046
49.37206133 341.35161840
46.75536627 327.61396934
43.81158433 316.82010221
46.42827939 309.29710392
35.30732538 309.62419080
26.14889267 305.69914821
26.47597956 309.95127768
30.40102215 311.91379898
32.36354344 316.82010221
21.89676320 313.54923339
13.06541738 309.62419080
9.46746167 305.69914821
7.17785349 308.97001704
4.23407155 305.37206133
2.59863714 308.64293015
2.59863714 324.67018739
28.71107325 307.17103918
34.43509370 307.82521295
40.32265758 307.33458262
39.83202726 316.16592845
48.82691652 318.78262351
46.53730835 320.90868825
39.50494037 328.75877342
52.75195911 322.70766610
60.76558773 319.76388416
75.81158433 319.27325383
83.00749574 317.47427598
91.34821124 309.29710392
86.27836457 311.09608177
55.69574106 308.47938671
51.77069847 308.97001704
49.31754685 310.76899489
98.05349233 314.53049404
98.54412266 311.91379898
110.31925043 310.93253833
109.33798978 314.20340716
122.25792164 312.40442930
96.74514480 329.74003407
99.85247019 325.32436116
97.07223169 323.03475298
94.45553663 319.60034072
118.87802385 318.78262351
103.99557070 312.89505963
101.37887564 311.58671210
129.34480409 315.67529813
131.96149915 314.03986371
125.58330494 313.54923339
145.69914821 316.00238501
148.64293015 315.51175468
152.73151618 317.63781942
154.53049404 314.85758092
157.31073254 317.96490630
139.15741056 326.46916525
140.13867121 332.19318569
127.54582624 327.28688245
124.60204429 321.07223169
168.43168654 318.78262351
169.90357751 315.18466780
164.83373083 316.65655877
173.01090290 315.67529813
176.11822828 317.47427598
179.71618399 316.32947189
177.75366269 320.74514480
175.95468484 326.79625213
177.42657581 330.72129472
181.67870528 326.46916525
189.52879046 319.43679727
188.05689949 316.00238501
126.07393526 342.65996593
357.97853492 328.59522998
350.78262351 329.90357751
350.12844974 331.53901193
352.74514480 331.70255537
349.63781942 326.46916525
347.67529813 328.43168654
346.53049404 325.97853492
364.19318569 328.92231687
371.38909710 330.55775128
371.87972743 327.61396934
383.16422487 335.30051107
387.08926746 333.66507666
394.93935264 331.37546848
383.49131175 328.59522998
400.49982964 330.88483816
400.33628620 334.15570698
403.11652470 332.19318569
403.77069847 333.82862010
406.55093697 333.66507666
404.58841567 330.06712095
431.57308348 334.80988075
405.89676320 342.49642249
400.82691652 348.22044293
414.56456559 333.82862010
423.39591141 334.15570698
425.84906303 334.15570698
427.64804089 336.28177172
436.80647359 334.80988075
440.89505963 334.80988075
574.01942078 356.72470187
546.54412266 349.20170358
540.65655877 343.64122658
537.38568995 340.37035775
534.11482112 340.69744463
530.84395230 340.69744463
526.91890971 340.04327087
522.33969336 339.71618399
518.08756388 340.04327087
513.83543441 339.71618399
509.91039182 338.08074957
506.31243612 340.69744463
505.98534923 342.00579216
506.31243612 346.58500852
510.56456559 348.22044293
512.52708688 343.64122658
499.44361158 340.69744463
503.69574106 337.42657581
498.78943782 334.80988075
493.88313458 335.46405451
493.22896082 337.75366269
490.61226576 338.08074957
486.03304940 337.42657581
484.07052811 340.69744463
481.78091993 338.73492334
474.58500852 340.37035775
477.52879046 336.77240204
431.57308348 351.65485520
431.24599659 344.13185690
422.57819421 345.27666099
415.38228279 341.84224872
432.71788756 338.89846678
434.68040886 333.01090290
431.24599659 332.35672913
445.14718910 334.97342419
447.27325383 337.26303237
449.39931857 334.64633731
450.70766610 337.91720613
453.65144804 334.15570698
454.46916525 337.42657581
458.39420784 338.57137990
461.33798978 341.51516184
465.09948893 338.40783646
461.82862010 334.48279387
462.15570698 338.89846678
458.55775128 335.30051107
467.87972743 336.28177172
472.29540034 336.11822828
472.78603066 339.22555366
488.32265758 348.71107325
470.16933560 347.89335605
467.87972743 349.36524702
464.93594549 371.60715503
556.02964225 342.98705281
551.77751278 342.65996593
569.11311755 342.98705281
567.80477002 345.93083475
573.69233390 343.31413969
579.57989779 352.47257240
584.48620102 352.79965928
588.73833049 356.39761499
595.60715503 355.74344123
594.29880750 348.54752981
588.41124361 348.22044293
585.14037479 347.23918228
584.81328790 344.62248722
589.71959114 344.94957411
593.97172061 344.94957411
598.87802385 347.56626917
599.85928450 353.45383305
601.82180579 348.22044293
605.74684838 345.27666099
605.41976150 348.54752981
610.32606474 348.87461670
610.32606474 343.64122658
607.70936968 359.01431005
610.65315162 352.79965928
614.57819421 349.52879046
619.81158433 348.22044293
618.83032368 352.79965928
619.81158433 356.39761499
625.69914821 348.22044293
628.97001704 349.85587734
632.56797274 347.89335605
636.49301533 347.56626917
633.87632027 352.47257240
634.85758092 356.72470187
644.01601363 355.41635434
625.37206133 353.78091993
617.19488927 345.27666099
640.74514480 348.54752981
641.39931857 351.49131175
644.99727428 349.20170358
646.95979557 348.22044293
655.46405451 350.18296422
650.88483816 351.49131175
656.77240204 353.45383305
652.52027257 355.74344123
669.20170358 364.90187394
673.78091993 352.47257240
668.54752981 349.85587734
678.03304940 351.81839864
685.22896082 353.78091993
686.86439523 349.85587734
695.69574106 355.74344123
694.06030664 353.12674617
698.96660988 353.45383305
700.92913118 359.01431005
699.29369676 359.99557070
708.45212947 355.74344123
721.53560477 356.07052811
727.42316865 357.05178876
727.42316865 359.34139693
732.98364566 357.05178876
737.56286201 357.05178876
741.48790460 356.07052811
746.06712095 356.07052811
755.55264055 357.70596252
752.28177172 358.68722317
750.64633731 357.05178876
742.46916525 369.80817717
741.16081772 373.07904600
728.73151618 367.19148211
710.08756388 377.00408859
699.62078365 376.02282794
692.09778535 371.11652470
687.19148211 366.53730835
684.57478705 373.73321976
661.67870528 362.61226576
775.17785349 359.99557070
777.79454855 362.28517888
784.99045997 360.64974446
792.84054514 361.63100511
794.47597956 365.22896082
801.99897785 363.26643952
801.99897785 366.53730835
797.09267462 370.46235094
802.65315162 374.71448041
797.09267462 380.27495741
786.62589438 380.92913118
815.73662692 361.95809199
811.15741056 363.92061329
805.59693356 362.93935264
820.97001704 361.95809199
818.35332198 365.88313458
823.58671210 364.90187394
831.10971039 363.26643952
833.07223169 368.82691652
838.30562181 372.09778535
842.55775128 367.84565588
840.59522998 364.57478705
846.15570698 365.55604770
836.99727428 379.62078365
864.47257240 367.51856899
862.18296422 366.86439523
856.62248722 365.88313458
870.36013629 369.80817717
870.03304940 366.21022147
873.63100511 368.17274276
876.90187394 387.14378194
897.18126065 377.98534923
893.25621806 371.77069847
890.31243612 369.15400341
897.18126065 369.48109029
903.39591141 374.71448041
906.01260647 372.09778535
905.68551959 369.15400341
912.55434412 371.77069847
914.84395230 376.34991482
916.47938671 371.11652470
915.17103918 383.54582624
924.32947189 371.11652470
929.23577513 374.71448041
935.45042589 374.38739353
932.50664395 371.11652470
938.39420784 372.09778535
944.28177172 372.42487223
938.06712095 379.29369676
937.41294719 383.54582624
942.64633731 386.48960818
943.30051107 379.94787053
938.72129472 391.39591141
951.47768313 376.02282794
947.55264055 380.92913118
959.65485520 378.96660988
957.36524702 375.36865417
948.53390119 372.42487223
962.92572402 373.40613288
967.17785349 374.38739353
970.44872232 374.38739353
976.66337308 376.67700170
984.18637138 378.31243612
974.70085179 385.18126065
978.29880750 390.74173765
989.41976150 379.29369676
983.85928450 375.04156729
995.30732538 377.65826235
999.88654174 377.65826235
999.88654174 383.54582624
994.32606474 397.61056218
991.38228279 403.17103918
1004.79284497 380.27495741
1005.11993186 377.00408859
1011.98875639 377.65826235
1011.33458262 379.94787053
1008.71788756 382.89165247
1005.11993186 393.35843271
1000.21362862 388.12504259
