66.87037037 691.22592593
180.64814815 715.87777778
336.14444444 674.15925926
442.33703704 721.56666667
485.00370370 746.21851852
387.34444444 668.47037037
103.84814815 620.11481481
71.61111111 606.84074074
56.44074074 579.34444444
9.98148148 524.35185185
3.34444444 486.42592593
18.51481481 449.44814815
45.06296296 511.07777778
64.97407407 513.92222222
55.49259259 532.88518519
100.05555556 560.38148148
135.13703704 595.46296296
228.05555556 626.75185185
198.66296296 621.06296296
168.32222222 587.87777778
132.29259259 549.95185185
163.58148148 552.79629630
195.81851852 533.83333333
210.04074074 521.50740741
210.98888889 504.44074074
217.62592593 494.01111111
179.70000000 494.01111111
165.47777778 485.47777778
89.62592593 441.86296296
73.50740741 485.47777778
106.69259259 530.04074074
104.79629630 500.64814815
148.41111111 489.27037037
125.65555556 505.38888889
108.58888889 513.92222222
166.42592593 524.35185185
146.51481481 519.61111111
265.98148148 499.70000000
272.61851852 514.87037037
272.61851852 561.32962963
299.16666667 541.41851852
292.52962963 569.86296296
327.61111111 606.84074074
344.67777778 624.85555556
304.85555556 515.81851852
356.05555556 526.24814815
357.00370370 503.49259259
381.65555556 540.47037037
302.01111111 501.59629630
364.58888889 587.87777778
408.20370370 575.55185185
459.40370370 624.85555556
539.99629630 659.93703704
639.55185185 687.43333333
615.84814815 667.52222222
546.63333333 606.84074074
495.43333333 586.92962963
482.15925926 608.73703704
486.90000000 563.22592593
480.26296296 547.10740741
436.64814815 539.52222222
445.18148148 508.23333333
415.78888889 511.07777778
398.72222222 520.55925926
386.39629630 509.18148148
399.67037037 551.84814815
513.44814815 537.62592593
548.52962963 507.28518519
571.28518519 521.50740741
563.70000000 546.15925926
596.88518519 555.64074074
703.07777778 629.59629630
677.47777778 592.61851852
655.67037037 527.19629630
718.24814815 530.04074074
757.12222222 572.70740741
754.27777778 541.41851852
773.24074074 528.14444444
814.01111111 586.92962963
742.90000000 756.64814815
869.95185185 630.54444444
905.98148148 616.32222222
892.70740741 585.98148148
850.98888889 542.36666667
821.59629630 537.62592593
896.50000000 549.00370370
968.55925926 550.90000000
943.90740741 559.43333333
881.32962963 494.95925926
599.72962963 502.54444444
588.35185185 522.45555556
320.97407407 507.28518519
998.90000000 597.59629630
967.13703704 430.24814815
995.10740741 446.84074074
926.36666667 440.20370370
890.33703704 442.10000000
793.62592593 433.09259259
851.93703704 443.99629630
870.90000000 416.50000000
900.29259259 412.70740741
929.21111111 409.86296296
954.81111111 412.70740741
988.94444444 415.55185185
996.05555556 404.64814815
989.41851852 398.95925926
974.72222222 403.22592593
943.43333333 401.80370370
929.68518519 399.90740741
899.34444444 400.38148148
884.17407407 394.21851852
865.21111111 404.17407407
849.09259259 399.43333333
832.50000000 411.28518519
822.54444444 400.85555556
774.66296296 411.28518519
763.75925926 424.55925926
698.33703704 477.65555556
693.59629630 433.56666667
746.69259259 438.78148148
809.74444444 401.32962963
895.55185185 379.99629630
913.09259259 381.41851852
929.68518519 379.04814815
935.84814815 385.68518519
953.38888889 383.31481481
964.29259259 387.58148148
979.93703704 389.47777778
993.21111111 373.35925926
976.14444444 370.04074074
967.13703704 367.67037037
950.07037037 368.14444444
948.17407407 378.10000000
938.21851852 375.25555556
930.63333333 371.93703704
923.04814815 365.30000000
879.90740741 373.35925926
889.86296296 371.93703704
874.69259259 377.15185185
831.07777778 387.10740741
794.10000000 391.84814815
765.18148148 405.59629630
761.38888889 399.43333333
767.07777778 394.69259259
772.29259259 387.10740741
764.70740741 384.26296296
758.07037037 382.84074074
775.13703704 379.52222222
787.93703704 385.21111111
839.61111111 372.41111111
862.84074074 370.04074074
870.90000000 363.87777778
879.90740741 360.08518519
882.75185185 325.95185185
898.39629630 361.98148148
912.14444444 372.41111111
915.93703704 353.44814815
929.21111111 355.34444444
931.58148148 359.13703704
920.67777778 354.87037037
931.58148148 350.12962963
990.84074074 353.92222222
998.90000000 343.49259259
987.52222222 332.58888889
993.21111111 338.27777778
979.93703704 333.06296296
980.88518519 337.80370370
970.45555556 334.95925926
966.18888889 343.96666667
960.02592593 343.49259259
969.50740741 347.28518519
971.40370370 345.86296296
969.50740741 350.12962963
946.75185185 351.55185185
944.38148148 349.65555556
950.54444444 316.94444444
957.18148148 316.94444444
961.44814815 316.94444444
967.13703704 316.47037037
971.87777778 314.10000000
975.67037037 316.47037037
982.30740741 312.20370370
987.04814815 312.67777778
994.15925926 311.25555556
997.00370370 315.52222222
938.69259259 316.94444444
944.85555556 316.94444444
928.73703704 316.47037037
911.19629630 319.78888889
905.50740741 316.47037037
933.47777778 316.47037037
901.71481481 318.36666667
897.44814815 315.99629630
912.14444444 341.12222222
917.83333333 338.75185185
922.57407407 337.80370370
927.78888889 343.01851852
921.62592593 349.18148148
919.25555556 343.96666667
914.51481481 348.70740741
933.47777778 334.01111111
957.18148148 329.27037037
948.64814815 335.90740741
961.44814815 335.90740741
950.54444444 341.59629630
937.74444444 346.81111111
941.53703704 334.01111111
933.95185185 339.22592593
942.48518519 341.12222222
979.93703704 345.86296296
986.57407407 343.96666667
957.18148148 357.24074074
811.16666667 376.20370370
823.96666667 381.41851852
805.00370370 384.73703704
793.62592593 381.89259259
784.61851852 379.04814815
832.97407407 367.67037037
832.97407407 359.13703704
844.35185185 358.18888889
850.04074074 360.55925926
859.52222222 323.58148148
871.84814815 346.33703704
878.01111111 354.87037037
850.98888889 377.15185185
855.25555556 382.84074074
873.74444444 388.52962963
914.51481481 393.74444444
871.37407407 335.90740741
875.64074074 316.47037037
886.07037037 315.52222222
887.49259259 309.83333333
896.50000000 334.95925926
904.55925926 347.28518519
894.12962963 345.86296296
885.12222222 353.44814815
907.87777778 355.81851852
933.47777778 366.24814815
835.81851852 324.52962963
839.61111111 314.10000000
843.40370370 319.31481481
845.77407407 320.73703704
854.30740741 317.41851852
842.92962963 338.27777778
840.08518519 344.91481481
846.24814815 346.33703704
830.60370370 347.28518519
851.46296296 348.70740741
670.84074074 420.29259259
661.83333333 433.09259259
625.32962963 431.19629630
614.42592593 423.13703704
603.52222222 417.92222222
594.04074074 413.65555556
573.18148148 415.55185185
539.52222222 427.40370370
649.03333333 417.92222222
636.70740741 409.86296296
648.08518519 405.12222222
667.99629630 402.75185185
677.95185185 395.16666667
686.01111111 385.21111111
688.85555556 412.23333333
661.35925926 390.90000000
643.81851852 398.01111111
628.17407407 404.64814815
623.90740741 401.80370370
675.10740741 380.94444444
667.04814815 380.94444444
622.48518519 389.00370370
640.02592593 384.26296296
615.37407407 382.84074074
600.20370370 387.58148148
592.14444444 399.90740741
577.44814815 403.22592593
593.09259259 381.89259259
601.62592593 378.57407407
638.12962963 371.93703704
648.55925926 372.88518519
629.59629630 377.15185185
620.58888889 373.83333333
610.15925926 376.20370370
642.87037037 369.56666667
658.04074074 369.09259259
657.56666667 375.25555556
658.04074074 362.92962963
655.67037037 359.13703704
646.18888889 331.64074074
641.44814815 362.92962963
650.92962963 362.92962963
636.70740741 366.24814815
627.70000000 369.56666667
622.01111111 339.22592593
613.00370370 369.09259259
650.92962963 390.42592593
830.60370370 314.57407407
830.12962963 321.68518519
833.92222222 321.21111111
870.90000000 320.26296296
866.15925926 323.10740741
859.04814815 313.62592593
869.47777778 316.94444444
403.46296296 430.48518519
448.97407407 427.64074074
499.22592593 444.70740741
492.58888889 424.79629630
473.62592593 419.10740741
525.77407407 423.84814815
558.01111111 400.14444444
569.38888889 391.61111111
572.23333333 384.02592593
580.76666667 390.66296296
593.09259259 338.51481481
654.24814815 321.21111111
659.93703704 319.31481481
650.45555556 315.99629630
643.81851852 315.52222222
633.86296296 318.36666667
628.17407407 317.41851852
635.28518519 316.47037037
620.58888889 314.57407407
615.84814815 315.99629630
604.47037037 317.89259259
657.56666667 337.80370370
631.96666667 338.75185185
633.86296296 334.95925926
640.97407407 335.90740741
627.22592593 338.75185185
613.00370370 342.07037037
616.79629630 338.27777778
610.63333333 337.80370370
606.36666667 339.22592593
603.52222222 338.27777778
605.41851852 342.54444444
633.86296296 360.55925926
642.87037037 358.66296296
606.36666667 347.28518519
610.15925926 348.70740741
604.47037037 354.87037037
603.99629630 358.18888889
565.12222222 372.41111111
569.86296296 369.56666667
575.07777778 369.09259259
567.49259259 364.82592593
567.49259259 355.81851852
574.12962963 355.34444444
568.91481481 350.12962963
576.02592593 347.28518519
569.38888889 347.28518519
568.44074074 343.96666667
579.81851852 339.22592593
577.44814815 319.78888889
587.40370370 319.31481481
590.72222222 316.94444444
597.35925926 316.47037037
579.34444444 317.41851852
567.49259259 315.04814815
570.33703704 317.89259259
541.89259259 317.41851852
558.48518519 317.89259259
547.58148148 314.57407407
553.27037037 339.22592593
549.47777778 343.01851852
544.26296296 351.55185185
547.58148148 350.60370370
548.52962963 347.28518519
552.79629630 347.28518519
551.84814815 350.12962963
556.11481481 352.97407407
557.53703704 349.65555556
560.85555556 344.91481481
561.32962963 340.64814815
557.06296296 362.45555556
549.00370370 361.50740741
539.04814815 363.87777778
532.41111111 368.14444444
527.19629630 371.46296296
538.57407407 379.04814815
549.47777778 370.98888889
555.16666667 376.67777778
562.27777778 361.03333333
558.01111111 393.27037037
557.06296296 384.26296296
532.88518519 394.69259259
547.58148148 397.53703704
534.78148148 403.22592593
530.51481481 409.86296296
502.54444444 342.54444444
434.75185185 413.65555556
448.50000000 414.60370370
456.55925926 393.27037037
442.33703704 398.48518519
442.81111111 394.69259259
423.84814815 397.06296296
407.72962963 407.96666667
374.07037037 432.14444444
392.08518519 429.30000000
357.00370370 428.82592593
382.12962963 403.70000000
450.39629630 379.99629630
459.40370370 375.72962963
439.49259259 374.78148148
394.45555556 349.65555556
442.33703704 387.10740741
455.13703704 366.72222222
457.98148148 370.98888889
459.87777778 374.78148148
467.93703704 368.14444444
472.67777778 371.46296296
473.15185185 362.92962963
475.04814815 368.61851852
478.84074074 355.34444444
483.10740741 353.44814815
484.52962963 358.66296296
490.69259259 346.81111111
530.04074074 320.26296296
521.03333333 319.78888889
508.70740741 320.26296296
482.15925926 326.90000000
484.05555556 325.95185185
472.67777778 317.89259259
430.01111111 318.84074074
436.17407407 324.05555556
448.02592593 326.42592593
454.18888889 317.41851852
459.87777778 318.84074074
445.18148148 273.32962963
457.50740741 334.48518519
467.46296296 334.48518519
454.66296296 359.13703704
456.55925926 355.34444444
461.30000000 353.44814815
457.03333333 350.12962963
467.46296296 351.07777778
474.57407407 350.12962963
467.46296296 356.76666667
466.51481481 362.92962963
445.18148148 359.61111111
448.97407407 361.03333333
441.86296296 366.24814815
448.02592593 366.72222222
440.44074074 351.55185185
429.53703704 356.76666667
421.95185185 364.82592593
425.74444444 350.60370370
419.58148148 320.73703704
411.04814815 318.84074074
412.47037037 326.42592593
400.61851852 318.36666667
381.18148148 318.84074074
384.50000000 346.81111111
366.01111111 321.21111111
375.01851852 319.78888889
358.42592593 320.26296296
343.25555556 319.78888889
348.94444444 319.78888889
338.04074074 319.78888889
424.79629630 383.31481481
414.84074074 362.92962963
416.73703704 356.76666667
414.84074074 350.12962963
405.83333333 349.65555556
412.94444444 353.92222222
367.43333333 370.04074074
372.64814815 398.01111111
362.21851852 399.43333333
359.37407407 392.79629630
367.43333333 389.00370370
357.47777778 384.73703704
363.16666667 386.63333333
358.90000000 376.20370370
356.05555556 367.19629630
357.47777778 356.29259259
360.79629630 361.03333333
345.62592593 371.46296296
345.62592593 396.58888889
346.57407407 388.52962963
339.93703704 389.00370370
353.68518519 409.86296296
346.10000000 407.49259259
354.63333333 396.58888889
342.78148148 361.98148148
352.73703704 332.58888889
371.70000000 328.79629630
400.14444444 328.79629630
365.53703704 357.24074074
373.59629630 357.71481481
371.70000000 361.98148148
366.48518519 364.35185185
343.72962963 352.02592593
342.78148148 344.44074074
341.83333333 339.22592593
336.61851852 351.07777778
321.44814815 321.21111111
313.38888889 317.41851852
305.80370370 317.89259259
334.72222222 321.68518519
329.03333333 320.73703704
328.55925926 333.53703704
310.07037037 341.12222222
319.55185185 341.12222222
310.54444444 333.53703704
301.06296296 342.07037037
299.16666667 341.12222222
329.98148148 360.08518519
324.29259259 355.81851852
329.98148148 366.24814815
334.72222222 367.19629630
325.71481481 377.15185185
320.97407407 379.04814815
317.65555556 380.47037037
328.55925926 413.18148148
336.61851852 397.53703704
317.18148148 397.53703704
303.43333333 401.80370370
291.10740741 407.49259259
283.99629630 404.17407407
274.04074074 411.75925926
265.50740741 428.35185185
255.07777778 443.52222222
326.66296296 430.72222222
221.41851852 430.24814815
195.81851852 408.91481481
196.76666667 430.24814815
190.12962963 416.97407407
147.46296296 430.72222222
173.53703704 420.29259259
224.26296296 411.28518519
261.71481481 402.75185185
274.98888889 402.75185185
282.10000000 397.53703704
293.95185185 394.69259259
302.01111111 392.32222222
306.27777778 381.89259259
303.43333333 373.35925926
293.95185185 323.58148148
233.74444444 337.32962963
284.47037037 334.48518519
282.57407407 315.52222222
283.52222222 321.68518519
275.46296296 318.84074074
261.71481481 318.36666667
270.72222222 319.31481481
267.40370370 322.63333333
255.07777778 321.68518519
237.53703704 316.47037037
249.86296296 316.94444444
229.00370370 316.94444444
247.01851852 325.47777778
256.97407407 334.95925926
261.71481481 336.38148148
266.45555556 333.53703704
272.14444444 334.48518519
275.46296296 349.65555556
263.13703704 350.60370370
266.45555556 349.18148148
269.77407407 347.28518519
258.87037037 350.60370370
249.38888889 335.90740741
219.52222222 314.10000000
226.63333333 318.84074074
219.52222222 319.78888889
213.35925926 316.94444444
192.97407407 315.04814815
196.76666667 320.26296296
200.08518519 320.26296296
205.77407407 319.78888889
211.93703704 315.52222222
210.51481481 319.31481481
234.69259259 331.16666667
212.41111111 344.91481481
208.61851852 349.18148148
205.30000000 346.33703704
219.52222222 339.22592593
188.23333333 346.33703704
192.97407407 350.12962963
198.66296296 350.12962963
195.81851852 349.65555556
319.55185185 362.92962963
214.30740741 230.18888889
268.82592593 239.67037037
265.50740741 385.68518519
273.09259259 379.04814815
284.94444444 389.95185185
273.56666667 394.21851852
250.81111111 397.53703704
239.90740741 398.01111111
213.83333333 391.84814815
204.82592593 399.43333333
229.95185185 396.11481481
227.10740741 391.37407407
228.52962963 388.05555556
234.69259259 383.78888889
256.02592593 374.30740741
246.07037037 385.68518519
249.38888889 378.10000000
257.44814815 366.24814815
260.76666667 360.55925926
231.84814815 366.72222222
226.63333333 385.21111111
218.57407407 379.52222222
218.10000000 385.68518519
202.45555556 381.89259259
216.20370370 374.30740741
219.04814815 370.98888889
216.20370370 361.50740741
211.46296296 360.55925926
185.86296296 316.47037037
177.32962963 317.89259259
175.90740741 316.47037037
176.38148148 324.52962963
183.96666667 321.68518519
167.37407407 314.57407407
163.10740741 313.62592593
158.36666667 315.99629630
155.99629630 313.15185185
148.88518519 315.04814815
138.45555556 316.47037037
136.08518519 315.52222222
130.39629630 315.52222222
125.65555556 320.26296296
122.81111111 313.62592593
128.02592593 318.84074074
114.75185185 319.31481481
110.48518519 315.04814815
111.90740741 316.47037037
95.78888889 315.52222222
101.95185185 316.47037037
109.06296296 320.26296296
107.16666667 316.94444444
116.64814815 323.58148148
142.24814815 336.85555556
141.77407407 319.78888889
155.99629630 339.70000000
173.53703704 346.33703704
183.49259259 343.96666667
180.17407407 352.02592593
128.50000000 359.61111111
150.30740741 358.18888889
144.14444444 353.44814815
111.90740741 343.96666667
70.66296296 330.21851852
81.09259259 330.21851852
125.18148148 345.38888889
117.12222222 350.12962963
104.79629630 358.18888889
101.95185185 354.87037037
102.90000000 350.60370370
93.41851852 352.97407407
96.73703704 352.50000000
90.57407407 359.13703704
198.66296296 374.78148148
205.77407407 379.99629630
195.81851852 379.52222222
187.28518519 378.57407407
189.18148148 387.10740741
176.38148148 377.15185185
177.80370370 384.26296296
193.44814815 354.87037037
164.52962963 374.78148148
156.47037037 369.56666667
148.88518519 370.51481481
148.41111111 379.04814815
145.56666667 372.88518519
146.51481481 385.68518519
155.04814815 388.52962963
165.95185185 390.90000000
176.85555556 391.37407407
163.58148148 400.38148148
167.84814815 402.27777778
153.62592593 406.07037037
161.68518519 416.02592593
133.24074074 414.60370370
136.08518519 404.64814815
142.72222222 396.58888889
135.13703704 388.05555556
118.54444444 381.41851852
122.33703704 385.21111111
126.12962963 374.30740741
124.70740741 377.62592593
118.07037037 373.35925926
123.28518519 365.30000000
136.08518519 372.41111111
81.56666667 352.02592593
84.41111111 347.75925926
80.14444444 357.24074074
76.82592593 359.13703704
73.98148148 360.08518519
73.98148148 352.97407407
74.92962963 349.18148148
85.35925926 361.98148148
81.56666667 364.82592593
67.34444444 361.03333333
59.28518519 352.97407407
65.44814815 352.02592593
86.78148148 374.78148148
87.25555556 377.15185185
99.58148148 379.04814815
107.16666667 375.25555556
107.16666667 379.99629630
110.95925926 388.52962963
91.99629630 386.63333333
76.35185185 388.05555556
67.81851852 386.63333333
64.97407407 378.57407407
75.40370370 375.72962963
114.75185185 415.55185185
125.65555556 408.91481481
130.87037037 398.48518519
110.01111111 398.48518519
108.11481481 406.54444444
97.21111111 395.16666667
103.84814815 393.74444444
101.95185185 389.95185185
83.93703704 397.53703704
79.67037037 402.75185185
67.34444444 398.48518519
64.50000000 403.22592593
62.60370370 413.18148148
72.55925926 424.55925926
98.15925926 424.55925926
91.04814815 412.70740741
110.95925926 430.24814815
129.44814815 424.55925926
138.45555556 380.47037037
89.15185185 314.57407407
68.29259259 312.20370370
67.81851852 316.47037037
73.03333333 316.94444444
81.09259259 321.21111111
70.66296296 313.15185185
63.55185185 314.10000000
61.18148148 319.78888889
55.49259259 317.41851852
41.27037037 312.67777778
41.27037037 315.99629630
44.58888889 322.15925926
76.82592593 319.31481481
61.18148148 328.79629630
66.87037037 370.04074074
45.53703704 403.70000000
45.06296296 387.58148148
46.01111111 379.04814815
42.69259259 377.62592593
24.20370370 347.28518519
8.08518519 353.92222222
4.76666667 390.90000000
13.30000000 396.11481481
6.66296296 398.95925926
17.56666667 420.29259259
40.32222222 428.82592593
37.47777778 418.39629630
6.18888889 419.34444444
23.72962963 410.33703704
34.15925926 390.42592593
25.15185185 389.95185185
14.24814815 387.10740741
17.09259259 382.36666667
22.78148148 382.84074074
27.99629630 373.35925926
30.36666667 314.57407407
23.72962963 314.57407407
19.46296296 315.99629630
11.87777778 315.04814815
1.44814815 315.04814815
20.88518519 330.69259259
10.92962963 333.06296296
43.64074074 334.48518519
15.19629630 315.99629630
22.78148148 341.59629630
37.95185185 343.49259259
34.63333333 357.71481481
53.12222222 353.92222222
46.01111111 354.87037037
40.32222222 357.24074074
55.96666667 360.55925926
51.22592593 360.08518519
96.73703704 335.90740741
105.27037037 346.33703704
98.15925926 347.75925926
274.51481481 446.60370370
183.49259259 429.53703704
603.52222222 437.12222222
521.03333333 356.52962963
522.92962963 348.94444444
534.30740741 337.56666667
532.41111111 347.99629630
35.58148148 675.10740741
1013.75874126 375.29320679
1000.46003996 384.50000000
1009.66683317 361.99450549
1002.50599401 357.90259740
1000.46003996 349.71878122
1004.55194805 353.81068931
1010.68981019 354.83366633
1022.96553447 354.83366633
1015.80469530 347.67282717
1009.66683317 341.53496503
1006.59790210 340.51198801
1005.57492507 314.93756244
1002.50599401 311.86863137
1011.71278721 312.89160839
1018.87362637 311.86863137
1021.94255744 313.91458541
1020.91958042 342.55794206
1015.80469530 371.20129870
214.81368631 335.39710290
229.39110889 235.14535465
169.54695305 316.98351648
203.81668332 360.97152847
252.40809191 363.01748252
258.54595405 358.92557443
308.67182817 369.66683317
309.69480519 360.97152847
384.37212787 330.79370629
80.03646354 371.71278721
53.43906094 399.33316683
58.04245754 393.70679321
35.02547453 399.84465534
37.58291708 396.26423576
