29.47426497 561.22018149
6.47607985 531.94976407
94.98424682 610.00421053
157.00965517 598.15666062
165.37263158 627.42707804
202.30911071 637.88079855
203.00602541 623.24558984
205.79368421 584.91528131
220.42889292 570.28007260
296.39259528 551.46337568
292.90802178 538.91891107
294.99876588 627.42707804
338.20747731 589.79368421
339.60130672 571.67390200
348.66119782 522.19295826
370.26555354 504.07317604
387.68842105 521.49604356
370.96246824 561.91709619
383.50693285 602.33814882
439.95702359 563.31092559
437.16936479 534.04050817
449.71382940 537.52508167
465.74286751 506.86083485
465.74286751 492.92254083
495.01328494 492.92254083
508.95157895 481.07499093
459.47063521 634.39622505
496.40711434 632.30548094
507.55774955 619.76101633
52.47245009 437.16936479
56.65393829 432.29096189
79.65212341 437.16936479
21.80820327 434.38170599
27.44159710 388.73379310
27.09313975 321.48152450
56.36355717 317.99695100
73.78642468 320.08769510
88.77009074 310.67934664
100.26918330 313.81546279
119.43433757 319.04232305
107.93524501 343.08588022
109.32907441 361.55411978
106.54141561 352.14577132
119.78279492 373.75012704
111.07136116 378.97698730
74.48333938 383.15847550
54.27281307 375.49241379
26.74468240 404.41437387
9.67027223 395.70294011
2.70112523 419.74649728
2.35266788 432.63941924
85.63397459 425.67027223
104.10221416 422.53415608
123.96428312 414.86809437
133.37263158 413.12580762
154.62852995 413.12580762
160.20384755 394.65756806
176.58134301 404.41437387
191.21655172 404.41437387
200.27644283 391.52145191
223.27462795 388.73379310
231.98606171 403.02054446
243.83361162 381.76464610
227.45611615 355.63034483
204.10947368 350.40348457
189.12580762 363.99332123
172.74831216 359.11491833
156.02235935 362.94794918
135.46337568 357.72108893
146.78823956 345.17662432
142.60675136 350.75194192
166.30185118 308.24014519
186.16392015 307.89168784
185.11854809 314.51237750
200.79912886 319.04232305
203.23833031 340.99513612
209.51056261 339.94976407
260.38533575 357.02417423
252.02235935 321.13306715
242.61401089 314.51237750
260.73379310 317.64849365
218.83179673 358.59223230
291.92072595 376.53778584
282.86083485 353.53960073
274.14940109 320.08769510
274.84631579 308.93705989
299.23833031 360.16029038
316.66119782 343.08588022
314.57045372 350.40348457
316.66119782 365.03869328
329.20566243 352.14577132
342.44704174 360.85720508
335.47789474 339.94976407
338.96246824 317.64849365
335.12943739 275.83361162
341.05321234 282.80275862
327.46337568 285.93887477
315.96428312 284.19658802
367.30366606 258.06228675
184.71201452 339.25284936
358.41800363 316.95157895
357.02417423 339.60130672
361.90257713 355.63034483
353.88805808 374.09858439
375.84087114 344.13125227
371.31092559 321.48152450
396.74831216 273.74286751
416.95883848 271.30366606
412.08043557 278.62127042
410.68660617 288.37807623
417.65575318 293.95339383
408.59586207 304.05865699
393.26373866 313.46700544
393.26373866 338.20747731
392.21836661 350.05502722
395.70294011 361.20566243
406.15666062 343.43433757
423.23107078 353.88805808
440.65393829 340.29822142
442.74468240 351.44885662
460.86446461 366.08406534
466.43978221 339.25284936
450.75920145 324.26918330
463.65212341 321.48152450
449.01691470 307.19477314
447.62308530 295.69568058
448.66845735 282.45430127
441.69931034 257.71382940
465.39441016 276.18206897
482.46882033 289.07499093
470.96972777 305.45248639
472.71201452 316.60312160
481.77190563 317.64849365
462.25829401 315.90620690
468.87898367 317.64849365
487.95702359 328.97335753
490.04776770 337.51056261
503.28914701 322.70112523
513.04595281 320.43615245
507.47063521 315.90620690
515.31092559 310.67934664
492.31274047 311.20203267
491.26736842 283.32544465
510.95520871 295.17299456
510.25829401 273.56863884
521.58315789 293.95339383
518.96972777 271.82635209
536.04413793 269.73560799
555.55774955 282.97698730
551.55049002 303.18751361
537.78642468 313.29277677
546.14940109 314.51237750
531.33996370 317.82272232
522.97698730 337.68479129
586.39622505 316.08043557
576.81364791 307.19477314
556.60312160 292.55956443
559.91346642 288.55230490
561.30729583 281.75738657
569.14758621 283.49967332
570.36718693 291.33996370
574.54867514 299.00602541
593.19114338 302.66482759
600.16029038 298.30911071
586.57045372 290.64304900
589.35811252 287.15847550
594.93343013 281.23470054
601.37989111 281.23470054
610.61401089 279.84087114
609.39441016 262.76646098
596.67571688 257.01691470
582.91165154 261.89531760
585.87353902 271.82635209
575.94250454 265.55411978
576.63941924 251.26736842
551.02780399 256.66845735
586.39622505 249.87353902
597.89531760 249.52508167
605.38715064 247.43433757
597.37263158 272.00058076
618.28007260 294.12762250
614.44704174 286.11310345
597.37263158 279.31818512
619.49967332 259.28188748
630.47607985 259.10765880
628.38533575 290.46882033
635.87716878 286.63578947
645.80820327 281.06047187
650.33814882 284.89350272
581.34359347 255.62308530
610.70112523 217.29277677
580.73379310 216.24740472
576.20384755 238.89713249
591.53597096 234.71564428
594.32362976 234.71564428
569.49604356 237.85176044
613.92435572 247.95702359
609.74286751 244.64667877
624.20384755 241.85901996
628.38533575 238.37444646
630.12762250 225.65575318
632.39259528 229.48878403
639.88442831 225.82998185
643.54323049 231.92798548
648.94431942 233.32181488
660.09495463 230.35992740
663.05684211 223.73923775
671.41981851 224.95883848
675.07862069 233.49604356
666.36718693 249.52508167
646.50511797 246.38896552
653.47426497 241.51056261
665.67027223 266.94794918
612.18206897 240.63941924
623.07136116 231.23107078
663.92798548 252.48696915
662.01147005 289.94613430
691.80457350 243.77553539
697.37989111 243.77553539
687.97154265 231.23107078
706.61401089 226.17843920
718.98424682 226.52689655
726.99876588 234.54141561
731.87716878 230.18569873
725.43070780 230.88261343
692.15303085 230.01147005
651.90620690 228.79186933
656.69749546 222.17117967
652.42889292 271.12943739
608.00058076 235.06410163
30.75194192 657.51056261
87.89894737 674.23651543
140.86446461 663.08588022
170.13488203 663.08588022
277.45974592 657.51056261
516.84994555 507.55774955
540.54504537 488.04413793
547.51419238 495.71019964
596.29822142 465.04595281
608.84268603 482.46882033
596.99513612 505.46700544
621.38715064 537.52508167
613.72108893 547.28188748
590.72290381 538.22199637
636.71927405 536.82816697
671.56500907 537.52508167
699.44159710 536.13125227
687.59404719 537.52508167
635.32544465 633.69931034
762.86083485 471.31818512
748.92254083 469.22744102
809.55411978 508.95157895
835.33996370 511.73923775
845.09676951 580.03687840
835.33996370 637.18388385
790.73742287 617.67027223
834.64304900 497.10402904
818.61401089 487.34722323
812.34177858 445.53234120
826.28007260 435.77553539
817.22018149 432.29096189
822.09858439 400.23288566
833.94613430 383.50693285
859.90620690 475.15121597
864.78460980 465.39441016
886.73742287 450.75920145
915.65938294 429.15484574
926.46156080 426.36718693
940.74831216 459.47063521
944.58134301 470.27281307
950.85357532 501.28551724
931.68842105 535.78279492
949.11128857 545.53960073
879.76827586 412.77735027
874.19295826 400.23288566
858.16392015 421.14032668
850.49785844 431.24558984
842.48333938 413.12580762
834.12036298 404.06591652
841.78642468 395.70294011
844.57408348 385.59767695
845.27099819 375.14395644
850.14940109 369.22018149
867.22381125 383.50693285
871.40529946 390.82453721
881.16210526 380.71927405
890.91891107 386.99150635
911.12943739 418.70112523
948.06591652 373.75012704
936.91528131 373.40166969
900.32725953 384.55230490
893.35811252 372.35629764
906.94794918 366.08406534
857.17662432 622.54867514
857.17662432 600.24740472
880.17480944 591.18751361
916.41437387 561.22018149
982.62127042 489.43796733
971.47063521 474.80275862
994.46882033 422.53415608
1003.52871143 416.95883848
987.49967332 415.56500907
964.09495463 395.00602541
986.39622505 391.52145191
997.54686025 388.38533575
1011.83361162 387.68842105
1011.83361162 376.53778584
1001.03143376 377.58315789
1021.59041742 377.58315789
1013.57589837 408.24740472
994.06228675 366.43252269
1008.69749546 361.20566243
986.74468240 358.06954628
998.59223230 349.70656987
967.92798548 354.58497278
965.14032668 368.52326679
961.65575318 349.35811252
948.06591652 346.91891107
927.15847550 348.31274047
921.23470054 353.53960073
912.87172414 358.41800363
899.28188748 363.64486388
903.46337568 351.79731397
896.49422868 350.75194192
891.96428312 343.43433757
884.29822142 357.02417423
860.95157895 353.53960073
847.01328494 361.90257713
879.07136116 340.29822142
881.16210526 328.79912886
893.70656987 334.02598911
907.64486388 338.90439201
922.28007260 340.99513612
924.02235935 329.84450091
973.15484574 343.43433757
1001.72834846 331.23833031
1018.80275862 344.47970962
1014.62127042 330.54141561
995.10765880 329.14758621
850.84631579 252.13851180
897.19114338 268.16754991
896.14577132 315.20929220
884.99513612 321.82998185
901.72108893 317.64849365
908.34177858 313.46700544
922.62852995 306.84631579
929.24921960 292.21110708
927.15847550 278.96972777
923.67390200 272.00058076
951.55049002 323.92072595
946.32362976 326.35992740
950.50511797 319.04232305
962.70112523 299.87716878
973.15484574 299.87716878
1004.16754991 305.45248639
1000.33451906 318.34540835
1011.48515426 314.86083485
1019.84813067 321.48152450
1018.10584392 306.14940109
1018.45430127 284.19658802
1020.54504537 277.22744102
1016.01509982 271.65212341
1008.69749546 280.71201452
1003.47063521 287.33270417
993.01691470 285.59041742
997.19840290 277.92435572
986.04776770 279.31818512
944.90076225 266.25103448
950.30185118 271.47789474
950.65030853 262.59223230
949.43070780 255.44885662
959.18751361 264.68297641
957.27099819 259.45611615
965.11128857 255.79731397
969.29277677 258.06228675
971.73197822 256.14577132
975.73923775 255.62308530
975.21655172 249.35085299
977.30729583 265.90257713
976.08769510 274.43978221
973.47426497 278.96972777
972.08043557 291.68842105
1008.66845735 258.75920145
1014.24377495 259.80457350
1012.15303085 266.42526316
1021.73560799 255.62308530
1005.00965517 264.68297641
1001.52508167 255.27462795
983.92798548 253.35811252
988.98061706 254.22925590
986.71564428 259.80457350
992.81364791 257.88805808
997.51782214 255.27462795
995.77553539 252.48696915
995.60130672 243.94976407
1011.97880218 244.12399274
1020.34177858 244.64667877
1010.75920145 251.26736842
984.45067151 247.60856624
983.92798548 268.51600726
995.60130672 260.67571688
997.34359347 272.17480944
941.59041742 239.94250454
954.30911071 264.68297641
1004.13851180 239.07136116
891.00602541 213.80820327
903.55049002 213.80820327
916.61764065 213.98243194
925.85176044 217.46700544
936.82816697 205.79368421
950.94068966 217.46700544
938.39622505 229.66301270
868.35629764 203.18025408
876.71927405 204.22562613
881.07499093 194.12036298
874.62852995 199.17299456
842.57045372 192.55230490
919.40529946 204.39985481
933.16936479 204.22562613
923.58678766 193.77190563
922.88987296 188.02235935
932.82090744 192.20384755
934.04050817 182.79549909
952.85720508 190.11310345
949.19840290 191.68116152
950.06954628 205.44522686
947.45611615 212.41437387
942.57771325 217.81546279
940.31274047 219.38352087
894.49059891 203.87716878
889.08950998 190.98424682
902.33088929 196.55956443
906.68660617 201.96065336
902.33088929 190.46156080
943.10039927 189.41618875
837.16936479 193.07499093
833.33633394 188.71927405
840.82816697 186.28007260
845.00965517 186.45430127
849.19114338 184.36355717
853.37263158 181.57589837
849.01691470 180.70475499
832.29096189 175.82635209
841.52508167 172.16754991
837.16936479 180.70475499
831.94250454 182.44704174
853.89531760 177.74286751
854.76646098 173.03869328
858.42526316 177.22018149
856.33451906 181.57589837
859.47063521 187.15121597
821.05321234 663.08588022
765.30003630 674.23651543
773.66301270 703.50693285
788.99513612 743.92798548
819.65938294 713.26373866
834.99150635 695.14395644
611.97880218 736.95883848
631.49241379 762.04776770
681.67027223 753.68479129
644.03687840 763.44159710
508.83542650 725.80820327
535.31818512 707.68842105
571.55774955 692.35629764
572.95157895 664.47970962
614.76646098 653.32907441
201.14758621 234.48333938
206.02598911 237.27099819
291.74649728 242.14940109
719.47789474 175.24558984
709.02417423 182.91165154
736.20384755 174.20021779
742.47607985 171.41255898
762.33814882 167.23107078
767.56500907 170.36718693
766.17117967 226.81727768
762.68660617 227.51419238
564.06591652 248.42163339
773.14032668 225.07499093
814.60675136 198.59223230
824.71201452 203.12217786
825.75738657 192.32000000
811.47063521 188.13851180
820.53052632 188.13851180
823.31818512 185.00239564
818.43978221 178.03324864
811.81909256 178.38170599
817.04595281 166.18569873
725.40166969 182.56319419
869.66301270 175.24558984
869.31455535 167.92798548
860.60312160 165.48878403
823.66664247 163.04958258
827.84813067 172.80638838
796.13851180 154.68660617
789.51782214 154.68660617
901.28551724 171.06410163
919.05684211 153.98969147
917.83724138 170.54141561
911.91346642 170.54141561
872.36355717 165.48878403
865.04595281 162.87535390
869.05321234 158.69386570
995.80457350 195.80457350
993.71382940 201.72834846
986.04776770 201.03143376
982.21473684 196.50148820
966.88261343 202.42526316
971.06410163 188.48696915
964.09495463 189.18388385
958.17117967 189.53234120
966.88261343 195.80457350
970.01872958 198.94068966
957.12580762 199.98606171
957.12580762 210.43978221
974.54867514 209.04595281
959.91346642 227.51419238
971.76101633 231.69568058
957.82272232 222.63578947
958.51963702 217.06047187
963.74649728 217.06047187
946.67208711 240.40711434
994.55593466 226.99150635
997.86627949 222.46156080
993.16210526 221.76464610
1013.37263158 230.82453721
992.29096189 216.71201452
1002.22199637 220.71927405
1007.44885662 219.67390200
982.01147005 210.61401089
985.67027223 197.19840290
989.85176044 197.89531760
994.55593466 219.67390200
1020.34177858 206.95520871
1021.73560799 211.13669691
1018.59949183 217.40892922
1023.82635209 238.31637024
1016.68297641 197.72108893
936.36355717 157.64849365
954.65756806 163.22381125
958.14214156 163.22381125
971.55774955 157.64849365
963.36900181 156.08043557
977.65575318 156.95157895
983.75375681 159.04232305
987.58678766 158.86809437
997.69205082 159.21655172
1003.26736842 160.95883848
1004.83542650 163.22381125
923.64486388 167.57952813
948.06591652 152.94431942
945.27825771 153.98969147
1013.92435572 182.56319419
998.24377495 216.71201452
833.77190563 164.79186933
840.39259528 165.83724138
925.76464610 153.64123412
930.64304900 153.64123412
923.67390200 156.08043557
890.57045372 171.06410163
887.78279492 170.36718693
884.29822142 170.36718693
1011.83361162 162.00421053
1012.87898367 159.56500907
1021.24196007 167.57952813
851.77553539 165.14032668
845.15484574 171.06410163
854.91165154 163.74649728
880.69749546 166.18569873
878.95520871 174.89713249
878.25829401 168.62490018
882.78823956 159.21655172
906.13488203 151.89894737
904.74105263 155.38352087
900.90802178 152.94431942
899.51419238 152.94431942
896.72653358 152.59586207
885.92435572 155.38352087
