213.47343591 457.75611398
254.39251683 518.11175833
160.27863072 502.76710299
35.95268693 415.70061902
19.58709848 427.25279911
86.97481565 433.02888916
107.83291859 503.62554525
264.42913756 435.91693418
315.13037238 435.91693418
313.84679682 395.80519776
225.92187060 399.01413668
104.94487357 388.10374437
5.14687337 406.07380228
160.78041066 431.74531359
362.82808127 524.24962047
383.28762173 452.64122886
344.41449486 419.90596413
414.99990944 532.43343666
428.29861074 489.46840169
476.37853082 504.81305704
555.14776159 534.47939070
630.84806129 528.34152856
655.39950984 457.75611398
688.13477458 437.29657352
759.74316618 441.38848161
749.51339595 507.88198810
845.67323611 472.07779230
868.17873062 526.29557452
929.55735200 472.07779230
1000.14276658 459.80206802
889.66124810 415.81405604
868.17873062 403.53833176
762.81209725 400.46940069
729.05385549 369.78009000
697.34156778 405.58428581
663.58332602 367.73413596
628.80210724 413.76810199
686.08882053 355.45841168
555.14776159 472.07779230
508.09081853 434.22764245
556.17073861 389.21665344
430.34456479 421.95191817
458.98792143 398.42344665
426.25265669 356.48138870
460.01089845 343.18268741
493.76914021 339.09077931
375.10380554 384.10176832
344.41449486 384.10176832
312.70220714 355.45841168
269.73717218 389.21665344
277.92098836 355.45841168
4.24499802 187.97683831
7.71453547 184.40817121
16.73533286 183.02035623
30.31609376 184.50730085
36.16474261 184.40817121
45.97857713 181.83080053
40.03079863 191.14898684
31.80303838 194.32113537
16.04142537 192.93332039
11.67972114 194.71765394
3.74934981 200.46717315
21.29529637 207.10885914
24.86396347 197.98893211
35.47083512 208.29841483
27.04481558 218.70702720
27.54046379 228.91738028
17.23098107 229.90867670
7.71453547 213.05663763
6.42585013 208.49667412
5.43455372 234.66689950
39.93166899 223.66350928
61.83931978 222.96960179
67.68796863 231.39562132
59.85672695 181.33515232
53.80981881 193.82548716
54.50372630 186.58902333
58.76630089 184.90381942
77.20441423 182.32644874
67.29145007 188.57161616
64.21843118 212.46185978
42.50903967 205.91930344
87.31563767 194.02374645
89.49648978 183.02035623
80.77308132 197.98893211
76.70876602 205.32452559
80.87221097 215.73313795
95.14687935 214.74184154
83.94522985 224.15915749
98.02163896 210.57839659
77.99949527 164.43354843
76.41342100 167.80395625
70.86216108 164.43354843
68.87956824 168.79525266
54.40664057 177.51866112
53.01882559 183.06992105
49.45015849 171.57088263
57.18227054 169.78654908
34.97723082 174.34651259
35.96852724 179.89777252
27.04685949 171.76914191
30.81378587 176.13084614
28.23641519 177.12214256
22.88341455 174.54477187
21.49559957 178.31169825
3.85052336 174.14825331
77.20645814 159.67532564
74.23256889 158.28751065
51.23449204 157.49447352
54.20838129 158.68402922
70.66390179 159.47706635
67.69001254 153.92580642
42.70934286 156.50317711
45.28671355 153.72754714
33.58941584 167.80395625
40.72675003 168.39873410
21.09908100 165.62310413
14.35826537 157.89099209
17.33215462 156.70143639
7.22093118 166.01962270
16.34085820 166.61440055
30.81378587 241.15989102
30.61552659 254.83978156
23.27993311 248.09896593
11.38437612 253.25370729
0.87663411 259.59800436
18.32345103 262.17537504
46.07975068 255.83107798
64.51786401 244.33203955
89.69679298 240.56511317
104.76449850 247.10766952
118.24612975 248.29722522
135.29642811 242.94422457
160.67361635 243.34074314
152.34672646 230.45388973
146.20068868 222.12699984
134.30513169 209.63666500
114.87572194 214.79140636
114.28094409 203.29236793
122.40957470 199.12892299
99.21323857 178.50995754
79.18905097 174.54477187
79.78382882 169.78654908
62.33701190 168.39873410
24.27122953 163.44225202
89.69679298 260.58930077
70.06912394 261.58059719
101.19583140 235.01385324
82.95597735 234.41907539
114.67746266 161.45965918
127.56431606 165.22658557
132.71905743 178.50995754
123.00435255 181.08732822
120.82350044 188.62118098
114.28094409 188.02640313
131.33124244 168.99351195
128.75387176 158.68402922
122.40957470 158.28751065
118.24612975 159.27880707
110.11749914 177.12214256
107.73838775 171.37262334
105.16101706 169.39003051
100.00627570 187.03510671
164.44054273 216.17922134
176.73261829 238.38426106
180.69780395 256.22759654
181.68910037 221.33396270
195.96376876 209.24014643
182.48213750 205.47322005
197.15332446 197.54284872
177.92217399 190.80203309
184.66298962 189.41421811
175.34480331 181.08732822
195.96376876 184.45773603
193.58465736 172.56217904
184.86124890 169.78654908
182.48213750 179.89777252
158.09624567 185.84555102
156.70843069 193.77592234
166.02661700 200.71499725
157.69972711 204.68018292
144.41635513 209.83492428
149.57109650 197.14633016
138.46857664 194.37070019
138.46857664 188.02640313
141.04594732 181.48384679
143.22679943 166.01962270
151.95020789 168.00221553
150.16587435 161.06314062
162.06143134 158.88228850
132.12427958 154.52058427
173.95698833 162.05443703
187.04210102 157.49447352
191.00728668 165.22658557
180.10302610 159.27880707
10.10335545 363.18132613
38.79167811 347.10597291
29.64109243 330.04136719
55.85628384 328.06286218
57.09284947 310.25631707
80.09297023 308.27781206
116.69531294 347.10597291
132.77066616 321.13809464
110.26517165 310.99825645
160.46973632 376.04160870
178.77090767 383.21368937
211.41624036 338.69732661
189.65268524 331.77255907
200.28714967 319.65421588
150.08258501 338.45001349
51.65196069 354.52536670
59.56598073 391.62233567
60.30792011 367.13833615
213.88937163 342.15971038
203.25490719 358.48237673
261.55335599 337.04482527
271.78312622 331.92994015
255.41549386 303.28658351
230.86404531 286.91895114
213.47343591 267.48238771
189.94496439 292.03383626
199.15175759 249.06880129
206.31259675 220.42544465
219.61129805 211.21865144
210.40450485 190.75911098
219.61129805 188.71315694
309.63327607 331.92994015
313.72518417 307.37849160
333.16174760 296.12574435
341.34556379 272.59727282
323.95495440 262.36750259
334.18472463 249.06880129
39.56734201 286.91895114
5.80910025 294.07979030
6.83207727 274.64322687
22.17673262 294.07979030
59.56546975 151.80524966
56.47916545 151.95956487
51.23244813 153.34840181
50.15224162 150.26209751
32.71462230 154.58292353
37.03544833 157.05196698
48.30045904 164.61341252
79.78076295 148.10168449
91.50871931 145.32401062
101.23057787 148.56463014
122.06313193 150.10778229
118.51388198 146.40421712
80.55233903 190.84699912
32.56030709 159.52101042
73.60815434 145.16969540
72.83657827 141.00318459
65.89239358 147.02147799
131.32204485 136.37372813
137.80328389 140.69455416
103.39099089 140.38592373
146.59925116 140.38592373
152.30891412 136.06509770
147.37082723 131.12701081
129.77889270 148.10168449
117.74230591 132.82447818
114.03874074 133.28742383
110.48949079 129.27522823
134.40834915 132.51584775
70.98479568 150.41641272
959.22368566 419.90596413
1015.48742193 374.89497512
992.98192742 365.68818191
977.63727208 346.25161847
927.51139795 356.48138870
876.36254680 355.45841168
896.82208726 333.97589420
941.83307627 312.49337672
1007.30360574 305.33253756
1013.44146788 258.27559450
989.91299635 260.32154854
950.01689246 276.68918091
919.32758177 283.85002007
903.98292642 285.89597412
889.66124810 272.59727282
886.59231703 299.19467542
906.02888047 267.48238771
891.70720215 245.99987022
957.17773162 239.86200808
798.61629306 374.89497512
794.52438497 319.65421588
798.61629306 283.85002007
835.44346588 283.85002007
850.78812123 269.52834175
874.31659276 241.90796213
854.88002932 242.93093915
834.42048886 249.06880129
825.21369565 260.32154854
807.82308626 256.22964045
705.52538397 300.21765244
697.34156778 277.71215793
651.30760175 310.44742267
671.76714221 262.36750259
672.79011923 238.83903106
700.41049885 231.67819190
708.59431504 249.06880129
723.93897038 214.28758251
763.83507428 276.68918091
756.67423512 252.13773236
750.53637298 238.83903106
756.67423512 223.49437572
765.88102832 213.26460549
477.40150784 303.28658351
418.06884051 326.81505504
426.25265669 303.28658351
402.72418517 276.68918091
365.89701234 294.07979030
368.96594341 317.60826183
384.31059875 250.09177831
372.03487448 232.70116892
347.48342592 230.65521488
320.88602333 213.26460549
254.39251683 250.09177831
251.32358576 281.80406603
232.90999935 227.58628381
272.80610325 220.42544465
283.03587348 210.19567442
298.38052882 209.17269740
315.77113821 202.01185823
328.04686249 192.80506503
352.59831104 207.12674335
333.16174760 180.52934075
339.29960974 173.36850159
348.50640295 167.23063945
364.87403532 192.80506503
376.12678257 203.03483526
462.05685250 232.70116892
446.71219715 241.90796213
432.39051883 168.25361648
455.91899036 152.90896113
503.99891044 232.70116892
493.76914021 263.39047961
520.36654281 272.59727282
534.68822113 298.17169839
545.94096838 341.13673336
576.63027907 329.88398611
596.06684251 357.50436573
628.80210724 362.61925084
499.90700235 213.26460549
514.22868067 210.19567442
514.22868067 183.59827182
491.72318616 185.64422587
471.26364570 187.69017991
479.44746189 174.39147861
496.83807128 169.27659350
520.36654281 166.20766243
519.34356578 192.80506503
542.87203731 190.75911098
540.82608327 173.36850159
549.00989945 181.55231778
552.07883052 283.85002007
558.21669266 249.06880129
534.68822113 249.06880129
575.60730205 256.22964045
603.22768167 274.64322687
601.18172762 244.97689320
609.36554381 224.51735274
597.08981953 203.03483526
578.67623312 214.28758251
563.33157777 192.80506503
635.96294640 253.16070938
646.19271663 225.54032976
623.68722213 203.03483526
669.72118816 216.33353656
685.06584351 227.58628381
694.27263671 217.35651358
692.22668267 198.94292717
846.18114778 219.97476246
864.33106979 218.27320728
888.90908917 204.09358071
881.53568336 206.92950602
893.44656967 191.23738595
878.69975804 185.37647364
868.86855029 182.72961001
880.59037492 174.03277239
889.47627424 174.03277239
852.42018347 178.94837626
840.13117378 176.67963601
845.61396272 174.22183407
844.85771597 187.64521389
838.05149522 203.33733396
903.65590080 194.64049633
906.68088780 181.59523989
913.48710856 174.97808082
919.34802087 169.49529188
927.09955006 169.49529188
937.11981950 172.14215551
925.96517993 177.62494445
919.91520593 194.07331127
914.05429362 184.43116520
913.10898518 239.82623966
928.23392019 257.78709998
920.86051437 274.42452848
951.29944607 271.96672654
934.28389419 223.56693453
934.85107925 213.92478846
939.95574481 209.57636965
939.19949806 200.87953202
906.86994949 213.92478846
908.00431962 203.33733396
946.19478050 171.00778538
950.16507594 169.49529188
965.10094926 169.49529188
970.58373820 172.14215551
960.37440707 179.70462301
965.66813432 176.86869770
952.05569282 188.96864570
944.68228700 182.72961001
945.06041038 177.43588276
934.85107925 188.21239895
949.97601426 201.25765539
963.39939407 196.53111321
972.66341676 198.61079177
974.17591026 205.41701252
973.98684858 213.92478846
973.79778689 223.94505790
972.85247845 237.17937603
939.57762144 217.89508390
951.67756944 271.58860317
991.38052383 262.70270385
1013.68980296 261.56833373
1001.58985496 249.65744741
999.69923808 241.14967147
1016.71478997 234.53251241
1009.90856921 225.26848971
1017.66009840 219.02945403
1009.53044584 216.38259040
1017.47103672 211.27792484
1005.93827377 202.20296383
1013.12261790 200.50140864
1017.28197503 194.64049633
1003.66953352 208.63106121
1000.07736146 212.03417159
994.21644915 216.38259040
988.73366021 223.94505790
985.51961152 197.47642164
985.89773489 190.67020089
990.62427708 202.77014889
994.02738746 188.77958402
983.43993295 183.48585676
986.65398164 178.94837626
977.20089726 172.70934057
991.19146214 172.89840226
988.54459852 176.11245095
992.32583227 179.70462301
1006.69452052 175.54526589
1000.26642315 180.27180807
992.89301733 169.68435357
998.37580627 170.06247695
1013.87886465 172.14215551
1017.09291334 170.25153863
1022.57570228 172.70934057
1022.00851722 177.43588276
1020.68508540 181.40617820
1019.73977697 185.37647364
1013.12261790 186.69990545
1011.98824778 180.08274639
1003.10234846 231.88564878
1018.41634515 173.08746395
898.36217355 171.38590876
858.47015747 169.49529188
859.03734254 198.98891514
886.07316386 227.34816828
1023.14288734 198.61079177
849.67367923 106.39723110
833.48591095 104.68034659
837.41021841 103.94453894
825.63729603 102.96346208
818.76975797 101.24657756
817.54341189 103.94453894
811.65695070 104.18980816
805.52522029 102.96346208
792.77122105 100.02023148
785.41314456 107.62357718
793.75229791 118.66069192
796.94079772 124.05661468
801.84618205 117.92488427
798.16714381 117.67961505
794.73337478 110.81207700
789.82799045 137.05588314
803.56306656 126.50930684
805.52522029 116.20799976
806.99683559 112.52896151
817.54341189 116.69853819
801.84618205 130.43361430
798.65768224 141.71599825
789.82799045 148.82880552
783.45099083 151.77203612
786.14895221 158.63957417
799.88402832 154.71526671
795.95972086 148.33826709
803.80833578 164.52603537
801.60091283 176.29895775
807.24210481 188.80768778
787.62056750 192.73199524
780.99829866 178.01584226
821.46771935 182.67595737
819.26029641 167.22399675
810.67587384 164.52603537
819.99610406 155.20580515
815.58125816 159.86592026
813.86437365 150.05515160
812.14748913 139.75384452
836.42914155 121.11338408
825.14675760 122.09446095
839.12710293 128.96199900
834.71225703 130.43361430
833.48591095 123.56607624
826.37310368 140.98019060
823.92041152 150.54569004
847.95679471 146.62138258
847.95679471 140.48965217
849.91894844 134.60319098
840.10817979 143.67815198
844.52302569 129.94307587
853.84325590 111.05734621
850.90002531 110.81207700
856.78648650 107.37830797
858.50337101 109.34046170
859.48444788 105.66142345
879.35125440 109.34046170
885.72825402 113.26476916
892.84106130 116.69853819
911.23625252 126.26403762
926.44294393 120.62284565
918.34905979 115.47219211
911.97206017 115.22692289
901.91602230 116.69853819
898.23698405 132.39576803
891.85998443 135.82953706
888.67148462 129.69780665
889.40729227 140.98019060
883.52083108 144.41395963
872.72898556 131.41469117
874.93640851 125.52822997
882.29448500 131.41469117
882.53975421 128.96199900
857.27702493 131.41469117
861.20133239 130.43361430
858.25810180 120.37757643
868.31413967 119.39649957
865.86144750 121.35865330
874.69113929 120.62284565
864.88037064 148.82880552
857.03175572 147.35719023
875.42694694 150.79095925
887.93567697 146.62138258
871.74790869 164.52603537
869.78575496 172.86518872
857.52229415 162.56388164
861.69187083 159.13011261
865.12563985 155.94161280
839.61764136 157.16795888
845.74937177 165.01657380
831.27848801 162.56388164
834.95752625 187.33607248
824.65621917 192.73199524
826.86364211 183.16649580
899.70859935 151.77203612
900.93494543 144.41395963
908.29302192 143.18761355
912.95313703 142.69707512
905.10452211 147.84772866
900.93494543 135.09372941
894.80321503 163.79022772
910.50044487 166.24291988
913.68894468 157.65849731
922.51863647 155.45107436
943.36651985 141.71599825
936.74425101 131.41469117
952.93201929 124.54715311
963.96913402 132.39576803
953.66782694 134.60319098
953.66782694 130.67888352
948.27190418 131.90522960
950.23405791 129.69780665
971.81774894 134.11265255
978.44001778 131.65996038
985.55282506 134.84846019
989.96767095 135.82953706
1007.13651609 138.52749844
1009.09866982 142.69707512
1012.53243885 141.47072903
1015.96620788 143.18761355
1012.77770807 144.41395963
1018.66416926 146.13084414
1022.34320750 157.16795888
1022.34320750 163.79022772
1007.38178531 152.99838220
1003.45747785 160.35645869
991.68455546 147.84772866
985.79809427 148.33826709
989.96767095 152.26257455
994.62778606 156.43215123
983.34540211 162.07334320
973.28936424 167.46926596
977.94947935 165.01657380
981.13797916 157.41322809
981.13797916 152.50784377
977.70421014 148.82880552
966.17655697 144.90449806
961.76171108 144.90449806
959.06374970 148.33826709
966.17655697 150.05515160
975.74205640 155.69634358
972.06301816 153.48892063
958.32794205 159.13011261
944.59286594 159.13011261
942.63071220 138.77276765
944.83813515 149.56461317
949.49825026 150.05515160
939.93275083 153.48892063
937.23478945 148.33826709
940.17802004 146.62138258
944.10232750 147.35719023
931.10305904 148.33826709
924.48079020 152.01730533
921.53755960 144.90449806
908.29302192 151.28149769
908.78356036 147.11192101
913.44367547 151.28149769
918.59432901 152.99838220
928.15982844 150.54569004
951.95094242 142.69707512
935.27263572 139.75384452
925.21659785 143.18761355
840.10817979 117.67961505
849.67367923 128.96199900
853.35271747 114.24584602
854.82433277 118.66069192
719.60536991 200.49987571
739.16558991 191.56287864
747.42809664 206.40166623
759.90616802 198.98227244
776.09393629 198.64502726
764.79622302 187.17869140
769.51765543 169.97918761
762.77275198 177.06133623
756.36509371 173.52026192
739.50283509 179.42205244
705.60969526 180.09654278
692.11988836 184.14348485
695.49234009 175.03786519
716.06429560 167.11260364
693.46886905 166.43811330
695.82958526 149.57585468
697.00994336 141.81921571
700.55101767 146.20340295
708.30765664 142.83095123
715.72705043 155.30902261
715.38980526 144.68579968
719.60536991 139.79574468
730.90308319 141.14472537
743.04390940 137.09778330
740.00870285 151.76794830
734.61278009 160.03045502
759.73754543 161.37943571
770.19214578 152.44243864
780.81536871 142.83095123
771.87837164 139.28987692
780.98399129 132.03910571
775.75669112 145.86615778
769.01178767 145.19166744
832.24525750 154.12866451
789.41512060 216.51902140
804.92839853 212.47207933
816.56335698 224.61290554
711.17424060 134.73706709
856.86415509 199.31951761
729.83718405 128.67585158
742.61366631 129.35545170
749.27374749 127.86033144
758.38038910 145.12217449
759.05998922 158.85009692
760.55510949 153.00553589
688.10973668 150.28713540
689.33301689 135.74369283
689.87669699 125.54969103
690.14853704 119.16144990
697.62413836 123.64681069
702.24541918 118.88960985
706.45893992 123.91865074
712.43942098 125.54969103
712.43942098 128.94769163
721.00238249 121.33617029
717.46846187 116.44304942
724.26446307 126.09337113
720.05094232 131.66609211
724.94406319 134.38449259
735.00214497 120.79249019
738.12830552 125.54969103
758.92406920 128.13217149
759.87550937 131.66609211
750.08926764 131.80201214
770.61319126 131.53017209
774.96263203 132.48161226
771.97239150 127.18073132
765.72007040 127.04481130
774.69079199 123.37497065
768.30255086 121.06433024
774.01119186 115.62752928
769.11807100 111.14216848
760.55510949 110.19072832
759.60366932 116.03528935
755.66198862 106.92864774
763.00166992 108.83152808
732.14782446 97.41424606
698.16781846 108.28784798
709.04142038 108.69560805
712.71126103 109.23928815
719.37134220 112.22952868
725.35182326 112.63728875
721.95382266 116.44304942
713.79862122 113.58872892
717.74030192 104.48208731
720.73054244 101.76368683
712.84718105 99.04528634
697.21637829 97.00648598
690.14853704 102.98696704
690.96405718 112.09360865
742.06998622 105.16168743
737.04094533 108.83152808
734.05070480 111.82176860
726.30326343 97.82200613
722.90526283 99.31712639
717.33254184 126.77297125
753.62318826 133.56897245
753.35134821 117.12264954
749.40966752 114.54016908
747.50678718 120.11289007
626.60337091 173.64749532
613.92908416 172.67255019
598.97992543 166.98537024
605.31706881 158.21086402
607.59194079 151.22375722
612.95413903 143.42419615
617.17890128 139.03694304
624.81597150 136.76207106
578.50607760 143.26170529
580.45596787 154.14859263
586.46812953 167.96031537
578.01860503 171.86009591
592.80527291 178.52222100
587.44307467 141.63679673
635.54036798 143.26170529
646.26476447 149.76133952
626.44088006 153.17364749
644.15238334 168.44778794
652.11443527 156.42346461
664.78872203 137.08705277
663.00132261 147.64895840
652.11443527 143.91166871
654.71428897 135.94961678
677.30051792 155.77350119
672.10081054 189.24661748
657.96410608 196.39621514
648.21465474 181.93452897
168.53040692 125.36011837
158.73496759 131.45505839
155.25214472 131.89041125
154.16376257 127.53688266
145.02135253 126.88385337
168.31273049 132.97879340
161.56476117 128.62526481
170.05414192 131.23738196
173.53696479 128.18991195
177.45514052 122.31264835
180.06725768 116.00003190
183.76775698 117.52376691
168.53040692 119.26517834
166.78899548 139.94443914
166.57131905 174.99034428
164.17687833 176.07872643
212.93639853 184.78578361
206.62378207 200.02313367
206.40610564 164.97722853
203.57631206 173.24893285
204.01166492 177.16710858
219.68436784 176.29640286
230.56818931 177.16710858
239.27524649 172.16055070
241.66968722 166.50096353
238.83989363 135.80858698
229.91516002 132.76111697
232.30960075 128.18991195
233.18030647 122.31264835
226.65001358 119.04750191
223.82022000 117.52376691
230.35051288 112.51720903
240.14595221 117.08841405
213.58942781 119.04750191
215.98386854 115.56467904
217.50760355 124.27173622
216.63689783 134.28485197
200.74651848 138.85605699
207.49448779 144.08029130
201.18187134 144.29796773
207.92984065 150.39290775
204.01166492 155.18178920
185.29149198 135.80858698
188.55663843 124.05405979
199.44045990 121.22426621
195.73996060 122.09497192
257.12471371 195.01657579
243.19342222 182.39134289
254.29492012 174.99034428
263.00197730 170.41913927
251.90047940 154.96411277
258.64844871 148.43381989
250.81209725 138.42070413
248.63533296 129.71364696
259.51915443 126.88385337
263.21965373 128.84294124
265.17874160 132.10808768
265.17874160 124.27173622
265.83177089 112.95256189
270.18529948 116.00003190
271.49135805 110.55812116
275.19185735 113.17023832
258.21309586 114.47629689
241.88736365 112.95256189
235.79242362 114.69397332
222.94951428 126.66617694
261.04288944 163.23581709
268.66156447 161.27672923
263.21965373 154.96411277
273.88579878 141.90352701
278.89235665 136.02626341
272.79741663 132.10808768
279.54538594 129.93132338
276.71559236 125.36011837
271.27368162 122.31264835
279.32770951 118.39447262
281.72215024 113.60559117
286.51103169 112.95256189
285.64032597 117.52376691
287.16406097 123.18335407
285.42264954 129.06061767
281.72215024 144.08029130
279.32770951 156.48784778
271.70903448 208.51251442
277.80397451 197.41101652
280.19841523 190.44537078
282.15750310 170.63681569
274.53882806 172.59590356
239.05757006 213.08371944
205.75307635 212.64836658
296.30647101 126.66617694
299.78929388 132.76111697
299.78929388 141.46817415
290.21153099 142.55655629
291.29991313 151.04593704
303.27211675 147.99846703
292.38829528 119.04750191
302.83676390 123.83638336
310.02008607 126.88385337
319.38017253 115.34700261
310.89079179 114.47629689
309.14938035 116.65306119
333.96449331 115.56467904
346.58972622 117.74144333
357.03819483 115.56467904
337.88266904 124.70708908
332.87611116 137.33232199
328.95793543 128.18991195
324.60440684 124.48941265
312.84987965 145.82170274
284.33426739 141.03282129
263.43733016 136.02626341
266.70247660 141.03282129
319.16249611 145.82170274
326.56349471 149.52220204
333.74681688 147.99846703
340.27710976 134.28485197
320.25087825 131.67273482
323.95137755 133.19646983
327.21652400 121.65961907
350.50790195 141.03282129
355.73213626 137.33232199
353.33769553 129.27829410
349.20184337 130.14899981
356.16748911 146.69240845
339.18872762 156.48784778
348.11346122 152.78734848
333.74681688 164.10652281
323.29834826 179.34387287
293.04132457 162.80046423
298.91858816 160.40602351
299.35394102 176.73175572
290.42920742 173.03125642
310.89079179 174.11963857
253.42421441 118.17679619
249.50603868 119.70053120
244.93483366 122.96567764
233.18030647 118.17679619
299.78929388 136.67929270
333.74681688 158.01158279
252.11815583 183.69740146
179.84958125 125.79547122
388.62324914 124.29217532
384.06328563 111.40532191
390.40758269 107.83665482
391.79539767 111.60358120
389.41628627 115.56876686
376.72769215 119.73221181
377.71898856 114.18095188
371.77121007 108.03491410
362.05650519 109.22446980
368.20254297 104.66450629
370.38339509 119.73221181
347.98009609 110.01750693
339.05842834 107.83665482
331.72283487 110.01750693
337.07583551 106.84535840
338.66190978 104.06972844
361.85824591 131.23125023
365.22865372 138.17032514
365.82343157 129.44691668
362.25476448 116.56006328
354.32439315 121.91306392
366.61646871 101.29409847
398.13969473 119.33569324
399.72576900 110.81054406
408.44917746 121.51654536
412.01784455 128.65387955
412.81088169 181.98562672
436.60199567 153.23803066
414.19869667 158.78929059
422.72384584 156.60843848
390.40758269 171.27962543
387.03717487 186.34733095
329.34372347 187.33862737
417.96562305 108.23317338
433.42984714 106.64709912
450.28188621 112.19835905
424.11166083 114.57747044
420.93951230 126.67128672
416.97432663 133.21384306
416.57780807 118.93917467
393.57973122 103.67320987
398.33795401 103.07843202
394.76928692 100.50106134
437.79155137 123.89565675
429.06814291 119.93047109
424.30992011 128.05910170
427.68032792 144.71288149
435.80895853 129.84343525
439.57588491 133.61036163
436.99851423 139.35988084
421.73254943 140.74769582
456.42792398 134.40339876
461.58266535 144.91114077
469.71129596 154.62584565
486.36507574 162.35795769
493.10589137 154.03106780
505.79448549 155.61714206
511.94052327 145.50591862
508.37185618 164.73706909
518.87959818 142.92854794
494.09718779 110.21576621
507.18230048 100.89757991
512.33704184 105.85406198
516.10396822 103.27669130
519.47437603 104.46624700
489.33896499 107.83665482
476.65037087 108.23317338
479.22774155 115.76702614
476.84863015 121.31828607
470.10781452 124.49043460
468.91825882 134.00688020
461.97918391 130.04169453
459.20355395 122.11132321
458.41051682 103.67320987
445.32540413 108.62969195
499.05366987 106.05232127
513.52659754 99.50976492
497.86411417 100.30280206
487.15811288 114.57747044
481.80511223 108.03491410
326.96461207 100.89757991
322.80116712 105.25928414
385.25284132 105.06102485
38.96745438 148.56565209
94.99154218 135.37629999
68.28172453 139.57040359
645.08542832 124.74336848
638.17190228 125.58648141
633.78771504 132.50000745
629.06628263 133.51174297
616.58821125 128.11582021
621.81551142 123.90025555
626.03107608 119.85331348
628.39179228 126.26097176
665.82600642 171.62044745
670.04157108 184.60438659
679.48443590 173.98116365
664.98289349 126.59821693
650.81859625 127.44132986
631.08975366 104.50865814
623.67035987 102.65380969
638.67777004 104.67728072
615.91372090 100.29309348
620.12928556 98.43824503
632.27011177 98.43824503
644.57956056 104.34003555
652.33619952 101.64207417
648.96374780 100.46171607
653.34793504 98.60686762
672.73953246 103.83416779
667.17498711 102.31656452
662.62217728 111.59080676
663.80253539 108.55560021
667.17498711 106.86937434
662.95942246 104.34003555
678.30407780 99.95584831
681.84515211 98.43824503
679.65305849 117.32397469
681.17066177 114.12014555
678.64132297 109.06146797
677.29234228 123.39438779
673.91989056 119.17882314
672.73953246 113.27703262
671.89641952 126.42959434
759.91740952 98.43824503
751.31765763 99.95584831
558.65408943 152.14402776
551.85808823 173.69706015
558.65408943 173.11454576
574.18780646 156.80414287
544.47957263 157.19248580
539.23694314 163.60014407
551.08140237 145.34802656
546.80963019 135.63945342
539.62528606 136.99865366
540.01362899 127.67842344
554.38231724 126.90173759
547.00380165 122.62996540
540.98448630 121.46493662
545.64460141 116.41647859
536.13019973 116.41647859
533.41179925 120.10573638
565.83843355 136.41613927
586.42060862 131.17350977
603.31352589 132.92105294
606.80861223 126.31922320
596.12918177 123.98916564
583.89637960 121.65910809
571.85774890 124.57168003
566.22677648 122.04745101
562.14917576 99.13521839
587.58563740 97.38767522
591.66323812 98.16436108
549.33385921 104.96036228
553.21728847 100.88276156
544.47957263 100.88276156
548.36300189 108.64962007
540.98448630 106.51373398
605.83775491 97.38767522
599.43009664 97.38767522
602.73101151 101.46527595
605.83775491 104.57201935
602.14849712 108.26127715
613.02209904 117.96985029
611.66289880 111.95053494
608.94449832 115.83396420
610.88621295 120.68825077
633.60427411 120.49407931
635.93433166 101.65944741
610.49787002 97.38767522
606.42026930 108.64962007
611.66289880 105.15453374
612.24541319 102.24196180
591.27489519 120.29990785
594.18746714 117.38733590
579.81877888 119.52322200
580.59546473 132.92105294
589.72152349 133.69773879
661.75913623 132.92105294
676.51616741 142.62962608
685.86705628 107.63328576
630.49753070 96.25892585
641.44266948 93.25437795
688.01316192 90.24983005
677.49724427 90.24983005
671.05892735 88.96216667
658.18229349 92.82515682
739.09047622 94.75665190
685.00861402 103.98490617
698.52907957 104.19951673
698.74369014 99.90730544
683.93556120 92.39593570
685.22322459 94.75665190
662.68911534 95.40048360
640.36961666 100.12191601
510.94513904 95.91299406
523.37211266 99.51027590
524.84372796 104.57917304
537.43421440 99.34676309
549.04362397 94.11435314
523.69913828 87.90086633
516.99511304 91.49814817
501.13437038 88.22789195
492.63170422 99.67378871
483.47498681 96.24001968
468.92234664 98.85622466
467.77775697 103.92512179
474.48178221 117.82371072
604.63797966 87.24681509
590.73939074 86.75627665
522.55454861 94.76840439
528.27749699 93.29678909
477.91555124 95.42245563
506.20326752 96.40353249
526.15183045 109.15753174
532.03829164 109.15753174
534.00044537 112.59130077
516.99511304 109.81158299
505.38570347 103.59809617
502.44247287 102.12648087
473.99124378 131.88581245
520.42888207 152.32491381
527.95047137 150.52627289
556.07467484 139.24388894
407.98520985 96.20680614
432.61637090 91.18491894
446.96462006 94.05456877
439.07308302 99.31559346
382.15836138 98.35904352
352.02703816 95.96766866
360.63598765 100.75041838
379.76698652 95.01111871
389.33248596 99.55473095
392.68041076 96.92421860
475.90025585 99.31559346
471.83491859 95.48939369
412.76795957 111.75074273
411.81140963 115.81607999
489.05281757 94.53284374
467.29130636 88.55440660
355.61410044 95.01111871
780.20270664 234.74712297
141.76591466 145.96324351
117.30439816 171.11968946
4.53037897 152.50188783
1.97293641 155.05933039
5.55335599 155.57081890
10.66824111 154.03635337
10.15675260 150.45593379
11.69121813 148.92146825
13.73717218 153.01337635
15.27163771 147.89849123
17.82908027 151.47891081
19.87503432 148.40997974
21.40949985 151.47891081
24.47843092 146.87551421
25.50140794 153.01337635
29.59331603 149.94444528
30.61629306 149.43295676
31.12778157 143.80658314
35.21968966 143.29509463
40.33457478 142.78360612
40.84606329 143.29509463
48.00690245 145.34104867
44.42648287 142.27211760
44.93797138 139.20318654
50.05285649 140.22616356
52.61029905 143.29509463
58.23667268 141.24914058
59.25964970 142.78360612
61.81709226 140.73765207
56.70220714 137.15723249
52.61029905 137.66872100
63.35155779 136.13425547
67.44346588 133.06532440
67.44346588 136.13425547
70.00090844 135.62276695
74.60430505 135.11127844
75.11579356 135.11127844
78.18472463 138.69169802
80.23067867 135.11127844
81.76514421 139.20318654
86.88002932 140.73765207
88.41449486 139.71467505
93.01789146 138.18020951
92.50640295 134.08830142
91.99491444 130.50788184
88.92598337 129.99639333
83.81109825 132.04234737
81.76514421 131.01937035
87.39151783 135.11127844
94.04086848 128.97341631
98.13277657 126.41597375
99.15575360 126.92746226
103.24766169 127.43895077
99.66724211 131.53085886
98.13277657 135.62276695
103.24766169 131.01937035
105.80510425 126.92746226
108.36254680 122.32406566
112.96594341 122.83555417
119.10380554 122.83555417
124.73017917 123.85853119
122.68422513 126.41597375
125.24166768 131.01937035
128.82208726 127.95043928
128.82208726 122.32406566
133.93697238 118.74364608
134.44846089 122.32406566
132.91399536 127.95043928
135.98292642 127.95043928
139.56334600 121.81257714
139.56334600 116.69769203
144.16674261 116.69769203
145.70120814 120.78960012
148.25865070 122.32406566
148.77013921 115.67471501
150.30460475 117.72066905
154.39651284 120.78960012
156.95395540 115.67471501
159.51139795 116.69769203
161.04586349 121.30108863
163.60330604 116.18620352
165.64926009 121.81257714
186.62028906 112.09429543
190.71219715 114.65173798
194.29261673 113.62876096
191.22368566 111.07131840
196.85005929 111.07131840
199.40750185 109.02536436
204.52238696 112.60578394
196.85005929 115.16322650
201.45345589 119.76662310
208.61429506 112.09429543
214.24066868 106.97941031
213.21769166 111.07131840
217.30959975 111.07131840
220.89001933 106.46792180
225.49341593 106.97941031
224.47043891 111.58280691
230.60830105 108.00238733
236.23467468 104.93345627
236.74616319 108.51387585
239.81509426 108.00238733
245.44146788 108.00238733
249.53337597 108.00238733
255.15974960 106.46792180
256.69421514 102.88750222
249.53337597 100.84154817
257.71719216 102.88750222
263.34356578 101.35303668
269.99291643 102.88750222
267.94696239 103.39899073
273.06184750 100.84154817
280.22268666 101.35303668
283.80310624 98.28410562
284.31459476 101.86452520
284.31459476 108.51387585
293.00989945 101.35303668
298.12478457 100.33005966
303.23966968 98.79559413
308.35455480 97.26112859
295.05585350 100.84154817
300.68222712 103.91047924
306.30860075 101.35303668
311.42348586 101.86452520
315.00390545 98.28410562
322.16474461 95.72666306
318.07283651 99.30708264
323.69921014 98.28410562
334.95195739 97.77261710
332.39451484 95.21517455
338.02088846 93.68070901
341.60130804 98.79559413
299.91499436 94.70368604
303.49541394 94.70368604
311.16774161 92.65773199
316.28262672 94.19219752
326.51239695 92.65773199
342.88002932 89.58880092
352.08682253 91.12326646
357.20170764 91.63475497
361.29361573 96.74964008
365.38552383 93.16922050
364.87403532 89.07731241
369.47743192 91.12326646
374.59231703 92.65773199
380.21869066 90.10028943
386.86804131 94.19219752
387.37952982 92.65773199
394.02888047 92.14624348
391.98292642 89.58880092
400.16674261 91.63475497
403.23567368 89.58880092
410.39651284 86.51986985
418.06884051 90.61177794
419.60330604 88.56582390
439.03986948 86.51986985
434.94796139 87.54284687
445.68922013 89.07731241
450.29261673 89.07731241
449.78112822 83.45093878
455.40750185 87.54284687
459.49940994 84.98540432
459.49940994 88.05433539
466.66024910 85.49689283
471.77513422 87.03135836
477.40150784 90.10028943
479.44746189 84.98540432
484.05085849 86.00838134
490.70020914 86.00838134
492.74616319 90.10028943
507.57933002 86.51986985
502.46444491 93.68070901
494.28062872 89.58880092
512.69421514 87.54284687
529.57333601 88.56582390
536.73417518 87.54284687
540.31459476 84.47391581
543.89501434 89.07731241
550.03287647 87.03135836
552.59031903 92.14624348
555.14776159 84.47391581
559.23966968 88.05433539
563.33157777 90.10028943
569.46943991 86.51986985
612.94596339 89.58880092
617.03787148 84.47391581
616.52638297 91.63475497
623.17573362 86.00838134
624.71019915 92.14624348
629.31359575 88.05433539
630.84806129 92.65773199
635.45145789 90.61177794
635.96294640 87.54284687
640.56634301 87.03135836
644.14676259 87.03135836
648.75015919 86.51986985
653.86504431 86.51986985
658.46844091 86.51986985
665.62928007 86.51986985
674.83607328 93.68070901
676.37053881 97.77261710
693.76114820 92.65773199
698.36454481 91.63475497
703.47942992 90.10028943
706.03687248 93.16922050
710.12878057 92.14624348
717.28961973 96.74964008
801.68522413 110.55982989
866.64426509 134.59978993
867.66724211 140.22616356
671.25565370 156.59379593
