7.14935065 980.24025974
54.11038961 956.96753247
88.60389610 970.68181818
146.37012987 1018.05844156
138.88961039 931.61688312
81.12337662 925.79870130
42.47402597 928.70779221
114.78571429 907.92857143
86.52597403 880.50000000
113.12337662 879.25324675
36.24025974 887.98051948
24.18831169 860.13636364
37.07142857 845.59090909
66.57792208 821.90259740
86.11038961 845.59090909
135.14935065 857.22727273
164.24025974 839.35714286
179.61688312 872.18831169
151.35714286 804.44805195
127.25324675 800.70779221
41.64285714 816.50000000
5.48701299 822.31818182
21.69480519 796.96753247
71.14935065 768.08441558
12.96753247 752.29220779
35.40909091 714.05844156
57.01948052 709.90259740
85.27922078 724.03246753
115.20129870 773.07142857
82.78571429 755.61688312
166.73376623 765.59090909
185.01948052 791.35714286
198.31818182 771.40909091
218.26623377 785.53896104
237.38311688 832.08441558
244.03246753 817.95454545
283.09740260 847.04545455
279.77272727 810.47402597
283.09740260 825.43506494
307.20129870 911.04545455
324.65584416 901.07142857
332.13636364 951.77272727
299.72077922 1005.79870130
224.91558442 962.57792208
236.55194805 881.12337662
218.26623377 880.29220779
204.96753247 928.50000000
250.68181818 752.29220779
238.21428571 736.50000000
210.78571429 748.13636364
202.47402597 731.51298701
189.17532468 727.35714286
170.05844156 722.37012987
160.91558442 706.57792208
130.16233766 736.50000000
277.27922078 790.52597403
286.42207792 773.07142857
318.00649351 796.34415584
318.00649351 746.47402597
336.29220779 733.17532468
336.29220779 709.90259740
296.39610390 709.90259740
306.37012987 704.08441558
286.42207792 695.77272727
297.22727273 680.81168831
293.90259740 662.52597403
270.62987013 679.98051948
258.16233766 671.66883117
222.42207792 706.57792208
227.40909091 695.77272727
226.57792208 643.40909091
204.96753247 668.34415584
200.81168831 704.91558442
181.69480519 690.78571429
165.07142857 684.96753247
256.50000000 731.51298701
273.95454545 716.55194805
101.90259740 709.69480519
143.46103896 708.86363636
133.48701299 695.14935065
138.05844156 656.08441558
117.69480519 662.73376623
90.26623377 658.99350649
62.00649351 658.99350649
41.64285714 665.22727273
46.62987013 685.59090909
46.21428571 697.22727273
91.09740260 692.65584416
26.68181818 693.48701299
4.65584416 717.79870130
5.48701299 652.96753247
4.65584416 678.73376623
29.59090909 638.00649351
58.68181818 635.51298701
81.12337662 639.66883117
121.85064935 642.99350649
116.44805195 629.48701299
103.98051948 617.01948052
93.59090909 602.88961039
96.91558442 592.50000000
89.01948052 582.52597403
80.70779221 593.74675325
69.48701299 593.74675325
65.74675325 601.22727273
56.18831169 605.38311688
43.72077922 619.51298701
12.55194805 624.50000000
17.53896104 590.42207792
34.16233766 582.52597403
26.26623377 570.47402597
10.47402597 581.69480519
7.98051948 573.38311688
13.79870130 563.82467532
28.75974026 557.17532468
44.96753247 557.59090909
40.39610390 572.13636364
40.81168831 565.90259740
57.43506494 560.50000000
64.91558442 567.56493506
58.68181818 579.61688312
71.56493506 580.86363636
76.96753247 571.72077922
70.73376623 572.13636364
80.70779221 556.34415584
86.11038961 549.27922078
112.70779221 565.90259740
111.87662338 556.34415584
106.88961039 546.37012987
99.82467532 530.99350649
79.87662338 517.69480519
37.07142857 531.82467532
6.31818182 545.53896104
18.37012987 503.98051948
29.17532468 492.34415584
42.47402597 494.42207792
56.60389610 476.96753247
137.22727273 480.70779221
141.79870130 502.31818182
155.92857143 504.81168831
189.17532468 491.51298701
150.52597403 518.11038961
140.96753247 525.17532468
133.48701299 522.26623377
127.25324675 528.50000000
121.85064935 538.05844156
129.74675325 540.96753247
148.44805195 542.62987013
145.53896104 535.14935065
126.00649351 572.55194805
134.31818182 570.47402597
112.29220779 577.95454545
149.69480519 573.38311688
143.87662338 591.66883117
118.52597403 588.75974026
113.95454545 597.48701299
79.87662338 615.77272727
71.98051948 615.77272727
72.39610390 624.50000000
94.42207792 636.96753247
151.35714286 634.88961039
145.95454545 649.01948052
150.11038961 610.78571429
139.72077922 607.04545455
181.27922078 644.86363636
187.51298701 659.40909091
182.94155844 617.85064935
176.29220779 607.87662338
174.62987013 590.42207792
169.22727273 561.74675325
158.00649351 557.17532468
162.99350649 534.73376623
138.88961039 561.74675325
130.99350649 555.09740260
138.88961039 550.11038961
190.42207792 582.94155844
204.96753247 584.60389610
207.46103896 576.70779221
200.39610390 597.90259740
215.77272727 599.98051948
220.75974026 613.69480519
229.07142857 606.21428571
233.22727273 590.42207792
224.08441558 573.79870130
215.77272727 583.35714286
217.43506494 566.73376623
217.43506494 557.59090909
201.64285714 557.59090909
208.29220779 550.94155844
209.53896104 543.87662338
204.96753247 535.14935065
194.99350649 548.86363636
188.34415584 540.13636364
181.69480519 552.60389610
178.37012987 539.30519481
170.88961039 534.31818182
175.46103896 516.03246753
183.35714286 516.03246753
194.16233766 514.78571429
188.34415584 524.75974026
179.61688312 523.92857143
191.25324675 531.82467532
214.52597403 530.57792208
220.34415584 520.18831169
210.37012987 516.86363636
219.09740260 511.46103896
222.00649351 502.31818182
213.27922078 508.96753247
230.31818182 511.87662338
229.07142857 526.42207792
193.74675325 573.79870130
186.68181818 572.96753247
177.53896104 572.96753247
180.44805195 581.69480519
248.18831169 562.57792208
232.39610390 555.92857143
222.00649351 548.86363636
252.75974026 575.04545455
248.18831169 579.61688312
257.33116883 583.77272727
253.59090909 597.07142857
247.35714286 607.04545455
243.20129870 592.50000000
268.13636364 600.39610390
268.13636364 586.26623377
266.05844156 580.86363636
271.04545455 573.79870130
264.39610390 567.98051948
258.57792208 616.18831169
246.52597403 623.66883117
278.52597403 619.92857143
289.33116883 590.00649351
286.83766234 570.88961039
276.44805195 565.07142857
271.04545455 552.18831169
257.74675325 516.03246753
266.05844156 515.20129870
253.17532468 510.21428571
242.37012987 516.03246753
267.30519481 528.50000000
276.03246753 531.82467532
290.16233766 526.42207792
286.83766234 534.73376623
293.07142857 543.46103896
294.73376623 534.31818182
281.01948052 543.04545455
295.56493506 551.77272727
242.78571429 547.20129870
246.94155844 541.79870130
283.92857143 518.11038961
281.85064935 505.22727273
271.04545455 503.98051948
254.83766234 500.24025974
276.86363636 489.43506494
288.91558442 488.60389610
268.55194805 471.14935065
257.33116883 471.56493506
234.47402597 485.27922078
228.65584416 479.46103896
216.18831169 479.04545455
284.75974026 465.33116883
290.16233766 473.22727273
306.78571429 513.53896104
303.87662338 503.98051948
297.64285714 496.91558442
290.99350649 496.91558442
295.98051948 515.20129870
307.61688312 485.27922078
312.60389610 476.55194805
317.17532468 528.08441558
300.96753247 526.00649351
306.37012987 526.00649351
314.26623377 518.11038961
313.43506494 514.37012987
322.57792208 556.75974026
317.17532468 585.01948052
320.08441558 573.38311688
308.03246753 575.46103896
307.61688312 540.55194805
313.43506494 600.39610390
318.00649351 609.95454545
320.08441558 622.00649351
306.78571429 617.43506494
290.99350649 631.56493506
289.33116883 602.05844156
303.46103896 601.64285714
316.34415584 550.11038961
306.78571429 553.01948052
278.52597403 525.17532468
411.92857143 921.85064935
444.34415584 911.04545455
392.81168831 906.88961039
490.05844156 912.70779221
530.78571429 957.59090909
565.69480519 911.04545455
569.01948052 847.04545455
488.39610390 857.01948052
484.24025974 831.25324675
431.04545455 837.07142857
362.05844156 848.70779221
328.81168831 860.34415584
311.35714286 813.79870130
365.38311688 816.29220779
371.20129870 791.35714286
371.20129870 767.25324675
373.69480519 755.61688312
349.59090909 771.40909091
401.12337662 773.90259740
472.60389610 758.11038961
518.31818182 759.77272727
553.22727273 781.38311688
550.73376623 800.50000000
569.01948052 755.61688312
517.48701299 807.98051948
581.48701299 748.13636364
544.91558442 729.85064935
489.22727273 715.72077922
499.20129870 698.26623377
539.09740260 692.44805195
556.55194805 704.08441558
564.03246753 681.64285714
554.05844156 664.18831169
538.26623377 674.99350649
502.52597403 680.81168831
492.55194805 670.00649351
505.01948052 650.88961039
455.98051948 684.13636364
419.40909091 730.68181818
399.46103896 709.90259740
368.70779221 715.72077922
376.18831169 695.77272727
404.44805195 692.44805195
387.82467532 670.00649351
351.25324675 670.00649351
361.22727273 657.53896104
337.95454545 660.03246753
445.17532468 666.68181818
424.39610390 660.03246753
461.79870130 663.35714286
548.24025974 645.90259740
524.96753247 638.42207792
569.85064935 654.21428571
587.30519481 655.04545455
572.34415584 637.59090909
483.40909091 648.39610390
458.47402597 640.08441558
595.61688312 725.69480519
376.18831169 624.91558442
362.88961039 623.25324675
356.24025974 604.55194805
388.24025974 616.60389610
404.44805195 623.25324675
411.51298701 644.44805195
392.81168831 583.77272727
374.94155844 578.37012987
427.30519481 576.29220779
414.83766234 600.81168831
415.66883117 615.35714286
424.81168831 614.52597403
431.87662338 622.42207792
428.55194805 639.04545455
433.95454545 649.43506494
422.31818182 655.25324675
453.90259740 615.35714286
439.77272727 602.88961039
429.79870130 589.59090909
440.60389610 577.95454545
446.42207792 576.70779221
456.39610390 571.30519481
389.90259740 648.60389610
394.47402597 662.31818182
382.42207792 564.65584416
379.51298701 547.20129870
394.47402597 550.94155844
365.79870130 550.11038961
352.08441558 550.11038961
337.95454545 562.99350649
333.79870130 572.55194805
340.86363636 582.52597403
324.65584416 598.31818182
327.14935065 587.92857143
327.14935065 535.56493506
334.21428571 552.18831169
348.34415584 533.07142857
436.03246753 557.17532468
443.09740260 555.92857143
433.95454545 542.21428571
436.44805195 532.65584416
414.00649351 539.72077922
394.88961039 532.65584416
380.34415584 526.83766234
357.48701299 526.83766234
395.30519481 563.82467532
443.51298701 615.77272727
367.87662338 518.11038961
351.66883117 506.88961039
705.33116883 913.95454545
740.24025974 872.39610390
692.03246753 807.56493506
758.52597403 780.96753247
761.85064935 757.69480519
750.21428571 736.08441558
624.70779221 775.77272727
620.96753247 807.35714286
621.79870130 830.21428571
684.55194805 759.56493506
668.34415584 739.20129870
655.04545455 718.83766234
664.18831169 691.40909091
691.20129870 683.09740260
707.40909091 696.81168831
726.94155844 678.11038961
734.83766234 694.31818182
728.60389610 715.09740260
628.44805195 743.77272727
597.69480519 723.40909091
627.61688312 705.53896104
603.92857143 693.90259740
634.26623377 671.87662338
652.55194805 656.08441558
680.39610390 656.08441558
661.27922078 671.87662338
693.69480519 638.00649351
720.29220779 628.03246753
714.47402597 608.08441558
682.05844156 604.75974026
679.56493506 622.21428571
648.81168831 631.35714286
699.09740260 597.48701299
698.26623377 584.60389610
717.79870130 581.27922078
716.13636364 564.24025974
711.14935065 577.12337662
692.44805195 577.12337662
686.21428571 590.00649351
666.26623377 582.11038961
671.25324675 572.96753247
703.66883117 547.61688312
699.09740260 533.48701299
645.90259740 584.60389610
645.90259740 601.22727273
659.20129870 569.22727273
671.25324675 559.66883117
674.16233766 545.12337662
662.11038961 549.27922078
653.79870130 547.61688312
649.22727273 559.66883117
670.00649351 533.48701299
667.51298701 523.51298701
667.09740260 513.95454545
686.21428571 501.90259740
693.27922078 512.70779221
684.13636364 492.34415584
621.38311688 590.00649351
624.29220779 580.86363636
628.86363636 572.96753247
629.69480519 567.14935065
629.69480519 559.66883117
622.21428571 554.68181818
630.94155844 545.12337662
616.81168831 566.73376623
606.00649351 587.92857143
586.47402597 608.29220779
588.96753247 618.68181818
601.85064935 631.14935065
626.78571429 616.60389610
610.16233766 612.03246753
578.99350649 627.40909091
572.34415584 603.30519481
599.35714286 571.30519481
611.82467532 545.12337662
624.70779221 540.55194805
647.14935065 535.98051948
650.47402597 524.34415584
644.24025974 500.24025974
633.85064935 516.03246753
620.13636364 518.52597403
618.88961039 528.91558442
586.47402597 534.73376623
579.82467532 531.82467532
584.81168831 516.44805195
617.64285714 505.22727273
627.20129870 501.48701299
620.96753247 496.91558442
614.31818182 490.26623377
622.62987013 485.27922078
625.95454545 476.55194805
634.68181818 475.30519481
644.65584416 479.04545455
638.42207792 488.60389610
627.20129870 468.24025974
650.47402597 473.64285714
650.88961039 459.09740260
654.62987013 459.51298701
660.86363636 460.75974026
659.61688312 455.77272727
655.04545455 454.52597403
657.53896104 447.46103896
671.66883117 449.95454545
668.75974026 460.75974026
661.69480519 466.16233766
684.13636364 469.07142857
664.60389610 486.94155844
664.60389610 479.87662338
663.77272727 469.48701299
654.21428571 493.17532468
612.24025974 975.46103896
533.27922078 620.13636364
499.20129870 605.17532468
486.73376623 616.81168831
493.38311688 625.95454545
465.95454545 606.83766234
481.74675325 593.53896104
471.77272727 587.72077922
466.78571429 576.08441558
486.73376623 564.44805195
504.18831169 558.62987013
516.65584416 562.78571429
549.90259740 570.26623377
557.38311688 581.90259740
544.91558442 583.56493506
542.42207792 595.20129870
524.13636364 585.22727273
513.33116883 581.90259740
509.17532468 590.21428571
559.87662338 593.53896104
569.85064935 576.08441558
588.13636364 553.01948052
610.16233766 539.72077922
569.43506494 545.95454545
556.13636364 548.44805195
560.70779221 542.62987013
564.44805195 533.90259740
556.96753247 529.74675325
544.08441558 528.08441558
542.42207792 535.14935065
522.05844156 533.90259740
525.79870130 548.03246753
548.24025974 518.94155844
566.11038961 514.78571429
565.69480519 506.47402597
554.47402597 513.12337662
608.08441558 507.30519481
624.29220779 512.29220779
522.05844156 518.94155844
534.52597403 520.60389610
531.20129870 510.21428571
533.69480519 503.56493506
520.39610390 500.24025974
526.62987013 501.48701299
527.87662338 493.17532468
565.27922078 494.00649351
578.57792208 479.87662338
594.37012987 488.18831169
586.05844156 490.26623377
575.25324675 495.66883117
681.22727273 523.09740260
688.70779221 525.17532468
682.88961039 568.81168831
546.78571429 491.40909091
556.55194805 489.33116883
550.73376623 498.05844156
554.05844156 506.78571429
556.13636364 511.98051948
563.82467532 488.91558442
491.51298701 486.42207792
490.88961039 480.60389610
491.30519481 473.53896104
494.42207792 466.88961039
470.52597403 791.56493506
450.99350649 807.77272727
416.08441558 806.94155844
480.91558442 546.37012987
481.33116883 526.00649351
481.74675325 514.37012987
493.79870130 512.29220779
490.88961039 525.17532468
490.05844156 536.81168831
463.87662338 540.55194805
462.62987013 527.25324675
463.46103896 518.52597403
450.16233766 523.09740260
437.69480519 517.27922078
429.79870130 520.18831169
425.64285714 520.18831169
423.98051948 514.37012987
418.16233766 506.05844156
409.85064935 506.05844156
394.88961039 510.62987013
391.98051948 507.72077922
384.50000000 512.70779221
382.83766234 504.81168831
409.85064935 523.51298701
414.42207792 532.65584416
424.39610390 530.99350649
442.26623377 529.33116883
449.74675325 510.62987013
454.73376623 505.64285714
496.29220779 497.74675325
483.40909091 496.50000000
478.83766234 502.73376623
469.27922078 509.79870130
445.17532468 501.90259740
439.35714286 505.64285714
399.87662338 451.20129870
407.77272727 452.44805195
405.69480519 449.12337662
529.95454545 430.83766234
523.72077922 436.24025974
519.14935065 431.66883117
472.18831169 483.20129870
468.86363636 481.95454545
471.35714286 475.30519481
481.33116883 475.30519481
483.82467532 478.62987013
496.70779221 476.96753247
498.78571429 484.44805195
450.99350649 485.69480519
446.42207792 491.51298701
443.92857143 493.59090909
442.68181818 484.44805195
437.27922078 484.44805195
437.27922078 489.01948052
408.60389610 484.44805195
456.39610390 469.48701299
423.56493506 454.94155844
401.12337662 494.42207792
401.12337662 499.82467532
397.38311688 491.51298701
382.83766234 478.62987013
396.96753247 476.96753247
440.18831169 471.56493506
445.17532468 475.30519481
432.70779221 472.81168831
421.48701299 481.95454545
416.91558442 493.17532468
469.27922078 493.17532468
537.01948052 469.48701299
536.60389610 465.33116883
539.09740260 467.40909091
529.95454545 467.40909091
522.88961039 466.57792208
543.25324675 477.38311688
537.85064935 477.38311688
526.21428571 479.04545455
531.61688312 475.30519481
517.48701299 471.56493506
531.20129870 488.60389610
514.16233766 486.94155844
525.79870130 449.12337662
538.26623377 442.05844156
498.78571429 453.27922078
436.03246753 456.60389610
441.43506494 452.86363636
435.61688312 446.21428571
468.44805195 465.74675325
460.55194805 481.53896104
460.96753247 507.72077922
464.29220779 503.56493506
468.03246753 503.14935065
425.64285714 498.99350649
428.96753247 485.69480519
414.42207792 457.01948052
420.24025974 460.75974026
407.35714286 469.48701299
385.74675325 468.65584416
370.37012987 472.39610390
364.96753247 469.48701299
367.04545455 465.74675325
464.70779221 461.17532468
529.53896104 532.24025974
615.98051948 470.73376623
618.88961039 468.65584416
620.96753247 469.07142857
615.56493506 480.70779221
611.40909091 483.20129870
602.68181818 482.37012987
594.78571429 477.38311688
591.87662338 471.98051948
593.95454545 456.18831169
596.44805195 457.01948052
586.05844156 459.92857143
577.33116883 470.73376623
571.92857143 474.47402597
562.37012987 473.64285714
551.98051948 462.00649351
550.73376623 452.03246753
565.69480519 455.35714286
561.12337662 453.27922078
555.30519481 450.37012987
547.82467532 445.38311688
540.75974026 443.72077922
541.59090909 450.37012987
541.17532468 461.17532468
532.03246753 456.18831169
529.12337662 445.79870130
520.39610390 443.72077922
522.05844156 459.92857143
573.59090909 509.38311688
581.07142857 505.64285714
612.24025974 518.52597403
640.50000000 524.75974026
667.51298701 509.38311688
670.00649351 489.01948052
675.82467532 483.20129870
675.82467532 477.38311688
677.48701299 489.01948052
634.26623377 464.91558442
628.03246753 453.27922078
640.08441558 451.20129870
636.75974026 454.94155844
633.85064935 451.20129870
633.85064935 445.79870130
618.88961039 448.29220779
617.22727273 444.55194805
606.42207792 446.62987013
618.47402597 457.01948052
614.31818182 460.34415584
616.81168831 463.25324675
607.66883117 462.83766234
589.79870130 440.39610390
599.35714286 438.73376623
613.07142857 432.91558442
646.31818182 437.48701299
657.53896104 439.98051948
652.96753247 439.98051948
660.86363636 437.07142857
664.18831169 437.07142857
667.09740260 435.40909091
672.50000000 438.31818182
669.59090909 442.88961039
660.03246753 450.37012987
665.85064935 455.35714286
643.40909091 442.47402597
640.50000000 444.55194805
634.68181818 439.98051948
627.61688312 438.73376623
621.38311688 427.09740260
617.64285714 431.25324675
591.46103896 449.53896104
566.94155844 432.91558442
561.53896104 432.91558442
551.14935065 438.31818182
569.01948052 445.38311688
574.00649351 452.44805195
570.68181818 456.18831169
561.12337662 464.91558442
548.65584416 431.66883117
564.03246753 415.46103896
595.61688312 431.25324675
603.51298701 429.59090909
649.64285714 432.91558442
647.56493506 430.00649351
644.65584416 430.42207792
640.50000000 434.16233766
611.82467532 430.00649351
609.74675325 442.47402597
634.68181818 481.12337662
568.60389610 479.46103896
655.46103896 466.99350649
646.73376623 466.99350649
601.43506494 457.43506494
511.66883117 445.38311688
498.37012987 428.34415584
494.21428571 433.33116883
490.05844156 463.66883117
517.48701299 492.75974026
501.27922078 519.35714286
497.12337662 528.50000000
502.94155844 540.13636364
491.30519481 561.33116883
549.07142857 471.98051948
551.98051948 471.56493506
652.13636364 482.37012987
642.16233766 454.94155844
588.96753247 500.65584416
652.96753247 435.82467532
480.50000000 488.81168831
468.86363636 446.83766234
446.00649351 462.94155844
414.62987013 467.72077922
450.78571429 444.44805195
445.79870130 449.22727273
452.86363636 456.29220779
480.50000000 434.68181818
463.66883117 431.77272727
458.47402597 435.30519481
462.42207792 440.08441558
450.37012987 429.69480519
445.59090909 430.94155844
444.34415584 435.30519481
439.35714286 439.25324675
425.43506494 433.22727273
419.40909091 467.92857143
456.39610390 478.31818182
474.05844156 451.92857143
480.29220779 464.39610390
501.07142857 457.74675325
431.04545455 465.74675325
428.55194805 469.48701299
423.56493506 475.30519481
485.07142857 503.98051948
468.86363636 449.95454545
465.53896104 449.95454545
460.96753247 447.87662338
455.56493506 449.95454545
424.39610390 447.04545455
374.52597403 453.27922078
365.38311688 452.03246753
399.87662338 433.74675325
494.62987013 438.31818182
432.29220779 481.12337662
429.38311688 478.21428571
399.87662338 462.42207792
394.05844156 459.51298701
384.91558442 463.66883117
369.53896104 481.95454545
372.44805195 484.86363636
365.79870130 482.37012987
368.70779221 487.77272727
366.62987013 494.83766234
361.64285714 499.40909091
362.05844156 516.03246753
362.47402597 511.04545455
369.95454545 505.64285714
391.98051948 499.40909091
402.78571429 506.05844156
385.33116883 487.77272727
401.53896104 484.86363636
405.27922078 489.01948052
393.64285714 470.73376623
359.56493506 473.22727273
354.99350649 469.48701299
359.98051948 467.82467532
357.48701299 479.04545455
354.57792208 485.27922078
464.29220779 491.92857143
451.40909091 493.59090909
449.74675325 500.24025974
479.66883117 557.59090909
469.27922078 550.52597403
450.16233766 561.33116883
448.08441558 571.30519481
427.30519481 572.13636364
425.64285714 553.01948052
416.08441558 545.12337662
422.73376623 542.21428571
386.57792208 541.79870130
375.35714286 536.39610390
364.13636364 536.81168831
369.95454545 526.00649351
352.50000000 533.48701299
534.94155844 541.79870130
539.09740260 545.53896104
539.51298701 535.14935065
541.17532468 527.66883117
430.21428571 503.98051948
426.88961039 503.98051948
376.60389610 506.05844156
379.51298701 497.33116883
375.77272727 495.25324675
379.92857143 483.20129870
376.60389610 473.22727273
438.52597403 477.38311688
448.91558442 468.24025974
498.78571429 502.31818182
493.79870130 502.73376623
445.17532468 518.52597403
444.75974026 511.87662338
396.55194805 542.21428571
373.69480519 557.17532468
370.37012987 568.39610390
360.39610390 565.48701299
335.46103896 528.91558442
328.39610390 515.61688312
334.21428571 513.53896104
320.50000000 514.37012987
324.65584416 506.47402597
333.79870130 501.07142857
315.92857143 500.24025974
318.83766234 496.08441558
320.50000000 492.34415584
328.39610390 494.83766234
330.88961039 494.83766234
332.55194805 490.26623377
333.79870130 486.11038961
330.05844156 479.87662338
325.07142857 479.87662338
345.43506494 496.08441558
347.51298701 508.55194805
344.60389610 513.53896104
341.27922078 509.38311688
338.37012987 520.18831169
347.92857143 522.26623377
355.82467532 583.35714286
362.05844156 580.03246753
349.17532468 581.27922078
352.50000000 573.38311688
345.43506494 562.16233766
345.01948052 553.85064935
342.94155844 542.62987013
239.87662338 502.73376623
323.82467532 464.08441558
341.69480519 456.60389610
348.34415584 480.29220779
342.52597403 486.94155844
310.52597403 503.14935065
276.44805195 535.56493506
253.17532468 531.82467532
251.09740260 526.83766234
256.50000000 523.09740260
251.92857143 519.35714286
255.25324675 552.60389610
277.27922078 555.09740260
368.29220779 597.90259740
388.65584416 600.39610390
423.56493506 575.46103896
340.86363636 609.12337662
322.16233766 523.51298701
288.50000000 512.29220779
273.95454545 510.62987013
273.12337662 496.91558442
268.96753247 487.77272727
255.25324675 490.26623377
195.82467532 641.74675325
178.37012987 633.43506494
169.22727273 630.94155844
171.72077922 641.74675325
139.30519481 649.22727273
180.86363636 601.01948052
247.35714286 643.40909091
304.70779221 649.22727273
325.48701299 688.29220779
517.48701299 752.29220779
353.74675325 635.92857143
207.46103896 494.62987013
203.30519481 504.60389610
394.47402597 523.72077922
383.66883117 520.39610390
387.82467532 520.39610390
450.16233766 532.86363636
519.98051948 581.90259740
288.08441558 503.77272727
298.88961039 506.26623377
407.77272727 433.95454545
404.44805195 343.98051948
401.53896104 342.31818182
383.66883117 241.74675325
521.64285714 471.56493506
636.75974026 537.22727273
633.85064935 527.25324675
598.11038961 535.56493506
587.72077922 563.40909091
582.73376623 555.51298701
615.98051948 624.91558442
726.11038961 666.68181818
522.47402597 739.82467532
397.79870130 571.92857143
366.21428571 930.57792208
209.95454545 623.04545455
206.62987013 611.40909091
612.65584416 446.21428571
674.99350649 445.79870130
687.04545455 382.62987013
679.98051948 483.61688312
566.52597403 526.42207792
248.60389610 663.14935065
283.51298701 747.09740260
302.21428571 587.09740260
192.08441558 614.94155844
554.33414634 625.98292683
344.22682927 605.06585366
552.77317073 556.98780488
337.35853659 604.12926829
591.17317073 575.09512195
498.45121951 586.64634146
