35.15421877 485.04194360
69.22218467 492.49431114
107.54864631 497.81743081
130.97037287 503.14055049
157.58597124 456.29709737
138.42274042 440.32773835
7.47399647 395.61353310
21.31410762 363.67481507
24.50797942 349.83470392
46.86508205 354.09319965
47.92970598 326.41297736
79.86842402 346.64083211
134.16424468 304.05587473
161.84446697 299.79737899
184.20156960 343.44696031
202.30017649 432.87537081
191.65393714 421.16450753
186.33081747 497.81743081
207.62329616 475.46032819
220.39878337 593.63358492
303.43945026 468.00796065
357.73527092 461.62021704
370.51075814 448.84472983
392.86786076 443.52161015
423.74195486 431.81074687
447.16368142 410.51826818
498.26563028 433.93999474
521.68735684 403.06590064
560.01381848 468.00796065
588.75866471 410.51826818
610.05114340 396.67815704
614.30963914 426.48762720
644.11910931 445.65085802
704.80267358 453.10322556
756.96924637 424.35837933
758.03387030 409.45364425
864.49626375 421.16450753
900.69347753 433.93999474
968.82940933 447.78010589
1003.96199917 447.78010589
1012.47899065 546.79013180
847.46228080 348.77007998
788.90796440 356.22244752
753.77537456 351.96395179
723.96590440 346.64083211
733.54751981 334.92996883
688.83331456 334.92996883
709.06116931 331.73609703
737.80601555 313.63749014
754.83999850 297.66813113
208.68792009 400.93665277
248.07900567 406.25977245
261.91911682 438.19849048
280.01772371 456.29709737
308.76256994 432.87537081
327.92580076 446.71548196
337.50741617 415.84138786
295.98708272 415.84138786
206.55867222 346.64083211
191.65393714 312.57286621
209.75254403 304.05587473
63.40880928 452.56310315
105.46145470 441.38455184
121.43081371 458.95084676
248.12106192 326.93747888
259.83192520 328.53441478
264.09042094 316.82355150
284.85058766 309.37118396
282.72133979 325.87285494
267.28429274 288.61101724
223.63471143 287.01408133
183.71131388 288.61101724
162.41883519 276.36784199
173.59738650 279.56171379
301.35225865 329.06672675
166.67733093 438.72299200
378.00518193 420.09207315
367.89125455 411.04276970
374.27899816 390.28260298
439.22105817 387.62104315
496.17843866 400.92884233
500.43693440 365.26394052
454.65810522 355.15001314
430.70406669 369.52243626
406.75002816 342.90683790
357.24501521 345.56839773
375.87593406 317.35586347
415.79933161 318.42048740
437.62412226 315.75892757
456.78735308 324.80823101
486.06451128 319.48511134
497.77537456 335.45447035
456.25504112 302.45112838
441.88261800 300.85419248
415.79933161 304.58037625
396.63610078 302.45112838
401.95922046 292.33720101
391.84529308 285.41714543
378.53749390 296.59569674
383.32830160 308.30656002
360.43888701 303.51575232
329.56479291 315.22661560
311.46618602 303.51575232
329.56479291 294.99876084
316.25699373 291.27257707
342.87259209 281.15864969
332.22635275 284.88483346
290.70601930 280.09402576
293.36757914 294.46644888
277.39822012 290.74026510
283.78596373 403.05809020
305.61075438 393.47647479
319.98317750 395.60572265
278.46284405 380.70098757
284.31827569 363.66700462
463.17509669 454.16003905
486.59682325 301.91881642
509.48623784 297.12800871
511.08317374 321.61435921
481.80601555 291.27257707
472.22440014 283.28789756
453.59348128 284.88483346
420.59013931 284.88483346
474.35364800 302.45112838
203.20776064 271.79438099
222.06404908 263.30905120
239.97752310 258.59497909
231.02078609 258.59497909
253.64833222 260.95201514
259.30521875 254.35231419
267.79054855 263.30905120
257.41958990 269.43734494
302.67468216 316.57806604
312.57423359 275.09423147
296.54638842 269.43734494
287.58965141 261.89482956
298.90342447 256.23794303
283.34698651 247.75261323
289.94668746 234.08180412
319.17393454 244.45276276
307.38875427 252.93809256
384.22812966 277.45126753
321.05956339 270.85156657
319.17393454 259.53779351
326.24504271 249.16683487
369.14309891 263.78045841
406.85567579 277.92267474
410.15552626 266.13749446
422.88352096 267.08030888
427.12618586 260.48060793
409.68411905 260.48060793
415.81241279 251.99527813
398.37034599 254.82372140
357.82932584 276.97986032
375.27139265 279.33689637
373.85717102 289.23644780
426.65477865 279.33689637
444.09684545 271.32297378
451.16795362 259.06638630
443.15403103 260.48060793
440.32558777 260.48060793
331.43052203 245.39557718
344.15851672 223.71084547
333.31615087 230.78195364
352.64384652 230.78195364
346.51555278 234.55321133
341.80148067 242.56713391
351.22962489 247.28120602
342.74429509 253.88090698
334.73037251 254.82372140
355.47228979 264.72327283
357.82932584 256.23794303
363.95761959 243.98135555
360.65776911 218.52536615
350.28681047 221.35380942
346.51555278 215.69692289
363.01480516 207.68300030
376.21420707 207.21159309
380.92827918 207.21159309
387.52798014 196.36922724
518.57918479 291.12207664
502.07993241 280.27971079
370.08591333 225.59647432
375.27139265 227.95351037
388.47079456 217.58255173
382.81390803 226.06788153
386.11375850 209.09722193
391.29923782 205.32596425
400.72738204 210.51144357
396.48471714 220.88240221
404.02723252 220.88240221
397.42753157 227.95351037
411.09834068 230.78195364
419.11226327 227.95351037
406.85567579 242.09572670
355.00088258 317.99228767
346.51555278 269.43734494
471.43846369 271.32297378
486.99490165 270.38015936
494.53741703 267.08030888
501.13711798 263.78045841
509.62244778 268.96593773
528.00732901 278.39408195
533.66421554 263.78045841
555.82035446 278.39408195
539.32110207 284.99378290
532.72140112 298.66459202
532.72140112 309.97836508
517.63637037 304.79288576
521.87903527 321.29213815
535.54984439 337.31998332
525.17888574 352.40501407
559.12020493 375.97537462
564.77709147 353.81923571
585.99041596 359.47612224
575.14805011 331.66309679
580.80493664 311.86399393
556.76316888 320.82073094
542.14954534 318.46369488
560.53442657 302.43584971
581.74775106 287.82222617
568.07694194 273.68000984
555.34894725 262.83764399
545.44939582 258.12357188
552.04909677 252.46668534
569.96257079 252.93809256
582.69056548 258.59497909
578.44790059 272.26578821
580.80493664 240.21009786
567.13412752 235.49602575
559.12020493 240.21009786
551.57768956 243.98135555
551.57768956 228.89632479
543.09235976 232.19617527
433.01877600 248.10616864
407.56278660 208.97937013
411.80545150 210.62929537
420.05507769 214.63625666
419.11226327 222.65017925
398.60604959 196.25137543
408.50560102 197.90130067
434.19729402 240.56365327
437.73284811 234.43535952
451.87506444 230.42839823
458.47476539 225.24291891
469.78853845 222.65017925
478.03816464 238.20661721
469.78853845 239.85654245
468.37431682 247.16335422
462.48172668 252.58453715
455.88202573 246.45624340
447.39669593 249.28468667
475.91683220 248.81327946
480.86660791 258.47712728
485.58068002 244.33491095
492.65178819 244.80631817
498.54437832 245.51342898
510.09385499 246.92765061
513.15800186 255.88438762
511.27237302 261.54127416
518.57918479 247.63476143
529.18584704 249.28468667
540.97102731 253.52735157
543.79947058 245.27772538
538.61399126 239.38513524
492.18038097 230.19269462
492.88749179 215.10766387
485.10927281 214.63625666
480.39520070 207.09374129
472.85268532 209.68648095
467.43150240 209.92218455
459.41757981 211.10070258
437.02573729 199.78692952
431.36885076 195.30856101
422.64781735 208.50796292
413.92678395 201.20115115
417.69804164 194.13004298
406.85567579 190.12308169
413.69108035 184.23049155
424.29774259 177.15938339
423.82633538 192.48011775
429.01181470 189.88737809
437.73284811 178.10219781
431.60455436 176.45227257
443.15403103 181.40204829
441.97551300 189.18026727
453.05358246 183.75908434
449.28232477 173.85953291
462.95313389 181.63775189
461.77461587 192.95152496
488.88053050 207.80085210
477.33105383 201.67255836
503.96556125 200.02263312
508.67963336 204.50100163
514.10081629 185.88041679
506.55830091 185.40900958
501.13711798 188.00174924
500.90141438 193.89433938
493.12319540 183.05197353
486.28779084 183.75908434
472.38127811 182.10915910
470.96705648 172.44531128
487.70201247 180.69493747
474.03120335 192.24441414
511.50807662 178.10219781
526.59310738 200.02263312
519.52199921 211.57210979
516.92925955 225.24291891
510.56526220 226.89284415
506.32259730 237.02809918
515.04363071 237.73521000
524.47177493 232.31402707
531.54288309 220.52884680
532.72140112 231.84261986
540.49962010 218.64321796
535.78554799 213.69344224
538.14258405 206.15092686
524.94318214 209.68648095
552.04909677 210.15788816
546.39221024 200.25833673
542.38524894 190.83019251
534.84273357 195.30856101
538.14258405 185.88041679
551.10628235 184.70189876
498.54437832 180.45923387
521.17192445 179.28071584
516.69355595 180.45923387
527.06451459 181.40204829
531.77858670 183.28767713
544.03517418 171.50249686
535.31414078 173.38812570
549.69206071 175.98086536
547.09932105 181.40204829
558.17739051 174.80234733
559.59161215 185.40900958
558.64879772 194.83715380
307.38875427 285.34733831
470.49564927 204.50100163
494.53741703 164.90279590
499.48719274 159.48161298
500.66571077 164.43138869
507.97252254 160.42442740
508.20822615 167.25983196
514.33651989 156.65316971
514.33651989 169.38116441
519.52199921 163.25287066
520.93622084 169.85257162
525.17888574 166.08131393
534.37132636 157.83168774
544.74228500 158.77450216
543.09235976 161.13153822
559.12020493 163.95998148
557.70598330 168.43834999
564.77709147 164.43138869
572.08390324 161.60294543
576.32656814 169.38116441
571.84819963 169.38116441
569.72686718 175.98086536
575.38375371 179.04501223
564.77709147 189.88737809
569.72686718 190.83019251
569.72686718 183.99478795
579.86212222 187.05893482
575.14805011 195.07285741
584.10478712 197.90130067
581.04064025 202.14396557
580.56923303 213.92914585
568.78405276 210.62929537
562.65575902 214.63625666
610.26788733 184.70189876
584.57619433 163.25287066
593.76863494 161.83864903
589.52597004 161.83864903
597.30418902 163.72427788
604.37529719 165.13849951
606.73233324 161.13153822
614.03914501 164.90279590
620.40314236 164.90279590
620.87454957 158.77450216
614.98195944 177.63079060
612.15351617 171.97390407
599.42552147 172.20960767
593.29722773 180.69493747
580.33352943 177.63079060
587.64034120 170.32397883
621.11025318 185.88041679
597.77559624 190.83019251
600.36833590 199.07981870
606.02522243 200.96544754
615.21766304 185.40900958
623.93869645 188.47315645
629.59558298 179.75212305
627.23854692 173.38812570
631.24550822 167.02412835
649.15898223 160.18872379
644.44491012 162.31005624
642.32357767 166.08131393
637.37380196 165.13849951
655.75868319 161.13153822
630.30269379 155.71035529
639.73083801 159.95302019
653.63735074 157.36028053
663.06549496 161.60294543
553.22761480 193.36400627
628.29921315 209.98111045
604.13959358 177.10045749
604.84670440 190.29985940
596.00781919 186.64645351
590.11522906 190.88911841
577.62293797 181.22527058
654.69801696 165.90453623
623.93869645 164.60816640
628.18136134 160.71905691
611.56425716 210.45251766
649.04113043 203.73496491
643.50209570 193.36400627
657.17290482 200.43511443
637.84520917 206.79911178
610.97499814 198.25485608
585.99041596 191.89085873
569.49116358 196.36922724
564.54138786 198.25485608
558.41309412 209.33292554
662.35838414 208.62581472
672.96504639 202.26181737
681.68607979 201.08329935
673.90786081 194.01219118
676.26489686 189.06241547
622.52447481 216.87544091
610.97499814 220.17529139
603.19677916 223.47514187
596.12567100 228.66062119
596.83278181 217.81825534
580.80493664 225.12506711
563.59857344 227.95351037
551.57768956 219.70388418
574.44093929 238.32446901
573.73382848 227.71780677
589.99737725 231.01765724
672.96504639 221.35380942
657.88001564 225.83217792
648.45187142 227.24639956
642.55928128 217.81825534
632.89543345 220.17529139
644.68061373 212.16136880
666.36534543 210.51144357
673.43645360 211.92566520
632.42402624 226.77499235
623.23158563 235.73172935
605.08240801 246.80979881
643.50209570 239.26728344
661.41556972 237.14595099
698.42103578 225.83217792
690.40711319 220.88240221
690.87852041 209.33292554
697.94962857 208.62581472
691.34992762 193.54078397
680.50756176 209.33292554
707.37777279 202.26181737
711.62043769 200.14048492
697.47822136 194.48359839
697.00681415 186.94108302
705.49214395 184.81975057
701.95658986 185.76256499
706.19925476 174.92019914
692.99985285 177.51293880
687.81437353 174.21308832
686.87155911 165.96346213
691.82133483 164.54924050
689.93570598 169.26331261
688.52148435 160.07087199
678.15052571 161.01368641
664.95112380 167.61338737
662.82979135 164.31353689
697.00681415 161.01368641
703.60651510 160.77798281
706.19925476 165.02064771
712.09184490 179.63427125
713.03465932 189.53382268
682.62889421 194.95500560
692.05703843 235.96743296
698.18533218 236.20313657
706.19925476 238.32446901
707.37777279 216.40403370
701.72088626 214.98981207
713.50606653 249.16683487
668.72238149 236.67454378
635.25246951 245.15987357
619.22462434 245.63128078
616.16047746 196.48707904
626.06002889 202.14396557
600.13263229 264.36971742
595.41856018 253.52735157
591.64730249 262.48408858
609.08936930 270.96941838
625.58862168 266.72675348
639.73083801 261.06986694
648.21616781 247.39905783
650.57320387 261.06986694
680.27185816 255.88438762
675.55778605 255.88438762
688.28578074 258.71283089
701.48518265 260.12705252
709.49910524 266.72675348
721.28428551 257.77001647
712.79895572 257.77001647
735.42650184 254.94157320
729.29820810 282.28319144
717.04162061 282.28319144
688.75718796 282.75459865
674.14356442 275.68349049
665.18682741 294.06837171
622.76017842 292.65415008
601.54685392 302.08229430
591.64730249 298.78244382
615.21766304 312.45325294
604.37529719 316.22451063
591.64730249 319.99576832
692.99985285 300.19666546
707.61347640 305.85355199
762.76812008 319.52436111
702.42799707 319.99576832
682.15748700 316.69591784
674.61497163 302.08229430
641.61646686 316.69591784
642.55928128 302.08229430
646.33053897 292.18274287
632.65972985 292.18274287
720.34147109 317.63873226
770.78204267 322.82421158
781.15300131 318.58154668
789.16692390 320.93858274
817.92276377 316.22451063
824.05105751 298.78244382
808.49461955 298.78244382
797.65225369 299.72525825
658.58712645 320.93858274
627.94565774 321.88139716
663.89045758 258.30034958
638.78802359 374.08974578
617.10329189 334.02013284
602.48966835 361.83315829
580.33352943 343.91968428
543.09235976 408.50247218
632.18832264 407.55965776
665.65823462 409.44528660
673.20074999 452.81475001
681.21467258 442.91519858
668.48667788 433.48705436
681.21467258 426.41594620
837.72186663 352.40501407
862.70644881 363.71878714
810.38024839 329.30606073
796.23803206 327.89183910
768.89641382 339.20561217
664.71542020 380.21803952
649.15898223 365.60441598
520.70051724 200.55296623
516.34000054 202.20289147
516.57570414 191.59622923
521.64333166 192.53904365
531.42503129 188.88563776
489.58764131 191.59622923
492.18038097 202.43859508
496.18734227 195.36748691
603.55033457 169.32223851
574.44093929 188.53208235
684.28248194 219.72715668
664.22664557 220.46090679
