98.09581105 635.74910873
107.98975045 632.25713012
127.19563280 631.67513369
151.63948307 630.51114082
161.53342246 632.25713012
184.23128342 647.97103387
185.39527629 625.27317291
211.00311943 624.69117647
222.06105169 629.92914439
255.81684492 625.85516934
294.22860963 632.25713012
306.45053476 629.92914439
116.71969697 608.97727273
75.39795009 623.52718360
84.70989305 617.70721925
94.02183601 607.23128342
88.20187166 600.82932264
91.69385027 590.35338681
234.86497326 625.27317291
230.20900178 602.57531194
206.34714795 602.57531194
212.74910873 591.51737968
194.12522282 592.68137255
181.32130125 603.15730838
173.75534759 592.68137255
176.08333333 582.78743316
189.46925134 578.71345811
159.20543672 597.91934046
157.45944742 608.39527629
148.72950089 601.41131907
128.94162210 598.50133690
135.92557932 591.51737968
142.90953654 588.02540107
110.31773619 586.27941176
70.15998217 588.60739750
77.14393939 572.31149733
59.68404635 592.09937611
9.63235294 593.84536542
49.79010695 587.44340463
41.06016043 575.80347594
21.27228164 581.04144385
6.72237077 571.72950089
6.72237077 557.17959002
20.10828877 542.62967914
41.64215686 542.62967914
56.77406417 546.70365419
75.39795009 555.43360071
88.20187166 549.03163993
107.40775401 558.92557932
114.97370766 553.68761141
124.86764706 540.30169340
113.22771836 536.22771836
129.52361854 527.49777184
138.83556150 536.22771836
152.22147950 525.75178253
173.17335116 542.04768271
167.35338681 556.01559715
160.36942959 556.01559715
137.67156863 559.50757576
149.89349376 562.41755793
132.43360071 568.81951872
131.26960784 578.71345811
119.04768271 577.54946524
96.93181818 576.96746881
105.66176471 575.80347594
66.66800357 607.81327986
252.90686275 600.82932264
269.20276292 601.99331551
263.38279857 567.07352941
252.90686275 553.10561497
201.10918004 558.92557932
190.05124777 554.85160428
188.88725490 544.37566845
197.61720143 542.62967914
186.55926916 525.75178253
179.57531194 532.15374332
202.27317291 517.02183601
237.19295900 554.85160428
262.21880570 580.45944742
297.13859180 549.61363636
257.56283422 514.11185383
249.99688057 506.54590018
265.12878788 494.32397504
242.43092692 477.44607843
244.75891266 469.29812834
238.93894831 455.33021390
237.19295900 442.52629234
252.32486631 422.73841355
244.17691622 413.42647059
240.10294118 401.78654189
245.92290553 397.71256684
246.50490196 384.32664884
234.86497326 388.40062389
230.20900178 372.68672014
247.66889483 349.98885918
256.98083779 380.25267380
233.70098039 347.07887701
243.01292335 333.11096257
254.07085561 339.51292335
238.93894831 321.47103387
238.35695187 313.32308378
244.17691622 306.33912656
235.44696970 289.46122995
87.61987522 511.78386809
106.82575758 507.70989305
126.61363636 508.87388592
162.11541889 503.63591800
176.66532977 504.79991087
202.85516934 503.63591800
211.00311943 502.47192513
216.24108734 491.99598930
229.04500891 487.92201426
234.28297683 473.95409982
206.34714795 479.77406417
202.85516934 494.32397504
191.79723708 483.84803922
218.56907308 468.13413547
211.58511586 461.73217469
187.72326203 472.20811052
177.24732620 477.44607843
162.69741533 483.84803922
133.01559715 490.83199643
137.67156863 479.77406417
112.64572193 493.15998217
106.24376114 495.48796791
74.23395722 493.15998217
65.50401070 507.70989305
43.38814617 504.79991087
39.89616756 526.91577540
56.77406417 535.06372549
81.79991087 536.22771836
75.97994652 535.06372549
56.77406417 519.34982175
20.69028520 522.25980392
25.92825312 508.87388592
15.45231729 501.30793226
9.63235294 494.90597148
39.89616756 482.68404635
51.53609626 473.95409982
38.73217469 460.56818182
30.58422460 468.71613191
48.62611408 452.42023173
56.77406417 461.73217469
71.90597148 468.71613191
69.57798574 487.92201426
85.87388592 481.52005348
105.07976827 473.37210339
124.28565062 476.28208556
140.58155080 468.71613191
151.05748663 474.53609626
139.99955437 456.49420677
151.63948307 500.14393939
149.89349376 515.27584670
169.09937611 519.34982175
80.63591800 561.25356506
62.59402852 564.74554367
24.76426025 466.97014260
38.15017825 437.28832442
25.92825312 432.05035651
9.05035651 434.37834225
21.85427807 419.82843137
38.15017825 409.35249554
43.38814617 405.86051693
53.28208556 414.59046346
64.34001783 409.35249554
69.57798574 411.09848485
95.18582888 434.37834225
94.02183601 451.25623886
86.45588235 462.89616756
68.41399287 440.78030303
123.12165775 443.69028520
126.03163993 433.21434938
142.32754011 434.37834225
145.23752228 447.18226381
148.14750446 426.23039216
176.66532977 446.01827094
172.59135472 429.14037433
190.63324421 434.37834225
196.45320856 436.70632799
201.69117647 427.97638146
201.10918004 451.25623886
220.31506239 430.30436720
230.20900178 425.06639929
223.80704100 450.09224599
212.16711230 415.75445633
220.31506239 412.26247772
24.76426025 455.33021390
52.11809269 440.78030303
77.72593583 401.20454545
82.96390374 391.89260250
57.93805704 395.38458111
45.71613191 383.74465241
23.01827094 388.98262032
77.14393939 379.67067736
101.00579323 375.01470588
111.48172906 380.25267380
114.97370766 393.05659537
123.70365419 415.75445633
140.58155080 415.75445633
149.31149733 397.71256684
134.76158645 402.36853832
129.52361854 405.27852050
88.78386809 398.87655971
160.36942959 390.72860963
152.80347594 380.25267380
130.10561497 380.83467023
143.49153298 369.77673797
123.70365419 374.43270945
145.81951872 378.50668449
187.72326203 372.68672014
197.03520499 372.68672014
202.27317291 393.63859180
198.19919786 400.62254902
188.88725490 403.53253119
183.64928699 396.54857398
212.16711230 391.31060606
211.00311943 377.34269162
212.16711230 366.86675579
215.65909091 360.46479501
188.88725490 421.57442068
170.84536542 418.66443850
259.89081996 400.62254902
252.90686275 397.13057041
254.07085561 370.35873440
266.29278075 370.94073084
276.18672014 365.70276292
283.75267380 358.13680927
282.58868093 347.07887701
284.33467023 341.84090909
267.45677362 404.69652406
291.90062389 411.09848485
291.31862745 426.81238859
268.03877005 426.23039216
156.87745098 409.35249554
163.27941176 401.78654189
12.54233512 362.79278075
20.69028520 363.37477718
26.51024955 356.39081996
26.51024955 365.70276292
36.40418895 370.94073084
62.59402852 369.77673797
63.75802139 361.62878788
72.48796791 362.79278075
65.50401070 372.10472371
81.21791444 363.95677362
88.20187166 357.55481283
94.02183601 360.46479501
105.07976827 355.22682709
116.13770053 358.71880570
125.44964349 352.31684492
130.10561497 334.85695187
145.23752228 334.27495544
146.40151515 351.15285205
157.45944742 344.75089127
159.20543672 330.20098039
176.66532977 340.67691622
172.00935829 359.30080214
167.93538324 370.35873440
178.41131907 382.58065954
187.14126560 345.33288770
199.94518717 347.66087344
208.67513369 348.82486631
217.98707665 345.33288770
222.64304813 348.24286988
226.13502674 341.84090909
195.87121212 364.53877005
212.16711230 330.20098039
221.47905526 329.03698752
98.09581105 415.75445633
178.41131907 403.53253119
285.49866310 407.02450980
14.28832442 381.99866310
19.52629234 349.98885918
27.09224599 344.75089127
24.18226381 331.36497326
27.09224599 321.47103387
45.71613191 332.52896613
57.35606061 334.27495544
64.34001783 331.94696970
70.15998217 341.84090909
81.79991087 340.09491979
39.31417112 352.89884135
56.19206774 344.75089127
39.31417112 318.56105169
58.52005348 318.56105169
60.26604278 310.99509804
71.32397504 326.70900178
82.38190731 317.39705882
88.78386809 327.29099822
110.89973262 339.51292335
98.67780749 340.09491979
111.48172906 321.47103387
111.48172906 311.57709447
95.76782531 308.08511586
77.72593583 303.42914439
87.61987522 310.41310160
80.63591800 292.95320856
41.06016043 295.86319073
27.67424242 306.33912656
20.69028520 302.84714795
35.82219251 308.08511586
49.79010695 294.69919786
57.35606061 287.13324421
70.15998217 289.46122995
44.55213904 308.08511586
115.06350267 462.45967023
104.58756684 459.54968806
86.54567736 509.01938503
222.73284314 385.34514260
200.61697861 308.52161319
223.89683601 302.70164884
226.51581996 316.66956328
177.62811943 320.45254011
154.05726381 312.01359180
140.38034759 315.21457219
117.39148841 314.34157754
17.28810160 289.02473262
26.60004456 285.53275401
100.80459002 284.95075758
90.32865419 286.40574866
124.95744207 283.78676471
141.25334225 284.36876114
144.16332442 299.50066845
138.63435829 302.11965241
153.76626560 295.71769162
173.55414439 301.53765597
180.82909982 309.10360963
190.43204100 300.08266488
195.96100713 294.84469697
218.07687166 275.34781640
206.14594474 282.91377005
177.33712121 280.29478610
178.21011586 270.98284314
181.99309269 266.03587344
177.62811943 257.88792335
191.59603387 261.37990196
171.80815508 250.03097148
168.89817291 242.17401961
180.82909982 242.17401961
188.97704991 242.17401961
190.14104278 252.94095365
198.57999109 245.08400178
216.33088235 246.24799465
221.85984848 246.53899287
205.27295009 256.14193405
140.67134581 273.60182709
144.74532086 271.27384135
144.45432264 263.41688948
129.61341355 270.98284314
136.88836898 266.90886809
133.10539216 257.88792335
130.19540998 251.77696078
134.56038324 246.53899287
137.47036542 236.06305704
125.24844029 240.71902852
156.96724599 233.15307487
161.33221925 235.48106061
113.89950980 252.94095365
122.33845811 273.31082888
120.59246881 261.96189840
108.95254011 272.43783422
102.55057932 274.76581996
135.72437611 305.32063280
56.86385918 277.38480392
66.46680036 275.92981283
78.39772727 280.29478610
76.06974153 268.36385918
90.03765597 263.41688948
87.41867201 273.89282531
92.65663993 256.14193405
83.34469697 254.10494652
90.91065062 245.66599822
97.31261141 239.26403743
95.85762032 234.31706774
73.74175579 233.73507130
73.15975936 247.70298574
61.22883244 262.83489305
59.19184492 239.55503565
52.20788770 243.04701426
41.14995544 243.04701426
54.82687166 234.02606952
38.23997326 234.89906417
32.42000891 235.77205882
10.59514260 242.46501783
32.42000891 261.67090018
44.05993761 265.45387701
1.86519608 262.83489305
29.51002674 252.64995544
18.16109626 237.22704991
193.92401961 347.22437611
4.48418004 400.76804813
1.86519608 418.22794118
75.77874332 452.85672906
158.62344029 269.67335116
162.69741533 276.65730838
148.72950089 284.22326203
172.59135472 263.85338681
160.95142602 260.94340463
155.13146168 260.94340463
149.89349376 250.46746881
201.48997326 321.61653298
219.53186275 229.07909982
211.38391266 222.09514260
189.26804813 218.02116756
194.79701426 228.49710339
190.43204100 222.67713904
194.79701426 220.05815508
197.70699643 219.47615865
191.88703209 211.03721034
190.14104278 203.76225490
192.46902852 197.94229055
205.56394831 202.30726381
216.62188057 198.23328877
206.43694296 194.15931373
216.03988414 209.00022282
225.35182709 198.81528520
211.38391266 186.59336007
213.12990196 184.26537433
215.74888592 175.82642602
220.40485740 178.15441176
226.22482175 179.31840463
223.60583779 173.20744207
228.84380570 165.93248663
210.21991979 171.17045455
225.93382353 156.91154189
222.73284314 147.59959893
222.73284314 158.65753119
228.26180927 140.61564171
209.92892157 132.17669340
203.81795900 134.79567736
199.74398396 124.31974153
206.43694296 121.40975936
205.56394831 119.08177362
217.78587344 118.20877897
224.18783422 115.29879679
199.45298574 128.10271836
212.25690731 111.22482175
219.24086453 104.53186275
217.49487522 128.10271836
191.88703209 148.18159537
191.30503565 181.06439394
196.54300357 186.01136364
30.09202317 223.84113191
36.49398396 219.47615865
15.83311052 222.09514260
7.39416221 226.46011586
29.21902852 204.92624777
34.74799465 204.34425134
56.57286096 201.43426916
67.04879679 211.61920677
81.30770945 208.12722816
104.00557041 225.29612299
97.89460784 224.42312834
83.34469697 227.91510695
78.68872549 229.37009804
72.86876114 224.42312834
64.42981283 228.49710339
55.11786988 222.09514260
48.13391266 226.46011586
121.75646168 226.46011586
116.22749554 219.47615865
118.26448307 212.78319964
135.43337790 217.43917112
124.95744207 229.07909982
108.95254011 230.53409091
97.60360963 213.65619430
103.42357398 205.79924242
103.13257576 195.61430481
97.31261141 204.34425134
124.37544563 206.96323529
129.32241533 199.39728164
165.69719251 228.49710339
155.80325312 245.08400178
26.89104278 197.65129234
43.47794118 188.04835116
44.93293226 194.74131016
52.49888592 192.70432264
55.11786988 184.84737077
69.95877897 183.68337790
72.28676471 198.23328877
83.34469697 194.74131016
88.58266488 183.10138146
102.25958111 188.92134581
105.46056150 183.68337790
133.68738859 183.10138146
118.84647950 189.21234403
122.92045455 195.61430481
131.06840463 176.69942068
123.79344920 175.53542781
107.78854724 178.15441176
122.04745989 170.00646168
116.51849376 180.48239750
173.26314617 179.02740642
175.59113191 184.26537433
178.50111408 190.08533868
172.97214795 197.94229055
162.20521390 202.01626560
153.18426916 194.74131016
160.45922460 192.99532086
145.32731729 189.50334225
199.74398396 174.66243316
191.30503565 165.93248663
182.86608734 170.00646168
165.40619430 184.84737077
133.10539216 164.18649733
138.63435829 159.53052585
142.41733512 162.73150624
145.90931373 158.36653298
134.85138146 153.12856506
126.41243316 150.80057932
132.23239750 144.39861854
136.88836898 142.65262923
152.89327094 147.89059715
115.35450089 149.05459002
118.84647950 147.59959893
110.11653298 149.05459002
125.83043672 162.73150624
126.41243316 158.36653298
184.32107843 145.85360963
181.99309269 155.74754902
178.50111408 158.07553476
187.52205882 130.13970588
178.21011586 128.10271836
170.06216578 125.48373440
169.48016934 135.37767380
167.15218360 140.32464349
169.48016934 139.16065062
173.84514260 122.28275401
161.91421569 127.52072193
186.94006239 116.46278966
194.50601604 121.70075758
198.57999109 108.89683601
204.69095365 107.15084670
207.60093583 100.74888592
11.46813725 163.60450089
6.81216578 173.20744207
4.77517825 182.22838681
10.59514260 153.41956328
20.19808378 159.53052585
34.74799465 162.73150624
40.56795900 170.29745989
39.98596257 160.98551693
50.75289661 161.56751337
53.08088235 168.55147059
58.90084670 162.14950980
71.12277184 160.98551693
77.52473262 178.15441176
85.96368093 172.91644385
50.75289661 147.01760250
46.09692513 153.41956328
6.81216578 141.48863636
13.21412656 135.95967023
7.39416221 129.55770945
11.17713904 122.28275401
18.16109626 121.70075758
22.23507130 125.48373440
20.48908200 130.72170232
26.01804813 128.10271836
28.05503565 120.82776292
23.10806595 115.58979501
10.88614082 112.38881462
7.39416221 107.73284314
15.54211230 108.31483957
16.70610517 103.65886809
29.80102496 107.15084670
30.38302139 112.97081105
41.73195187 109.76983066
43.76893939 115.00779857
49.58890374 114.13480392
54.53587344 115.29879679
55.40886809 121.40975936
52.49888592 121.99175579
51.04389483 128.10271836
44.64193405 124.31974153
40.56795900 128.10271836
37.07598039 120.24576649
33.87500000 135.08667558
43.18694296 133.34068627
34.74799465 143.23462567
38.23997326 150.50958111
43.47794118 148.18159537
62.68382353 134.79567736
67.04879679 142.94362745
83.34469697 145.27161319
83.92669340 139.16065062
78.39772727 133.63168449
76.36073975 128.10271836
65.30280749 128.10271836
67.04879679 117.62678253
79.85271836 117.91778075
70.24977718 116.46278966
89.74665775 121.70075758
93.52963458 115.00779857
87.70967023 112.97081105
78.68872549 110.35182709
61.81082888 111.22482175
67.63079323 101.91287879
60.06483957 99.58489305
63.84781640 94.34692513
59.48284314 92.60093583
62.39282531 89.98195187
48.42491087 98.71189840
42.02295009 101.91287879
36.49398396 97.25690731
42.60494652 94.05592692
26.60004456 90.85494652
35.62098930 79.79701426
110.40753119 137.41466132
90.61965241 133.92268271
75.48774510 147.89059715
74.03275401 143.23462567
107.49754902 131.30369875
108.07954545 121.70075758
82.76270053 257.88792335
11.75913547 74.85004456
12.34113191 68.44808378
23.39906417 66.99309269
22.23507130 61.75512478
24.56305704 77.76002674
31.25601604 69.03008021
36.20298574 70.77606952
43.47794118 72.23106061
49.87990196 75.14104278
57.73685383 69.32107843
61.81082888 66.41109626
65.59380570 63.21011586
50.46189840 58.84514260
70.83177362 71.64906417
79.27072193 74.26804813
71.12277184 60.59113191
96.73061497 79.79701426
88.87366310 84.74398396
160.75022282 122.28275401
133.68738859 117.04478610
128.44942068 120.82776292
120.30147059 116.46278966
138.92535651 121.70075758
141.25334225 128.10271836
114.19050802 132.17669340
112.15352050 114.42580214
104.29656863 106.27785205
98.47660428 107.15084670
11.17713904 60.30013369
14.08712121 55.06216578
21.07107843 57.39015152
2.15619430 66.41109626
116.13770053 123.59224599
156.29545455 125.92023173
205.18315508 144.54411765
196.45320856 141.63413547
124.28565062 109.62433155
138.25356506 107.29634581
10.21434938 323.79901961
2.06639929 318.56105169
142.32754011 101.47638146
132.43360071 99.14839572
106.68025847 78.63302139
96.78631907 85.61697861
88.92936720 94.05592692
88.63836898 102.20387701
112.79122103 95.21991979
110.17223708 86.48997326
121.52116756 66.99309269
127.63213012 65.24710339
130.54211230 57.68114973
122.10316399 56.22615865
121.23016934 50.98819073
127.92312834 50.11519608
116.28319964 48.07820856
58.08355615 53.60717469
60.99353832 55.93516043
64.48551693 56.51715686
98.24131016 62.91911765
81.36341355 65.24710339
91.54835116 60.59113191
97.07731729 57.68114973
100.56929590 47.78721034
163.42491087 93.18293226
166.91688948 85.61697861
173.31885027 78.92401961
177.10182709 86.19897504
173.90084670 92.89193405
173.90084670 96.67491087
150.32999109 115.58979501
148.87500000 97.25690731
142.76403743 94.34692513
145.96501783 85.03498217
149.45699643 76.30503565
154.11296791 56.22615865
134.03409091 49.53319964
141.01804813 48.36920677
145.67401961 51.86118538
144.21902852 62.91911765
227.73551693 67.86608734
215.22259358 63.79211230
222.78854724 59.13614082
207.65663993 62.91911765
212.31261141 58.84514260
212.02161319 83.57999109
220.75155971 91.43694296
225.98952763 94.63792335
231.22749554 91.72794118
231.22749554 79.50601604
216.67758467 76.01403743
185.24977718 98.71189840
189.61475045 95.21991979
196.88970588 82.41599822
161.09692513 103.65886809
161.67892157 108.60583779
167.49888592 110.93382353
166.91688948 100.74888592
173.90084670 103.07687166
228.02651515 133.34068627
160.51492870 61.46412656
164.00690731 54.77116756
163.13391266 64.37410873
177.39282531 53.60717469
174.77384135 53.89817291
167.20788770 72.23106061
158.76893939 82.12500000
187.28676471 50.69719251
185.83177362 55.06216578
195.14371658 62.91911765
205.32865419 70.77606952
170.99086453 67.28409091
183.79478610 64.08311052
140.14505348 72.23106061
154.69496435 64.37410873
16.17981283 52.73418004
24.32776292 49.24220143
139.85405526 90.27295009
132.87009804 77.17803030
227.73551693 111.22482175
231.22749554 146.43560606
217.55057932 170.29745989
223.66154189 77.17803030
190.48774510 59.13614082
170.11786988 59.13614082
154.40396613 50.40619430
149.74799465 79.79701426
228.60851159 126.64772727
231.80949198 86.19897504
98.82330660 116.46278966
68.85049020 152.25557041
68.55949198 95.51091800
89.51136364 75.14104278
113.95521390 60.30013369
106.09826203 67.28409091
176.22883244 71.64906417
191.65173797 68.44808378
219.58756684 66.99309269
239.08444742 322.19852941
255.38034759 321.61653298
261.20031194 324.23551693
266.43827986 323.07152406
265.27428699 303.28364528
257.70833333 307.93961676
254.50735294 295.71769162
276.04122103 307.35762032
287.39015152 312.88658645
287.68114973 306.48462567
291.75512478 309.10360963
308.63302139 309.97660428
305.14104278 298.33667558
293.21011586 309.68560606
311.54300357 302.41065062
299.03008021 293.38970588
286.22615865 298.62767380
279.53319964 296.29968806
278.66020499 290.77072193
283.60717469 281.16778075
257.70833333 276.51180927
262.07330660 258.76091800
251.30637255 261.67090018
250.43337790 256.14193405
239.95744207 258.46991979
233.55548128 270.98284314
241.41243316 250.03097148
249.85138146 248.28498217
247.23239750 244.21100713
245.77740642 241.59202317
252.17936720 239.55503565
258.29032977 231.11608734
262.07330660 247.41198752
271.67624777 240.42803030
277.49621212 255.26893939
283.89817291 255.26893939
283.02517825 241.01002674
288.84514260 243.04701426
280.69719251 271.27384135
284.77116756 261.67090018
310.08801248 282.33177362
304.26804813 270.40084670
303.68605169 253.23195187
306.01403743 249.44897504
326.09291444 252.06795900
335.98685383 264.58088235
338.89683601 256.72393048
345.58979501 268.65485740
351.40975936 263.99888592
338.31483957 285.82375223
340.06082888 275.92981283
339.18783422 298.04567736
329.29389483 291.93471480
321.43694296 292.22571301
319.98195187 308.23061497
333.65886809 314.05057932
320.85494652 323.94451872
338.31483957 324.81751337
347.04478610 319.87054367
356.06573084 324.52651515
367.99665775 325.39950980
353.15574866 309.10360963
376.14460784 314.05057932
348.20877897 303.28364528
354.61073975 298.62767380
361.30369875 296.00868984
347.62678253 291.35271836
370.61564171 301.24665775
374.10762032 296.00868984
385.16555258 302.70164884
386.91154189 312.01359180
402.04344920 309.10360963
408.73640820 324.23551693
393.02250446 323.36252228
388.65753119 318.99754902
414.84737077 294.55369875
420.08533868 291.64371658
405.24442959 303.57464349
432.30726381 309.39460784
439.87321747 307.06662210
428.52428699 291.06172014
442.78319964 288.44273619
433.76225490 283.20476827
422.12232620 314.92357398
445.40218360 323.07152406
398.84246881 281.16778075
386.32954545 284.95075758
370.03364528 283.20476827
354.31974153 282.62277184
368.57865419 276.51180927
371.48863636 266.32687166
396.80548128 270.40084670
393.89549911 263.12589127
404.95343137 259.92491087
412.22838681 273.31082888
432.59826203 273.60182709
429.97927807 268.65485740
443.65619430 261.96189840
442.78319964 272.14683601
444.52918895 246.24799465
438.12722816 247.99398396
436.09024064 236.35405526
422.70432264 240.42803030
425.90530303 250.03097148
413.39237968 251.48596257
416.01136364 261.67090018
415.13836898 234.31706774
407.28141711 234.60806595
398.84246881 238.97303922
392.44050802 244.21100713
436.09024064 218.89416221
426.48729947 206.96323529
439.87321747 207.54523173
434.05325312 201.14327094
432.88926025 187.75735294
439.29122103 181.93738859
378.47259358 231.69808378
368.86965241 234.31706774
384.58355615 223.25913547
395.05949198 212.78319964
409.31840463 210.74621212
379.63658645 242.75601604
374.68961676 246.82999109
271.38524955 231.11608734
288.84514260 226.46011586
272.54924242 222.67713904
299.90307487 223.25913547
297.57508913 217.43917112
310.96100713 216.85717469
318.23596257 221.22214795
320.56394831 212.78319964
317.36296791 231.11608734
305.43204100 236.35405526
335.40485740 225.87811943
343.26180927 224.71412656
350.82776292 232.57107843
353.73774510 227.91510695
355.77473262 219.47615865
355.48373440 214.23819073
330.45788770 220.05815508
326.09291444 213.36519608
334.24086453 205.79924242
322.60093583 204.92624777
310.08801248 208.12722816
301.35806595 210.74621212
291.17312834 214.82018717
272.54924242 214.23819073
259.45432264 218.02116756
264.98328877 216.27517825
268.76626560 206.38123886
275.75022282 205.50824421
257.41733512 206.96323529
244.32241533 222.09514260
241.70343137 214.23819073
250.14237968 201.14327094
242.28542781 195.61430481
246.35940285 192.99532086
244.90441176 188.04835116
230.06350267 201.72526738
263.23729947 194.45031194
257.70833333 194.15931373
256.54434046 186.59336007
273.71323529 197.36029412
287.97214795 190.95833333
303.97704991 191.83132799
313.28899287 190.37633690
322.30993761 190.37633690
322.89193405 196.77829768
337.73284314 198.52428699
418.63034759 215.98418004
424.45031194 185.72036542
395.64148841 191.83132799
389.53052585 193.57731729
413.97437611 195.90530303
394.18649733 201.72526738
402.33444742 168.55147059
389.23952763 174.08043672
405.82642602 164.18649733
370.32464349 185.13836898
362.17669340 185.42936720
362.17669340 202.01626560
345.88079323 193.86831551
347.33578431 187.75735294
345.88079323 181.93738859
354.31974153 177.28141711
360.43070410 173.78943850
372.65262923 170.29745989
369.16065062 163.60450089
377.59959893 165.05949198
387.49353832 166.80548128
402.33444742 155.45655080
391.85851159 149.05459002
352.57375223 210.74621212
358.39371658 196.19630125
239.66644385 177.86341355
237.04745989 171.75245098
254.21635472 174.37143494
265.27428699 183.39237968
269.34826203 179.31840463
264.40129234 167.96947415
273.71323529 166.80548128
269.34826203 160.69451872
273.13123886 154.87455437
257.12633690 161.56751337
254.79835116 153.12856506
243.15842246 160.98551693
246.94139929 154.29255793
243.44942068 153.41956328
242.57642602 143.81662210
239.66644385 137.12366310
240.83043672 133.34068627
244.61341355 122.28275401
244.32241533 115.00779857
235.59246881 115.00779857
244.03141711 111.51581996
236.75646168 106.27785205
242.57642602 104.53186275
232.10049020 92.60093583
240.83043672 93.47393048
244.32241533 89.10895722
248.10539216 91.72794118
253.63435829 90.27295009
251.01537433 99.29389483
256.25334225 107.73284314
259.45432264 113.55280749
251.30637255 114.42580214
257.41733512 122.86475045
256.25334225 129.55770945
257.70833333 138.57865419
259.74532086 133.92268271
251.30637255 143.81662210
262.07330660 146.43560606
274.87722816 141.77963458
269.34826203 135.08667558
274.58622995 132.75868984
276.04122103 126.93872549
268.47526738 124.90173797
265.56528520 117.04478610
273.42223708 115.58979501
268.18426916 112.38881462
270.80325312 109.76983066
264.40129234 103.07687166
260.32731729 96.09291444
262.65530303 89.10895722
257.99933155 82.41599822
257.99933155 76.01403743
239.95744207 76.01403743
252.47036542 68.44808378
257.12633690 66.70209447
241.41243316 59.42713904
239.37544563 64.66510695
232.39148841 63.21011586
234.13747772 58.84514260
248.97838681 55.35316399
259.74532086 57.68114973
265.56528520 57.97214795
275.16822638 66.99309269
267.60227273 66.70209447
263.23729947 65.82909982
225.69852941 49.82419786
235.88346702 48.36920677
285.06216578 54.18917112
280.11519608 54.77116756
282.15218360 64.08311052
272.25824421 71.94006239
272.84024064 77.76002674
257.41733512 86.19897504
270.51225490 87.36296791
265.85628342 86.78097148
283.02517825 105.98685383
277.49621212 100.45788770
283.60717469 98.12990196
290.00913547 99.58489305
298.73908200 99.58489305
298.15708556 109.76983066
297.86608734 120.24576649
299.32107843 127.52072193
293.79211230 134.50467914
290.30013369 139.74264706
285.64416221 124.02874332
285.35316399 119.08177362
309.79701426 121.99175579
323.76492870 120.24576649
319.98195187 126.93872549
314.74398396 111.22482175
307.17803030 113.84380570
306.88703209 126.93872549
303.10405526 143.81662210
305.72303922 150.21858289
302.23106061 154.29255793
295.82909982 159.53052585
295.82909982 159.53052585
292.91911765 163.31350267
290.30013369 167.67847594
290.88213012 172.91644385
297.28409091 175.24442959
289.42713904 151.67357398
291.17312834 144.98061497
285.06216578 154.87455437
278.66020499 159.82152406
307.17803030 166.22348485
313.28899287 167.38747772
322.89193405 163.89549911
329.00289661 153.12856506
336.85984848 146.43560606
345.29879679 140.32464349
351.11876114 142.94362745
354.31974153 153.41956328
349.95476827 164.76849376
345.00779857 157.20254011
341.22482175 158.07553476
337.73284314 163.89549911
336.56885027 167.38747772
320.85494652 179.90040107
335.69585561 181.64639037
361.88569519 222.09514260
361.30369875 214.82018717
353.73774510 256.14193405
413.39237968 190.66733512
418.92134581 150.50958111
431.14327094 143.81662210
428.52428699 142.65262923
423.28631907 138.57865419
429.39728164 130.13970588
425.90530303 126.64772727
433.76225490 125.48373440
430.27027629 117.91778075
427.65129234 111.51581996
422.70432264 116.46278966
417.75735294 116.46278966
407.28141711 120.24576649
409.02740642 123.44674688
401.17045455 140.03364528
397.67847594 133.34068627
393.89549911 127.52072193
386.32954545 133.34068627
397.67847594 119.37277184
404.08043672 111.80681818
387.78453654 108.60583779
395.05949198 101.91287879
407.28141711 92.89193405
408.15441176 105.11385918
390.98551693 94.05592692
354.02874332 131.30369875
349.08177362 130.72170232
343.55280749 129.55770945
336.85984848 137.70565954
331.62188057 141.77963458
322.60093583 149.05459002
318.52696078 143.81662210
315.32598039 146.72660428
310.37901070 144.39861854
333.65886809 128.10271836
347.33578431 122.28275401
377.30860071 124.02874332
370.61564171 115.29879679
359.84870766 115.00779857
349.95476827 113.84380570
339.18783422 116.46278966
332.78587344 111.22482175
335.40485740 99.58489305
320.56394831 98.12990196
316.48997326 90.85494652
306.88703209 92.60093583
301.94006239 93.47393048
303.39505348 86.48997326
315.61697861 69.32107843
297.57508913 70.48507130
411.64639037 126.93872549
401.46145276 86.19897504
389.82152406 85.03498217
390.40352050 78.92401961
393.31350267 75.72303922
404.37143494 64.66510695
411.06439394 64.08311052
405.24442959 58.84514260
410.19139929 60.30013369
425.61430481 62.04612299
434.92624777 60.30013369
435.21724599 55.93516043
422.12232620 56.22615865
418.33934938 53.89817291
422.41332442 51.86118538
375.85360963 69.03008021
375.56261141 64.37410873
372.36163102 60.30013369
376.72660428 51.27918895
382.25557041 49.53319964
382.25557041 71.94006239
375.27161319 75.14104278
370.32464349 83.87098930
367.12366310 87.65396613
366.25066845 89.98195187
347.62678253 96.09291444
343.55280749 92.01893939
335.11385918 88.81795900
331.33088235 91.72794118
322.60093583 82.70699643
327.54790553 74.85004456
334.53186275 69.32107843
343.26180927 67.86608734
347.33578431 63.21011586
340.64282531 65.53810160
348.20877897 55.93516043
344.71680036 53.60717469
351.40975936 51.27918895
344.13480392 82.12500000
309.21501783 52.15218360
246.06840463 69.61207665
253.92535651 56.80815508
246.35940285 48.66020499
425.61430481 199.68827986
403.20744207 202.88926025
347.62678253 200.56127451
280.40619430 141.48863636
250.14237968 135.08667558
373.52562389 142.36163102
374.39861854 155.74754902
374.98061497 150.80057932
360.72170232 128.10271836
371.77963458 107.15084670
366.25066845 108.89683601
363.92268271 100.45788770
368.28765597 98.71189840
303.39505348 79.50601604
402.91644385 52.73418004
418.92134581 84.16198752
418.92134581 89.10895722
415.72036542 92.01893939
423.28631907 95.80191622
427.65129234 104.53186275
447.87566845 158.51203209
452.53163993 143.96212121
456.60561497 150.94607843
456.02361854 159.67602496
382.11007130 95.65641711
301.21256684 360.46479501
304.70454545 365.70276292
316.92647059 366.28475936
330.89438503 355.22682709
337.29634581 363.95677362
341.95231729 368.61274510
355.92023173 368.03074866
350.68226381 357.55481283
349.51827094 347.66087344
345.44429590 337.18493761
361.74019608 335.43894831
361.74019608 342.42290553
362.90418895 355.22682709
374.54411765 358.71880570
382.11007130 358.13680927
388.51203209 343.58689840
382.69206774 334.27495544
402.47994652 340.09491979
415.86586453 348.82486631
422.26782531 343.00490196
436.23573975 338.34893048
435.07174688 329.03698752
440.89171123 326.70900178
451.36764706 329.61898396
430.41577540 352.89884135
439.14572193 352.31684492
435.65374332 368.61274510
411.79188948 360.46479501
393.75000000 358.13680927
407.13591800 360.46479501
417.61185383 373.26871658
314.01648841 567.07352941
312.85249554 613.05124777
308.77852050 596.17335116
301.79456328 595.59135472
325.65641711 602.57531194
329.73039216 621.19919786
346.60828877 621.78119430
346.02629234 608.97727273
355.33823529 601.99331551
361.15819964 592.09937611
362.32219251 578.71345811
374.54411765 623.52718360
368.72415330 606.64928699
382.11007130 617.70721925
393.16800357 621.78119430
404.80793226 622.94518717
420.52183601 642.73306595
417.61185383 627.01916221
427.50579323 628.76515152
432.16176471 638.07709447
447.87566845 650.29901961
459.51559715 630.51114082
453.69563280 597.91934046
451.36764706 592.09937611
453.69563280 577.54946524
455.44162210 566.49153298
429.83377897 564.74554367
432.16176471 577.54946524
429.83377897 583.36942959
327.40240642 634.00311943
361.74019608 629.34714795
392.58600713 639.82308378
352.42825312 546.12165775
321.00044563 583.95142602
329.73039216 586.27941176
323.91042781 543.21167558
339.62433155 537.97370766
350.10026738 531.57174688
369.88814617 535.06372549
373.96212121 523.42379679
379.78208556 515.27584670
397.82397504 519.34982175
391.42201426 526.33377897
407.13591800 511.78386809
430.99777184 540.30169340
413.53787879 544.37566845
419.35784314 539.13770053
392.00401070 540.30169340
392.00401070 550.77762923
447.87566845 530.98975045
438.56372549 524.58778966
443.80169340 511.78386809
455.44162210 506.54590018
299.46657754 539.71969697
310.52450980 530.98975045
320.41844920 522.25980392
300.04857398 520.51381462
315.18048128 510.03787879
284.91666667 503.63591800
268.03877005 505.96390374
272.11274510 494.90597148
281.42468806 487.92201426
263.96479501 472.20811052
260.47281640 466.97014260
277.93270945 450.09224599
275.02272727 444.85427807
291.90062389 458.82219251
297.13859180 462.89616756
308.77852050 452.42023173
300.04857398 443.69028520
304.70454545 426.23039216
314.59848485 430.30436720
303.54055258 411.09848485
312.85249554 412.26247772
327.98440285 410.51648841
317.50846702 439.61631016
326.82040998 453.00222816
333.80436720 442.52629234
315.76247772 469.29812834
312.27049911 479.19206774
302.95855615 489.08600713
295.39260250 475.11809269
341.95231729 472.20811052
350.10026738 452.42023173
342.53431373 451.25623886
358.83021390 443.69028520
365.23217469 455.33021390
357.66622103 427.97638146
341.37032086 409.35249554
351.26426025 412.26247772
363.48618538 413.42647059
369.30614973 425.06639929
384.43805704 427.97638146
378.61809269 422.73841355
381.52807487 447.18226381
389.67602496 450.09224599
375.70811052 468.13413547
386.18404635 464.06016043
385.02005348 479.77406417
399.56996435 482.68404635
421.68582888 481.52005348
416.44786096 484.43003565
440.89171123 490.25000000
453.11363636 473.95409982
454.27762923 457.65819964
454.27762923 446.01827094
429.83377897 458.82219251
430.41577540 446.01827094
437.39973262 447.18226381
420.52183601 447.18226381
411.79188948 456.49420677
401.89795009 451.25623886
405.97192513 435.54233512
401.89795009 431.46836007
398.98796791 423.90240642
407.71791444 419.82843137
415.86586453 431.46836007
421.10383244 431.46836007
426.92379679 418.66443850
446.71167558 423.90240642
449.62165775 433.21434938
451.94964349 430.30436720
458.35160428 436.70632799
437.39973262 408.18850267
435.65374332 417.50044563
458.93360071 412.26247772
425.75980392 503.63591800
398.98796791 501.30793226
358.24821747 501.30793226
376.87210339 507.70989305
345.44429590 517.60383244
358.24821747 523.42379679
273.27673797 384.90864528
285.49866310 388.98262032
309.36051693 398.29456328
304.12254902 392.47459893
298.30258467 377.34269162
304.12254902 374.43270945
312.27049911 373.85071301
352.42825312 381.41666667
362.90418895 388.40062389
367.56016043 395.96657754
387.93003565 394.80258467
393.16800357 401.20454545
390.84001783 386.07263815
383.85606061 381.41666667
381.52807487 368.03074866
368.14215686 365.70276292
403.64393939 390.72860963
404.80793226 381.99866310
415.86586453 381.41666667
422.26782531 388.40062389
421.68582888 380.83467023
419.35784314 402.95053476
436.23573975 382.58065954
443.80169340 380.83467023
450.20365419 379.08868093
457.18761141 385.49064171
440.89171123 394.80258467
447.29367201 400.04055258
405.97192513 291.20721925
388.51203209 294.69919786
392.00401070 287.13324421
456.60561497 296.44518717
453.11363636 263.85338681
451.36764706 256.86942959
458.35160428 245.81149733
459.51559715 233.58957219
453.11363636 235.91755793
401.31595365 403.53253119
255.81684492 444.85427807
134.76158645 447.18226381
262.80080214 358.13680927
311.10650624 334.27495544
296.55659537 336.60294118
290.73663102 326.70900178
280.26069519 331.36497326
362.90418895 310.99509804
409.46390374 311.57709447
447.29367201 314.48707665
426.92379679 262.10739750
40.00591327 52.41392904
48.58672799 51.55584757
54.59329829 48.98160315
54.59329829 37.82654402
61.45795007 34.39421813
61.45795007 24.09724047
55.45137976 27.52956636
49.44480946 30.10381078
46.87056505 20.66491459
52.01905388 19.80683311
39.14783180 12.94218134
38.28975033 19.80683311
40.00591327 32.67805519
29.70893561 30.10381078
25.41852825 35.25229961
19.41195795 30.10381078
11.68922470 26.67148489
3.96649146 10.36793693
9.97306176 8.65177398
20.27003942 16.37450723
31.42509855 17.23258870
27.13469120 12.08409987
35.71550591 4.36136662
40.00591327 4.36136662
51.16097240 6.07752957
48.58672799 13.80026281
46.01248357 4.36136662
58.02562418 10.36793693
60.59986859 15.51642576
65.74835742 23.23915900
9.97306176 39.54270696
3.96649146 42.97503285
4.82457293 52.41392904
64.89027595 42.97503285
73.47109067 32.67805519
70.89684625 6.93561104
80.33574244 4.36136662
88.05847569 1.78712221
97.49737188 3.50328515
93.20696452 17.23258870
76.90341656 27.52956636
66.60643890 30.96189225
102.64586071 35.25229961
88.91655716 52.41392904
110.36859396 36.96846255
119.80749014 40.18626807
129.24638633 37.18298292
136.96911958 31.60545335
138.68528252 22.59559790
135.25295664 22.16655716
126.67214192 16.58902760
126.67214192 11.01149803
124.52693824 3.28876478
117.66228647 9.29533509
102.64586071 5.00492773
109.08147175 24.74080158
106.93626807 17.01806833
112.08475690 17.87614980
130.53350854 20.45039422
139.11432326 12.72766097
139.97240473 3.28876478
145.97897503 6.29204993
147.69513798 26.45696452
142.11760841 29.46024967
148.55321945 34.60873850
145.12089356 39.32818660
149.84034166 46.19283837
159.70827858 43.61859396
166.14388962 46.19283837
167.86005256 46.19283837
174.29566360 44.90571616
176.01182654 38.89914586
154.55978975 28.60216820
160.13731932 23.45367937
162.28252300 26.88600526
168.28909330 22.59559790
163.56964520 4.14684625
168.28909330 4.14684625
176.86990802 3.71780552
183.73455979 10.58245729
175.15374507 16.15998686
182.44743758 14.87286465
188.88304862 12.29862024
193.60249671 6.72109067
198.32194481 11.44053876
194.03153745 13.15670171
182.87647832 21.30847569
171.72141919 25.59888305
166.57293035 40.18626807
185.02168200 38.47010512
191.02825230 24.31176084
197.46386334 22.16655716
204.75755585 15.73094612
211.62220762 10.15341656
217.19973719 9.72437582
199.18002628 3.28876478
209.47700394 5.86300920
217.19973719 18.73423127
213.76741130 23.45367937
213.76741130 33.32161629
213.76741130 39.32818660
207.33180026 43.18955322
207.33180026 50.91228647
214.19645204 45.76379763
197.89290407 45.76379763
193.17345598 41.47339028
218.05781866 37.61202365
224.92247043 41.47339028
223.63534823 35.89586071
226.20959264 23.45367937
225.78055191 17.01806833
228.35479632 11.01149803
224.92247043 2.00164258
230.92904074 5.00492773
238.22273325 4.14684625
236.93561104 10.58245729
234.36136662 19.16327201
240.79697766 16.15998686
246.80354796 9.72437582
246.80354796 18.73423127
242.08409987 20.87943495
236.50657030 23.88272011
235.64848883 31.17641261
230.07095926 34.60873850
230.92904074 40.18626807
237.36465177 40.18626807
220.63206307 44.04763469
245.08738502 35.03777924
245.08738502 42.76051248
257.95860710 46.19283837
258.38764783 41.47339028
262.24901445 46.62187911
270.40078844 51.34132720
271.68791064 44.47667543
271.25886991 37.61202365
272.54599212 30.31833114
269.97174770 23.45367937
265.68134034 28.60216820
253.23915900 19.59231275
252.81011827 10.15341656
261.81997372 10.15341656
266.11038108 13.58574244
272.11695138 11.01149803
277.26544021 8.43725361
276.40735874 16.15998686
276.40735874 20.45039422
278.55256242 26.88600526
281.98488830 28.17312746
284.55913272 37.18298292
283.27201051 44.47667543
286.27529566 29.46024967
286.27529566 12.72766097
285.84625493 3.28876478
289.70762155 4.57588699
290.99474376 14.01478318
294.44415243 31.17641261
297.44743758 29.46024967
296.58935611 38.04106439
294.87319317 43.18955322
297.44743758 52.62844941
291.86990802 59.92214192
300.02168200 62.92542707
307.31537451 46.19283837
305.17017083 40.61530880
305.17017083 34.60873850
306.88633377 27.74408673
313.75098555 32.03449409
312.03482260 36.32490145
315.03810775 44.47667543
319.75755585 35.89586071
324.04796321 20.02135348
317.18331143 14.87286465
314.18002628 9.72437582
320.61563732 8.00821288
309.88961892 3.28876478
303.88304862 3.28876478
339.06438896 7.57917214
338.20630749 14.44382392
352.36465177 10.58245729
347.64520368 13.58574244
343.78383706 19.16327201
344.21287779 25.16984231
343.35479632 29.03120894
345.92904074 36.75394218
341.20959264 32.89257556
335.63206307 40.18626807
337.77726675 47.90900131
342.49671485 45.76379763
349.79040736 44.04763469
351.93561104 35.46681997
354.50985545 25.59888305
354.08081472 20.02135348
358.37122208 14.44382392
368.23915900 15.30190539
372.95860710 16.58902760
378.96517740 17.87614980
382.82654402 18.30519054
389.26215506 16.58902760
384.97174770 11.01149803
377.24901445 6.29204993
381.11038108 2.43068331
355.36793693 5.43396846
391.83639947 5.43396846
399.98817346 6.29204993
404.27858081 11.86957950
399.13009198 19.16327201
396.12680683 26.88600526
372.52956636 32.46353482
366.95203679 28.60216820
368.23915900 41.04434954
378.96517740 40.61530880
386.68791064 42.33147175
392.69448095 40.18626807
393.55256242 45.33475690
401.70433640 44.90571616
398.27201051 50.91228647
397.41392904 61.63830486
395.69776610 68.50295664
412.00131406 49.62516426
405.99474376 37.18298292
405.56570302 28.60216820
405.99474376 23.45367937
412.00131406 19.16327201
412.43035480 14.87286465
416.72076216 10.58245729
416.72076216 3.71780552
424.01445466 3.71780552
427.01773982 10.58245729
426.58869908 22.59559790
420.15308804 21.73751643
417.14980289 20.02135348
418.43692510 29.03120894
412.85939553 26.88600526
420.15308804 44.47667543
427.87582129 47.90900131
426.15965834 40.61530880
431.30814717 41.04434954
438.17279895 44.47667543
439.03088042 38.89914586
443.32128778 44.47667543
443.75032852 54.34461235
448.46977661 49.19612352
456.19250986 43.61859396
451.04402102 42.33147175
449.32785808 31.60545335
452.76018397 31.17641261
448.89881735 24.31176084
450.61498029 13.58574244
455.33442838 8.43725361
450.61498029 4.14684625
442.03416557 6.72109067
432.59526938 9.72437582
436.45663601 19.59231275
435.16951380 26.02792378
417.14980289 228.10611038
342.92575558 211.37352168
