440.60064935 553.17938312
475.04220779 539.18750000
533.16233766 511.20373377
54.20941558 569.32386364
90.80357143 609.14691558
138.16071429 549.95048701
162.91558442 528.42451299
216.73051948 511.20373377
252.24837662 518.73782468
336.19967532 539.18750000
382.48051948 500.44074675
570.83279221 515.50892857
613.88474026 499.36444805
669.85227273 473.53327922
715.05681818 450.93100649
726.89610390 455.23620130
719.36201299 490.75405844
750.57467532 468.15178571
777.48214286 443.39691558
788.24512987 467.07548701
803.31331169 453.08360390
838.83116883 439.09172078
807.61850649 435.86282468
879.73051948 493.98295455
865.73863636 452.00730519
880.80681818 435.86282468
905.56168831 429.40503247
923.85876623 433.71022727
905.56168831 414.33685065
881.88311688 415.41314935
922.78246753 392.81087662
915.24837662 405.72646104
882.95941558 396.03977273
845.28896104 398.19237013
833.44967532 421.87094156
789.32142857 420.79464286
766.71915584 421.87094156
736.58279221 436.93912338
730.12500000 411.10795455
716.13311688 411.10795455
704.29383117 422.94724026
670.92857143 438.01542208
659.08928571 424.02353896
668.77597403 420.79464286
690.30194805 411.10795455
675.23376623 405.72646104
646.17370130 408.95535714
83.26948052 477.83847403
141.38961039 469.22808442
119.86363636 444.47321429
106.94805195 426.17613636
70.35389610 405.72646104
40.21753247 390.65827922
59.59090909 383.12418831
99.41396104 380.97159091
143.54220779 398.19237013
128.47402597 393.88717532
128.47402597 377.74269481
131.70292208 369.13230519
119.86363636 362.67451299
128.47402597 355.14042208
158.61038961 358.36931818
159.68668831 380.97159091
174.75487013 368.05600649
162.91558442 396.03977273
183.36525974 380.97159091
169.37337662 428.32873377
177.98376623 411.10795455
144.61850649 420.79464286
201.66233766 443.39691558
225.34090909 475.68587662
245.79058442 428.32873377
232.87500000 433.71022727
233.95129870 411.10795455
222.11201299 396.03977273
249.01948052 396.03977273
269.46915584 424.02353896
283.46103896 461.69399351
252.24837662 383.12418831
238.25649351 393.88717532
242.56168831 373.43750000
236.10389610 368.05600649
326.51298701 460.61769481
343.73376623 446.62581169
338.35227273 429.40503247
312.52110390 431.55762987
308.21590909 407.87905844
287.76623377 411.10795455
377.09902597 461.69399351
447.05844156 438.01542208
463.20292208 421.87094156
476.11850649 401.42126623
443.82954545 391.73457792
433.06655844 396.03977273
410.46428571 405.72646104
402.93019481 433.71022727
378.17532468 422.94724026
376.02272727 406.80275974
359.87824675 406.80275974
344.81006494 403.57386364
326.51298701 388.50568182
311.44480519 383.12418831
321.13149351 376.66639610
307.13961039 391.73457792
286.68993506 383.12418831
39.19399351 379.08806818
47.80438312 373.70657468
74.17370130 376.39732143
68.79220779 378.01176948
69.33035714 362.94358766
78.47889610 361.32913961
78.47889610 352.71875000
77.94074675 343.57021104
67.71590909 346.26095779
59.64366883 352.71875000
53.18587662 354.87134740
39.19399351 354.87134740
39.19399351 348.95170455
41.88474026 346.26095779
42.42288961 343.03206169
60.71996753 340.34131494
54.26217532 336.03612013
89.78003247 344.10836039
88.70373377 355.40949675
95.16152597 354.87134740
89.78003247 350.56615260
94.62337662 345.18465909
102.15746753 360.25284091
108.61525974 366.71063312
96.77597403 372.63027597
123.14529221 350.02800325
115.61120130 346.26095779
110.22970779 346.26095779
107.00081169 347.33725649
109.69155844 341.41761364
126.37418831 344.10836039
138.21347403 350.56615260
133.37012987 345.18465909
147.90016234 354.87134740
141.98051948 353.79504870
150.59090909 382.85511364
148.43831169 386.08400974
202.79139610 375.32102273
185.57061688 370.47767857
231.85146104 383.93141234
213.01623377 367.78693182
214.63068182 359.17654221
227.54626623 361.86728896
197.94805195 359.17654221
222.70292208 354.87134740
217.32142857 351.64245130
209.24918831 351.64245130
200.10064935 350.02800325
187.72321429 353.79504870
178.03652597 352.71875000
158.12500000 351.10430195
154.89610390 354.87134740
171.04058442 343.57021104
219.47402597 339.26501623
209.24918831 337.65056818
238.84740260 353.79504870
249.07224026 359.17654221
254.45373377 353.79504870
253.91558442 346.26095779
240.46185065 346.26095779
280.28490260 365.09618506
281.36120130 377.47362013
292.66233766 374.24472403
293.20048701 358.63839286
286.20454545 358.63839286
289.43344156 353.79504870
294.81493506 350.02800325
279.20860390 350.56615260
283.51379870 346.26095779
265.75487013 343.57021104
258.75892857 342.49391234
311.49756494 339.26501623
270.06006494 402.76663961
313.11201299 369.40137987
321.72240260 357.56209416
334.63798701 360.25284091
332.48538961 351.10430195
340.01948052 351.10430195
337.86688312 343.57021104
359.93100649 351.64245130
352.39691558 354.33319805
357.24025974 367.78693182
367.46509740 367.78693182
370.69399351 350.56615260
378.76623377 347.33725649
371.23214286 345.18465909
375.53733766 339.80316558
384.68587662 337.65056818
404.59740260 346.26095779
412.66964286 358.63839286
342.17207792 362.40543831
341.09577922 369.93952922
335.71428571 376.39732143
345.93912338 379.08806818
365.31250000 379.08806818
376.61363636 383.93141234
376.07548701 372.63027597
393.83441558 364.01988636
387.37662338 359.17654221
393.83441558 354.33319805
405.13555195 357.56209416
413.20779221 350.02800325
422.89448052 356.48579545
437.96266234 350.02800325
433.65746753 365.09618506
377.68993506 392.00365260
393.83441558 385.00771104
405.13555195 392.00365260
417.51298701 381.77881494
418.05113636 369.40137987
402.98295455 367.78693182
340.01948052 338.72686688
333.56168831 340.34131494
323.33685065 348.95170455
301.81087662 350.02800325
398.67775974 351.64245130
446.03490260 368.86323052
460.02678571 365.09618506
453.56899351 355.40949675
456.79788961 344.10836039
447.64935065 346.79910714
471.86607143 354.33319805
478.86201299 359.17654221
468.63717532 366.71063312
463.79383117 376.93547078
470.78977273 388.77475649
473.48051948 481.87459416
342.17207792 341.95576299
267.90746753 338.18871753
273.82711039 335.49797078
237.23295455 334.95982143
246.38149351 342.49391234
246.38149351 338.72686688
249.07224026 338.72686688
237.23295455 339.80316558
203.32954545 334.42167208
168.88798701 332.26907468
167.27353896 338.18871753
386.83847403 352.18060065
411.59334416 341.95576299
441.19155844 338.18871753
477.19480519 450.93100649
487.95779221 433.71022727
513.78896104 420.79464286
492.26298701 403.57386364
490.11038961 411.10795455
522.39935065 400.34496753
540.69642857 383.12418831
553.61201299 413.26055195
542.84902597 458.46509740
517.01785714 459.54139610
509.48376623 485.37256494
552.53571429 475.68587662
585.90097403 462.77029221
594.51136364 441.24431818
599.89285714 436.93912338
571.90909091 435.86282468
577.29058442 420.79464286
600.96915584 411.10795455
586.97727273 400.34496753
577.29058442 396.03977273
595.58766234 386.35308442
603.12175325 390.65827922
585.90097403 380.97159091
580.51948052 370.20860390
594.51136364 375.59009740
654.78409091 373.43750000
623.57142857 396.03977273
654.78409091 396.03977273
551.45941558 386.35308442
627.87662338 433.71022727
614.96103896 418.64204545
633.25811688 468.15178571
614.96103896 467.07548701
640.79220779 444.47321429
680.61525974 450.93100649
732.27759740 388.50568182
688.14935065 385.27678571
682.76785714 396.03977273
702.14123377 390.65827922
701.06493506 375.59009740
713.98051948 371.28490260
701.06493506 368.05600649
674.15746753 362.67451299
669.85227273 352.98782468
678.46266234 352.98782468
660.16558442 362.67451299
496.56818182 378.81899351
478.27110390 373.43750000
484.72889610 365.90340909
499.79707792 365.90340909
510.56006494 373.43750000
513.78896104 363.75081169
520.24675325 362.67451299
534.23863636 368.05600649
560.06980519 369.13230519
748.42207792 390.65827922
743.04058442 407.87905844
769.94805195 391.73457792
792.55032468 393.88717532
804.38961039 392.81087662
811.92370130 407.87905844
822.68668831 400.34496753
817.30519481 383.12418831
838.83116883 377.74269481
888.34090909 383.12418831
898.02759740 380.97159091
910.94318182 384.20048701
914.17207792 368.05600649
907.71428571 373.43750000
893.72240260 368.05600649
896.95129870 356.21672078
905.56168831 352.98782468
907.71428571 345.45373377
920.62987013 346.53003247
877.57792208 343.30113636
859.28084416 343.30113636
849.59415584 345.45373377
844.21266234 350.83522727
829.14448052 365.90340909
872.19642857 373.43750000
859.28084416 385.27678571
864.66233766 390.65827922
852.82305195 391.73457792
352.34415584 428.32873377
343.73376623 420.79464286
222.11201299 616.68100649
541.77272727 352.98782468
567.60389610 368.05600649
604.19805195 373.43750000
619.26623377 369.13230519
624.64772727 358.36931818
547.69237013 397.38514610
554.68831169 368.86323052
545.00162338 361.32913961
551.45941558 352.71875000
560.06980519 351.10430195
577.82873377 358.63839286
590.74431818 357.02394481
590.74431818 345.72280844
590.20616883 348.95170455
240.40909091 362.40543831
327.58928571 353.25689935
483.65259740 354.87134740
469.12256494 344.64650974
477.19480519 343.57021104
496.56818182 352.71875000
480.42370130 347.33725649
484.72889610 344.64650974
485.80519481 373.70657468
507.86931818 346.26095779
510.02191558 351.10430195
543.38717532 347.33725649
519.17045455 336.03612013
569.75649351 352.18060065
553.61201299 345.72280844
617.11363636 352.18060065
625.18587662 348.41355519
610.65584416 360.25284091
651.01704545 367.24878247
642.40665584 362.40543831
635.41071429 355.94764610
644.02110390 351.10430195
640.25405844 352.71875000
640.25405844 347.33725649
633.79626623 346.26095779
526.16639610 350.02800325
530.47159091 350.02800325
536.39123377 347.33725649
518.63230519 352.71875000
503.56412338 339.80316558
576.21428571 342.49391234
631.64366883 338.18871753
653.70779221 350.02800325
645.63555195 348.41355519
655.86038961 343.57021104
666.08522727 345.18465909
704.29383117 349.48985390
715.59496753 359.71469156
724.20535714 361.32913961
724.74350649 367.78693182
734.96834416 376.39732143
717.74756494 383.39326299
669.85227273 375.85917208
632.71996753 383.39326299
711.28977273 347.33725649
734.43019481 355.94764610
741.96428571 356.48579545
726.89610390 349.48985390
719.36201299 351.10430195
718.82386364 347.33725649
729.58685065 345.72280844
733.35389610 341.95576299
730.66314935 338.72686688
582.13392857 337.11241883
591.28246753 340.87946429
656.93668831 353.79504870
688.14935065 352.18060065
693.53084416 360.25284091
694.06899351 367.24878247
727.97240260 396.30884740
752.18912338 372.09212662
767.79545455 369.93952922
741.42613636 364.01988636
750.03652597 364.55803571
751.65097403 359.71469156
751.11282468 353.25689935
757.03246753 349.48985390
743.57873377 345.72280844
739.81168831 346.26095779
757.57061688 337.11241883
783.93993506 338.18871753
803.85146104 344.64650974
817.84334416 340.87946429
872.19642857 364.01988636
867.35308442 360.25284091
829.68262987 358.63839286
819.99594156 361.32913961
818.91964286 369.93952922
799.00811688 353.79504870
785.55438312 360.79099026
792.01217532 379.08806818
784.47808442 367.78693182
782.32548701 380.16436688
789.85957792 385.00771104
762.41396104 355.94764610
768.33360390 341.41761364
763.49025974 339.80316558
722.59090909 338.18871753
892.10795455 348.41355519
879.73051948 362.40543831
851.74675325 369.93952922
799.54626623 366.17248377
810.30925325 369.93952922
773.17694805 373.70657468
801.69886364 381.24066558
877.57792208 347.33725649
866.27678571 414.60592532
859.81899351 399.53774351
657.47483766 409.22443182
804.92775974 351.64245130
917.34821429 375.32102273
927.57305195 367.78693182
918.42451299 357.56209416
849.00324675 358.10024351
826.40097403 346.26095779
788.19237013 341.41761364
781.73457792 350.56615260
774.20048701 342.49391234
808.10389610 347.33725649
733.83928571 366.71063312
763.97564935 380.16436688
683.79139610 361.32913961
641.27759740 334.95982143
643.96834416 334.95982143
637.51055195 334.95982143
653.65503247 325.27313312
148.01948052 343.53246753
159.55194805 340.64935065
145.13636364 336.80519481
138.40909091 339.68831169
99.96753247 338.72727273
89.39610390 335.84415584
282.56493506 337.76623377
287.37012987 337.76623377
293.13636364 337.76623377
296.01948052 339.68831169
72.81818182 339.68831169
73.29870130 335.84415584
66.57142857 341.12987013
63.68831169 335.84415584
93.48051948 338.72727273
94.92207792 332.48051948
100.20779221 334.40259740
108.37662338 334.88311688
105.97402597 338.72727273
112.22077922 336.80519481
119.90909091 338.72727273
117.02597403 333.92207792
121.35064935 337.28571429
127.11688312 336.32467532
132.88311688 334.40259740
137.68831169 335.84415584
134.80519481 337.28571429
152.58441558 337.28571429
155.46753247 338.24675325
155.94805195 333.44155844
151.62337662 333.44155844
162.67532468 336.80519481
163.15584416 341.12987013
175.16883117 335.36363636
177.09090909 339.68831169
178.53246753 344.01298701
183.33766234 337.76623377
187.18181818 338.72727273
185.25974026 343.53246753
190.06493506 344.01298701
193.42857143 341.61038961
193.42857143 336.32467532
198.23376623 341.12987013
203.51948052 341.12987013
211.20779221 343.53246753
207.84415584 344.01298701
218.41558442 344.97402597
214.57142857 339.68831169
214.57142857 333.92207792
218.41558442 332.96103896
223.22077922 333.92207792
226.58441558 332.96103896
224.66233766 340.16883117
224.18181818 345.93506494
228.50649351 346.41558442
230.90909091 340.64935065
232.35064935 348.81818182
236.19480519 344.97402597
251.09090909 334.40259740
257.33766234 337.28571429
262.14285714 335.36363636
269.35064935 333.44155844
276.55844156 332.48051948
279.92207792 334.88311688
275.11688312 349.77922078
271.75324675 355.06493506
266.46753247 357.94805195
267.42857143 364.67532468
284.24675325 340.64935065
289.53246753 344.01298701
295.29870130 342.09090909
299.62337662 335.84415584
290.97402597 335.84415584
303.46753247 338.72727273
307.31168831 336.32467532
312.11688312 333.44155844
316.44155844 334.88311688
320.28571429 335.84415584
319.80519481 342.57142857
314.03896104 348.33766234
327.01298701 341.61038961
326.05194805 335.84415584
334.22077922 335.36363636
341.42857143 335.84415584
349.59740260 337.76623377
349.59740260 341.61038961
349.59740260 348.33766234
355.36363636 347.85714286
360.64935065 346.41558442
358.72727273 343.05194805
358.24675325 335.36363636
355.36363636 338.72727273
363.05194805 337.76623377
366.41558442 341.61038961
365.45454545 347.37662338
394.28571429 341.61038961
391.40259740 337.28571429
388.51948052 345.45454545
396.68831169 344.97402597
400.53246753 340.16883117
406.29870130 342.57142857
416.87012987 344.97402597
424.07792208 343.05194805
418.79220779 347.85714286
420.71428571 338.72727273
423.59740260 338.72727273
431.28571429 345.93506494
426.48051948 348.81818182
433.68831169 344.01298701
437.05194805 341.12987013
439.45454545 341.61038961
443.29870130 342.57142857
450.02597403 338.24675325
450.50649351 343.53246753
456.75324675 339.20779221
462.27922078 339.20779221
467.08441558 337.28571429
473.33116883 339.20779221
483.90259740 339.68831169
481.50000000 336.32467532
488.70779221 335.84415584
493.99350649 338.24675325
500.24025974 339.68831169
497.35714286 343.53246753
499.75974026 349.77922078
511.77272727 340.64935065
515.61688312 343.53246753
520.42207792 340.16883117
525.70779221 340.16883117
532.43506494 340.64935065
537.72077922 338.24675325
540.12337662 335.84415584
541.56493506 340.16883117
547.33116883 337.28571429
551.65584416 337.76623377
557.90259740 338.24675325
564.14935065 338.72727273
563.66883117 343.05194805
569.43506494 338.72727273
576.16233766 336.80519481
580.96753247 339.68831169
597.30519481 339.68831169
608.83766234 338.72727273
613.64285714 338.72727273
618.92857143 338.72727273
619.88961039 334.88311688
623.25324675 339.20779221
621.33116883 345.93506494
639.11038961 341.61038961
644.39610390 339.20779221
653.52597403 337.28571429
658.81168831 329.11688312
665.05844156 334.88311688
672.26623377 338.72727273
675.14935065 344.49350649
682.35714286 340.64935065
686.68181818 337.76623377
692.92857143 338.24675325
695.33116883 344.97402597
699.65584416 340.64935065
707.34415584 339.68831169
715.51298701 339.68831169
765.96753247 349.29870130
774.61688312 348.81818182
754.43506494 346.41558442
750.59090909 340.64935065
743.38311688 341.12987013
