40.30519481 647.63149351
79.82467532 627.87175325
100.16558442 622.64123377
107.72077922 662.74188312
165.25649351 639.49512987
169.32467532 619.73538961
149.56493506 615.66720779
157.70129870 602.30032468
190.24675325 632.52110390
211.75000000 630.19642857
238.48376623 631.35876623
226.27922078 581.37824675
258.82467532 595.90746753
294.85714286 608.11201299
312.29220779 565.10551948
189.08441558 541.27759740
171.64935065 557.55032468
146.65909091 554.64448052
137.36038961 581.37824675
126.31818182 574.98538961
108.88311688 525.58603896
79.24350649 556.96915584
49.02272727 535.46590909
32.75000000 549.41396104
67.62012987 585.44642857
31.58766234 582.54058442
21.12662338 615.08603896
11.82792208 622.06006494
69.94480519 608.11201299
103.07142857 605.78733766
101.90909091 552.90097403
83.31168831 486.64772727
31.58766234 479.67370130
50.76623377 445.38474026
38.56168831 429.11201299
130.38636364 509.31331169
137.94155844 477.93019481
159.44480519 444.22240260
135.61688312 423.88149351
114.69480519 450.61525974
92.61038961 457.58928571
65.87662338 435.50487013
65.29545455 415.16396104
68.20129870 386.10551948
104.81493506 408.77110390
106.55844156 393.07954545
148.98376623 396.56655844
173.97402597 418.06980519
198.38311688 408.77110390
214.07467532 410.51461039
201.28896104 427.36850649
201.87012987 450.03409091
228.60389610 457.58928571
217.56168831 447.12824675
256.50000000 471.53733766
265.21753247 440.15422078
245.45779221 415.74512987
240.22727273 433.18019481
178.04220779 583.12175325
224.53571429 549.41396104
358.78571429 545.92694805
373.31493506 538.37175325
350.06818182 520.93668831
322.17207792 506.40746753
301.25000000 490.13474026
267.54220779 488.97240260
251.85064935 491.29707792
239.06493506 493.04058442
216.39935065 490.71590909
233.25324675 470.95616883
174.55519481 486.64772727
176.29870130 502.92045455
185.59740260 495.36525974
386.68181818 577.89123377
372.73376623 578.47240260
343.67532468 656.93019481
320.42857143 649.95616883
283.23376623 635.42694805
284.97727273 595.32629870
423.87662338 667.39123377
422.13311688 597.65097403
437.82467532 565.10551948
474.43831169 590.67694805
494.77922078 574.98538961
497.68506494 543.60227273
499.42857143 502.92045455
491.87337662 501.17694805
481.99350649 512.80032468
476.76298701 499.43344156
456.42207792 494.78409091
475.01948052 469.79383117
457.58441558 463.98214286
445.37987013 448.29058442
418.64610390 445.38474026
427.94480519 462.81980519
430.85064935 482.57954545
402.95454545 491.29707792
404.11688312 478.51136364
373.89610390 477.93019481
343.67532468 475.60551948
364.59740260 447.12824675
368.08441558 432.01785714
351.81168831 422.71915584
336.70129870 422.71915584
315.77922078 408.77110390
303.57467532 422.13798701
303.57467532 434.34253247
286.13961039 464.56331169
305.89935065 455.84577922
279.74675325 418.06980519
328.56493506 544.76461039
293.69480519 555.80681818
286.13961039 532.56006494
449.44805195 531.39772727
403.53571429 543.60227273
426.78246753 511.05681818
274.51623377 508.73214286
163.51298701 524.42370130
85.63636364 533.14123377
51.92857143 495.36525974
432.01298701 632.52110390
417.48376623 627.87175325
451.77272727 616.82954545
500.00974026 610.43668831
2.23376623 506.69805195
4.55844156 443.93181818
7.17857143 357.62824675
38.56168831 348.32954545
53.09090909 333.21915584
6.59740260 319.27110390
25.19480519 291.37500000
11.82792208 268.70941558
31.58766234 269.87175325
36.23701299 259.41071429
56.57792208 232.09577922
42.62987013 239.06980519
57.74025974 245.46266234
64.71428571 257.08603896
93.77272727 252.43668831
127.48051948 258.82954545
104.23376623 260.57305195
149.56493506 281.49512987
139.68506494 319.27110390
135.03571429 304.16071429
112.95129870 308.22889610
103.07142857 323.33928571
88.54220779 311.13474026
68.20129870 307.06655844
84.47402597 277.42694805
61.22727273 279.75162338
99.58441558 237.90746753
109.46428571 222.21590909
135.03571429 233.25811688
187.34090909 236.16396104
171.06818182 252.43668831
146.65909091 362.85876623
116.43831169 350.65422078
94.93506494 365.18344156
77.50000000 347.74837662
196.05844156 377.38798701
219.88636364 386.10551948
250.68831169 352.39772727
263.47402597 347.74837662
279.16558442 376.22564935
291.37012987 399.47240260
247.20129870 397.14772727
232.67207792 339.61201299
208.26298701 350.65422078
201.28896104 343.68019481
212.33116883 337.28733766
203.61363636 326.24512987
194.89610390 297.18668831
198.38311688 287.30681818
214.65584416 271.61525974
233.83441558 283.23863636
240.22727273 295.44318182
244.87662338 307.06655844
266.37987013 289.05032468
284.97727273 289.63149351
288.46428571 304.16071429
294.27597403 271.03409091
301.25000000 254.18019481
314.03571429 246.04383117
281.49025974 253.01785714
259.40584416 225.70292208
250.68831169 249.53084416
241.97077922 266.38474026
223.95454545 236.74512987
210.58766234 214.07954545
226.27922078 204.19967532
239.06493506 207.68668831
241.38961039 197.80681818
268.70454545 196.06331169
265.21753247 207.68668831
278.58441558 206.52435065
276.25974026 219.89123377
283.81493506 233.25811688
301.83116883 235.00162338
303.57467532 215.82305195
335.53896104 216.40422078
329.14610390 232.09577922
340.76948052 243.13798701
359.36688312 228.02759740
372.73376623 198.38798701
358.20454545 190.25162338
395.98051948 228.60876623
388.42532468 240.23214286
361.69155844 252.43668831
355.29870130 271.03409091
373.89610390 280.91396104
384.35714286 266.38474026
400.62987013 269.29058442
422.13311688 269.29058442
337.28246753 318.10876623
359.94805195 332.05681818
317.52272727 265.80357143
327.40259740 256.50487013
304.73701299 339.61201299
307.06168831 347.74837662
287.88311688 340.19318182
281.49025974 345.42370130
275.67857143 345.42370130
263.47402597 327.98863636
390.16883117 330.31331169
404.11688312 315.78409091
384.93831169 311.71590909
402.37337662 294.28084416
412.25324675 285.56331169
421.55194805 291.37500000
430.26948052 304.16071429
423.87662338 323.33928571
445.96103896 314.04058442
450.61038961 331.47564935
465.13961039 321.01461039
473.85714286 320.43344156
470.95129870 309.97240260
462.23376623 293.11850649
477.34415584 279.75162338
498.26623377 291.95616883
447.70454545 253.01785714
450.02922078 241.97564935
452.35389610 236.74512987
447.12337662 216.40422078
427.94480519 214.66071429
438.40584416 215.82305195
413.41558442 206.52435065
401.79220779 210.59253247
393.07467532 205.94318182
381.45129870 218.14772727
387.26298701 189.67045455
405.86038961 193.73863636
405.86038961 183.85876623
432.01298701 187.92694805
447.12337662 193.15746753
468.62662338 194.31980519
465.72077922 214.66071429
492.45454545 212.91720779
493.03571429 239.06980519
505.82142857 265.80357143
472.11363636 257.08603896
488.38636364 269.29058442
501.17207792 185.60227273
499.42857143 172.81655844
325.65909091 359.95292208
313.45454545 343.68019481
342.51298701 376.22564935
368.66558442 358.79058442
370.40909091 373.31980519
375.05844156 388.43019481
370.40909091 407.60876623
358.20454545 390.17370130
339.60714286 402.37824675
398.88636364 395.40422078
414.57792208 393.66071429
411.09090909 370.99512987
405.86038961 359.95292208
391.33116883 359.95292208
441.31168831 352.39772727
433.75649351 342.51785714
437.24350649 369.25162338
451.77272727 383.19967532
481.41233766 361.69642857
474.43831169 346.58603896
457.58441558 368.08928571
491.87337662 339.61201299
430.85064935 279.17045455
438.40584416 291.37500000
255.91883117 269.29058442
264.05519481 258.24837662
169.32467532 211.75487013
185.59740260 213.49837662
199.54545455 205.94318182
201.87012987 183.27759740
182.11038961 193.15746753
144.33441558 187.34577922
126.31818182 187.34577922
111.20779221 190.25162338
118.76298701 206.52435065
84.47402597 215.82305195
80.40584416 187.92694805
49.60389610 177.46590909
40.88636364 195.48214286
58.32142857 210.01136364
10.66558442 236.16396104
156.53896104 339.61201299
179.78571429 312.29707792
158.28246753 242.55681818
153.05194805 203.61850649
173.39285714 182.11525974
97.25974026 187.34577922
97.84090909 169.32954545
493.61688312 375.06331169
519.18344156 260.13717532
524.99512987 242.41152597
541.84902597 228.17288961
554.63474026 229.91639610
578.46266234 241.24918831
591.82954545 247.64204545
591.82954545 260.71834416
581.07792208 260.71834416
553.76298701 263.33360390
530.51623377 272.34172078
540.97727273 295.87905844
554.92532468 290.35795455
575.26623377 284.83685065
591.53896104 284.83685065
611.58928571 291.81087662
521.50811688 303.72483766
618.85389610 272.92288961
606.06818182 252.58198052
608.10227273 241.24918831
613.04220779 234.85633117
609.84577922 200.85795455
587.47077922 191.84983766
564.22402597 183.42288961
545.62662338 198.53327922
528.48214286 182.26055195
517.14935065 190.10633117
525.57629870 207.54139610
462.51948052 177.90178571
447.40909091 174.12418831
434.62337662 172.96185065
418.06006494 170.92775974
398.30032468 159.59496753
387.83928571 174.99594156
513.37175325 159.88555195
536.61850649 157.85146104
568.00162338 156.68912338
602.58116883 159.59496753
592.99188312 228.17288961
609.55519481 219.74594156
624.95616883 215.96834416
569.16396104 226.13879870
550.27597403 214.22483766
519.47402597 221.19886364
508.43181818 237.47159091
166.70941558 303.14366883
175.71753247 281.64042208
37.10389610 297.47727273
380.28409091 424.02678571
406.43668831 428.09496753
455.54545455 407.75405844
532.25974026 416.61688312
532.84090909 400.34415584
515.98701299 404.99350649
503.20129870 404.99350649
484.60389610 400.92532468
513.08116883 382.32792208
550.27597403 398.60064935
558.99350649 399.18181818
580.49675325 388.13961039
585.72727273 400.92532468
530.51623377 437.53896104
507.85064935 455.55519481
492.74025974 443.35064935
599.09415584 435.21428571
607.81168831 412.54870130
620.59740260 400.34415584
638.03246753 407.31818182
649.65584416 396.27597403
653.72402597 414.29220779
633.38311688 431.14610390
560.15584416 424.75324675
579.91558442 448.58116883
565.38636364 475.89610390
548.53246753 479.96428571
521.21753247 481.12662338
589.79545455 477.05844156
622.34090909 443.35064935
638.61363636 467.75974026
646.75000000 455.55519481
656.62987013 451.48701299
659.53571429 439.28246753
679.87662338 438.12012987
675.22727273 420.68506494
676.97077922 410.22402597
674.64610390 391.04545455
650.23701299 371.86688312
637.45129870 373.61038961
615.36688312 378.25974026
606.06818182 362.56818182
582.24025974 366.63636364
556.66883117 365.47402597
522.37987013 370.70454545
507.26948052 345.71428571
524.70454545 338.74025974
534.58441558 329.44155844
547.95129870 348.03896104
557.83116883 336.99675325
613.62337662 327.69805195
628.15259740 321.30519481
647.33116883 315.49350649
667.09090909 292.24675325
686.26948052 304.45129870
675.22727273 321.88636364
682.20129870 337.57792208
694.40584416 338.74025974
702.54220779 357.33766234
668.83441558 361.40584416
647.33116883 345.13311688
654.30519481 328.86038961
633.38311688 355.01298701
642.10064935 293.99025974
657.79220779 280.62337662
676.97077922 277.71753247
697.89285714 292.24675325
639.19480519 277.71753247
629.89610390 287.01623377
565.96753247 355.01298701
575.84740260 336.99675325
562.48051948 314.33116883
500.87662338 304.45129870
525.86688312 501.46753247
546.20779221 517.74025974
606.64935065 495.07467532
614.20454545 482.28896104
644.42532468 510.76623377
649.07467532 493.91233766
665.34740260 472.99025974
671.74025974 478.80194805
681.62012987 463.69155844
697.89285714 445.67532468
544.46428571 589.80519481
532.84090909 554.35389610
564.22402597 548.54220779
597.35064935 536.91883117
621.75974026 583.41233766
643.84415584 565.39610390
643.84415584 599.68506494
680.45779221 579.34415584
687.43181818 569.46428571
676.97077922 509.60389610
689.17532468 532.85064935
661.27922078 536.33766234
697.31168831 546.21753247
617.69155844 553.77272727
627.57142857 532.26948052
89.40909091 574.69480519
488.09090909 658.67370130
512.50000000 662.16071429
509.01298701 635.42694805
528.77272727 641.23863636
542.72077922 617.99188312
522.96103896 593.58279221
572.36038961 609.85551948
647.33116883 632.52110390
625.82792208 624.96590909
642.68181818 659.83603896
561.31818182 666.22889610
563.64285714 568.01136364
700.79870130 648.79383117
686.85064935 633.10227273
671.15909091 634.26461039
729.85714286 548.83279221
729.85714286 506.40746753
728.69480519 498.85227273
699.05519481 493.04058442
800.75974026 622.64123377
781.00000000 663.32305195
754.84740260 651.69967532
776.35064935 635.42694805
756.00974026 610.43668831
732.76298701 627.29058442
724.04545455 619.73538961
728.11363636 600.55681818
782.74350649 549.99512987
786.81168831 528.49188312
773.44480519 528.49188312
764.72727273 503.50162338
753.68506494 502.92045455
790.87987013 500.59577922
786.81168831 473.86201299
800.75974026 480.83603896
762.98376623 482.57954545
771.12012987 458.17045455
759.49675325 457.58928571
729.85714286 450.03409091
731.01948052 469.79383117
713.00324675 484.90422078
729.27597403 434.34253247
705.44805195 406.44642857
740.31818182 389.01136364
740.89935065 415.16396104
765.30844156 418.06980519
771.12012987 402.37824675
773.44480519 391.33603896
792.62337662 386.10551948
801.92207792 401.21590909
790.29870130 410.51461039
797.27272727 431.43668831
812.96428571 425.62500000
707.19155844 386.68668831
709.51623377 375.06331169
787.39285714 583.12175325
812.38311688 581.95941558
756.00974026 579.05357143
762.98376623 562.19967532
725.78896104 585.44642857
714.16558442 579.05357143
581.07792208 559.87500000
385.22402597 544.76461039
733.34415584 442.47889610
746.12987013 431.43668831
726.65584416 331.47564935
717.93831169 347.74837662
755.13311688 354.14123377
753.38961039 328.56980519
743.50974026 307.06655844
737.11688312 326.24512987
738.86038961 274.52110390
734.21103896 294.86201299
703.99025974 278.58928571
707.47727273 262.31655844
716.77597403 254.18019481
730.72402597 245.46266234
773.14935065 302.99837662
759.78246753 291.95616883
763.85064935 284.40097403
784.19155844 354.72240260
793.49025974 336.70616883
783.61038961 324.50162338
800.46428571 321.59577922
788.25974026 309.39123377
782.44805195 284.98214286
789.42207792 276.84577922
799.88311688 274.52110390
814.41233766 283.23863636
830.10389610 294.86201299
845.79545455 304.16071429
846.37662338 316.36525974
828.36038961 308.81006494
824.87337662 319.27110390
816.73701299 332.63798701
815.57467532 351.81655844
828.36038961 349.49188312
873.11038961 316.94642857
917.86038961 320.43344156
887.63961039 348.91071429
878.92207792 375.06331169
889.96428571 369.25162338
868.46103896 357.04707792
856.25649351 344.84253247
863.23051948 336.70616883
834.75324675 369.25162338
821.38636364 402.95941558
835.91558442 428.53084416
855.09415584 449.45292208
835.91558442 449.45292208
826.03571429 458.17045455
857.41883117 466.30681818
892.87012987 465.72564935
883.57142857 461.65746753
871.36688312 475.60551948
906.81818182 454.68344156
920.76623377 461.65746753
928.90259740 457.58928571
937.03896104 447.70941558
946.91883117 460.49512987
968.42207792 443.64123377
941.68831169 425.62500000
957.96103896 430.85551948
931.80844156 422.13798701
924.25324675 433.18019481
905.65584416 426.20616883
906.23701299 409.93344156
902.75000000 388.43019481
908.56168831 375.06331169
942.26948052 377.96915584
927.74025974 389.59253247
941.68831169 359.95292208
925.99675325 344.84253247
944.59415584 332.63798701
924.25324675 332.63798701
937.62012987 318.10876623
964.35389610 319.27110390
985.85714286 323.33928571
962.02922078 337.86850649
962.61038961 350.07305195
976.55844156 337.86850649
1006.19805195 359.95292208
999.80519481 339.61201299
1018.40259740 326.24512987
991.66883117 408.18993506
992.83116883 420.97564935
980.04545455 426.78733766
966.67857143 415.16396104
975.39610390 401.79707792
967.84090909 381.45616883
945.17532468 402.95941558
874.85389610 398.31006494
864.97402597 396.56655844
846.95779221 393.66071429
843.47077922 379.13149351
852.76948052 379.13149351
869.62337662 411.09577922
856.83766234 407.02759740
882.99025974 438.41071429
902.75000000 444.80357143
970.74675325 472.69967532
947.50000000 480.25487013
938.20129870 480.25487013
820.22402597 382.03733766
785.93506494 373.31980519
869.04220779 286.14448052
871.94805195 300.67370130
882.99025974 294.86201299
898.10064935 300.09253247
904.49350649 291.95616883
898.68181818 272.77759740
884.73376623 270.45292208
865.55519481 257.66720779
862.06818182 266.96590909
848.70129870 282.65746753
833.00974026 268.12824675
839.98376623 254.18019481
967.84090909 288.46915584
971.32792208 274.52110390
976.55844156 266.38474026
971.90909091 258.82954545
959.70454545 256.50487013
973.65259740 237.90746753
987.60064935 237.90746753
983.53246753 211.17370130
967.25974026 222.21590909
955.63636364 229.18993506
950.98701299 236.16396104
935.87662338 233.25811688
914.37337662 237.32629870
914.37337662 215.82305195
930.06493506 218.72889610
939.94480519 207.68668831
912.04870130 200.71266234
903.33116883 207.68668831
877.75974026 198.96915584
860.32467532 208.84902597
849.28246753 203.03733766
839.98376623 189.08928571
834.17207792 198.38798701
854.51298701 190.25162338
816.73701299 205.94318182
790.58441558 200.71266234
797.55844156 236.16396104
796.39610390 247.78733766
814.41233766 236.16396104
821.96753247 236.16396104
833.59090909 228.02759740
849.86363636 225.12175325
821.38636364 225.12175325
787.67857143 218.72889610
776.63636364 228.02759740
772.56818182 241.97564935
756.29545455 262.89772727
760.94480519 223.95941558
760.36363636 211.75487013
748.15909091 217.56655844
740.60389610 233.25811688
735.95454545 196.64448052
724.91233766 210.01136364
706.89610390 221.05357143
697.01623377 231.51461039
685.39285714 247.20616883
676.09415584 262.31655844
653.42857143 247.20616883
634.83116883 228.02759740
653.42857143 203.61850649
637.15584416 199.55032468
624.95129870 188.50811688
636.57467532 180.37175325
655.75324675 182.11525974
663.88961039 193.73863636
688.29870130 192.57629870
695.85389610 198.96915584
716.19480519 196.64448052
679.00000000 225.70292208
570.32142857 207.10551948
885.31493506 239.06980519
873.11038961 238.48863636
884.15259740 248.36850649
898.68181818 249.53084416
951.56818182 248.36850649
950.40584416 266.38474026
945.75649351 276.26461039
952.73051948 289.05032468
946.91883117 304.74188312
930.64610390 298.93019481
918.44155844 292.53733766
922.50974026 286.14448052
927.15909091 268.12824675
928.32142857 254.76136364
910.88636364 268.70941558
859.74350649 225.12175325
991.66883117 247.20616883
1006.19805195 245.46266234
1006.19805195 233.25811688
1020.72727273 243.71915584
1003.87337662 258.24837662
988.76298701 264.06006494
990.50649351 286.72564935
777.79870130 266.38474026
825.13758117 552.37368101
828.21895292 532.03662744
826.37012987 506.76937906
886.14874188 663.91933847
833.76542208 660.83796672
819.59111201 638.03581575
919.42755682 661.45424107
958.86911526 668.84953328
981.67126623 648.51247971
958.86911526 642.34973620
997.07812500 614.61739042
993.38047890 599.21053166
949.00872565 616.46621347
954.55519481 589.35014205
966.88068182 583.80367289
986.60146104 578.25720373
1018.03145292 559.15269886
988.45028409 549.29230925
968.72950487 533.88545049
942.84598214 519.09486607
924.35775162 504.92055601
960.10166396 500.60663555
977.97362013 498.75781250
993.38047890 502.45545860
987.83400974 482.73467938
991.53165584 465.47899756
990.91538149 443.90939529
887.38129058 533.26917614
867.04423701 516.01349432
846.09090909 498.14153815
845.47463474 489.51369724
828.83522727 482.73467938
947.77617695 565.31544237
903.40442370 559.76897321
927.43912338 562.23407062
892.31148539 492.59506899
902.78814935 485.19977679
921.27637987 602.90817776
921.89265422 588.73386769
905.86952110 615.23366477
875.67207792 612.76856737
863.96286526 617.08248782
868.27678571 649.74502841
976.12479708 619.54758523
863.96286526 424.18861607
878.13717532 429.11881088
323.49025974 98.17948458
310.54849838 88.31909497
302.53693182 72.91223620
333.96692370 75.37733360
290.82771916 88.31909497
296.37418831 117.28398945
272.33948864 112.35379464
259.39772727 107.42359984
265.56047078 90.78419237
250.76988636 89.55164367
240.90949675 97.56321023
230.43283279 109.88869724
219.33989448 100.02830763
208.86323052 112.35379464
200.23538961 88.31909497
210.71205357 74.14478490
223.03754058 75.37733360
224.88636364 26.69165990
200.23538961 53.80773133
167.57284903 75.37733360
168.80539773 45.17989042
183.59598214 37.16832386
179.89833604 23.61028815
187.29362825 8.20342938
157.71245942 26.69165990
142.30560065 16.83127029
98.55012175 14.98244724
120.11972403 41.48224432
101.01521916 42.71479302
82.52698864 51.95890828
89.92228084 82.15635146
89.30600649 128.99320211
123.81737013 76.60988231
137.37540584 75.37733360
315.47869318 136.38849432
271.72321429 131.45829951
256.93262987 125.29555601
257.54890422 138.23731737
272.33948864 145.01633523
298.22301136 149.94653003
229.81655844 153.64417614
240.90949675 137.00476867
211.32832792 136.38849432
203.93303571 153.64417614
176.81696429 138.85359172
141.07305195 153.64417614
49.24817370 124.67928166
80.67816558 124.06300731
86.22463474 96.94693588
36.30641234 95.09811282
62.18993506 79.69125406
38.77150974 53.80773133
371.55965909 133.92339692
406.07102273 99.41203328
388.19906656 88.31909497
399.90827922 63.66812094
356.76907468 89.55164367
370.32711039 49.49381088
346.90868506 49.49381088
340.12966721 30.38930601
359.23417208 29.77303166
374.02475649 21.14519075
407.91984578 21.14519075
439.96611201 26.07538555
484.33786526 14.98244724
496.66335227 14.98244724
517.61668019 8.20342938
317.32751623 39.63342127
299.45556006 39.63342127
303.76948052 19.91264205
256.93262987 43.33106737
237.21185065 47.64498782
248.30478896 9.43597808
234.74675325 9.43597808
207.63068182 12.51734984
343.21103896 104.34222808
348.14123377 166.58593750
332.73437500 159.80691964
359.85044643 146.86515828
489.26806006 148.71398133
480.02394481 129.60947646
488.03551136 114.81889205
506.52374188 120.36536120
488.65178571 103.10967938
455.37297078 84.00517451
425.17552760 56.27282873
451.67532468 157.95809659
425.79180195 133.92339692
175.58441558 114.20261769
155.24736201 122.83045860
139.84050325 100.02830763
117.03835227 88.31909497
457.87012987 101.04220779
475.30519481 97.55519481
12.69480519 134.75000000
28.96753247 161.48376623
27.80519481 6.89285714
35.94155844 25.49025974
459.03246753 133.58766234
581.07792208 145.21103896
739.15584416 142.59577922
724.04545455 136.78409091
715.90909091 93.19642857
534.58441558 119.93019481
521.21753247 99.58928571
570.61688312 42.63474026
542.13961039 40.31006494
522.96103896 34.49837662
550.85714286 14.15746753
574.10389610 119.93019481
684.52597403 133.29707792
662.44155844 124.57954545
648.49350649 163.51785714
664.76623377 161.19318182
632.22077922 155.38149351
700.21753247 165.26136364
757.17207792 133.29707792
749.03571429 125.16071429
728.69480519 115.86201299
744.96753247 91.45292208
756.59090909 79.24837662
774.02597403 101.91396104
779.83766234 87.38474026
822.26298701 73.43668831
826.91233766 103.65746753
804.82792208 167.58603896
774.02597403 162.35551948
766.47077922 149.56980519
779.83766234 130.39123377
696.14935065 65.88149351
718.23376623 67.04383117
670.57792208 107.72564935
661.27922078 100.75162338
656.04870130 88.54707792
625.82792208 96.10227273
612.46103896 102.49512987
618.85389610 83.31655844
582.24025974 81.57305195
542.72077922 12.41396104
597.35064935 14.15746753
618.85389610 20.55032468
618.27272727 40.31006494
646.16883117 30.43019481
762.40259740 16.48214286
549.11363636 146.66396104
525.86688312 147.24512987
811.22077922 145.50162338
802.50324675 134.45941558
811.80194805 119.93019481
799.01623377 111.79383117
799.01623377 95.52110390
796.69155844 79.24837662
528.77272727 64.13798701
493.90259740 60.06980519
506.10714286 49.60876623
511.33766234 71.11201299
453.80194805 54.83928571
447.99025974 36.24188312
675.80844156 57.74512987
666.50974026 49.60876623
663.60389610 32.17370130
725.20779221 28.10551948
711.84090909 41.47240260
722.88311688 45.54058442
717.07142857 18.22564935
728.69480519 7.76461039
790.29870130 32.17370130
810.63961039 20.55032468
767.63311688 55.42045455
743.80519481 51.35227273
749.03571429 38.56655844
653.14285714 6.02110390
828.07467532 33.33603896
778.09415584 57.16396104
731.01948052 85.06006494
686.85064935 91.45292208
713.58441558 174.56006494
723.46428571 170.49188312
746.12987013 168.16720779
768.21428571 179.79058442
785.64935065 184.43993506
747.87337662 207.68668831
678.13311688 211.17370130
533.42207792 262.31655844
558.99350649 279.17045455
844.63311688 148.98863636
834.75324675 130.39123377
846.37662338 111.79383117
856.83766234 86.22240260
838.82142857 91.45292208
883.57142857 84.47889610
909.72402597 81.57305195
930.64610390 114.69967532
935.29545455 130.97240260
919.60389610 132.71590909
892.28896104 120.51136364
898.68181818 143.17694805
859.16233766 144.33928571
878.34090909 144.92045455
970.16558442 137.36525974
952.73051948 51.93344156
967.84090909 44.37824675
952.73051948 24.61850649
932.97077922 11.83279221
932.97077922 32.75487013
912.62987013 34.49837662
911.46753247 24.61850649
967.25974026 18.22564935
985.85714286 8.92694805
967.25974026 104.81980519
950.40584416 106.56331169
956.21753247 75.18019481
969.58441558 56.00162338
919.02272727 72.27435065
916.11688312 61.23214286
891.70779221 56.00162338
874.85389610 55.42045455
856.83766234 58.90746753
838.24025974 46.70292208
859.16233766 34.49837662
849.28246753 19.96915584
883.57142857 26.36201299
796.97727273 52.51461039
925.41558442 92.03409091
989.92532468 119.93019481
985.27597403 107.72564935
1000.38636364 96.10227273
980.04545455 65.30032468
944.01298701 90.29058442
691.20454545 130.39123377
711.54545455 121.67370130
864.97402597 121.67370130
871.36688312 105.98214286
912.62987013 105.98214286
598.79870130 182.69642857
901.29707792 319.99756494
799.30194805 287.45211039
426.48701299 84.76948052
596.18831169 53.38636364
847.25324675 568.30194805
998.35714286 47.57467532
941.40259740 540.40584416
1013.46753247 483.45129870
713.58441558 536.91883117
948.22402597 129.08360390
928.46428571 83.75243506
896.50000000 78.81250000
843.90422078 81.42775974
893.88474026 138.96347403
969.72727273 163.37256494
1017.82142857 631.35876623
891.12662338 576.14772727
882.99025974 628.45292208
822.54870130 429.69318182
880.66558442 561.03733766
803.37012987 604.62500000
772.56818182 609.85551948
1005.61688312 537.79058442
795.23376623 451.19642857
765.30844156 366.92694805
735.08766234 375.06331169
742.64285714 362.85876623
835.62987013 210.59253247
627.57142857 260.57305195
1012.30519481 63.84740260
1018.11688312 17.35389610
688.01298701 27.81493506
565.96753247 15.02922078
361.39610390 11.54220779
327.68831169 11.54220779
1004.16883117 80.12012987
1012.30519481 80.12012987
983.24675325 370.70454545
986.73376623 349.78246753
998.35714286 562.49025974
241.67532468 568.30194805
132.41558442 463.69155844
197.50649351 269.58116883
256.78571429 185.89285714
241.67532468 174.26948052
281.19480519 176.59415584
330.01298701 188.21753247
321.87662338 174.26948052
298.62987013 192.86688312
1018.98376623 178.62824675
967.84090909 182.11525974
942.85064935 182.11525974
921.92857143 174.56006494
913.79220779 161.77435065
897.51948052 176.30357143
882.40909091 175.72240260
866.13636364 180.37175325
848.12012987 176.88474026
824.87337662 178.62824675
859.74350649 160.03084416
843.47077922 160.03084416
891.12662338 155.38149351
605.77272727 278.58928571
447.69480519 483.74188312
447.69480519 486.06655844
1016.95454545 134.75000000
990.22077922 141.72402597
306.76623377 166.13311688
74.29870130 6.89285714
622.92207792 6.89285714
627.57142857 68.49675325
509.01298701 89.41883117
490.41558442 76.63311688
482.27922078 39.43831169
300.95454545 55.71103896
97.54545455 118.47727273
419.40909091 37.28521479
429.63886114 13.75674326
104.33216783 68.99750250
284.37612388 323.71878122
370.30619381 100.70979021
213.27922078 48.30319680
