153.60014546 254.94084139
176.55042212 230.43461378
119.75821210 228.87866282
66.46689174 241.71525824
3.83986562 241.32627050
10.84164494 183.36709726
54.01928406 198.92660686
67.24486722 192.31381528
91.36210709 210.59623905
80.47045037 181.03317082
66.46689174 170.53050185
54.79725954 158.08289417
35.34787255 165.47366123
21.73330165 150.30313937
14.34253460 139.02249492
10.45265720 121.51804663
34.18090933 125.01893628
60.24308790 139.80047040
83.97134003 153.80402903
90.58413161 142.52338458
78.52551167 130.85375238
65.68891626 116.85019375
55.96422276 108.29246347
30.68001967 107.51448799
23.67824035 100.51270867
11.61962042 96.23384354
29.90204419 87.28712552
19.39937522 86.50915004
26.40115453 78.72939524
8.11873076 69.00470175
3.06189014 80.28534620
2.67290240 89.23206422
2.67290240 100.51270867
3.06189014 56.16810633
5.00682884 49.16632701
16.67646104 49.55531475
25.23419131 51.50025345
38.45977447 58.50203277
45.07256605 52.66721667
52.07434536 59.28000825
43.51661509 83.00826038
64.91094078 97.78979449
66.46689174 84.56421134
66.85587948 73.67255462
64.91094078 67.44875079
72.30170784 54.22316763
79.30348715 46.44341283
55.96422276 46.44341283
54.79725954 71.72761592
84.36032777 67.83773853
91.75109483 49.16632701
87.86121743 42.94252318
100.30882510 45.66543735
119.36922436 47.61037605
119.36922436 40.99758448
111.20048182 61.61393469
97.19692319 68.61571401
90.58413161 77.56243202
83.58235229 97.01181901
90.58413161 98.56776997
90.97311935 83.78623586
84.74931551 115.29424279
104.19870250 122.29602211
110.81149408 167.02961219
121.70315080 187.64596240
139.59658683 191.53583980
169.15965506 205.15041069
175.38345890 188.03495014
192.49891945 176.75430568
181.99625047 161.58378383
157.10103512 170.91948959
211.17033096 188.42393788
222.45097542 198.92660686
134.15075847 153.80402903
138.81861135 135.52160526
162.15787574 143.30136006
156.32305964 114.51626731
128.31594237 112.57132861
129.87189333 101.29068415
115.86833470 93.51092936
120.14719984 76.78445654
115.86833470 69.39368949
127.14897915 58.11304503
139.20759909 63.55887339
149.71026807 72.89457914
153.98913320 61.61393469
150.09925581 49.94430249
171.88256924 51.11126571
168.38167958 57.72405729
173.82750794 61.22494695
160.21293704 40.99758448
171.88256924 72.89457914
163.71382670 77.95141976
167.60370410 84.56421134
141.15253779 81.06332168
133.37278299 89.23206422
142.31950101 96.23384354
155.15609642 102.06865963
167.99269184 97.01181901
111.97845730 84.56421134
190.94296849 133.57666656
212.72628192 163.13973479
182.77422595 116.07221827
193.27689493 109.07043895
184.71916465 92.73295388
188.22005431 76.39546880
196.38879685 69.00470175
188.99802979 66.28178757
189.77600527 59.66899599
193.27689493 54.61215537
199.88968651 51.50025345
217.39413480 66.28178757
210.39235548 61.22494695
218.56109802 51.11126571
214.28223288 43.33151092
233.73161987 44.88746187
241.51137467 51.11126571
214.28223288 91.56599066
215.83818384 78.72939524
199.11171103 93.51092936
227.50781604 95.45586806
227.89680378 108.29246347
220.89502446 126.57488724
213.11526966 114.51626731
239.95542371 175.58734246
247.73517851 217.98700611
272.63039386 181.81114630
304.91637627 202.03850877
262.51671262 169.36353863
308.02827819 170.53050185
330.97855484 193.48077850
361.70858628 254.94084139
371.43327978 181.03317082
350.03895409 172.86442829
326.69968970 173.25341603
338.75830963 153.80402903
371.04429204 154.97099225
364.43150046 140.96743362
355.09579471 130.46476464
349.64996635 116.07221827
332.92349354 135.52160526
322.03183682 123.46298532
307.25030271 149.52516389
299.47054791 139.80047040
271.46343064 146.80224972
255.51493331 111.79335313
246.95720303 109.07043895
260.96076166 97.78979449
280.02116092 111.01537765
240.73339919 83.78623586
232.17566891 79.50737072
234.89858309 65.50381209
260.96076166 58.50203277
256.29290879 55.00114311
266.40659002 69.39368949
259.79379844 64.72583661
262.12772488 76.78445654
283.13306283 76.00648106
258.23784748 44.10948640
261.34974940 37.10770708
281.18812414 35.55175612
290.91281763 47.61037605
274.18634482 48.38835153
279.63217318 53.83417989
283.13306283 65.50381209
292.85775633 57.72405729
300.24852339 69.78267723
296.35864599 93.51092936
281.96609962 85.73117456
313.86309428 76.78445654
315.41904524 86.50915004
312.30714332 98.56776997
340.31426059 88.06510100
343.81515025 71.72761592
362.09757402 81.06332168
323.97677552 70.94964044
316.97499620 65.50381209
316.19702072 57.33506955
322.03183682 52.66721667
337.59134641 60.83595921
355.09579471 69.78267723
347.31603991 65.11482435
368.32137786 65.50381209
362.48656176 60.05798373
350.81692957 55.77911859
361.70858628 49.16632701
374.15619396 50.33329023
349.64996635 30.10592776
342.64818703 39.44163352
373.37821848 30.49491550
355.09579471 40.99758448
351.20591731 47.99936379
369.48834108 40.60859674
335.25741997 47.61037605
334.86843224 30.10592776
322.80981230 38.66365804
320.47588586 46.05442509
312.30714332 40.60859674
300.63751113 36.32973160
77.02600811 272.42186567
107.80542277 421.01214333
4.85358754 506.98223254
137.52347830 515.47310555
247.90482742 428.44165721
256.39570043 588.70688525
424.09044235 564.29562535
221.37084926 383.86457391
398.61782333 428.44165721
549.33081924 476.20281789
572.68072001 605.68863127
749.92769407 584.46144875
911.25428124 631.16125030
863.49312057 496.36864128
1002.53116609 462.40514925
880.47486658 421.01214333
720.20963854 395.53952430
684.12342825 478.32553614
589.66246603 387.04865129
478.21975779 364.76010964
320.07724799 358.39195489
217.12541276 311.69215334
291.42055159 284.09681606
346.61122615 320.18302635
416.66092847 288.34225256
432.58131536 338.22613149
488.83334905 297.89448470
550.39217836 345.65564537
628.93275369 355.20787751
718.08692029 345.65564537
832.71370591 357.33059576
975.99718793 378.55777828
970.69039230 331.85797673
787.07526349 316.99894897
676.69391437 305.32399858
580.11023389 301.07856208
507.93781332 263.93099266
469.72888478 240.58109189
409.23141459 264.99235179
391.18830944 242.70381014
431.51995624 223.59934587
469.72888478 202.37216335
487.77198992 196.00400859
528.10363671 207.67895898
516.42868633 194.94264946
536.59450972 173.71546694
508.99917244 233.15157800
559.94441050 231.02885975
564.18984700 259.68555616
596.03062078 274.54458392
565.25120613 202.37216335
577.98751564 192.81993121
596.03062078 215.10847286
629.99411282 226.78342325
619.38052156 200.24944509
635.30090845 257.56283790
654.40537272 283.03545693
690.49158301 262.86963354
700.04381514 234.21293713
661.83488660 225.72206412
685.18478738 207.67895898
735.06866631 225.72206412
724.45507504 211.92439548
752.05041232 243.76516927
773.27759485 244.82652839
767.97079922 290.46497081
831.65234678 269.23778829
856.06360668 290.46497081
940.97233677 301.07856208
1019.51291211 295.77176644
999.34708871 257.56283790
946.27913240 252.25604227
885.78166221 243.76516927
864.55447969 235.27429626
823.90460394 248.01060577
813.29101268 225.19138456
818.59780831 206.08692029
801.61606229 190.69721296
852.03062078 190.69721296
855.74537773 211.92439548
789.41043234 211.92439548
837.17159302 129.66906321
760.75373594 201.84148378
787.81839365 167.87799175
896.07702452 207.14827941
900.32246102 185.92109689
911.99741141 212.45507504
939.06206913 220.41526849
968.78012466 210.86303636
993.72206412 215.63915242
1015.47992621 225.72206412
1019.72536271 175.30750563
983.63915242 191.75857209
1003.80497582 160.97915743
918.36556617 173.18478738
907.22129534 155.14168223
928.97915743 146.65080923
949.14498082 137.09857709
970.37216335 158.32575961
965.59604728 142.93605228
987.88458893 123.83158801
1002.74361669 138.15993622
1020.25604227 117.99411282
1010.70381014 106.31916243
1018.13332402 96.23625073
994.78342325 95.17489161
1008.58109189 81.90790253
1018.13332402 71.82499083
1022.37876053 84.03062078
1005.92769407 67.04887477
983.63915242 58.02732219
994.78342325 57.49664263
983.63915242 67.57955433
974.61759985 70.23295214
970.90284291 58.02732219
960.81993121 60.68072001
982.04711373 79.25450472
987.35390936 86.15333904
961.88129034 91.46013467
954.45177645 81.37722297
953.39041733 67.04887477
946.49158301 55.37392438
934.28595306 68.11023389
930.04051655 62.80343826
922.61100267 70.23295214
936.40867131 78.19314559
945.43022388 75.00906821
922.61100267 54.31256525
905.62925665 58.02732219
915.18148879 52.72052656
898.19974277 51.12848787
885.99411282 54.31256525
893.95430627 73.41702952
899.26110190 63.33411783
905.62925665 87.74537773
908.28265447 77.13178646
900.32246102 102.07372593
882.81003544 106.31916243
906.69061578 121.70886976
935.34731218 105.25780331
928.44847786 102.60440549
951.26769908 102.07372593
957.10517427 101.01236680
947.55294214 119.58615151
798.43198492 145.58945010
785.16499584 154.08032311
795.24790754 131.26110190
781.98091846 124.89294714
793.65586885 110.56459894
784.63431628 102.07372593
803.20810098 95.17489161
810.10693530 84.03062078
820.72052656 81.90790253
808.51489661 70.76363171
814.88305137 70.23295214
806.92285792 63.86479739
818.59780831 62.80343826
816.47509006 56.43528351
822.84324482 48.47509006
987.88458893 48.74042984
990.00730718 41.84159552
987.35390936 31.22800426
980.98575461 8.93946261
958.16653340 8.93946261
1008.05041232 25.92120863
1012.82652839 45.02567290
1005.39701451 58.29266198
965.59604728 48.20975028
956.04381514 20.61441300
959.75857209 26.45188819
941.18478738 9.47014217
938.00071000 21.67577212
940.12342825 26.98256776
943.30750563 37.59615902
933.22459393 37.59615902
933.75527350 45.02567290
940.65410782 47.67907071
952.32905820 46.08703203
913.58945010 9.47014217
914.12012966 20.61441300
914.65080923 33.35072251
914.12012966 44.49499334
921.54964355 40.24955683
893.95430627 5.22470567
890.23954932 26.45188819
897.13838364 25.39052907
893.95430627 20.61441300
890.77022889 13.71557868
900.85314059 21.14509256
901.38382015 13.71557868
903.50653840 25.39052907
892.89294714 37.59615902
889.70886976 42.37227508
832.39547695 6.28606480
824.43528351 10.00082174
822.84324482 18.49169475
827.61936088 25.92120863
823.90460394 35.47344076
811.69897399 8.93946261
807.45353749 12.65421955
802.14674186 21.67577212
806.92285792 32.82004295
799.49334404 43.96431377
790.47179147 54.04722547
784.63431628 58.29266198
788.34907322 66.78353498
791.00247103 82.17324231
781.45023890 73.15168974
781.45023890 78.98916494
777.73548196 88.01071751
771.89800676 99.15498833
761.81509506 108.70722047
748.54810599 134.71051906
757.03897900 121.97420954
759.69237681 149.03886726
743.24131036 151.69226507
746.95606730 180.87964104
688.05063580 193.08527099
698.13354750 177.69556366
704.50170225 166.02061328
711.40053657 153.81498333
712.46189570 141.60935338
718.29937089 127.81168474
716.70733220 103.93110440
734.75043735 94.37887226
748.54810599 85.88799926
758.10033812 81.11188319
767.12189069 68.37557367
768.71392938 58.29266198
772.42868633 55.10858460
753.85490162 64.13013717
781.98091846 33.35072251
786.22635497 25.39052907
783.04227759 18.49169475
784.10363671 10.00082174
761.81509506 20.61441300
761.28441550 34.94276120
748.01742642 26.45188819
751.73218337 12.65421955
752.26286293 42.37227508
737.40383516 33.88140208
750.14014468 56.16994372
743.24131036 65.19149630
732.09703953 70.49829193
729.97432128 83.23460144
715.64597308 83.76528100
718.29937089 66.25285542
713.52325483 57.76198241
703.44034313 50.33246853
713.52325483 50.33246853
702.37898400 43.96431377
700.25626575 35.47344076
722.01412783 25.39052907
731.03568041 14.77693781
709.80849788 18.49169475
696.01082925 25.39052907
688.58131536 16.89965606
680.62112192 12.12353999
671.06888978 20.61441300
658.86325983 11.06218086
653.55646420 16.36897649
649.31102770 25.92120863
671.06888978 39.71887727
677.96772410 43.96431377
691.23471318 55.63926416
680.62112192 54.57790503
680.62112192 69.96761236
695.48014968 62.53809848
688.58131536 75.27440799
701.31762488 80.05052406
707.15510007 96.50159052
688.05063580 88.01071751
683.27451973 101.27770658
693.88811099 115.60605479
684.86655842 127.28100517
675.84500585 140.54799425
665.23141459 153.81498333
665.76209415 173.98080672
649.31102770 185.65575711
628.61452474 183.53303886
597.83511008 175.57284541
576.07724799 162.30585634
620.12365173 159.65245852
609.51006047 151.16158551
633.39064080 144.26275119
615.34753566 132.58780080
648.24966857 129.93440299
658.86325983 117.19809348
649.84170726 110.82993872
646.65762988 101.27770658
660.98597808 98.09362921
655.14850289 89.60275620
669.47685109 77.39712625
658.86325983 71.55965105
667.88481240 62.53809848
665.23141459 51.92450722
654.08714376 49.80178897
654.08714376 41.84159552
644.00423207 36.53479989
643.47355250 46.08703203
634.45199993 52.45518678
641.88151381 59.88470067
650.37238682 58.29266198
633.92132037 70.49829193
640.28947512 80.05052406
636.57471818 97.56294964
625.96112692 117.19809348
599.42714877 133.64915993
584.03744144 147.97750813
591.46695532 119.32081173
578.19996625 126.75032561
569.17841367 136.83323731
554.31938591 149.03886726
525.66268950 161.24449721
538.92967858 134.71051906
546.88987203 124.09692780
564.40229761 118.25945260
578.73064581 110.82993872
580.85336406 99.15498833
544.76715377 107.11518178
537.33763989 97.56294964
521.41725300 92.78683357
524.60133038 116.66741391
541.05239683 82.17324231
553.78870635 89.60275620
576.07724799 84.82664013
581.38404362 88.54139707
604.73394440 94.37887226
612.16345828 98.09362921
618.00093348 84.82664013
606.32598309 76.33576712
579.79200494 78.45848537
580.32268450 67.84489411
595.18171226 73.68236930
597.30443052 60.94605979
614.28617653 54.04722547
607.38734221 47.14839115
614.28617653 39.71887727
626.49180648 45.55635246
630.73724299 24.32916994
639.22811600 11.06218086
630.20656343 14.77693781
626.49180648 6.81674436
619.06229260 16.36897649
607.91802178 6.28606480
608.44870134 14.77693781
603.67258527 13.71557868
597.30443052 15.83829693
591.46695532 6.81674436
584.56812100 11.06218086
575.01588887 18.49169475
582.97608231 28.04392688
558.03414285 30.69732470
566.52501586 41.31091596
575.54656843 48.20975028
583.50676188 43.96431377
590.93627576 39.71887727
604.20326484 33.88140208
597.83511008 31.22800426
588.81355751 33.35072251
593.05899401 47.67907071
580.85336406 58.29266198
568.11705455 60.94605979
564.93297717 71.55965105
557.50346329 60.41538023
557.50346329 50.86314809
556.97278372 43.43363421
546.88987203 67.31421455
529.90812601 60.41538023
538.92967858 50.33246853
537.86831945 72.62101018
521.41725300 73.15168974
521.41725300 64.13013717
522.47861212 48.74042984
524.07065081 19.55305387
415.06888978 171.85808847
458.58461395 154.87634245
497.32422206 160.18313808
510.06053157 147.97750813
400.20986202 155.40702202
407.63937590 141.07867381
394.37238682 130.99576212
385.35083425 114.54469566
395.43374595 103.93110440
403.39393939 110.82993872
420.90636497 117.72877304
412.41549197 100.21634746
427.27451973 108.70722047
437.88811099 140.54799425
457.52325483 132.58780080
479.28111691 145.85478988
496.26286293 136.30255775
508.99917244 126.21964605
486.17995123 117.72877304
501.56965856 95.44023139
486.71063079 103.93110440
452.21645920 111.89129784
443.72558619 104.99246353
426.21316061 85.88799926
440.01082925 91.72547445
446.37898400 83.23460144
458.05393439 86.94935838
470.25956434 94.37887226
462.83005046 76.33576712
474.50500084 81.11188319
490.42538774 85.88799926
479.28111691 65.72217586
489.36402861 73.15168974
504.22305638 84.82664013
488.83334905 64.66081673
497.32422206 59.35402110
508.99917244 57.23130285
512.71392938 71.55965105
379.51335906 71.55965105
388.00423207 59.88470067
393.84170726 62.53809848
391.71898901 51.39382766
388.00423207 46.08703203
380.04403862 43.43363421
396.49510507 32.82004295
398.08714376 22.20645169
308.40229761 19.02237431
324.85336406 18.49169475
418.78364672 65.72217586
404.45529852 58.82334154
403.92461896 47.14839115
416.13024891 53.51654591
403.39393939 28.04392688
420.37568541 23.26781081
425.68248104 30.16664513
427.80519929 48.74042984
423.02908323 43.43363421
433.11199493 60.94605979
441.60286793 56.16994372
445.84830444 46.08703203
446.37898400 32.82004295
458.05393439 53.51654591
465.48344827 49.27110940
460.70733220 42.90295465
462.83005046 32.82004295
462.83005046 25.39052907
482.99587385 45.02567290
493.07878555 39.71887727
479.81179647 30.16664513
476.09703953 24.32916994
485.11859211 15.83829693
474.50500084 11.06218086
455.40053657 6.28606480
493.07878555 11.06218086
511.12189069 9.47014217
504.75373594 18.49169475
538.18654841 11.06218086
553.57625574 1.50994873
