10.81641800 309.92264579
29.41218716 304.34391504
47.54306209 296.90560738
73.57713892 310.85243425
87.52396579 311.78222270
97.28674460 319.68542460
93.10269654 297.83539583
119.13677336 304.80880927
139.59211944 308.52796310
152.60915785 296.90560738
170.74003279 303.41412658
176.31876354 318.29074191
188.87090772 314.10669385
196.30921538 298.76518429
191.66027309 285.74814588
238.14969600 319.68542460
254.88588824 304.34391504
227.45712873 287.14282857
232.10607102 276.91515553
210.25604226 280.63430936
280.45507084 301.55454967
292.54232080 320.61521306
284.63911890 284.81835742
315.78703225 301.08965544
309.27851304 314.57158808
332.98811872 304.34391504
338.10195524 315.50137654
343.21579176 304.80880927
362.27645515 292.25666508
379.47754163 317.82584768
388.77542621 313.64179962
407.37119537 311.78222270
399.93288771 320.15031883
383.19669546 303.87902081
404.58183000 280.63430936
427.36164722 309.92264579
426.43185876 300.15986698
438.51910872 282.02899205
418.06376264 272.73110746
436.19463757 265.29279980
424.10738762 262.03854020
402.25735885 236.46935760
432.47548374 247.16192487
441.30847409 247.16192487
367.85518590 249.02150178
350.18920520 223.45231919
339.03174370 242.51298258
344.14558022 255.53002099
349.72431097 267.15237672
332.98811872 273.66089592
304.16467652 271.80131901
304.16467652 260.17896328
303.23488806 240.18851143
305.09446498 230.89062685
269.29760934 255.53002099
256.74546516 267.61727095
240.93906137 254.13533830
259.99972476 242.51298258
270.22739780 229.49594416
245.58800366 229.49594416
223.73797490 231.82041531
238.14969600 225.31189610
215.36987878 221.12784804
201.42305190 242.97787681
220.94860952 249.02150178
208.86135957 262.03854020
187.01133080 256.92470368
183.75707120 275.98536707
159.58257129 267.15237672
173.06450393 275.98536707
116.34740799 288.53751125
107.04952341 287.14282857
122.39103297 275.98536707
120.53145605 261.10875174
94.96227345 269.47684786
106.58462918 254.13533830
95.42716768 249.95129024
109.37399455 242.51298258
125.18039834 236.93425183
147.49532134 227.17147302
67.53351394 284.81835742
54.98136976 282.02899205
84.26970619 270.40663632
34.52602368 287.60772279
31.73665830 266.22258826
14.07067760 262.96832866
13.60578337 249.02150178
26.15792755 242.97787681
37.31538905 243.90766526
53.12179284 252.74065562
72.18245623 254.60023253
8.49194685 239.25872297
2.44832187 228.56615571
4.77279302 209.97038654
24.76324487 221.12784804
31.27176407 229.49594416
54.51647553 225.31189610
44.28880249 216.47890575
68.92819663 214.61932883
67.99840817 203.92676157
23.83345641 208.11080963
40.56964865 200.20760773
87.05907156 201.13739619
99.61121574 202.53207888
94.96227345 231.82041531
116.81230222 209.97038654
132.61870601 221.12784804
151.67936940 210.90017500
142.38148482 195.09377121
118.67187913 194.62887699
111.69846570 194.16398276
157.25810014 196.95334813
133.54849446 187.19056932
155.86341746 186.26078086
177.24855199 196.02355967
175.85386931 216.94379998
199.09858076 201.13739619
184.22196543 189.51504047
201.88794613 187.19056932
220.94860952 192.76930007
218.15924415 202.53207888
210.72093648 190.44482892
226.99223450 184.40120395
237.68480177 181.61183857
242.79863829 190.44482892
246.98268635 199.27781928
239.07948446 212.29485769
270.69229203 200.20760773
268.36782089 184.86609818
259.99972476 194.16398276
269.29760934 174.17353091
259.99972476 164.87564633
276.27102278 155.11286752
285.56890736 176.49800205
284.17422467 189.51504047
293.00721503 200.20760773
283.70933044 202.53207888
281.84975353 216.47890575
300.44552269 219.73316535
314.85724379 212.29485769
316.25192648 195.09377121
305.09446498 187.65546355
307.88383036 173.24374245
324.15512837 193.69908853
326.94449375 168.12990593
340.89132062 184.86609818
338.56684947 201.60229042
323.22533991 224.38210764
370.17965705 216.94379998
374.82859934 206.71612694
348.79452251 192.76930007
373.89881088 187.19056932
348.32962828 210.43528077
397.14352233 213.22464615
399.93288771 222.98742496
415.27439726 211.36506923
412.94992612 229.49594416
433.40527220 223.45231919
445.02762792 217.87358844
449.21167598 232.75020377
431.08080105 197.88313659
439.44889717 190.44482892
418.52865687 201.60229042
404.11693577 193.69908853
420.38823378 188.12035778
446.88720484 174.17353091
438.51910872 160.22670404
415.27439726 171.38416553
418.06376264 155.11286752
393.88926273 174.17353091
393.88926273 182.07673280
406.44140691 147.20966562
434.79995488 133.72773298
447.35209907 136.05220413
452.93082982 122.10537725
395.28394542 136.05220413
379.94243586 127.68410800
362.74134938 145.35008871
335.77748410 154.18307906
341.35621485 147.20966562
312.99766687 156.97244443
317.18171494 145.35008871
316.25192648 138.37667527
331.59343604 134.65752144
292.54232080 138.84156950
302.30509961 131.86815606
304.62957075 154.18307906
262.78909014 148.60434831
258.14014785 143.49051179
257.21035939 133.72773298
276.27102278 125.82453109
231.17628256 163.48096364
247.44758058 154.18307906
249.77205172 124.89474263
246.98268635 116.52664651
255.81567670 110.94791576
238.14969600 128.61389646
237.21990754 143.49051179
228.85181142 131.40326184
220.94860952 123.03516571
230.71138833 112.34259844
219.55392684 130.93836761
219.08903261 139.30646373
207.46667688 139.30646373
209.79114803 164.87564633
188.87090772 175.10331937
188.40601349 154.18307906
201.42305190 155.11286752
196.77410961 139.30646373
207.93157111 129.07879069
198.16879230 130.93836761
209.79114803 116.06175228
219.55392684 108.15855038
199.09858076 115.59685805
187.47622503 125.82453109
174.92408085 126.28942532
171.20492702 140.23625219
175.38897508 154.18307906
164.23151358 164.87564633
169.81024433 181.61183857
166.55598473 194.16398276
138.19743675 174.17353091
121.46124451 183.00652126
127.50486949 171.84905976
108.44420610 175.10331937
88.45375425 184.40120395
96.82185037 166.27032901
122.85592720 156.50755020
137.26764830 151.85860791
144.24106173 150.46392523
154.00384054 147.20966562
145.17085019 139.30646373
163.30172512 130.47347338
155.39852323 110.94791576
181.89749428 112.34259844
194.44963847 104.90429078
214.44009032 92.35214660
228.85181142 88.63299276
202.81773459 88.63299276
76.83139852 166.27032901
63.81436011 175.56821359
63.81436011 190.44482892
53.12179284 191.37461738
29.41218716 189.51504047
14.07067760 183.00652126
9.42173531 172.31395399
3.37811033 166.27032901
19.18451412 164.87564633
24.76324487 162.08628095
32.66644676 151.85860791
29.41218716 134.65752144
57.77073513 164.87564633
59.16541782 150.92881946
71.71756200 135.58730990
54.51647553 136.05220413
93.56759077 147.67455985
86.59417733 145.35008871
107.51441764 132.33305029
124.25060988 136.98199258
114.95272530 147.20966562
134.94317715 127.21921377
142.38148482 123.03516571
129.82934063 111.87770422
119.13677336 115.13196382
115.88251376 123.96495417
98.21653306 129.07879069
91.70801385 117.92132919
81.48034081 114.66706959
58.23562936 115.59685805
38.71007174 123.03516571
50.79732169 119.78090611
15.93025452 123.03516571
3.37811033 155.11286752
12.21110068 101.65003118
27.08771601 111.41280999
25.22813910 127.21921377
47.07816786 99.32556003
64.27925434 100.25534849
86.59417733 103.04471386
90.77822539 91.42235814
96.82185037 79.80000241
82.87502350 82.12447356
85.66438887 60.27444479
65.20904279 83.05426202
65.20904279 70.03722360
52.65689861 82.12447356
38.71007174 83.05426202
33.13134099 79.80000241
15.00046606 78.87021395
18.71961989 62.59891594
33.13134099 54.69571404
27.55261024 45.86272369
11.74620645 47.25740638
54.98136976 41.21378140
74.04203315 46.32761792
66.60372548 51.44145444
65.20904279 57.48507942
45.21859095 63.52870440
40.56964865 68.64254091
97.75163883 44.00314678
111.23357147 52.37124290
106.11973495 70.03722360
112.16335993 88.16809853
132.61870601 70.96701206
140.05701367 70.03722360
130.75912909 53.76592559
135.87296561 49.11698329
158.18788860 64.45849285
159.58257129 57.02018519
161.44214821 42.60846409
140.98680213 83.05426202
132.15381178 94.67661774
122.39103297 101.65003118
101.47079266 107.69365615
143.77616750 103.04471386
147.03042711 91.88725237
161.90704244 96.53619466
154.00384054 76.54574281
158.65278283 84.91383893
173.99429239 81.65957933
169.34535010 69.10743514
183.29217697 61.20423325
183.29217697 86.30852162
196.30921538 78.87021395
213.04540763 68.64254091
212.11561917 79.80000241
222.80818644 68.64254091
234.43054217 72.36169475
246.51779212 73.29148321
241.86884983 60.73933902
202.81773459 57.48507942
219.08903261 51.44145444
265.57845551 48.18719484
253.95609979 42.60846409
260.46461899 62.59891594
246.05289789 53.76592559
259.06993631 78.87021395
266.50824397 75.15106012
253.95609979 94.67661774
272.08697472 108.62344461
280.45507084 115.59685805
288.82316696 118.85111765
311.60298419 120.71069457
301.37531115 114.20217536
332.98811872 116.06175228
338.56684947 108.62344461
325.08491683 105.83407924
326.94449375 97.93087734
317.64660916 91.42235814
310.20830150 94.67661774
301.37531115 85.84362739
294.40189771 96.07130043
291.61253234 103.04471386
277.20081124 88.63299276
285.10401313 83.05426202
279.06038815 65.38828131
279.52528238 45.86272369
298.12105155 45.86272369
300.44552269 67.71275246
309.74340727 57.02018519
317.64660916 61.20423325
312.99766687 73.29148321
330.66364758 65.85317554
335.77748410 56.09039673
324.15512837 51.44145444
341.35621485 72.36169475
336.70727256 84.91383893
358.55730132 88.63299276
349.72431097 91.42235814
345.54026291 97.93087734
357.62751286 116.06175228
399.46799348 120.71069457
386.91584929 106.29897347
379.01264740 95.60640620
389.24032044 84.91383893
397.60841656 83.51915624
401.79246462 70.96701206
406.44140691 95.60640620
402.72225308 105.36918501
425.50207030 115.59685805
433.40527220 85.84362739
425.96696453 89.56278122
416.20418572 77.01063704
425.96696453 75.61595435
440.84357986 71.89680052
445.49252215 62.13402171
452.93082982 45.86272369
435.26484911 48.18719484
421.31802224 44.93293523
418.06376264 53.76592559
395.28394542 58.87976210
399.93288771 49.58187752
389.70521467 45.86272369
372.50412819 42.60846409
370.17965705 56.09039673
368.78497436 75.15106012
351.11899366 51.44145444
365.53071476 47.25740638
260.50390583 30.73361626
280.57702373 30.19833312
286.73277989 18.95738710
273.61834286 17.35153766
259.16569797 18.15446238
247.65711037 13.87219723
225.44285990 11.46342308
213.39898916 30.19833312
199.21398584 38.76286343
196.00228698 44.91861958
198.94634427 50.80673417
290.74740347 39.83342971
304.39712364 24.57786011
302.79127421 11.99870622
313.49693709 20.83087810
319.92033481 15.74568823
327.14665726 22.70436910
318.84976853 28.59248369
325.27316625 38.76286343
346.95213359 40.63635443
338.38760328 32.07182412
348.02269987 27.78955897
357.92543804 24.04257696
367.56053463 28.86012526
383.08374581 24.57786011
393.25412554 20.83087810
368.63110092 11.99870622
356.85487175 10.12521522
337.85232014 12.53398937
368.09581777 101.39099127
380.40733009 71.68277678
400.21280641 37.42465557
394.85997497 31.26889941
8.38554500 26.45135111
6.24441243 15.74568823
22.30290675 37.42465557
33.54385277 37.69229714
38.89668421 35.01588142
41.84074150 26.45135111
32.47328648 18.15446238
59.23744368 18.15446238
63.25206726 36.08644771
73.95773014 35.81880613
86.53688403 30.46597469
88.41037503 39.83342971
96.70726376 14.40748037
112.49811651 18.15446238
119.45679738 9.58993208
135.51529170 12.53398937
125.34491197 37.15701399
109.01877608 33.41003198
149.70029502 35.55116456
140.06519843 39.83342971
178.87322637 37.15701399
185.02898252 38.22758028
199.74926898 27.52191740
185.56426567 17.08389609
164.15293991 13.33691408
157.46190061 21.36616124
145.15038830 14.40748037
205.90502514 7.18115793
191.18473868 9.58993208
219.82238688 40.63635443
89.74858289 19.89413260
231.06333291 30.06451233
241.76899579 26.31753033
173.25275336 106.07471878
431.79451191 21.49998203
408.77733672 22.70436910
407.17148729 9.58993208
416.27130073 8.78700736
444.10602422 10.92813994
448.12064780 7.98408264
421.08884903 21.09851967
443.03545793 35.55116456
413.05960187 35.81880613
430.99158719 35.55116456
444.10602422 110.22316315
281.37994845 11.46342308
296.36787648 60.70947233
202.96096785 17.61917924
243.64248679 37.42465557
236.95144749 50.00380945
230.26040819 57.49777347
36.22026849 175.12624436
9.45611129 206.17266671
6.24441243 293.42381919
45.85536508 334.64062127
36.75555164 328.75250669
14.27365959 330.89363927
68.87254028 337.31703699
87.60745032 333.57005499
109.01877608 325.54080783
123.47142096 329.82307298
137.92406585 329.82307298
167.89992192 329.28778983
176.46445222 341.06401900
201.08747684 338.38760328
298.50900905 335.17590442
314.56750337 329.82307298
343.47279315 336.24647071
401.28337270 334.10533813
447.31772309 333.57005499
453.20583767 284.32400574
406.10092100 259.70098111
325.27316625 260.23626426
353.64317289 77.16942901
511.33332082 479.10278170
144.66618571 237.45235465
56.46231211 344.44521908
39.23907052 355.40546373
31.41032435 376.80403661
3.22683811 376.80403661
2.70492170 394.02727820
12.09941711 403.42177362
24.62541099 400.29027514
7.40216940 420.64501521
18.36241405 436.30250756
4.27067093 447.26275221
3.22683811 466.05174303
7.40216940 505.71739033
72.11980447 538.59812428
59.59381058 522.94063192
71.59788806 505.19547392
59.07189417 501.02014263
64.81297470 474.40240562
48.63356594 498.41056057
54.37464647 453.52574915
78.38280141 461.87641174
56.98422853 426.90801215
59.59381058 411.77243620
62.72530906 365.84379196
69.51022241 349.66438320
80.47046706 338.70413855
93.51837735 349.14246679
92.99646094 359.05887861
106.04437124 340.79180420
114.91695024 351.23013243
126.39911130 362.19037708
110.74161894 381.50128432
96.64987582 371.06295608
94.04029377 390.37386332
88.82112965 397.15877667
106.04437124 410.72860338
102.91287277 424.29843009
133.70594106 410.72860338
125.87719489 383.06703355
150.92918265 423.25459726
132.14019183 439.95592244
120.13611436 470.74899074
92.47454453 486.40648310
99.78137430 540.16387351
150.40726624 526.59404681
161.88942730 505.19547392
171.80583913 487.45031592
132.66210824 469.18324151
149.88534983 467.09557586
172.32775554 469.18324151
183.80991660 460.31066250
146.75385136 450.91616709
160.32367807 435.25867474
185.37566583 397.68069309
162.93326013 398.72452591
137.88127236 371.06295608
135.79360671 347.57671755
166.58667501 373.67253814
158.23601242 352.79588167
190.59482995 358.01504579
185.89758225 369.49720685
192.68249560 388.80811408
204.16465666 369.49720685
219.30023260 374.71637096
205.73040590 395.07111103
211.99340284 416.99160032
225.04131313 407.59710491
208.86190437 442.56550450
209.38382078 461.87641174
200.51124178 488.49414874
196.85782689 450.91616709
190.59482995 528.68171245
233.91389213 516.67763498
228.69472802 504.67355751
232.34814290 476.49007127
249.04946808 433.69292550
244.35222037 373.67253814
231.30431008 345.48905190
244.35222037 352.79588167
226.08514596 335.05072367
256.87821425 341.31372061
269.92612455 351.23013243
273.57953943 383.06703355
271.49187379 393.50536179
260.53162914 387.76428126
294.97811232 430.56142703
267.31654249 463.44216098
280.36445279 459.26682968
272.53570661 486.40648310
269.40420814 505.19547392
269.92612455 541.20770634
297.58769438 541.20770634
293.93427949 509.89272163
206.77423872 545.38303763
322.63968214 504.67355751
312.72327032 488.49414874
312.72327032 462.39832815
314.28901956 440.47783885
314.81093597 428.99567779
299.67536002 391.41769614
293.93427949 382.02320073
304.89452414 360.10271143
313.76710314 347.57671755
308.02602261 337.66030573
353.95466685 347.57671755
342.99442221 373.15062173
348.21358632 419.60118238
359.69574738 395.07111103
354.99849968 429.51759421
339.86292373 446.21891938
336.20950885 470.74899074
345.08208785 516.15571857
330.99034473 515.63380216
372.22174127 477.53390409
380.57240386 468.13940868
383.18198592 487.45031592
386.83540080 519.28721704
365.95874433 535.46662581
355.52041609 466.05174303
435.37362710 522.94063192
444.24620610 515.11188575
422.32571680 488.49414874
401.97097674 474.40240562
398.31756186 447.26275221
386.31348439 438.91208962
377.96282180 414.90393468
398.31756186 396.11494385
408.75589010 418.03543315
424.41338245 444.65317015
414.49697063 442.56550450
439.54895839 459.78874609
448.94345381 473.35857280
455.72836716 496.84481133
493.82826522 500.49822621
501.13509499 455.09149839
509.48575758 442.56550450
458.33794922 437.34634038
452.59686869 424.29843009
422.32571680 389.85194691
399.88331109 377.84786944
390.48881568 371.06295608
378.48473821 349.14246679
369.61215921 343.92330267
427.02296451 351.75204884
415.01888704 373.15062173
441.11470763 384.11086638
436.41745992 368.97529043
454.16261792 384.11086638
458.33794922 364.27804273
460.94753128 352.79588167
461.46944769 330.35347596
474.51735799 328.78772672
481.82418775 335.05072367
496.43784728 335.05072367
490.69676675 345.48905190
487.04335187 374.71637096
499.04742934 380.45745149
494.87209805 374.71637096
477.12694004 391.41769614
497.48168011 421.68884803
472.42969234 428.99567779
509.48575758 408.64093773
478.69268928 304.77957178
458.85986563 300.60424049
484.43376981 288.60016301
494.35018163 308.95490307
493.82826522 271.89883784
483.91185340 276.59608554
473.47352516 254.67559625
452.59686869 244.75918442
483.38993699 241.10576954
492.26251599 240.06193671
507.39809193 242.67151877
24.10349458 563.98407317
108.65395330 573.37856859
40.80481976 619.82912924
33.49798999 643.31536777
2.18300528 633.39895595
6.35833658 602.08397124
55.94039570 631.83320671
69.51022241 632.87703953
87.77729682 638.09620365
123.78952924 634.44278877
132.14019183 612.52229947
126.92102771 589.03606094
159.27984524 630.26745747
168.15242424 624.00446053
194.77016125 644.35920059
235.47964137 628.17979183
258.44396349 643.31536777
273.05762302 649.05644830
331.51226115 649.05644830
319.50818367 644.35920059
322.11776573 626.61404259
288.71511538 613.56613230
348.73550274 636.00853800
379.52857103 636.53045442
420.23805116 644.35920059
425.97913169 631.31129030
440.59279122 645.40303342
483.91185340 638.09620365
499.04742934 645.92494983
457.29411640 645.40303342
475.56119081 607.30313535
484.43376981 592.68947582
483.38993699 574.42240141
473.99544157 561.37449111
445.81195534 557.19915982
369.61215921 603.64972047
349.77933556 589.03606094
403.53672598 548.84849723
335.16567603 540.49783464
285.06170049 572.33473576
247.48371884 597.90863994
157.71409601 531.10333923
409.27780651 466.38570416
529.57953943 645.40303342
567.67943750 638.09620365
556.19727644 645.92494983
546.28086461 616.17571436
550.97811232 586.94839529
562.46027338 575.46623423
554.10961079 557.72107623
522.79462608 543.10741670
470.60298490 537.88825258
555.67536002 510.22668276
525.40420814 528.49375717
579.16159856 546.76083158
575.50818367 520.14309458
601.08208785 519.62117817
610.47658327 544.15124952
634.48473821 533.19100488
623.52449356 505.52943505
626.13407562 493.00344117
630.83132333 477.86786522
599.51633862 478.91169805
586.99034473 499.26643811
545.23703179 460.64462363
554.10961079 468.47336981
526.96995737 455.94737593
552.54386155 437.68030151
544.71511538 434.54880304
534.79870355 423.58855839
547.84661385 397.49273780
522.79462608 385.48866033
538.97403485 356.26134127
526.44804096 343.73534738
554.63152720 372.44075003
556.71919285 388.09824239
564.54793903 405.32148398
595.34100732 429.85155533
581.24926420 422.02280916
591.16567603 396.97082139
602.64783709 399.05848704
628.74365768 427.24197328
611.52041609 450.20629540
642.83540080 430.37347175
632.39707256 418.36939427
594.29717450 462.21037287
637.61623668 465.86378775
658.49289315 467.95145340
662.14630804 507.61710070
656.40522751 560.33065829
640.74773515 571.81281935
644.40115003 625.04829336
686.67637939 620.87296206
707.03111945 643.31536777
732.60502363 646.96878265
738.86802057 581.72923118
707.55303587 571.29090294
691.37362710 579.64156553
677.28188398 555.63341058
770.70492170 596.34289071
749.30634881 575.98815065
774.35833658 551.45807929
787.92816329 551.97999570
786.88433046 568.15940447
791.05966176 582.77306400
784.27474840 598.95247277
795.75690946 634.96470518
815.06781670 627.13595900
812.45823464 609.91271741
825.50614494 578.07581629
815.06781670 587.99222812
851.08004912 595.29905788
851.60196553 609.39080100
866.73754147 616.69763077
866.21562506 565.02790600
836.98830600 534.75675411
825.50614494 527.44992435
830.72530906 507.61710070
815.58973311 496.65685605
808.28290335 509.18284993
799.41032435 533.19100488
753.48168011 511.79243199
748.26251599 493.52535758
734.17077287 506.57326787
736.78035493 537.88825258
724.25436104 553.54574494
687.19829580 524.84034229
715.38178204 522.23076023
697.63662404 510.22668276
702.33387175 493.00344117
722.68861181 497.70068887
715.90369845 484.65277858
713.29411640 472.12678469
678.32571680 472.12678469
675.19421833 445.50904769
678.32571680 437.68030151
652.22989621 413.15023016
659.53672598 402.18998551
684.58871374 411.06256451
695.02704198 407.40914963
731.56119081 415.75981221
737.30227134 405.84340039
739.38993699 433.50497022
776.96791864 431.41730457
776.96791864 442.37754922
768.61725605 448.11862975
795.23499305 456.99120875
804.62948846 465.86378775
831.76914188 456.99120875
830.72530906 442.37754922
814.02398388 441.33371639
801.49798999 427.76388969
818.72123158 424.63239122
845.33896859 438.72413434
858.90879529 431.41730457
855.77729682 415.23789580
869.34712353 440.28988357
868.30329071 485.69661140
856.82112965 480.99936369
839.59788806 490.91577552
832.29105829 408.45298245
844.81705218 383.92291109
813.50206747 392.79549009
800.45415717 392.79549009
779.05558429 407.93106604
758.70084422 401.14615268
767.05150681 387.57632598
787.92816329 378.18183056
795.23499305 365.13392027
796.27882588 356.78325768
767.57342322 368.78733515
731.56119081 391.75165727
687.72021222 387.05440956
688.24212863 372.44075003
660.58055880 374.52841568
668.40930498 363.56817103
652.22989621 378.70374698
628.22174127 389.14207521
625.09024280 376.09416492
594.81909091 369.30925156
576.03010009 368.78733515
584.90267909 351.56409356
614.65191456 351.04217715
602.12592068 351.56409356
657.97097674 336.42851762
643.87923362 348.95451150
647.53264851 365.13392027
700.24620610 344.25726379
698.68045686 367.22158592
725.29819387 383.40099468
735.21460569 370.87500080
721.12286257 367.22158592
741.47760263 354.17367562
751.91593087 356.26134127
767.05150681 343.73534738
804.62948846 350.52026074
810.89248541 346.86684585
793.66924382 335.90660121
825.50614494 347.38876227
838.03213882 348.95451150
853.16771476 358.87092333
827.59381058 371.39691721
867.78137430 372.44075003
900.92306645 596.34289071
925.97505421 608.86888459
894.66006950 641.74961854
916.58055880 644.35920059
886.30940692 585.38264606
910.31756186 568.68132088
934.84763321 564.50598958
932.23805116 549.37041364
932.23805116 534.23483770
930.67230192 527.44992435
975.55711334 535.80058693
983.38585951 566.59365523
1015.22276064 538.41016899
1002.17485034 529.53758999
994.34610416 503.96368581
986.51735799 485.69661140
969.81603281 486.21852781
962.50920304 512.83626481
946.32979427 507.61710070
943.72021222 471.60486828
907.70797980 470.56103546
904.57648133 494.56919040
883.17790844 483.08702934
886.83132333 532.14717205
875.87107868 543.10741670
881.61215921 450.20629540
901.44498286 440.28988357
888.91898897 432.98305381
928.06271986 424.63239122
947.89554351 444.46521487
944.76404504 434.54880304
947.37362710 426.72005686
976.60094616 432.98305381
1000.60910110 448.11862975
1018.35425911 467.95145340
982.86394310 416.80364504
1016.26659346 419.41322710
1020.96384117 400.62423627
998.52143546 370.87500080
991.73652210 392.79549009
984.42969234 381.83524545
948.41745992 381.83524545
956.76812251 368.78733515
939.54488092 367.22158592
918.14630804 382.87907827
928.06271986 412.10639733
883.17790844 388.09824239
901.44498286 366.17775309
890.48473821 347.38876227
872.73958021 343.21343097
913.97097674 352.60792638
904.57648133 334.34085197
899.87923362 340.60384891
919.71205727 333.29701915
943.19829580 338.51618326
956.76812251 354.17367562
976.07902975 351.04217715
999.56526828 337.99426685
1002.17485034 355.21750844
555.67536002 337.13838931
581.24926420 330.87539237
562.98218979 311.04256872
517.05354555 333.48497443
521.22887684 318.87131490
526.44804096 325.65622825
511.83438143 294.34124354
513.40013067 268.24542295
530.62337226 281.29333325
533.75487073 294.34124354
556.71919285 295.90699278
559.32877491 288.60016301
569.24518673 286.51249737
577.07393291 297.99465843
588.03417756 307.91107025
597.42867297 321.48089696
617.78341303 323.56856261
643.87923362 325.65622825
656.40522751 317.82748208
665.79972292 303.21382254
643.35731721 299.56040766
627.69982486 305.82340460
618.30532944 292.77549431
609.95466685 292.77549431
590.12184320 279.20566760
601.60400426 268.76733936
580.72734779 247.89068289
574.98626726 266.15775731
637.09432027 282.85908248
665.27780651 269.28925578
636.05048745 264.59200807
642.31348439 261.98242601
660.58055880 250.50026495
678.32571680 248.41259930
680.41338245 258.32901113
696.07087481 251.54409777
707.55303587 258.32901113
707.55303587 279.20566760
691.89554351 309.99873590
676.75996757 308.95490307
700.24620610 325.65622825
723.21052822 325.65622825
733.64885646 320.95898055
724.25436104 311.56448513
755.56934575 303.73573896
748.78443240 284.94674813
751.39401446 277.63991837
746.17485034 333.48497443
766.52959040 327.22197749
783.75283199 313.65215078
775.40216940 297.47274201
793.14732740 322.52472978
814.54590029 307.91107025
834.90064035 328.78772672
858.38687888 306.86723743
830.20339264 304.77957178
834.37872394 284.94674813
823.41847929 287.03441378
812.98015105 278.16183478
797.84457511 279.72758401
788.97199611 287.55633019
784.79666482 266.15775731
764.44192475 251.02218136
764.44192475 270.85500501
749.30634881 261.98242601
748.26251599 242.67151877
733.12694004 246.84685007
723.73244463 267.20159013
715.90369845 239.01810389
724.25436104 221.27294589
711.72836716 214.48803253
697.63662404 206.65928636
684.58871374 229.10169207
672.58463627 222.83869512
651.70797980 230.14552489
626.65599203 242.67151877
619.34916227 243.19343519
618.82724585 230.14552489
595.86292373 232.75510695
601.60400426 221.27294589
592.73142526 208.74695200
585.42459550 220.75102948
573.94243444 220.75102948
560.89452414 223.36061154
590.64375962 253.63176342
560.89452414 245.28110083
545.23703179 265.11392448
538.97403485 255.71942907
531.14528867 250.50026495
541.58361690 233.79893977
529.05762302 232.23319054
510.26863220 228.57977565
488.87005931 222.31677871
471.12490131 224.40444436
463.29615513 217.09761459
466.42765360 195.17712530
460.68657307 183.17304783
477.38789825 173.77855241
474.25639978 165.94980623
478.43173107 191.52371041
484.17281160 200.91820583
483.12897878 214.48803253
505.04946808 199.35245659
511.31246502 215.53186536
522.27270967 202.48395506
499.30838755 184.21688065
495.13305625 163.86214059
517.57546196 169.60322112
529.57953943 185.78262988
535.84253637 195.69904171
540.53978408 192.04562683
543.14936614 204.04970430
549.93427949 222.83869512
532.18912149 222.83869512
558.28494208 184.73879706
567.15752108 200.91820583
576.55201650 186.82646271
573.94243444 173.25663600
585.42459550 189.43604477
596.38484015 180.56346577
540.53978408 175.34430165
527.49187379 170.12513753
615.17383097 188.39221194
623.00257715 185.78262988
636.05048745 191.52371041
635.52857103 209.79078483
617.78341303 209.79078483
623.00257715 219.18528024
651.70797980 212.40036689
656.40522751 204.04970430
674.67230192 204.57162071
682.50104810 205.09353712
676.75996757 213.96611612
689.80787786 196.74287453
705.98728663 194.13329247
722.16669540 197.78670736
733.64885646 207.70311918
737.82418775 189.43604477
751.91593087 175.86621806
738.34610416 163.86214059
713.81603281 178.99771653
721.64477898 169.60322112
706.50920304 165.94980623
698.68045686 176.91005088
677.28188398 166.47172265
672.58463627 178.99771653
647.01073209 173.25663600
636.05048745 162.29639135
752.95976369 211.35653406
746.17485034 200.39628942
760.26659346 197.78670736
783.75283199 176.91005088
788.97199611 193.08945965
781.14324993 195.17712530
775.40216940 224.40444436
760.78850987 239.54002030
788.97199611 243.71535160
811.41440182 253.63176342
828.63764341 236.93043824
827.59381058 260.93859319
834.37872394 253.63176342
840.11980447 230.66744130
823.94039570 223.36061154
804.10757205 218.66336383
800.97607358 206.13736995
789.49391252 225.44827718
783.75283199 213.96611612
798.88840793 177.43196730
798.36649152 164.38405700
826.02806135 167.51555547
823.94039570 187.87029553
835.94447317 186.30454630
833.85680753 205.09353712
842.20747012 211.87845048
654.31756186 270.85500501
637.61623668 384.63278279
464.33998795 156.74326611
462.77423872 137.95427528
459.12082384 119.16528445
457.03315819 104.02970851
456.51124178 96.72287875
452.33591048 87.32838333
461.73040590 87.32838333
466.94957001 69.58322533
461.73040590 61.75447915
468.51531925 57.05723145
467.99340284 43.48740474
451.29207766 25.22033033
459.12082384 11.65050362
472.16873413 23.65458109
466.94957001 20.00116621
476.86598184 9.56283797
489.91389213 11.65050362
467.47148643 9.04092156
494.61113984 23.65458109
491.47964137 42.44357192
492.00155778 36.70249139
484.17281160 45.57507039
483.65089519 69.06130892
495.65497266 72.71472380
487.30431008 78.45580433
483.65089519 95.67904592
502.96180243 82.10921922
503.48371884 73.23664021
514.44396349 71.14897457
523.83845890 70.10514174
502.43988602 51.83806733
508.18096655 38.26824062
518.61929478 39.83398986
520.70696043 47.14081962
532.18912149 50.79423451
516.00971273 21.56691544
531.14528867 16.86966774
542.62744973 10.60667080
533.75487073 30.96141086
542.10553332 35.13674215
538.45211843 58.10106427
541.58361690 66.45172686
532.71103790 82.10921922
549.93427949 89.93796539
552.54386155 84.19688486
557.24110926 85.76263410
553.06577797 51.83806733
554.10961079 41.92165550
564.54793903 44.00932115
569.24518673 36.18057497
580.72734779 37.22440780
586.46842832 46.09698680
588.55609397 30.96141086
567.67943750 18.95733338
551.50002873 11.65050362
555.67536002 24.17649750
585.42459550 13.21625285
576.55201650 9.04092156
570.28901956 9.04092156
577.07393291 58.62298068
593.25334168 67.49555968
583.85884626 70.10514174
576.55201650 82.10921922
596.90675656 78.97772074
588.03417756 86.28455051
586.99034473 109.77078904
570.81093597 106.11737416
560.37260773 101.42012645
532.71103790 100.89821004
503.48371884 99.33246081
510.26863220 94.11329669
508.70288296 115.51186957
490.95772496 117.07761881
472.69065054 113.94612034
504.52755167 141.08577375
504.00563525 126.47211422
517.57546196 130.64744551
530.62337226 144.73918863
530.62337226 129.60361269
543.67128255 130.12552910
552.02194514 120.20911728
552.54386155 152.04601840
555.67536002 141.60769016
505.04946808 152.04601840
521.75079326 150.48026916
521.75079326 181.27333746
542.10553332 164.05009587
573.42051803 158.30901534
566.11368826 153.61176764
581.24926420 146.30493787
571.33285238 137.95427528
572.89860161 131.69127834
558.28494208 112.38037110
597.42867297 122.81869934
579.68351497 124.38444857
597.42867297 135.34469322
608.38891762 159.35284817
597.42867297 159.35284817
600.03825503 144.73918863
617.78341303 141.08577375
664.75589010 155.69943328
653.27372904 148.39260352
639.18198592 139.52002452
649.09839774 128.03786346
645.44498286 116.55570240
637.09432027 118.64336804
616.21766380 120.20911728
620.91491150 113.42420392
614.12999815 102.98587569
604.21358632 105.07354134
614.12999815 89.41604898
610.99849968 80.02155357
627.69982486 85.76263410
602.64783709 78.45580433
609.95466685 51.83806733
610.99849968 43.48740474
605.25741915 27.82991239
595.86292373 18.95733338
605.25741915 12.69433644
592.73142526 6.95325591
620.39299509 18.43541697
614.65191456 30.96141086
629.78749050 36.18057497
637.09432027 30.96141086
645.44498286 22.08883186
635.00665462 47.66273603
627.17790844 60.71064633
631.87515615 65.92981045
639.18198592 82.10921922
632.39707256 90.98179822
636.57240386 99.33246081
654.83947827 100.37629363
666.84355574 100.89821004
655.36139468 72.71472380
637.09432027 68.53939251
655.88331109 58.10106427
653.27372904 43.48740474
647.01073209 53.40381656
670.49697063 56.53531504
660.58055880 71.67089098
647.01073209 73.23664021
677.80380039 78.45580433
667.88738857 72.71472380
679.89146604 60.18872992
691.89554351 81.06538639
675.19421833 107.68312339
668.40930498 122.81869934
679.89146604 130.12552910
663.71205727 142.65152299
680.41338245 152.04601840
712.77219998 152.56793481
701.81195534 146.82685428
692.93937633 133.25702757
716.94753128 138.99810810
704.94345381 120.73103369
711.72836716 116.03378598
689.28596145 105.59545775
695.54895839 114.98995316
703.37770457 80.54346998
712.77219998 86.80646692
712.25028357 74.80238945
713.81603281 104.02970851
733.12694004 87.85029975
728.95160875 72.71472380
734.17077287 67.49555968
728.42969234 100.89821004
737.30227134 116.55570240
733.64885646 111.85845469
739.38993699 135.34469322
741.99951905 149.95835275
748.26251599 146.30493787
722.68861181 153.61176764
764.96384117 148.39260352
776.44600223 160.91859740
788.97199611 159.35284817
770.70492170 141.08577375
775.40216940 123.34061575
759.74467705 123.34061575
752.43784728 107.68312339
755.04742934 86.80646692
770.18300528 84.19688486
776.96791864 93.59138028
782.70899917 82.10921922
788.97199611 93.59138028
786.88433046 113.94612034
776.96791864 111.33653828
769.13917246 58.10106427
774.88025299 58.62298068
788.45007970 58.62298068
757.13509499 60.18872992
756.09126216 74.80238945
748.26251599 51.83806733
731.56119081 52.88190015
717.46944769 52.88190015
698.15854045 61.75447915
700.24620610 52.88190015
690.32979427 52.88190015
685.11063016 43.48740474
679.36954963 44.00932115
688.76404504 22.08883186
675.19421833 18.43541697
664.23397368 38.26824062
661.10247521 27.82991239
661.62439162 11.65050362
635.00665462 6.95325591
701.81195534 32.52716009
714.85986563 34.61482574
726.86394310 33.04907650
707.55303587 47.14081962
711.20645075 20.00116621
699.20237328 9.04092156
713.29411640 9.04092156
690.32979427 7.99708874
733.12694004 14.26008568
743.04335187 25.74224674
755.04742934 39.83398986
760.26659346 33.57099292
751.91593087 24.17649750
748.78443240 16.34775133
741.47760263 6.95325591
754.00359652 7.99708874
780.09941711 29.39566162
767.05150681 45.57507039
778.01175146 41.92165550
784.79666482 44.53123756
788.97199611 12.69433644
780.62133352 7.99708874
862.82316838 286.51249737
858.64783709 277.63991837
870.65191456 270.33308860
863.34508479 255.71942907
876.39299509 259.89476036
889.96282180 286.51249737
900.92306645 273.98650348
899.35731721 310.52065231
877.95874433 330.87539237
864.91083403 329.83155955
965.64070151 334.52880725
966.68453434 325.13431184
987.03927440 335.57264008
987.56119081 308.43298666
964.07495228 297.99465843
958.33387175 279.72758401
928.58463627 283.38099890
936.93529886 271.37692142
916.58055880 288.60016301
925.45313780 311.56448513
937.45721527 307.91107025
919.19014086 265.11392448
908.22989621 264.07009166
894.66006950 257.28517830
898.31348439 242.67151877
863.86700121 237.45235465
872.21766380 224.40444436
861.77933556 198.83054018
859.69166991 187.87029553
874.30532944 195.17712530
880.04640997 190.47987759
886.30940692 178.47580012
886.83132333 159.16489288
878.48066074 155.51147800
861.25741915 160.73064212
850.29717450 160.73064212
858.12592068 154.98956159
828.37668520 138.28823641
823.67943750 154.46764517
816.89452414 138.81015282
810.63152720 131.50332305
788.71103790 145.59506617
790.79870355 132.54715588
838.29309703 122.10882764
816.89452414 122.63074405
818.98218979 113.23624864
859.16975350 120.02116199
868.04233250 117.93349635
868.04233250 133.59098870
852.90675656 143.50740053
886.83132333 112.71433223
887.35323974 120.02116199
907.18606339 121.58691123
918.14630804 114.28008146
910.83947827 135.15673794
904.57648133 151.33614670
902.48881568 163.86214059
899.35731721 178.99771653
900.92306645 183.17304783
912.92714392 193.08945965
906.14223056 196.74287453
904.57648133 211.87845048
901.96689927 220.22911306
916.58055880 228.05785924
930.15038551 245.28110083
940.06679733 235.36468901
957.29003892 257.80709472
947.89554351 249.97834854
970.33794922 269.28925578
983.38585951 275.03033631
1000.08718469 285.99058095
1015.22276064 281.29333325
1006.35018163 271.37692142
1015.22276064 267.72350654
993.82418775 255.71942907
989.64885646 231.71127412
1017.83234269 239.01810389
1016.26659346 229.62360848
1006.35018163 208.22503559
984.95160875 217.09761459
986.51735799 204.04970430
963.03111945 227.01402642
966.16261792 212.40036689
956.76812251 205.09353712
942.67637939 201.44012224
927.54080345 208.22503559
936.93529886 222.31677871
973.99136410 246.32493366
967.72836716 186.82646271
1007.39401446 174.82238524
1017.83234269 176.91005088
980.25436104 179.51963294
976.60094616 165.42788982
961.98728663 158.64297647
964.07495228 171.69088677
948.41745992 154.46764517
937.97913169 154.98956159
942.67637939 169.08130471
943.19829580 182.12921500
925.45313780 170.12513753
912.40522751 171.16897035
918.14630804 150.81423029
925.97505421 137.24440358
933.28188398 127.32799176
986.51735799 130.98140664
991.21460569 140.37590206
993.30227134 160.20872570
1005.82826522 160.20872570
1019.39809193 152.90189594
1006.35018163 123.67457688
996.95568622 123.67457688
976.07902975 125.76224252
972.42561487 133.59098870
953.63662404 139.85398564
968.77219998 148.20464823
981.82011028 121.58691123
815.85069132 97.76671157
812.19727644 88.37221616
801.75894820 80.02155357
804.36853026 70.10514174
818.98218979 54.44764939
805.41236308 62.27639557
807.50002873 41.92165550
815.85069132 22.61074827
801.75894820 17.91350056
834.11776573 42.44357192
833.59584932 35.13674215
848.73142526 29.39566162
837.77118062 11.65050362
826.81093597 15.30391850
803.32469743 5.90942309
826.81093597 6.95325591
850.81909091 9.56283797
844.55609397 9.04092156
862.82316838 14.26008568
856.56017144 29.91757803
855.51633862 45.57507039
867.52041609 57.57914786
829.42051803 73.75855663
845.07801038 66.45172686
854.47250579 81.06538639
868.04233250 76.89005510
849.77525809 102.98587569
845.59992679 92.02563104
831.50818367 100.37629363
867.52041609 98.81054439
846.12184320 111.33653828
824.20135391 86.80646692
804.89044667 32.52716009
811.67536002 11.65050362
789.23295432 29.91757803
765.74671578 14.26008568
741.73856084 18.43541697
719.29615513 28.87374521
875.34916227 17.91350056
888.39707256 18.43541697
883.17790844 9.04092156
897.79156798 10.60667080
910.31756186 14.26008568
885.26557409 32.52716009
899.87923362 43.48740474
904.05456492 57.57914786
897.79156798 69.06130892
889.44090539 60.18872992
879.00257715 68.01747610
883.69982486 56.53531504
874.82724585 87.32838333
856.56017144 94.11329669
903.01073209 93.59138028
894.66006950 93.06946386
916.58055880 71.67089098
930.15038551 101.42012645
944.24212863 115.51186957
951.02704198 126.47211422
948.93937633 108.20503981
937.97913169 92.02563104
927.01888704 78.97772074
924.40930498 62.27639557
918.14630804 60.18872992
925.97505421 38.79015703
906.14223056 36.18057497
921.27780651 23.65458109
930.67230192 16.86966774
937.45721527 27.30799597
940.06679733 9.04092156
957.29003892 14.26008568
953.63662404 6.95325591
951.02704198 25.74224674
966.16261792 36.70249139
958.85578816 45.57507039
944.24212863 47.66273603
948.93937633 65.40789404
959.37770457 64.88597762
981.29819387 69.06130892
976.07902975 76.89005510
955.72428969 78.45580433
956.24620610 86.80646692
962.50920304 101.42012645
980.77627746 89.93796539
990.69268928 89.41604898
1011.04742934 86.28455051
1000.08718469 108.20503981
1020.96384117 108.72695622
1007.91593087 108.72695622
991.21460569 61.23256274
991.73652210 45.57507039
972.94753128 51.31615092
978.68861181 55.49148221
987.56119081 17.91350056
975.03519693 16.86966774
966.68453434 9.04092156
990.69268928 7.99708874
1002.69676675 17.91350056
1018.87617552 16.34775133
1021.48575758 30.96141086
1003.74059958 38.26824062
1013.13509499 51.83806733
1014.70084422 62.79831198
1016.78850987 74.80238945
440.59279122 467.95145340
327.85884626 380.79141262
285.58361690 592.68947582
246.43988602 424.82034650
124.83336206 205.09353712
77.86088500 244.75918442
105.00053841 216.05378177
52.80889723 148.20464823
50.19931517 140.37590206
13.14324993 158.12106006
153.01684830 156.55531082
155.10451395 130.98140664
248.52755167 340.79180420
437.46129275 340.79180420
477.64885646 148.20464823
53.85273005 69.06130892
43.41440182 5.90942309
39.23907052 15.30391850
77.33896859 10.60667080
106.56628765 10.60667080
79.42663423 23.65458109
126.39911130 25.22033033
123.78952924 90.45988180
179.63458530 53.40381656
223.99748031 173.96650770
166.06475860 220.41706835
313.76710314 237.64030994
376.91898897 292.44153318
383.18198592 6.95325591
374.83132333 9.56283797
262.61929478 5.38750668
415.27984524 90.45988180
439.80991660 122.81869934
420.49900936 30.96141086
460.68657307 26.26416315
526.44804096 114.98995316
465.90573719 290.87578395
445.55099713 276.26212441
767.05150681 322.19076865
582.81501344 79.49963716
571.85476879 121.25295010
588.55609397 121.25295010
630.83132333 142.65152299
628.74365768 158.30901534
549.41236308 188.58016723
359.95670559 238.16222635
543.41032435 111.33653828
534.53774535 378.70374698
974.51328051 368.78733515
797.58361690 237.45235465
1015.74467705 315.21790002
694.24416736 138.28823641
593.77525809 648.20057076
235.21868316 471.60486828
958.33387175 314.69598360
1007.91593087 11.65050362
7.40216940 136.72248717
