9.15251339 557.30428497
57.16882328 571.91794450
164.68360412 594.88226662
153.20144306 527.03313308
84.30847669 507.20030943
7.06484774 491.54281708
125.01795682 462.31549802
179.29726365 479.01682319
344.22284978 525.98930026
467.39512297 558.34811779
490.35944509 590.70693533
547.77025039 530.16463155
574.90990381 528.07696591
568.64690687 593.83843380
663.63569382 547.90978956
705.38900677 506.15647661
740.87932277 525.98930026
785.76413419 592.79460097
828.56127996 568.78644603
805.59695784 522.85780179
790.98329830 488.41131861
860.92009749 477.97299037
875.53375702 509.28797508
924.59389973 581.31243991
668.85485794 480.06065602
631.27687629 476.92915755
480.96494968 490.49898425
453.82529627 476.92915755
512.27993439 475.88532472
421.46647873 433.08817895
57.16882328 448.74567131
86.13518414 386.11570189
125.27891502 403.86085989
144.06790585 380.37462136
170.68564285 404.90469272
209.82937374 405.42660913
274.54700880 400.20744501
259.93334927 363.15137977
217.13620350 362.62946336
161.29114744 362.10754695
138.32682532 337.05555918
102.31459290 338.62130841
62.64894560 343.31855612
76.74068872 352.19113512
31.85587731 341.75280688
13.06688648 339.14322483
37.59695784 308.87207294
64.21469484 296.34607906
81.43793643 298.43374470
92.92009749 310.43782218
105.44609137 304.69674165
117.45016885 304.17482523
139.89257455 308.87207294
163.37881309 314.09123706
172.77330850 335.48980994
203.04446038 326.09531453
294.90174887 356.36646642
251.06077027 319.31040118
224.44303327 316.17890271
240.62244204 295.82416264
290.20450116 321.91998324
275.59084163 309.39398935
355.96596905 390.81294960
351.79063775 361.58563053
336.65506181 345.40622177
312.12499046 302.60907600
328.30439922 301.04332676
333.00164693 286.95158364
339.78656028 313.56932065
367.44813011 335.48980994
404.50419535 343.31855612
422.24935335 381.41845418
438.95067853 379.85270495
452.52050524 405.42660913
464.00266630 336.01172635
450.95475600 322.44189965
424.85893541 317.22273553
424.85893541 296.34607906
402.93844611 316.70081912
406.59186100 295.82416264
470.26566324 309.39398935
451.47667241 308.35015653
480.18207506 299.47757753
451.99858882 288.51733288
451.99858882 275.46942258
474.44099453 275.46942258
508.36556130 280.68858670
505.23406283 298.43374470
489.05465406 320.35423400
500.53681512 354.80071718
502.10256436 316.17890271
396.15353276 269.72834205
385.71520452 290.60499853
373.71112705 297.91182829
365.36046446 308.87207294
362.75088240 274.94750617
381.53987323 272.33792411
336.13314540 266.07492717
307.94965916 257.20234817
247.40735539 281.73241952
194.69379780 281.21050311
200.95679474 297.91182829
210.87320656 295.82416264
170.68564285 295.82416264
144.58982226 289.56116570
126.32274785 277.03517182
73.60919025 280.16667029
16.19838495 258.76809740
43.33803837 259.29001382
53.77636660 250.93935123
85.61326772 260.33384664
102.31459290 257.72426458
113.79675396 253.02701687
127.88849708 258.24618099
146.67748791 259.29001382
155.55006691 248.85168558
163.90072950 245.19827070
171.72947567 248.85168558
184.25546956 248.32976917
195.73763062 258.24618099
179.69362335 266.11316490
164.49897868 266.69757431
161.57693163 283.06103779
207.45307034 264.35993666
215.63480208 256.17820492
239.30338320 264.06773196
253.03700434 268.74300724
271.44590076 267.28198372
253.62141375 254.13277198
284.01070309 257.93143315
291.31582071 256.76261433
328.42581827 250.33411082
251.86818552 241.27576496
225.56976206 242.15237907
196.05708684 236.89269438
184.07669393 239.81474143
167.12882103 236.89269438
143.75244462 243.32119789
128.85000465 244.78222142
126.80457172 236.30828497
114.82417881 234.55505674
115.70079292 221.99025442
132.06425641 229.00316734
141.12260227 219.36041207
144.33685403 232.80182851
153.39519989 229.58757675
168.00543514 229.58757675
176.47937159 229.29537205
196.93370095 225.49671088
189.62858332 219.94482148
212.12834562 229.87978146
235.21251733 239.52253673
260.63432667 237.18489909
259.46550785 225.49671088
236.96574556 225.20450618
229.07621852 221.69804971
222.06330559 220.82143560
288.68597837 238.93812732
293.65345835 241.27576496
306.51046538 238.93812732
294.23786777 229.58757675
278.75101839 224.62009676
265.60180666 220.52923089
254.20582316 205.04238152
239.59558790 207.38001916
324.33495240 237.47710379
331.64007002 235.13946615
315.56881124 237.76930850
338.36077824 242.73678848
349.46455704 237.47710379
346.54250999 264.65214137
352.38660409 262.60670843
367.87345346 242.44458378
357.35408408 239.23033202
376.63959462 233.38623792
378.10061814 247.41206377
389.78880635 238.06151320
392.71085340 247.99647318
383.06809813 224.91230147
371.67211463 226.37332500
373.13313815 216.14616032
359.98392642 210.00986151
353.84762761 207.96442857
343.62046293 220.23702619
322.58172416 224.03568735
317.32203947 222.57466383
306.21826068 221.40584501
300.95857598 214.10072738
297.45211952 205.91899564
282.84188426 207.38001916
277.28999487 200.36710624
286.93275014 204.45797211
288.68597837 192.47757920
301.54298539 201.24372035
306.21826068 198.61387801
309.72471714 199.49049212
314.69219713 196.86064978
320.24408652 206.21120034
328.13361356 210.00986151
334.26991237 212.05529444
339.82180177 205.91899564
346.83471469 203.28915329
210.08291268 204.16576740
204.53102329 204.45797211
173.55732454 206.79560975
162.45354575 215.56175091
151.34976695 215.85395561
146.38228696 210.00986151
130.31102818 209.13324739
120.37606820 202.70474388
109.56449411 197.44505919
116.28520233 198.61387801
129.72661877 198.90608271
119.79165879 189.26332744
135.86291758 187.80230392
141.70701168 196.27624037
159.23929399 201.24372035
185.82992216 199.49049212
217.68023502 198.02946860
212.71275503 193.06198861
220.60228207 190.72435097
80.63622830 208.84104269
94.95425886 229.58757675
77.12977184 233.97064733
80.34402360 246.24324495
105.76583295 235.43167086
104.30480942 209.42545210
95.24646356 207.08781446
61.64292247 201.24372035
48.78591544 207.38001916
37.09772724 203.28915329
38.85095547 196.86064978
232.58267498 197.15285448
224.10873853 195.98403566
245.14747730 195.98403566
259.46550785 196.27624037
558.42376406 402.89684378
513.64906805 381.57555996
421.96754764 425.63954652
500.14558830 414.26819515
564.82014920 332.53660719
112.80893231 364.51853291
416.28187195 252.93714761
425.52109494 266.44062736
435.47102739 254.35856653
463.89940581 259.33353275
443.99954091 246.54076246
431.91748008 238.72295840
414.86045303 236.59083002
407.04264897 234.45870163
533.90428767 215.53606225
542.07744647 215.18070752
550.78363736 215.00303015
559.93402166 217.13515853
517.64680876 209.13967710
510.18435943 211.53832153
513.56022936 200.96651831
524.13203259 194.48129448
561.08892454 202.83213064
554.07066861 202.56561459
546.51938059 200.07813148
568.90672860 208.87316106
501.38932985 199.63393807
502.81074877 207.98477423
493.21617105 204.43122693
464.61011527 202.65445328
453.06108654 201.58838908
441.86741253 198.56787388
494.63758998 235.70244319
477.75824029 240.67740941
463.54405108 244.76398881
452.35037707 238.36760367
482.55552915 249.20592294
514.18210014 241.21044151
520.04545319 238.36760367
535.32570659 247.78450402
522.53293630 232.50425062
560.20053771 233.39263744
545.27563904 207.27406477
225.98941390 202.12142118
221.54747977 207.27406477
96.10725998 185.77510359
97.52867891 193.23755292
172.50852699 196.08039077
163.26930400 196.08039077
147.45601851 200.34464753
190.27626350 193.41523029
181.57007261 190.39471508
176.77278375 194.48129448
168.06659286 194.12593975
157.93898305 187.72955460
145.85692222 190.57239245
141.23731073 186.66349041
152.96401683 181.68852419
149.23279216 186.13045832
149.41046952 179.37871844
156.51756413 170.85020492
165.22375502 169.25110863
171.97549490 174.93678432
181.57007261 155.39227415
191.34232770 155.56995152
197.02800338 144.73163224
202.18064697 145.26466434
211.77522469 149.70659847
219.23767402 147.21911535
111.74286812 151.66104948
109.07770764 152.90479104
105.16880561 151.48337212
107.65628872 188.44026407
114.23035123 183.82065257
113.51964177 176.18052587
119.56067218 174.40375222
123.64725158 179.37871844
125.24634787 183.99832994
127.73383098 189.32865089
115.82944751 208.51780633
87.93410119 183.99832994
87.57874646 174.58142958
196.85032601 193.05987556
208.22167738 183.99832994
204.49045272 185.59742622
205.20116218 194.12593975
225.98941390 182.57691102
226.52244599 188.26258670
165.04607766 179.20104108
162.38091718 186.48581305
157.05059623 178.66800898
174.46297801 183.46529784
179.97097633 184.70903940
202.89135643 182.22155629
144.43550330 175.11446168
142.83640701 162.67704612
146.38995432 163.21007822
139.28285971 170.85020492
149.94350162 162.67704612
200.22619595 177.24659006
205.37883954 174.75910695
213.55199834 169.78414073
195.42890709 178.84568635
196.31729392 166.40827079
198.27174494 163.92078768
149.58814689 154.32620996
178.19420268 174.22607485
240.02592574 184.35368467
249.79818082 191.81613400
252.46334130 194.12593975
265.96682105 191.99381137
275.38372140 184.70903940
271.65249674 182.57691102
268.80965889 180.44478263
258.50437172 179.91175054
272.00785147 170.85020492
228.83225174 154.68156469
235.76166898 153.61550050
244.29018251 158.76814409
248.73211663 158.41278936
252.99637340 159.12349882
278.40423661 158.59046672
281.24707445 159.30117618
305.94422821 148.81821164
289.42023325 163.74311031
300.61390725 176.35820324
298.12642414 180.26710527
298.30410151 188.79561880
239.13753892 177.42426743
217.10554564 177.77962216
219.23767402 176.89123533
204.13509799 165.34220660
186.90039357 177.60194479
283.55688020 173.33768803
278.93726871 170.31717282
276.62746296 168.89575390
254.59546968 178.49033162
257.61598489 188.61794143
251.75263184 183.82065257
287.11042750 179.55639581
307.18796976 182.93226575
337.74847656 192.52684346
346.98769955 195.36968131
355.51621308 195.01432658
371.15182121 207.80709686
367.59827391 196.79110023
377.19285162 199.98929280
350.54124685 187.19652251
333.48421980 186.13045832
344.14486171 179.02336371
353.38408470 174.75910695
366.53220972 181.51084683
360.13582457 184.70903940
306.12190557 175.11446168
318.20396640 175.82517114
329.93067250 167.29665761
373.28394959 171.91626911
234.69560479 166.23059342
99.30545256 156.63601571
104.99112824 156.28066098
350.54124685 169.42878600
345.21092590 167.65201234
343.78950698 160.54491774
348.76447320 161.61098193
143.01408438 284.91907333
158.64969251 153.79317786
145.14621276 168.71807654
192.40839189 168.36272181
189.21019931 171.56091438
182.45845944 174.75910695
318.55932113 189.68400562
331.35209142 193.59290765
344.85557117 185.77510359
349.83053739 178.31265425
381.45710839 213.49277255
299.01481097 166.94130288
243.22411831 168.00736707
315.36112856 151.66104948
318.55932113 152.37175894
323.17893262 150.59498529
364.75543606 164.80917450
368.66433810 163.74311031
361.91259822 150.95034002
356.93763200 150.23963056
367.24291918 150.95034002
379.32498001 170.49485019
377.54820635 192.17148873
381.45710839 185.41974886
381.81246312 179.37871844
309.32009814 166.94130288
249.26514873 165.51988396
213.01896624 180.80013736
226.87780072 170.13949546
362.62330768 196.08039077
24.57563869 257.08659848
9.74247185 294.93674833
32.75945487 291.86781726
20.99521911 314.88480027
40.94327105 324.09159348
119.20101331 323.06861646
56.28792640 240.20747760
31.73647785 248.39129378
17.41479953 242.25343164
4.62758674 246.34533973
9.74247185 220.25942565
16.90331101 215.65602904
24.06415017 234.06961546
35.31689743 229.97770737
32.24796636 214.12156351
56.79941491 226.90877630
63.96025407 217.70198309
69.58662770 216.67900607
6.67354078 198.26541965
9.23098334 206.96072435
20.99521911 196.21946561
9.74247185 188.03564942
2.07014418 190.59309198
30.71350082 188.54713794
51.17304128 187.01267240
46.05815617 190.59309198
57.31090342 191.10458049
61.40281151 191.10458049
67.02918514 192.63904603
71.63258174 192.63904603
68.05216216 184.96671836
69.58662770 177.80587919
64.47174258 177.29439068
59.35685747 182.92076431
59.35685747 176.78290217
75.72448983 179.34034473
74.70151281 182.92076431
285.17903529 559.37630877
233.00720712 529.70997510
223.80041391 585.97371136
267.78842590 504.13554952
283.13308124 481.63005502
317.91430002 465.26242265
329.16704728 431.50418089
291.31689743 426.38929578
647.31290142 439.68799708
598.21000432 421.27441066
628.89931501 404.90677830
651.40480952 403.88380127
674.93328104 396.72296211
635.03717715 362.96472035
646.28992440 343.52815692
622.76145287 327.16052455
610.48572860 308.74693814
600.25595837 330.22945562
553.19901531 319.99968539
541.94626806 310.79289218
536.83138294 297.49419088
558.31390042 293.40228279
545.01519913 267.82785722
559.33687745 259.64404103
577.75046386 245.32236271
576.72748684 286.24144363
606.39382050 277.03465042
615.60061371 281.12655852
691.30091341 446.84883624
717.89831601 439.68799708
764.95525907 463.21646861
804.85136296 447.87181326
817.12708724 391.60807700
784.39182250 384.44723784
758.81739693 359.89578928
742.44976456 363.98769738
711.76045387 375.24044463
692.32389043 343.52815692
666.74946486 332.27540966
645.26694738 317.95373134
622.76145287 300.56312195
647.31290142 299.54014493
661.63457975 302.60907600
643.22099333 290.33335172
683.11709723 295.44823684
688.23198234 309.76991516
689.25495937 324.09159348
842.70151281 434.57311196
896.91929503 458.10158349
1017.63058374 529.70997510
938.86135297 446.84883624
928.63158274 401.83784723
885.66654778 425.36631876
888.73547885 404.90677830
858.04616816 392.63105402
858.04616816 371.14853654
824.28792640 353.75792715
825.31090342 335.34434073
725.82638794 336.87880627
741.68253179 325.62605901
740.14806626 305.16651856
724.80341091 315.39628879
714.57364068 308.23544962
715.08512920 283.68400107
707.41280152 287.26442065
758.56165267 321.02266241
771.34886546 343.01666841
791.29691741 319.48819688
784.13607825 344.55113394
913.03118314 367.05662845
875.18103329 376.77491016
891.03717715 356.31536970
915.07713719 348.64304203
973.89831601 380.35532974
945.76644788 403.88380127
954.46175257 413.09059448
1016.86335097 387.00468039
980.54766666 324.60308199
943.72049383 301.07461046
886.43378054 304.65503004
909.96225207 296.98270237
666.74946486 244.29938569
574.93727705 225.37431076
585.67853579 229.97770737
600.00021411 229.97770737
608.18403029 236.62705802
620.45975457 236.11556950
637.85036396 228.44324183
626.59761671 227.93175332
612.78742690 221.79389118
604.09212220 217.19049458
594.88532900 219.23644863
587.21300132 220.25942565
576.47174258 214.12156351
584.14407025 211.05263244
594.37384048 208.49518988
609.20700732 203.89179328
615.85635797 203.89179328
624.04017415 206.96072435
624.04017415 220.77091416
628.64357075 213.09858649
640.91929503 219.74793714
646.54566866 225.88579927
644.49971461 235.09259248
653.70650782 245.32236271
660.86734698 237.13854653
653.70650782 232.53514992
659.84436995 227.42026481
669.56265167 223.83984523
680.30391041 227.93175332
677.74646786 236.62705802
685.93028404 246.85682825
696.67154278 241.23045462
709.97024408 244.29938569
717.64257175 257.08659848
732.47573859 260.66701806
732.98722710 247.87980527
721.22299133 247.87980527
750.88932500 258.62106401
764.18802630 259.13255252
755.49272160 253.50617889
776.97523909 260.15552954
767.25695737 251.46022485
764.69951481 241.74194313
755.49272160 237.65003504
776.46375057 242.76492015
783.62458974 243.27640867
795.38882550 249.41427080
785.67054378 251.46022485
809.71050382 262.20148359
816.87134298 257.59808699
821.98622810 258.62106401
831.70450981 269.87381126
829.14706726 256.06362145
832.21599833 247.87980527
853.18702730 264.24743764
838.86534898 291.35632875
864.95126306 291.35632875
861.88233199 275.50018489
890.01420012 283.68400107
892.06015417 267.82785722
880.29591841 263.73594912
865.97424008 258.62106401
925.30690742 296.98270237
936.04816616 287.77590916
927.35286146 277.54613893
919.68053379 264.24743764
909.45076356 256.06362145
895.64057375 245.32236271
907.91629803 242.25343164
915.07713719 238.67301206
938.60560872 256.06362145
934.00221211 264.75892615
921.21499933 244.81087420
947.81240192 266.29339168
961.11110322 303.12056451
952.41579853 302.60907600
970.31789643 282.66102405
968.78343089 305.16651856
1013.79441990 321.02266241
1013.79441990 302.09758749
993.33487945 308.23544962
996.91529903 295.95972535
1000.49571861 288.79888619
986.68552880 271.40827680
1002.03018414 271.91976531
1016.35186246 272.94274233
990.26594838 262.20148359
997.42678754 261.68999508
1008.67953479 260.15552954
992.31190242 245.32236271
966.22598834 253.50617889
973.89831601 248.39129378
975.94427005 240.71896611
982.08213219 247.87980527
1009.70251181 243.78789718
1000.49571861 239.69598908
1017.88632800 239.69598908
1003.05316116 232.53514992
994.35785647 226.90877630
984.12808624 228.95473034
971.85236196 233.55812695
953.95026406 243.78789718
947.30091341 251.46022485
936.04816616 244.29938569
929.91030402 233.04663844
914.56564868 227.42026481
913.03118314 220.25942565
936.55965467 225.88579927
947.30091341 226.39728779
957.01919513 221.79389118
963.15705727 227.93175332
948.32389043 219.74793714
943.20900532 218.72496011
948.32389043 212.58709798
963.15705727 218.21347160
975.43278154 220.77091416
880.80740692 249.41427080
875.69252180 250.94873634
858.30191241 248.90278229
867.50870562 245.83385122
870.06614818 237.65003504
885.41080352 238.67301206
929.39881551 218.21347160
927.35286146 211.56412095
920.70351081 211.56412095
935.53667765 213.61007500
892.57164268 225.37431076
902.28992440 222.81686821
885.92229203 219.74793714
878.76145287 226.90877630
874.66954478 223.32835672
862.39382050 232.53514992
847.56065367 243.78789718
838.35386046 239.18450057
973.89831601 212.58709798
968.27194238 210.54114393
960.59961471 211.05263244
979.52468964 212.07560946
984.12808624 218.21347160
993.84636796 219.74793714
1001.51869563 220.77091416
1007.65655777 222.30537969
1016.86335097 219.23644863
1005.09911521 214.63305202
850.62958474 232.02366141
843.46874558 219.74793714
835.28492940 227.42026481
825.05515917 232.02366141
818.91729703 231.51217290
810.73348084 243.27640867
805.10710722 245.83385122
802.03817615 236.11556950
798.96924508 228.95473034
793.85435996 222.81686821
772.88333099 220.77091416
775.95226206 220.77091416
765.72249183 224.35133374
763.16504928 229.97770737
751.91230202 217.19049458
740.14806626 224.35133374
731.45276156 235.60408099
725.31489943 234.58110397
712.01619813 225.37431076
707.92429003 229.97770737
703.32089343 226.39728779
703.32089343 232.02366141
690.53368064 228.95473034
697.18303129 218.21347160
680.81539893 221.79389118
681.32688744 210.54114393
670.58562870 213.09858649
731.96425007 224.86282225
724.29192240 224.86282225
719.17703729 225.37431076
720.20001431 216.67900607
713.55066366 218.21347160
709.45875557 216.16751756
655.24097335 213.09858649
646.54566866 207.47221286
633.75845587 207.47221286
797.94626806 218.21347160
789.76245187 215.14454053
787.71649783 231.00068439
777.48672760 230.48919588
810.22199233 215.14454053
823.52069363 223.83984523
825.56664768 218.21347160
819.42878554 216.67900607
823.52069363 209.51816691
819.42878554 208.49518988
813.80241191 208.49518988
806.13008424 204.91477030
801.01519913 205.42625881
797.94626806 203.38030477
775.44077355 209.51816691
769.30291141 211.05263244
760.60760672 207.47221286
753.95825607 207.47221286
747.30890542 206.44923584
743.72848584 210.54114393
739.63657775 205.42625881
731.45276156 212.58709798
715.59661771 209.51816691
721.22299133 210.02965542
701.78642790 208.49518988
709.45875557 206.44923584
691.04516916 204.91477030
689.51070362 212.58709798
676.72349083 207.98370137
662.40181251 203.89179328
667.51669763 204.40328179
673.65455977 199.28839668
678.76944488 201.33435072
683.37284148 203.89179328
661.89032400 209.00667840
654.72948484 204.91477030
642.45376056 202.86881626
637.85036396 202.35732775
605.11509923 293.91377130
513.55865567 260.66701806
535.55266166 194.17351156
521.23098334 201.33435072
531.46075357 201.33435072
547.31689743 188.54713794
540.66754678 193.66202305
539.13308124 201.33435072
565.21899533 198.77690817
574.42578854 194.68500007
569.82239193 200.31137370
836.81939493 213.61007500
849.09511921 211.05263244
860.34786646 211.05263244
854.21000432 210.54114393
869.55465967 217.70198309
864.43977455 222.30537969
860.85935497 218.21347160
873.13507925 211.56412095
878.76145287 212.58709798
889.50271161 213.09858649
896.15206226 208.49518988
909.96225207 210.54114393
913.54267165 211.56412095
747.82039393 200.82286221
754.46974458 201.84583923
784.64756676 207.47221286
780.04417015 200.31137370
774.41779653 202.35732775
706.38982450 196.21946561
987.70850582 206.96072435
693.09112320 196.21946561
710.99322110 200.31137370
719.17703729 202.35732775
723.78043389 196.73095412
724.29192240 203.89179328
728.38383049 199.79988519
727.87234198 193.15053454
621.48273159 198.77690817
614.83338094 198.77690817
600.00021411 196.73095412
607.16105327 194.68500007
585.16704728 191.10458049
397.19501931 228.44324183
401.79841591 244.29938569
408.44776656 250.94873634
418.16604828 225.37431076
407.93627805 224.86282225
408.95925507 210.02965542
386.96524908 212.07560946
394.12608824 213.61007500
384.91929503 203.38030477
389.01120312 199.28839668
399.75246186 195.70797710
400.77543889 199.28839668
404.86734698 202.35732775
416.12009423 209.51816691
421.23497935 208.49518988
430.44177255 209.00667840
426.34986446 215.14454053
431.97623809 221.79389118
442.20600832 226.39728779
465.22299133 227.93175332
456.01619813 229.46621885
446.29791641 216.67900607
444.25196236 212.58709798
428.39581851 197.75393114
416.12009423 200.82286221
420.21200232 197.75393114
412.02818614 194.17351156
418.16604828 194.68500007
386.96524908 190.59309198
395.14906526 190.59309198
404.35585847 189.57011496
409.47074358 188.54713794
414.58562870 188.54713794
419.70051381 188.03564942
424.81539893 188.03564942
435.55665767 193.15053454
440.16005427 193.66202305
446.29791641 193.15053454
452.94726706 189.57011496
445.78642790 185.98969538
439.13707725 184.96671836
425.32688744 182.92076431
416.63158274 180.87481026
418.67753679 180.87481026
408.44776656 182.40927580
398.72948484 183.94374133
397.19501931 183.94374133
391.05715717 186.50118389
384.91929503 181.89778729
169.07114318 148.13954553
166.51370062 159.90378129
173.16305127 159.90378129
175.72049383 159.90378129
179.30091341 159.90378129
166.51370062 163.48420087
172.14007425 163.48420087
175.72049383 164.50717790
179.30091341 164.50717790
181.85835597 165.53015492
168.04816616 170.13355152
175.72049383 170.13355152
180.83537895 168.08759748
205.38682750 158.88080427
217.66255177 165.01866641
223.80041391 166.04164343
220.73148284 162.46122385
226.86934498 159.90378129
221.75445986 159.90378129
219.70850582 159.39229278
211.52468964 160.92675832
254.48972460 163.48420087
261.65056376 169.11057450
271.36884548 156.32336171
260.11609823 161.94973534
387.98822610 169.11057450
391.56864568 168.08759748
398.21799633 172.69099408
401.79841591 172.69099408
394.12608824 178.31736771
424.30391041 173.71397110
465.73447984 192.63904603
458.06215217 185.98969538
447.32089343 179.85183324
452.43577855 180.36332175
458.06215217 182.40927580
460.61959473 178.82885622
468.80341091 182.40927580
479.03318114 196.73095412
473.40680752 196.73095412
488.23997435 194.17351156
494.37783649 195.19648859
457.03917515 220.25942565
372.64357075 182.40927580
366.50570862 187.52416091
371.10910522 190.08160347
480.05615817 190.08160347
489.77443988 190.08160347
494.37783649 184.45522984
488.75146286 184.96671836
482.61360072 184.96671836
475.45276156 181.38629878
480.05615817 181.38629878
476.47573859 176.27141366
472.89531901 176.27141366
469.31489943 176.27141366
439.13707725 170.13355152
432.99921511 171.15652855
383.89631801 160.92675832
386.96524908 160.92675832
396.17204228 159.90378129
401.79841591 162.97271236
407.93627805 164.50717790
411.51669763 162.97271236
413.05116316 162.46122385
423.28093339 164.50717790
436.57963469 164.50717790
438.62558874 164.50717790
431.97623809 165.01866641
444.76345087 166.04164343
456.01619813 159.90378129
450.38982450 166.55313194
463.68852580 165.53015492
467.26894538 165.01866641
395.66055377 165.53015492
363.43677755 171.66801706
368.55166266 175.75992515
357.81040392 177.29439068
307.17304128 162.46122385
302.56964468 161.94973534
288.24796636 158.88080427
293.87433998 161.43824683
476.98722710 168.08759748
489.77443988 178.31736771
494.37783649 178.31736771
503.07314118 191.61606900
496.93527905 188.54713794
503.58462970 181.38629878
510.23398034 183.43225282
492.33188244 166.04164343
485.68253179 166.04164343
500.51569863 174.22545961
495.40081351 172.69099408
490.79741691 172.17950557
498.98123309 165.01866641
505.63058374 167.06462045
509.21100332 167.06462045
514.83737695 166.04164343
510.23398034 175.75992515
515.86035397 177.29439068
517.90630802 184.45522984
520.97523909 181.38629878
525.57863569 175.24843664
530.18203229 173.71397110
530.69352080 167.06462045
525.06714718 169.11057450
534.27394038 168.08759748
533.25096336 169.11057450
542.45775657 169.11057450
543.99222210 172.69099408
541.43477955 179.34034473
532.73947485 184.45522984
557.29092340 189.57011496
560.87134298 189.57011496
567.00920512 190.08160347
564.96325107 183.43225282
555.75645787 179.85183324
13.83437994 185.47820687
9.23098334 182.40927580
2.07014418 179.34034473
16.39182250 178.82885622
20.99521911 173.20248259
24.06415017 178.82885622
27.13308124 174.22545961
29.17903529 179.34034473
33.78243189 174.22545961
30.71350082 168.08759748
16.39182250 169.11057450
8.71949483 168.08759748
2.07014418 166.55313194
49.12708724 181.38629878
38.38582850 183.94374133
33.27094338 184.45522984
47.08113319 172.17950557
38.89731701 168.08759748
49.63857575 166.04164343
53.21899533 169.62206301
57.82239193 167.06462045
65.49471961 168.08759748
65.49471961 162.46122385
73.16704728 161.94973534
77.77044388 159.39229278
85.44277155 160.41526980
83.39681751 151.20847660
79.81639793 151.71996511
75.72448983 153.25443064
71.63258174 153.76591915
67.02918514 156.32336171
64.98323109 154.78889618
61.40281151 155.30038469
58.33388044 150.18549957
59.86834598 150.69698809
28.66754678 163.48420087
3.60460972 149.16252255
2.07014418 152.74294213
8.20800632 149.67401106
8.20800632 153.25443064
8.20800632 159.90378129
13.32289143 147.11656851
15.88033399 155.30038469
23.55266166 149.16252255
23.55266166 151.20847660
22.01819613 156.83485022
32.75945487 148.13954553
29.17903529 153.25443064
29.17903529 156.32336171
24.57563869 163.99568938
18.94926506 157.85782725
13.32289143 158.88080427
13.32289143 158.88080427
48.10411021 151.71996511
42.98922510 155.81187320
39.40880552 150.18549957
96.69551881 166.04164343
88.51170262 167.06462045
78.79342090 167.57610896
113.06315117 160.92675832
119.20101331 161.94973534
121.75845587 160.92675832
119.71250182 153.76591915
125.33887545 145.58210297
107.94826606 170.13355152
114.59761671 171.15652855
129.43078354 163.48420087
134.54566866 161.43824683
131.98822610 171.66801706
560.61559873 172.17950557
548.33987445 174.73694813
548.85136296 168.59908599
948.06814618 537.89379128
572.89132300 184.45522984
579.02918514 184.96671836
589.25895537 185.98969538
583.63258174 182.40927580
593.35086346 186.50118389
595.39681751 182.92076431
602.55765667 185.98969538
607.67254178 184.96671836
611.25296136 190.59309198
619.94826606 193.66202305
619.94826606 190.59309198
624.04017415 189.05862645
638.87334098 195.70797710
631.71250182 196.21946561
625.57463969 195.70797710
633.24696736 190.59309198
639.38482950 187.52416091
641.94227205 187.01267240
650.63757675 191.61606900
564.19601831 178.31736771
573.91430002 178.82885622
568.28792640 171.66801706
575.96025407 172.17950557
581.58662770 176.27141366
584.65555877 169.62206301
580.05216216 168.59908599
573.91430002 169.11057450
592.83937495 174.73694813
588.23597835 173.71397110
597.95426006 179.34034473
604.09212220 172.17950557
597.95426006 171.66801706
603.06914518 178.82885622
615.34486946 181.89778729
617.90231201 184.96671836
613.29891541 176.27141366
614.32189243 172.69099408
623.01719713 171.66801706
630.68952480 181.89778729
636.82738694 173.20248259
636.82738694 176.27141366
643.98822610 176.78290217
648.59162270 178.31736771
649.61459973 185.98969538
653.70650782 199.28839668
649.10311121 195.19648859
659.33288144 189.57011496
655.24097335 180.36332175
657.28692740 179.34034473
658.82139293 174.73694813
655.24097335 176.27141366
652.68353079 172.17950557
642.96524908 170.64504003
678.76944488 159.39229278
686.95326106 161.94973534
695.64856576 161.94973534
668.53967465 187.01267240
675.18902530 185.47820687
672.12009423 177.80587919
668.02818614 172.69099408
668.53967465 175.75992515
662.91330102 171.66801706
672.63158274 170.64504003
681.83837595 173.20248259
676.21200232 175.24843664
679.28093339 183.43225282
686.95326106 184.45522984
678.76944488 193.66202305
670.58562870 195.70797710
690.53368064 189.57011496
685.93028404 189.57011496
677.23497935 189.57011496
694.11410022 185.98969538
696.67154278 176.27141366
695.64856576 180.36332175
701.78642790 202.35732775
700.76345087 197.24244263
661.89032400 196.21946561
700.76345087 180.87481026
705.36684748 180.87481026
708.94726706 180.87481026
711.50470962 179.85183324
720.20001431 180.36332175
717.13108324 180.87481026
706.38982450 176.27141366
713.55066366 171.15652855
718.15406026 172.17950557
718.15406026 175.75992515
725.31489943 178.82885622
729.91829603 179.34034473
720.20001431 188.54713794
719.17703729 193.66202305
710.99322110 194.17351156
713.03917515 189.05862645
748.33188244 194.68500007
737.59062370 196.73095412
742.19402030 194.68500007
742.19402030 184.45522984
742.70550882 175.75992515
737.59062370 177.80587919
727.87234198 172.17950557
731.45276156 173.20248259
734.52169263 172.69099408
700.76345087 175.75992515
687.97623809 180.36332175
683.88432999 179.34034473
790.27394038 199.79988519
760.09611821 199.79988519
763.67653779 202.86881626
766.74546886 198.26541965
770.83737695 189.57011496
760.60760672 190.59309198
756.51569863 195.19648859
763.67653779 191.10458049
766.74546886 191.10458049
760.09611821 185.98969538
750.88932500 190.59309198
748.33188244 180.36332175
747.30890542 177.29439068
754.46974458 178.31736771
758.56165267 175.75992515
759.58462970 178.82885622
770.83737695 180.36332175
770.32588844 183.94374133
765.72249183 178.31736771
768.27993439 173.71397110
768.27993439 168.08759748
777.99821611 162.46122385
793.34287145 163.99568938
786.69352080 178.31736771
781.57863569 177.29439068
776.97523909 179.85183324
783.11310122 192.63904603
789.76245187 186.50118389
795.38882550 193.15053454
791.80840592 192.63904603
801.52668764 173.71397110
798.45775657 181.89778729
794.87733699 177.80587919
782.60161271 182.40927580
808.68752680 175.24843664
805.10710722 179.34034473
804.59561871 190.59309198
803.57264168 194.17351156
808.68752680 189.05862645
812.77943489 181.89778729
808.17603829 181.89778729
804.08413019 183.94374133
812.77943489 175.24843664
821.47473959 172.17950557
809.71050382 193.15053454
812.77943489 184.45522984
823.00920512 192.12755752
820.45176256 190.08160347
818.40580852 199.28839668
816.35985447 201.33435072
823.52069363 202.35732775
829.14706726 202.35732775
830.17004428 209.51816691
836.30790642 202.86881626
836.30790642 205.42625881
832.72748684 197.75393114
832.72748684 182.40927580
824.54367065 184.45522984
829.14706726 183.43225282
835.79641791 190.59309198
839.37683749 182.92076431
843.46874558 182.40927580
840.91130302 187.52416091
842.95725707 197.75393114
839.88832600 198.26541965
853.69851581 200.82286221
849.09511921 197.24244263
852.67553879 195.70797710
851.65256176 178.82885622
858.81340092 184.96671836
854.72149283 189.57011496
860.34786646 199.79988519
866.48572860 191.61606900
871.60061371 193.66202305
877.73847585 203.89179328
873.13507925 201.33435072
871.08912520 199.28839668
886.94526906 202.86881626
883.36484948 201.33435072
882.85336096 185.47820687
877.73847585 184.96671836
872.62359073 183.94374133
868.53168264 184.45522984
910.47374058 199.79988519
898.19801631 204.40328179
903.82438993 204.40328179
904.33587845 210.54114393
890.01420012 187.01267240
901.26694738 185.98969538
897.17503929 183.43225282
918.65755677 199.79988519
927.35286146 206.44923584
932.97923509 201.84583923
924.79541891 201.84583923
906.38183249 185.98969538
904.33587845 183.43225282
908.93927505 182.92076431
912.51969463 184.96671836
920.19202230 191.61606900
918.65755677 184.96671836
927.35286146 185.98969538
933.49072360 183.94374133
939.11709723 184.45522984
939.62858574 187.52416091
946.78942490 199.79988519
949.34686746 203.89179328
953.95026406 196.21946561
951.90431001 187.01267240
945.25495937 184.96671836
956.50770662 185.98969538
962.64556876 201.84583923
979.01320112 202.86881626
964.69152280 187.01267240
970.82938494 184.45522984
979.01320112 183.94374133
984.63957475 185.98969538
987.70850582 191.10458049
991.28892540 184.96671836
991.80041391 195.70797710
996.91529903 189.57011496
994.86934498 184.96671836
1002.03018414 185.47820687
1006.12209223 197.75393114
1008.67953479 203.89179328
1021.46674758 210.02965542
1009.70251181 190.08160347
1004.58762670 190.08160347
1013.79441990 184.96671836
1017.37483949 191.61606900
1021.46674758 188.54713794
928.37583849 189.57011496
935.02518914 205.93774733
954.97324108 207.98370137
443.74047385 515.38829678
399.75246186 516.41127380
990.01020412 429.45822685
971.59661771 450.94074433
1019.67653779 427.41227280
291.31689743 287.26442065
592.07214218 521.52615891
930.67753679 534.82486021
1015.58462970 465.26242265
