56.71074380 285.26584022
108.31404959 277.27961433
142.10192837 293.25206612
180.80440771 289.56611570
239.16528926 268.06473829
183.26170799 267.45041322
180.19008264 246.56336088
155.61707989 245.33471074
132.88705234 267.45041322
109.54269972 254.54958678
81.28374656 253.93526171
124.90082645 233.66253444
148.85950413 186.97382920
150.70247934 181.44490358
171.58953168 206.01790634
188.79063361 223.21900826
243.46556474 225.67630854
270.49586777 245.33471074
213.97796143 296.32369146
288.92561983 271.75068871
299.36914601 255.77823691
290.76859504 225.67630854
306.12672176 255.16391185
311.65564738 221.37603306
328.85674931 253.93526171
339.91460055 287.72314050
363.87327824 255.77823691
365.10192837 237.96280992
402.57575758 269.90771350
407.49035813 261.30716253
427.14876033 276.66528926
411.17630854 237.34848485
425.30578512 232.43388430
395.20385675 203.56060606
389.06060606 216.46143251
424.07713499 205.40358127
442.50688705 198.64600551
366.94490358 194.96005510
368.78787879 181.44490358
347.28650138 202.33195592
346.05785124 185.74517906
393.97520661 174.07300275
409.94765840 158.71487603
427.76308540 148.27134986
410.56198347 126.15564738
401.96143251 125.54132231
384.76033058 128.61294766
380.46005510 155.64325069
387.83195592 125.54132231
390.28925620 102.81129477
417.93388430 113.86914601
411.17630854 105.26859504
428.99173554 99.73966942
428.99173554 138.44214876
357.11570248 147.65702479
342.37190083 160.55785124
361.41597796 120.01239669
367.55922865 111.41184573
358.95867769 82.53856749
372.47382920 77.00964187
397.04683196 65.33746556
410.56198347 81.30991736
421.00550964 77.00964187
409.33333333 73.93801653
419.77685950 65.33746556
427.14876033 68.40909091
425.92011019 77.00964187
404.41873278 68.40909091
323.32782369 188.81680441
327.01377410 180.21625344
308.58402204 178.37327824
302.44077135 204.17493113
270.49586777 194.34573003
272.95316804 214.61845730
248.38016529 186.97382920
231.79338843 202.33195592
209.67768595 199.26033058
223.80716253 174.07300275
205.99173554 165.47245179
92.95592287 198.03168044
62.85399449 210.31818182
54.25344353 160.55785124
48.11019284 193.73140496
19.85123967 197.41735537
21.07988981 183.90220386
25.38016529 222.60468320
44.42424242 241.64876033
9.40771350 245.94903581
85.58402204 178.37327824
107.69972452 162.40082645
133.50137741 166.70110193
33.98071625 157.48622590
34.59504132 138.44214876
15.55096419 135.37052342
6.33608815 147.65702479
36.43801653 115.71212121
51.18181818 120.01239669
17.39393939 105.88292011
5.72176309 102.81129477
24.76584022 86.83884298
11.86501377 82.53856749
11.86501377 68.40909091
8.17906336 68.40909091
35.82369146 85.61019284
46.26721763 95.43939394
68.38292011 131.07024793
68.38292011 141.51377410
86.81267218 130.45592287
87.42699725 108.34022039
67.15426997 105.26859504
62.23966942 101.58264463
65.92561983 77.00964187
49.95316804 78.85261708
47.49586777 72.70936639
59.16804408 65.33746556
59.16804408 51.20798898
47.49586777 46.29338843
29.68044077 52.43663912
18.62258953 41.99311295
5.72176309 27.24931129
37.05234160 27.86363636
25.99449036 32.16391185
40.73829201 42.60743802
58.55371901 25.40633609
68.99724518 26.02066116
52.41046832 25.40633609
64.08264463 16.80578512
57.32506887 17.42011019
48.72451791 11.89118457
75.75482094 10.66253444
87.42699725 3.90495868
83.12672176 30.32093664
76.36914601 35.84986226
104.01377410 35.84986226
92.34159780 29.70661157
98.48484848 45.06473829
79.44077135 42.60743802
108.31404959 104.03994490
95.41322314 94.21074380
83.74104683 71.48071625
107.08539945 131.07024793
134.73002755 123.08402204
120.60055096 114.48347107
131.04407713 100.96831956
113.22865014 87.45316804
135.95867769 92.36776860
146.40220386 102.81129477
145.17355372 113.86914601
168.51790634 125.54132231
133.50137741 138.44214876
191.86225895 168.54407713
221.96418733 159.94352617
236.70798898 171.00137741
261.28099174 169.77272727
247.15151515 153.80027548
235.47933884 110.18319559
235.47933884 94.21074380
250.22314050 84.38154270
253.29476584 95.43939394
269.88154270 99.73966942
259.43801653 120.01239669
282.16804408 132.91322314
264.35261708 143.97107438
300.59779614 132.29889807
303.66942149 143.97107438
287.08264463 163.01515152
318.41322314 159.94352617
319.02754821 151.34297521
302.44077135 164.24380165
327.01377410 131.68457300
327.62809917 145.81404959
339.30027548 122.46969697
352.81542700 91.75344353
190.01928375 73.93801653
162.98898072 77.00964187
221.96418733 129.84159780
239.77961433 121.85537190
188.17630854 132.29889807
182.64738292 112.64049587
202.30578512 107.11157025
175.88980716 104.03994490
187.56198347 104.03994490
209.67768595 89.91046832
221.34986226 96.05371901
223.19283747 86.83884298
228.72176309 72.70936639
229.95041322 56.73691460
195.54820937 68.40909091
213.97796143 62.88016529
209.67768595 42.60743802
183.26170799 53.05096419
175.88980716 61.65151515
168.51790634 45.06473829
163.60330579 62.26584022
143.33057851 42.60743802
139.64462810 58.57988981
156.23140496 69.63774105
155.61707989 40.76446281
180.19008264 40.76446281
186.33333333 36.46418733
185.71900826 17.42011019
159.91735537 26.02066116
173.43250689 22.94903581
147.01652893 29.09228650
134.73002755 33.39256198
129.81542700 51.20798898
117.52892562 44.45041322
126.74380165 29.70661157
119.37190083 34.00688705
120.60055096 20.49173554
151.93112948 12.50550964
162.37465565 8.20523416
135.34435262 24.79201102
269.88154270 51.20798898
252.68044077 48.75068871
260.05234160 41.99311295
253.29476584 31.54958678
239.77961433 29.70661157
252.06611570 14.34848485
239.77961433 4.51928375
242.23691460 23.56336088
217.66391185 26.02066116
217.66391185 14.96280992
210.90633609 34.00688705
193.70523416 54.27961433
196.16253444 30.32093664
194.31955923 38.92148760
204.14876033 17.42011019
188.17630854 13.11983471
201.07713499 3.29063361
255.13774105 6.36225895
233.02203857 14.96280992
271.72451791 8.81955923
272.33884298 19.26308540
264.35261708 21.10606061
268.03856749 35.84986226
279.71074380 31.54958678
284.01101928 16.80578512
303.05509642 14.96280992
311.65564738 14.96280992
327.62809917 26.02066116
328.24242424 16.19146006
318.41322314 3.29063361
344.21487603 7.59090909
290.15426997 6.36225895
297.52617080 34.00688705
295.68319559 20.49173554
295.68319559 47.52203857
282.16804408 48.75068871
281.55371901 40.15013774
316.57024793 35.84986226
323.94214876 47.52203857
315.34159780 65.33746556
286.46831956 79.46694215
286.46831956 65.33746556
268.03856749 70.86639118
264.35261708 75.16666667
272.33884298 82.53856749
289.53994490 91.13911846
287.08264463 104.65426997
297.52617080 99.73966942
312.26997245 77.00964187
124.90082645 62.88016529
110.15702479 20.49173554
113.22865014 5.13360882
27.22314050 72.70936639
341.75757576 35.84986226
346.67217631 25.40633609
351.58677686 33.39256198
358.34435262 31.54958678
366.33057851 25.40633609
360.80165289 16.80578512
375.54545455 22.94903581
383.53168044 14.34848485
393.97520661 23.56336088
390.28925620 38.30716253
395.20385675 52.43663912
381.07438017 56.73691460
355.27272727 55.50826446
360.18732782 68.40909091
345.44352617 62.88016529
339.91460055 49.97933884
331.31404959 37.69283747
330.69972452 74.55234160
333.15702479 92.98209366
421.61983471 29.70661157
410.56198347 38.92148760
410.56198347 10.66253444
422.23415978 3.29063361
403.80440771 24.79201102
433.29201102 58.57988981
412.40495868 49.36501377
416.70523416 289.56611570
230.56473829 46.29338843
401.34710744 92.36776860
388.44628099 64.10881543
17.39393939 14.96280992
443.73553719 29.70661157
436.97796143 27.24931129
127.70579421 202.29820180
207.01448551 228.14035964
211.47002997 250.41808192
