3.63330707 619.24034673
8.67664828 596.54531127
3.63330707 556.19858156
34.73391122 573.00971894
49.02337799 583.93695823
56.58838981 604.11032309
21.28500131 660.42763331
86.84843709 646.97872340
94.41344891 613.35644865
71.71841345 588.98029945
80.12398214 541.90911479
73.39952719 520.05463620
55.74783294 513.33018125
28.85001313 505.76516942
8.67664828 509.12739690
45.66115051 499.88127134
35.57446809 468.78066719
24.64722879 455.33175729
12.87943262 424.23115314
21.28500131 425.91226688
28.00945626 420.86892566
18.76333071 411.62280011
39.77725243 429.27449435
72.55897032 396.49277646
121.31126872 583.09640137
96.09456265 548.63356974
117.94904124 557.87969530
122.15182558 520.89519307
167.54189651 576.37194641
153.25242973 561.24192277
165.02022590 607.47255056
204.52639874 610.83477804
198.64250066 583.09640137
194.43971631 546.95245600
186.87470449 516.69240872
162.49855529 468.78066719
137.28184923 471.30233780
116.26792750 480.54846336
102.81901760 473.82400841
81.80509588 489.79458892
112.06514316 428.43393748
97.77567639 426.75282375
89.37010770 401.53611768
104.50013134 390.60887838
141.48463357 397.33333333
134.76017862 402.37667455
133.91962175 413.30391384
122.15182558 424.23115314
139.80351983 448.60730234
149.04964539 452.81008668
149.04964539 434.31783557
161.65799842 423.39059627
157.45521408 388.92776464
150.73075913 412.46335697
186.03414762 414.98502758
205.36695561 402.37667455
198.64250066 430.11505122
215.45363804 430.11505122
222.17809299 433.47727870
243.19201471 438.52061991
247.39479905 452.81008668
207.88862621 452.81008668
180.15024954 462.05621224
206.20751248 467.09955345
260.00315209 550.31468348
245.71368532 517.53296559
256.64092461 481.38902023
275.13317573 481.38902023
270.93039138 460.37509850
289.42264250 471.30233780
286.06041502 498.20015760
295.30654058 520.05463620
278.49540320 536.02521671
264.20593643 574.69083268
243.19201471 591.50197006
258.32203835 635.21092724
275.13317573 638.57315471
297.82821119 588.13974258
286.06041502 600.74809561
317.16101918 636.05148411
302.03099553 559.56080904
342.37772524 531.82243236
332.29104282 515.01129498
323.88547413 492.31625952
323.04491726 469.62122406
362.55109010 482.22957709
365.91331757 540.22800105
373.47832939 552.83635408
395.33280799 536.02521671
382.72445495 513.33018125
397.01392172 508.28684003
412.98450223 509.12739690
444.92566325 534.34410297
457.53401629 533.50354610
445.76622012 573.00971894
424.75229840 590.66141319
418.86840032 614.19700552
473.50459680 597.38586814
508.80798529 604.95087996
529.82190701 592.34252692
505.44575781 575.53138955
484.43183609 541.90911479
481.91016548 516.69240872
457.53401629 503.24349882
455.85290255 486.43236144
457.53401629 471.30233780
460.05568689 456.17231416
406.26004728 467.94011032
515.53244024 536.02521671
512.17021277 492.31625952
484.43183609 463.73732598
478.54793801 453.65064355
490.31573417 436.83950617
504.60520095 430.95560809
523.93800893 420.86892566
523.09745206 441.04229052
569.32807985 577.21250328
553.35749934 556.19858156
620.60204886 525.93853428
634.89151563 516.69240872
641.61597058 488.95403205
600.42868400 497.35960074
575.21197794 488.11347518
543.27081692 472.98345154
527.30023641 463.73732598
562.60362490 451.96952981
543.27081692 445.24507486
571.84975046 435.15839243
596.22589966 443.56396112
610.51536643 432.63672183
602.95035461 457.01287103
611.35592330 470.46178093
632.36984502 487.27291831
647.49986866 615.87811925
680.28158655 589.82085632
686.16548463 652.02206462
614.71815077 665.47097452
736.59889677 664.63041765
731.55555556 633.52981350
750.04780667 649.50039401
767.69950092 594.02364066
803.84344628 667.99264513
800.48121881 643.61649593
839.98739165 654.54373522
845.87128973 629.32702916
804.68400315 607.47255056
751.72892041 593.18308379
754.25059102 563.76359338
718.10664565 536.86577357
715.58497505 507.44628316
726.51221434 493.99737326
752.56947728 477.18623588
768.54005779 467.09955345
749.20724980 499.04071447
766.85894405 531.82243236
789.55397951 494.83793013
809.72734437 486.43236144
812.24901497 510.80851064
819.81402679 528.46020489
809.72734437 556.19858156
802.16233255 585.61807197
786.19175204 578.89361702
858.47964276 566.28526399
886.21801944 604.11032309
887.89913318 574.69083268
852.59574468 527.61964802
856.79852903 500.72182821
845.03073286 488.95403205
887.05857631 495.67848700
886.21801944 466.25899659
871.92855267 449.44785921
897.98581560 425.07171001
883.69634883 407.42001576
872.76910954 396.49277646
881.17467822 376.31941161
866.88521145 362.02994484
873.60966640 345.21880746
892.94247439 343.53769372
845.03073286 362.02994484
829.90070922 349.42159180
827.37903861 370.43551353
816.45179932 363.71105858
798.80010507 346.89992120
790.39453638 339.33490938
778.62674022 339.33490938
779.46729708 358.66771736
793.75676386 353.62437615
801.32177568 396.49277646
818.13291305 396.49277646
800.48121881 412.46335697
795.43787759 435.99894930
803.00288941 443.56396112
829.06015235 429.27449435
841.66850538 413.30391384
817.29235619 421.70948253
832.42237983 446.92618860
758.45337536 451.96952981
766.85894405 430.95560809
770.22117153 414.14447071
780.30785395 392.28999212
772.74284213 380.52219595
765.17783031 381.36275282
764.33727344 359.50827423
747.52613607 348.58103494
729.87444182 360.34883110
733.23666929 385.56553717
721.46887313 403.21723142
708.86052009 401.53611768
687.00604150 399.01444707
692.88993958 352.78381928
718.94720252 317.48043079
743.32335172 418.34725506
740.80168111 435.99894930
724.83110060 441.04229052
723.99054374 427.59338061
702.13606514 433.47727870
701.29550827 468.78066719
684.48437090 457.01287103
655.06488048 479.70790649
628.16706068 414.98502758
641.61597058 405.73890202
643.29708432 390.60887838
660.94877857 395.65221960
660.10822170 404.89834515
670.19490412 413.30391384
670.19490412 379.68163909
688.68715524 375.47885474
699.61439454 384.72498030
607.15313895 391.44943525
622.28316260 391.44943525
625.64539007 378.00052535
577.73364854 388.08720778
551.67638561 383.88442343
537.38691883 378.84108222
528.98135014 376.31941161
513.85132650 365.39217231
502.92408721 383.88442343
513.01076963 391.44943525
518.05411085 407.42001576
525.61912267 426.75282375
544.95193065 424.23115314
558.40084056 413.30391384
576.05253480 409.94168637
471.82348306 386.40609404
457.53401629 368.75439979
465.93958498 373.79774100
455.01234568 392.28999212
488.63462044 397.33333333
480.22905175 410.78224324
453.33123194 429.27449435
451.65011820 407.42001576
425.59285527 394.81166273
430.63619648 415.82558445
423.07118466 428.43393748
526.45967954 446.92618860
401.21670607 451.96952981
386.92723930 447.76674547
400.37614920 441.04229052
401.21670607 424.23115314
386.08668243 392.28999212
380.20278434 407.42001576
376.84055687 388.92776464
351.62385080 388.08720778
348.26162333 401.53611768
357.50774888 419.18781193
365.91331757 429.27449435
376.00000000 429.27449435
356.66719201 441.88284739
361.71053323 457.01287103
332.29104282 439.36117678
336.49382716 425.07171001
323.88547413 420.02836879
311.27712109 433.47727870
285.21985816 436.83950617
292.78486998 414.98502758
267.56816391 434.31783557
275.13317573 410.78224324
258.32203835 404.89834515
222.17809299 418.34725506
226.38087733 404.89834515
224.69976359 384.72498030
307.07433675 446.08563173
49.86393486 267.88757552
89.37010770 249.39532440
104.50013134 289.74205411
96.93511952 305.71263462
145.68741791 265.36590491
138.96296296 266.20646178
133.07906488 267.88757552
128.03572367 264.52534804
217.13475177 286.37982664
225.54032046 289.74205411
207.88862621 293.94483846
192.75860257 293.94483846
188.55581823 298.98817967
254.95981087 310.75597583
282.69818755 293.10428159
318.84213291 277.13370108
328.08825847 271.24980299
323.88547413 320.00210139
336.49382716 315.79931705
369.27554505 272.09035986
395.33280799 272.93091673
373.47832939 315.79931705
393.65169425 311.59653270
440.72287891 264.52534804
439.88232204 313.27764644
442.40399265 287.22038350
467.62069871 308.23430523
494.51851852 308.23430523
466.78014184 273.77147360
480.22905175 265.36590491
473.50459680 264.52534804
487.79406357 267.88757552
502.92408721 265.36590491
534.02469136 277.13370108
544.11137379 285.53926977
578.57420541 283.01759916
607.99369582 272.09035986
667.67323352 274.61203047
656.74599422 268.72813239
678.60047281 264.52534804
689.52771211 262.84423431
695.41161019 277.97425795
695.41161019 267.88757552
848.39296034 267.88757552
829.06015235 263.68479117
793.75676386 262.84423431
779.46729708 259.48200683
761.81560284 261.16312057
750.88836354 265.36590491
745.84502233 255.27922248
735.75833990 256.96033622
718.94720252 266.20646178
973.53285013 643.39694348
918.29209089 652.60373669
924.42995303 619.86847195
930.56781516 582.01832210
967.39498799 607.59274768
1001.15322975 607.59274768
976.60178120 568.71962080
1015.47490807 543.14519523
1011.38299998 520.63970072
947.95842455 517.57076966
916.24613684 515.52481561
927.49888409 478.69764278
966.37201097 499.15718324
981.71666631 486.88145897
1003.19918379 498.13420622
1008.31406891 460.28405637
966.37201097 437.77856186
943.86651646 443.91642400
910.10827470 446.98535507
901.92445852 460.28405637
912.15422875 414.25009034
936.70567730 406.06627415
927.49888409 398.90543499
941.82056242 385.60673369
925.45293005 380.49184858
947.95842455 371.28505537
921.36102196 362.07826216
923.40697600 341.61872170
909.08529768 337.52681361
943.86651646 347.75658384
968.41796501 363.10123919
978.64773524 363.10123919
980.69368929 354.91742300
996.03834463 331.38895147
1008.31406891 344.68765277
1018.54383914 344.68765277
998.08429868 368.21612430
973.78859438 406.57776266
971.23115183 397.37096946
977.36901396 379.98036007
990.66771526 345.19914128
1005.50088210 379.46887155
1002.94343954 408.11222820
996.80557740 426.01432610
1021.86851446 461.81852190
990.66771526 549.79454588
995.27111187 530.35798244
1021.35702595 399.41692350
742.59578719 270.52181861
726.22815482 271.03330712
617.79259039 275.63670372
571.75862435 288.42391651
637.74064234 388.16417625
719.06731566 385.09524518
660.24613684 613.10621294
688.37800497 577.30201713
689.40098200 626.91640275
93.00537760 572.30004039
134.43594703 563.60473569
321.64074224 461.30703339
318.57181117 436.75558484
313.45692605 427.54879163
502.19618679 525.24309733
133.41297001 394.30203839
285.06931367 586.50881034
659.47890407 545.19114928
