85.05844156 458.75000000
86.88961039 409.30844156
99.70779221 369.02272727
83.22727273 338.80844156
90.55194805 302.18506494
64.91558442 300.35389610
66.74675325 276.54870130
88.72077922 270.13961039
60.33766234 249.99675325
60.33766234 233.51623377
23.71428571 247.25000000
38.36363636 244.50324675
23.71428571 319.58116883
149.14935065 387.33441558
183.94155844 393.74350649
224.22727273 456.00324675
269.09090909 517.34740260
28.29220779 519.17857143
437.55844156 477.97727273
497.07142857 436.77597403
639.90259740 465.15909091
661.87662338 403.81493506
703.07792208 388.25000000
803.79220779 424.87337662
777.24025974 490.79545455
351.49350649 324.15909091
295.64285714 385.50324675
278.24675325 354.37337662
251.69480519 311.34090909
279.16233766 336.97727273
276.41558442 285.70454545
299.30519481 263.73051948
261.76623377 268.30844156
256.27272727 251.82792208
232.46753247 240.84090909
207.74675325 264.64610390
177.53246753 277.46428571
161.96753247 287.53571429
140.90909091 272.88636364
98.79220779 237.17857143
143.65584416 237.17857143
161.96753247 313.17207792
202.25324675 330.56818182
313.95454545 243.58766234
283.74025974 228.02272727
340.50649351 272.88636364
381.70779221 281.12662338
389.94805195 309.50974026
416.50000000 288.45129870
406.42857143 262.81493506
405.51298701 243.58766234
374.38311688 230.76948052
351.49350649 231.68506494
327.68831169 227.10714286
306.62987013 228.93831169
305.71428571 212.45779221
378.96103896 379.09415584
437.55844156 347.04870130
472.35064935 341.55519481
467.77272727 301.26948052
573.98051948 347.04870130
547.42857143 304.93181818
499.81818182 289.36688312
497.07142857 246.33441558
539.18831169 247.25000000
344.16883117 206.04870130
371.63636364 211.54220779
652.72077922 362.61363636
713.14935065 317.75000000
741.53246753 306.76298701
767.16883117 253.65909091
806.53896104 303.10064935
781.81818182 322.32792208
654.55194805 279.29545455
618.84415584 304.93181818
599.61688312 313.17207792
578.55844156 272.88636364
570.31818182 249.99675325
590.46103896 237.17857143
646.31168831 237.17857143
640.81818182 263.73051948
664.62337662 225.27597403
114.35714286 228.02272727
127.17532468 234.43181818
131.75324675 217.95129870
121.68181818 198.72402597
107.94805195 203.30194805
78.64935065 205.13311688
69.49350649 212.45779221
53.92857143 211.54220779
34.70129870 209.71103896
22.79870130 218.86688312
466.85714286 262.81493506
465.02597403 240.84090909
471.43506494 220.69805195
446.71428571 231.68506494
436.64285714 218.86688312
422.90909091 230.76948052
398.18831169 217.95129870
393.61038961 199.63961039
378.04545455 195.97727273
388.11688312 189.56818182
454.03896104 206.04870130
428.40259740 206.04870130
418.33116883 208.79545455
427.48701299 195.06168831
449.46103896 190.48376623
476.01298701 195.97727273
483.33766234 212.45779221
498.90259740 211.54220779
523.62337662 217.95129870
575.81168831 202.38636364
566.65584416 228.93831169
576.72727273 221.61363636
611.51948052 220.69805195
607.85714286 205.13311688
636.24025974 202.38636364
528.20129870 241.75649351
486.08441558 198.72402597
496.15584416 195.97727273
507.14285714 189.56818182
522.70779221 196.89285714
85.35389610 201.24188312
95.88311688 191.17045455
99.08766234 185.67694805
68.41558442 195.29058442
76.65584416 184.76136364
67.04220779 182.47240260
53.76623377 180.64123377
40.49025974 182.47240260
32.25000000 182.47240260
22.63636364 195.29058442
22.63636364 189.33928571
30.41883117 192.54383117
34.08116883 169.19642857
41.40584416 166.44967532
55.13961039 162.78733766
59.25974026 164.16071429
64.29545455 165.07629870
69.33116883 161.87175325
66.58441558 159.58279221
62.92207792 159.58279221
95.88311688 164.61850649
101.37662338 164.16071429
104.12337662 158.20941558
110.99025974 158.20941558
119.68831169 150.42694805
114.65259740 149.96915584
107.32792208 153.63149351
94.96753247 152.25811688
27.67207792 169.19642857
18.51623377 175.14772727
18.51623377 167.82305195
44.15259740 194.37500000
45.06818182 203.07305195
60.17532468 172.40097403
68.41558442 174.23214286
81.69155844 171.02759740
120.14610390 176.52110390
120.60389610 187.05032468
127.92857143 185.21915584
136.16883117 203.98863636
152.64935065 208.10876623
165.00974026 226.42045455
179.65909091 212.68668831
191.10389610 231.91396104
194.30844156 214.97564935
213.99350649 215.89123377
145.78246753 252.51461039
219.48701299 293.71590909
260.68831169 229.62500000
260.23051948 239.23863636
243.75000000 229.62500000
235.96753247 210.85551948
218.11363636 202.15746753
206.66883117 208.56655844
262.97727273 223.67370130
267.09740260 210.39772727
355.45129870 211.77110390
361.40259740 191.17045455
348.58441558 191.62824675
339.42857143 182.01461039
348.58441558 178.35227273
360.48701299 177.43668831
276.71103896 161.41396104
269.38636364 164.61850649
263.89285714 172.40097403
255.65259740 181.55681818
273.96428571 183.84577922
266.18181818 194.37500000
239.62987013 192.08603896
255.65259740 203.07305195
230.47402597 172.40097403
213.53571429 172.40097403
201.17532468 169.19642857
200.71753247 194.37500000
191.56168831 190.25487013
182.86363636 196.66396104
186.06818182 204.44642857
170.04545455 187.96590909
177.82792208 190.25487013
183.32142857 181.55681818
188.81493506 170.56980519
178.28571429 167.82305195
174.16558442 163.24512987
172.33441558 174.23214286
165.92532468 184.76136364
168.67207792 179.26785714
159.05844156 171.02759740
148.98701299 171.48538961
145.32467532 180.64123377
155.85389610 182.01461039
154.02272727 176.06331169
156.76948052 188.42370130
160.88961039 198.03733766
150.36038961 196.66396104
168.21428571 210.39772727
142.57792208 192.54383117
133.87987013 196.66396104
199.80194805 249.76785714
119.68831169 247.47889610
113.73701299 164.61850649
105.49675325 169.65422078
114.65259740 172.40097403
137.08441558 183.84577922
133.87987013 176.52110390
168.67207792 167.82305195
160.43181818 164.16071429
186.52597403 151.80032468
231.84740260 158.89610390
241.00324675 163.47402597
249.70129870 164.38961039
250.15909091 168.96753247
228.64285714 164.38961039
211.70454545 162.10064935
138.91558442 164.38961039
131.13311688 162.10064935
279.91558442 168.50974026
290.90259740 162.10064935
250.15909091 157.98051948
243.75000000 157.98051948
266.18181818 157.98051948
263.89285714 153.86038961
260.23051948 155.69155844
300.51623377 163.47402597
301.43181818 181.32792208
311.96103896 189.11038961
312.87662338 165.30519481
330.27272727 160.26948052
328.89935065 178.12337662
332.56168831 184.53246753
330.73051948 191.85714286
322.03246753 197.35064935
370.55844156 189.11038961
375.13636364 168.50974026
386.58116883 163.01623377
403.06168831 167.59415584
412.67532468 177.20779221
393.90584416 178.58116883
383.37662338 173.08766234
378.34090909 181.78571429
342.63311688 170.79870130
334.39285714 174.91883117
340.80194805 163.01623377
363.23376623 170.79870130
360.02922078 164.38961039
350.87337662 158.89610390
408.55519481 160.26948052
414.04870130 154.77597403
397.56818182 157.06493506
24.00974026 203.75974026
242.14772727 180.06899351
492.03571429 173.77435065
504.39610390 172.85876623
482.42207792 174.23214286
476.01298701 177.43668831
486.54220779 182.47240260
480.59090909 186.59253247
459.53246753 180.64123377
465.02597403 181.55681818
470.06168831 171.94318182
464.56818182 164.61850649
484.25324675 164.16071429
362.48051948 155.92045455
377.12987013 156.83603896
412.37987013 168.73863636
425.19805195 176.06331169
439.84740260 188.88149351
440.30519481 177.89448052
446.71428571 175.14772727
426.57142857 152.25811688
464.56818182 153.17370130
487.00000000 155.00487013
522.25000000 153.17370130
504.39610390 153.63149351
508.05844156 163.24512987
508.97402597 170.56980519
513.55194805 164.16071429
532.77922078 153.63149351
546.97077922 155.00487013
554.29545455 154.08928571
581.30519481 155.46266234
599.61688312 155.46266234
561.62012987 163.24512987
570.31818182 159.12500000
568.02922078 150.88474026
634.86688312 164.61850649
645.85389610 169.65422078
661.87662338 164.16071429
660.50324675 173.77435065
672.40584416 172.85876623
658.67207792 199.41071429
647.68506494 187.50811688
648.14285714 211.31331169
618.38636364 192.08603896
609.23051948 185.67694805
603.27922078 185.67694805
590.91883117 181.55681818
586.34090909 191.17045455
566.19805195 179.26785714
573.06493506 173.77435065
551.54870130 171.94318182
558.87337662 169.65422078
538.73051948 184.76136364
528.65909091 186.59253247
541.47727273 204.90422078
541.93506494 165.53409091
526.82792208 172.85876623
595.03896104 164.16071429
583.13636364 174.23214286
577.64285714 187.05032468
615.18181818 152.25811688
622.04870130 147.22240260
609.68831169 148.59577922
611.97727273 145.39123377
725.96753247 233.51623377
689.34415584 253.65909091
686.59740260 228.93831169
763.50649351 216.12012987
782.73376623 215.20454545
809.28571429 237.17857143
808.37012987 195.97727273
801.04545455 176.75000000
785.48051948 176.75000000
778.15584416 184.07467532
766.25324675 182.24350649
757.09740260 184.99025974
743.36363636 176.75000000
742.44805195 189.56818182
717.72727273 193.23051948
693.92207792 192.31493506
697.58441558 167.59415584
681.10389610 166.67857143
687.51298701 164.84740260
707.65584416 150.19805195
719.55844156 150.19805195
585.88311688 161.18506494
579.47402597 169.42532468
540.10389610 175.83441558
549.25974026 178.58116883
559.33116883 182.24350649
549.25974026 192.31493506
562.07792208 192.31493506
549.25974026 183.15909091
772.66233766 160.26948052
760.75974026 159.35389610
746.11038961 161.18506494
734.20779221 144.70454545
723.22077922 163.93181818
712.23376623 163.01623377
708.57142857 185.90584416
655.46753247 182.24350649
621.59090909 177.66558442
617.01298701 174.00324675
723.22077922 144.70454545
726.88311688 135.54870130
754.35064935 143.78896104
766.25324675 147.45129870
765.33766234 152.94480519
753.43506494 152.02922078
753.43506494 158.43831169
779.98701299 144.70454545
796.46753247 151.11363636
801.96103896 143.78896104
790.97402597 145.62012987
787.31168831 150.19805195
786.39610390 163.01623377
795.55194805 164.84740260
806.53896104 152.02922078
812.94805195 150.19805195
677.44155844 141.95779221
689.34415584 143.78896104
696.66883117 141.04220779
709.48701299 144.70454545
693.92207792 157.52272727
674.69480519 151.11363636
693.92207792 151.11363636
658.21428571 152.02922078
651.80519481 156.60714286
643.56493506 146.53571429
638.98701299 144.70454545
308.46103896 174.00324675
313.95454545 178.58116883
318.53246753 153.86038961
304.79870130 154.77597403
296.55844156 152.94480519
665.53896104 158.43831169
644.48051948 154.77597403
635.32467532 153.86038961
400.01948052 141.04220779
394.52597403 141.04220779
406.42857143 143.78896104
383.53896104 141.95779221
374.38311688 141.95779221
373.46753247 139.21103896
369.80519481 150.19805195
363.39610390 141.95779221
368.88961039 141.04220779
676.52597403 134.63311688
660.04545455 144.70454545
653.63636364 144.70454545
649.05844156 138.29545455
659.12987013 132.80194805
667.37012987 134.63311688
685.68181818 133.71753247
692.09090909 179.49675325
593.20779221 146.53571429
166.54545455 159.35389610
168.37662338 150.19805195
161.96753247 145.62012987
195.40909091 157.82467532
187.09740260 156.16233766
177.95454545 156.99350649
158.00649351 155.33116883
155.51298701 157.82467532
150.52597403 161.14935065
147.20129870 156.99350649
138.05844156 156.99350649
129.74675325 154.50000000
118.94155844 155.33116883
123.09740260 156.99350649
150.52597403 153.66883117
173.79870130 152.83766234
177.95454545 150.34415584
181.27922078 150.34415584
56.60389610 155.33116883
50.78571429 160.31818182
43.30519481 159.48701299
271.04545455 152.00649351
276.86363636 152.00649351
280.18831169 156.16233766
286.83766234 152.83766234
282.68181818 148.68181818
289.33116883 147.85064935
297.64285714 146.18831169
301.79870130 147.85064935
309.27922078 151.17532468
312.60389610 151.17532468
320.91558442 147.85064935
326.73376623 152.00649351
334.21428571 148.68181818
344.18831169 147.01948052
339.20129870 148.68181818
340.03246753 153.66883117
351.66883117 152.00649351
351.66883117 153.66883117
351.66883117 146.18831169
353.33116883 147.01948052
357.48701299 149.51298701
360.81168831 150.34415584
362.47402597 147.85064935
378.26623377 146.18831169
381.59090909 151.17532468
388.24025974 151.17532468
392.39610390 148.68181818
397.38311688 151.17532468
408.18831169 137.87662338
413.17532468 136.21428571
471.35714286 160.31818182
702.42207792 132.05844156
709.90259740 132.05844156
717.38311688 132.05844156
728.18831169 130.39610390
735.66883117 128.73376623
748.13636364 130.39610390
204.55194805 156.99350649
213.69480519 156.99350649
218.68181818 159.48701299
220.34415584 155.33116883
226.99350649 152.83766234
212.86363636 152.83766234
201.22727273 151.17532468
207.87662338 148.68181818
217.85064935 148.68181818
225.33116883 148.68181818
234.47402597 153.66883117
256.08441558 151.17532468
252.75974026 151.17532468
278.52597403 145.35714286
307.61688312 145.35714286
315.92857143 142.86363636
325.90259740 142.03246753
335.04545455 142.86363636
340.86363636 142.86363636
346.68181818 139.53896104
354.99350649 141.20129870
361.64285714 142.86363636
