58.49215386 664.14725028
21.25579023 644.96488113
43.82328334 641.57975717
75.41777370 641.57975717
126.19463320 644.96488113
139.73512907 663.01887562
148.76212631 678.81612080
178.09986736 667.53237425
228.87672686 669.78912356
271.75496378 659.63375166
244.67397204 642.70813182
226.61997755 630.29601061
185.99848995 633.68113458
153.27562494 637.06625855
166.81612080 616.75551474
135.22163045 607.72851750
118.29601061 625.78251199
122.80950923 594.18802163
84.44477094 593.05964697
70.90427507 603.21501888
49.46515662 600.95826956
23.51253954 617.88388940
3.20179574 614.49876543
28.02603816 585.16102439
4.33017039 586.28939904
46.08003265 538.89766350
21.25579023 536.64091419
58.49215386 517.45854505
56.23540455 559.20840731
39.30978472 560.33678196
73.16102439 552.43815937
78.80289766 532.12741557
74.28939904 503.91804918
17.87066626 521.97204367
31.41116213 521.97204367
26.89766350 503.91804918
51.72190593 500.53292521
17.87066626 483.60730538
8.84366901 490.37755331
33.66791144 488.12080400
50.59353127 474.58030813
34.79628609 471.19518416
39.30978472 456.52631364
13.35716764 463.29656158
222.10647893 587.41777370
180.35661667 586.28939904
158.91749821 580.64752576
169.07287012 555.82328334
197.28223651 561.46515662
245.80234670 594.18802163
315.76157535 623.52576268
299.96433017 622.39738802
298.83595551 595.31639629
266.11309050 577.26240180
235.64697480 559.20840731
226.61997755 545.66791144
214.20785634 546.79628609
214.20785634 576.13402714
184.87011529 537.76928885
107.01226405 554.69490868
141.99187838 540.02603816
127.32300786 516.33017039
117.16763596 517.45854505
108.14063871 534.38416488
96.85689215 505.04642383
97.98526681 491.50592797
91.21501888 472.32355882
73.16102439 465.55331089
65.26240180 473.45193348
55.10702989 455.39793899
149.89050097 505.04642383
187.12686461 514.07342108
204.05248444 529.87066626
250.31584532 546.79628609
266.11309050 540.02603816
258.21446791 524.22879298
246.93072135 521.97204367
223.23485359 511.81667177
234.51860014 511.81667177
246.93072135 503.91804918
337.20069381 621.26901337
358.63981226 615.62714009
367.66680951 653.99187838
401.51804918 643.83650648
448.90978472 675.43099684
469.22052852 646.09325579
441.01116213 631.42438527
380.07893072 544.53953678
378.95055607 580.64752576
358.63981226 593.05964697
330.43044587 573.87727783
311.24807673 576.13402714
289.80895827 562.59353127
294.32245689 582.90427507
278.52521171 544.53953678
290.93733293 546.79628609
298.83595551 530.99904091
303.34945414 541.15441282
297.70758086 517.45854505
348.48444036 516.33017039
413.93017039 611.11364147
430.85579023 594.18802163
444.39628609 556.95165799
486.14614835 553.56653403
523.38251199 604.34339353
539.17975717 659.63375166
505.32851750 665.27562494
460.19353127 537.76928885
596.72686461 653.99187838
549.33512907 612.24201612
570.77424753 605.47176819
614.78085910 614.49876543
605.75386185 609.98526681
588.82824202 573.87727783
629.44972962 572.74890317
649.76047342 623.52576268
672.32796653 661.89050097
673.45634119 631.42438527
727.61832466 634.80950923
752.44256708 674.30262218
676.84146516 587.41777370
710.69270483 570.49215386
697.15220896 572.74890317
668.94284257 551.30978472
652.01722273 565.97865524
645.24697480 547.92466075
635.09160290 535.51253954
768.23981226 604.34339353
751.31419243 629.16763596
786.29380675 634.80950923
815.63154780 642.70813182
819.01667177 679.94449546
837.07066626 658.50537700
846.09766350 628.03926130
868.66515662 631.42438527
893.48939904 672.04587287
951.03650648 661.89050097
978.11749821 676.55937149
1004.07011529 678.81612080
984.88774615 642.70813182
966.83375166 629.16763596
936.36763596 614.49876543
904.77314560 633.68113458
920.57039078 623.52576268
955.55000510 589.67452301
899.13127232 596.44477094
866.40840731 587.41777370
832.55716764 585.16102439
795.32080400 598.70152025
759.21281502 575.00565248
782.90868279 551.30978472
758.08444036 547.92466075
821.27342108 550.18141006
840.45579023 551.30978472
853.99628609 564.85028058
914.92851750 552.43815937
926.21226405 559.20840731
979.24587287 564.85028058
965.70537700 558.08003265
1013.09711254 594.18802163
984.88774615 602.08664422
1016.48223651 550.18141006
1002.94174064 537.76928885
972.47562494 532.12741557
914.92851750 520.84366901
907.02989491 542.28278747
884.46240180 528.74229160
865.28003265 536.64091419
843.84091419 525.35716764
806.60455056 530.99904091
817.88829711 524.22879298
788.55055607 529.87066626
540.30813182 575.00565248
514.35551474 588.54614835
558.36212631 554.69490868
576.41612080 563.72190593
577.54449546 538.89766350
611.39573513 558.08003265
598.98361392 526.48554229
614.78085910 524.22879298
649.76047342 491.50592797
658.78747067 520.84366901
657.65909601 538.89766350
676.84146516 491.50592797
684.74008775 516.33017039
709.56433017 515.20179574
718.59132742 538.89766350
731.00344863 521.97204367
755.82769105 520.84366901
745.67231915 523.10041832
794.19242934 503.91804918
786.29380675 517.45854505
752.44256708 505.04642383
769.36818692 503.91804918
787.42218141 493.76267728
873.17865524 520.84366901
894.61777370 512.94504642
875.43540455 507.30317315
852.86791144 515.20179574
828.04366901 502.78967452
861.89490868 494.89105193
935.23926130 523.10041832
943.13788389 511.81667177
962.32025304 519.71529436
979.24587287 508.43154780
1002.94174064 506.17479849
966.83375166 499.40455056
919.44201612 486.99242934
881.07727783 496.01942659
894.61777370 493.76267728
879.94890317 480.22218141
875.43540455 470.06680951
859.63815937 476.83705744
849.48278747 474.58030813
837.07066626 470.06680951
829.17204367 463.29656158
815.63154780 465.55331089
816.75992246 484.73568003
816.75992246 484.73568003
808.86129987 506.17479849
800.96267728 480.22218141
786.29380675 470.06680951
939.75275992 473.45193348
927.34063871 479.09380675
925.08388940 464.42493623
910.41501888 471.19518416
888.97590042 461.03981226
899.13127232 467.81006020
954.42163045 472.32355882
962.32025304 481.35055607
980.37424753 484.73568003
992.78636874 474.58030813
1017.61061116 484.73568003
1001.81336598 467.81006020
1014.22548720 470.06680951
1018.73898582 458.78306295
1008.58361392 441.85744312
971.34725028 461.03981226
984.88774615 461.03981226
491.78802163 524.22879298
544.82163045 526.48554229
531.28113458 510.68829711
500.81501888 509.55992246
542.56488113 498.27617590
517.74063871 508.43154780
472.60565248 508.43154780
452.29490868 517.45854505
428.59904091 528.74229160
437.62603816 510.68829711
415.05854505 524.22879298
375.56543210 528.74229160
343.97094174 536.64091419
392.49105193 519.71529436
128.02824202 492.63430262
135.36267728 481.91474339
144.38967452 478.52961943
123.51474339 468.93843485
106.02493623 472.32355882
107.71749821 463.86074890
94.74118967 455.96212631
100.38306295 458.78306295
70.48113458 453.70537700
80.63650648 453.14118967
85.15000510 444.11419243
94.74118967 445.80675441
106.58912356 445.80675441
116.74449546 439.03650648
131.41336598 451.44862769
121.82218141 459.34725028
113.92355882 458.78306295
134.23430262 473.45193348
155.10923375 464.42493623
148.33898582 461.60399959
169.77810428 468.93843485
172.03485359 497.71198857
175.98416488 486.42824202
153.41667177 486.99242934
163.00785634 477.96543210
156.80179574 479.09380675
190.65303540 484.73568003
188.39628609 468.93843485
205.88609326 495.45523926
210.96377921 507.30317315
217.73402714 489.81336598
232.96708499 492.63430262
256.66295276 488.12080400
253.27782879 474.58030813
238.04477094 474.58030813
226.76102439 470.06680951
213.78471585 474.58030813
211.52796653 464.42493623
219.42658912 451.44862769
200.24421998 477.40124477
269.63926130 506.17479849
284.87231915 498.27617590
276.97369656 481.35055607
263.43320069 472.32355882
249.89270483 456.52631364
235.22383430 457.09050097
233.53127232 450.32025304
226.76102439 441.85744312
288.82163045 471.19518416
298.97700235 458.78306295
313.64587287 470.63099684
319.28774615 488.12080400
326.62218141 488.12080400
300.10537700 492.07011529
300.10537700 505.61061116
319.28774615 510.68829711
367.24366901 515.20179574
348.62548720 506.17479849
339.59848995 490.37755331
357.08829711 494.32686461
371.75716764 487.55661667
359.34504642 472.32355882
328.31474339 473.45193348
383.60510152 481.91474339
394.88884808 502.22548720
381.91253954 511.81667177
414.63540455 493.19848995
398.83815937 497.14780124
433.81777370 495.45523926
410.12190593 510.68829711
464.28388940 496.01942659
453.56433017 485.86405469
461.46295276 474.01612080
480.64532191 481.91474339
481.20950923 498.27617590
489.67231915 495.45523926
410.12190593 472.32355882
410.68609326 463.29656158
399.40234670 458.21887562
379.09160290 461.60399959
375.70647893 472.88774615
331.13568003 553.56653403
432.12521171 445.80675441
419.14890317 450.88444036
419.71309050 462.73237425
390.37534945 455.39793899
374.01391695 447.49931640
355.39573513 449.19187838
367.24366901 450.88444036
380.21997755 447.49931640
347.49711254 450.88444036
336.77755331 458.78306295
323.23705744 462.16818692
313.08168554 454.26956433
322.10868279 444.67837976
336.21336598 449.19187838
327.75055607 435.65138251
333.95661667 441.29325579
368.37204367 433.39463320
360.47342108 437.90813182
346.93292521 435.65138251
378.52741557 430.00950923
383.04091419 437.90813182
388.11860014 431.70207122
397.14559739 431.13788389
403.91584532 436.21556984
417.45634119 439.60069381
413.50702989 435.65138251
393.76047342 444.11419243
445.10152025 440.72906846
451.87176819 464.42493623
440.58802163 475.70868279
430.43264973 467.24587287
428.74008775 478.52961943
417.45634119 479.09380675
435.51033568 463.29656158
443.40895827 461.60399959
440.02383430 454.26956433
450.17920620 455.39793899
471.61832466 464.42493623
469.36157535 453.14118967
482.90207122 463.86074890
496.44256708 458.21887562
499.26350372 467.81006020
508.29050097 458.78306295
496.44256708 438.47231915
123.51474339 587.41777370
87.97094174 575.56983981
79.50813182 439.03650648
55.24807673 443.55000510
40.01501888 446.37094174
143.82548720 434.52300786
150.59573513 448.06350372
141.00455056 451.44862769
161.31529436 446.93512907
170.90647893 452.01281502
162.44366901 458.78306295
184.44697480 459.34725028
178.80510152 446.37094174
187.26791144 437.34394450
163.57204367 437.34394450
172.03485359 429.44532191
174.29160290 419.28995001
181.06185083 431.70207122
194.03815937 423.80344863
190.65303540 425.49601061
201.93678196 439.03650648
194.03815937 441.85744312
212.09215386 426.06019794
211.52796653 435.08719518
209.83540455 449.19187838
227.88939904 431.70207122
767.67562494 485.86405469
743.69766350 480.50427507
725.92576268 479.09380675
711.25689215 479.94008775
710.12851750 490.09545965
697.15220896 488.12080400
689.53568003 499.68664422
679.38030813 479.09380675
683.89380675 467.24587287
675.43099684 461.88609326
698.84477094 472.32355882
702.22989491 459.91143761
709.84642383 463.01446791
714.35992246 455.11584532
695.45964697 455.68003265
701.38361392 437.06185083
709.00014284 443.83209877
716.89876543 441.01116213
726.20785634 436.77975717
729.31088664 446.08884808
745.39022549 440.44697480
741.72300786 455.39793899
751.59628609 454.26956433
767.11143761 444.39628609
763.16212631 463.01446791
753.57094174 468.09215386
778.95937149 462.45028058
772.75331089 459.06515662
789.96102439 450.60234670
793.06405469 459.06515662
809.14339353 451.16653403
805.75826956 449.47397204
795.60289766 445.24256708
789.39683706 441.29325579
803.78361392 439.03650648
809.42548720 433.95882053
820.99132742 441.85744312
815.63154780 439.31860014
822.11970207 453.98747067
843.55882053 452.01281502
835.37810428 441.57534945
849.20069381 437.90813182
864.71584532 446.93512907
875.99959188 443.26791144
876.28168554 455.39793899
866.12631364 465.27121722
902.23430262 455.39793899
913.23595551 456.24421998
898.84917866 444.39628609
888.97590042 448.62769105
890.10427507 436.21556984
910.13292521 437.90813182
901.67011529 430.00950923
924.80179574 431.98416488
896.02824202 482.47893072
772.18912356 430.00950923
761.75165799 434.80510152
751.31419243 437.62603816
789.11474339 429.72741557
773.31749821 419.85413733
755.54559739 418.16157535
747.64697480 424.08554229
735.51694725 432.54835221
729.59298031 424.64972962
715.48829711 425.49601061
712.10317315 432.26625855
702.51198857 427.18857259
696.87011529 438.19022549
678.81612080 429.44532191
688.12521171 429.16322824
674.58471585 440.72906846
680.50868279 446.65303540
679.66240180 414.77645138
695.45964697 419.85413733
702.22989491 421.26460565
712.38526681 418.44366901
706.74339353 417.59738802
725.07948169 415.05854505
737.20950923 419.57204367
739.74835221 413.08388940
750.46791144 410.54504642
783.19077645 417.87948169
782.90868279 424.36763596
808.29711254 421.82879298
803.21942659 418.44366901
797.57755331 414.49435772
792.78196102 418.44366901
803.50152025 411.67342108
808.86129987 415.05854505
820.70923375 409.13457810
818.73457810 403.77479849
810.27176819 405.18526681
827.19738802 415.05854505
849.20069381 426.06019794
848.35441282 431.70207122
849.48278747 420.13623100
864.15165799 433.11253954
879.10262218 433.39463320
893.48939904 424.08554229
888.41171309 412.80179574
877.97424753 417.31529436
886.43705744 424.36763596
902.23430262 420.98251199
909.85083155 418.16157535
903.64477094 413.64807673
903.64477094 413.64807673
897.43871034 412.51970207
905.90152025 406.59573513
914.92851750 408.85248444
922.54504642 411.39132742
899.97755331 400.67176819
890.38636874 401.23595551
885.02658912 404.05689215
874.30702989 403.21061116
871.48609326 407.44201612
865.56212631 409.13457810
868.38306295 414.49435772
861.61281502 412.51970207
855.12466075 414.21226405
846.09766350 414.21226405
849.48278747 410.26295276
847.22603816 405.74945414
854.56047342 406.31364147
852.30372411 399.82548720
858.50978472 400.95386185
842.99463320 397.56873788
833.12135496 399.26129987
825.22273237 399.82548720
813.93898582 391.08058361
791.08939904 405.18526681
791.37149270 408.85248444
778.39518416 409.13457810
773.31749821 411.67342108
767.67562494 413.36598306
759.21281502 410.82714009
715.77039078 409.69876543
707.30758086 409.13457810
698.84477094 408.85248444
696.30592797 413.64807673
690.94614835 413.08388940
685.30427507 408.85248444
688.68939904 402.64642383
681.35496378 398.13292521
678.53402714 393.61942659
708.43595551 372.46240180
913.51804918 401.80014284
906.74780124 399.82548720
922.54504642 395.59408224
918.03154780 390.79848995
886.43705744 392.20895827
899.41336598 387.13127232
865.28003265 394.18361392
828.88995001 426.34229160
589.39242934 502.22548720
570.77424753 517.45854505
581.49380675 525.92135496
556.66956433 512.38085910
561.18306295 502.78967452
568.51749821 493.19848995
554.97700235 491.50592797
571.90262218 480.22218141
597.29105193 467.81006020
588.26405469 461.03981226
564.56818692 458.21887562
577.54449546 455.39793899
519.99738802 480.78636874
530.71694725 449.19187838
521.68995001 449.75606571
556.10537700 451.44862769
544.25744312 462.16818692
573.03099684 442.42163045
578.10868279 435.65138251
589.95661667 435.08719518
599.54780124 439.60069381
603.49711254 445.80675441
601.24036323 454.83375166
618.73017039 459.34725028
615.90923375 447.49931640
638.47672686 450.88444036
652.01722273 455.96212631
655.40234670 464.98912356
665.55771860 479.65799408
665.55771860 439.60069381
658.22328334 431.13788389
641.29766350 429.44532191
629.44972962 439.03650648
617.03760841 437.90813182
611.95992246 431.70207122
604.62548720 430.57369656
597.29105193 430.00950923
544.25744312 439.60069381
494.04477094 536.07672686
725.92576268 559.77259463
724.23320069 505.61061116
500.81501888 418.72576268
490.65964697 430.00950923
499.68664422 428.31694725
487.27452301 414.21226405
477.68333843 415.34063871
471.47727783 434.52300786
455.11584532 436.77975717
463.01446791 440.16488113
438.75441282 432.83044587
432.54835221 435.65138251
430.29160290 424.93182328
421.82879298 419.28995001
411.10923375 428.31694725
244.81501888 444.11419243
237.48058361 437.34394450
255.53457810 440.16488113
248.20014284 432.26625855
261.74063871 432.83044587
271.33182328 437.34394450
267.38251199 442.42163045
278.10207122 454.83375166
310.26074890 431.70207122
320.98030813 431.70207122
335.08499133 420.41832466
329.44311805 420.41832466
344.11198857 422.11088664
355.95992246 423.23926130
367.80785634 420.98251199
361.03760841 430.00950923
382.47672686 418.72576268
390.37534945 423.80344863
401.65909601 416.46901337
400.53072135 426.06019794
390.93953678 413.64807673
384.73347618 404.05689215
380.78416488 412.51970207
375.14229160 412.51970207
365.55110703 409.69876543
358.21667177 410.26295276
351.44642383 411.95551474
392.63209877 404.62107948
397.70978472 408.00620345
405.04421998 408.57039078
296.15606571 427.18857259
288.25744312 434.52300786
266.81832466 420.41832466
232.96708499 412.51970207
29.29545965 417.59738802
35.50152025 419.85413733
47.91364147 430.00950923
459.20620345 423.23926130
453.00014284 418.16157535
449.05083155 411.39132742
436.07452301 416.46901337
901.38802163 571.62052852
517.17645138 434.52300786
501.94339353 442.42163045
523.38251199 435.65138251
538.61556984 433.39463320
556.10537700 435.08719518
543.12906846 426.06019794
548.77094174 418.72576268
559.49050097 423.23926130
577.54449546 427.18857259
569.64587287 431.13788389
574.15937149 416.46901337
580.36543210 405.74945414
585.44311805 412.51970207
591.08499133 405.74945414
601.24036323 413.08388940
595.03430262 414.21226405
505.89270483 406.87782879
513.79132742 420.98251199
525.07507397 420.41832466
467.52796653 412.51970207
461.32190593 411.39132742
455.68003265 404.62107948
488.40289766 406.31364147
481.63264973 399.54339353
392.49105193 397.85083155
406.03154780 390.51639629
396.44036323 390.51639629
415.62273237 386.56708499
411.67342108 397.28664422
419.00785634 393.33733293
433.67672686 391.64477094
430.85579023 383.74614835
435.93347618 381.48939904
444.96047342 395.02989491
444.96047342 388.25964697
452.85909601 388.25964697
457.93678196 385.43871034
469.22052852 388.82383430
475.42658912 377.54008775
488.96708499 388.25964697
496.30152025 387.13127232
505.32851750 393.90152025
512.09876543 387.13127232
506.45689215 385.43871034
607.44642383 418.16157535
602.36873788 419.85413733
591.64917866 421.54669932
626.06460565 426.06019794
615.90923375 419.85413733
623.80785634 413.08388940
614.78085910 410.82714009
612.52410978 402.36433017
606.88223651 403.49270483
627.75716764 405.74945414
620.42273237 404.62107948
635.09160290 422.67507397
630.01391695 421.54669932
642.99022549 412.51970207
648.06791144 408.00620345
662.73678196 416.46901337
649.19628609 427.75275992
662.73678196 400.67176819
664.99353127 405.18526681
327.60950923 400.10758086
322.53182328 395.02989491
343.97094174 393.90152025
490.09545965 376.97590042
548.77094174 406.31364147
555.54118967 404.62107948
562.31143761 409.13457810
556.66956433 412.51970207
556.66956433 412.51970207
561.74725028 402.36433017
574.72355882 393.33733293
637.91253954 483.04311805
631.14229160 494.32686461
610.26736047 502.78967452
610.26736047 490.37755331
602.93292521 488.12080400
605.75386185 474.58030813
622.11529436 481.35055607
625.50041832 469.50262218
630.57810428 468.37424753
644.68278747 463.29656158
674.58471585 454.83375166
663.86515662 452.01281502
717.46295276 401.80014284
706.74339353 402.92851750
699.97314560 399.54339353
667.81446791 387.13127232
631.14229160 383.74614835
592.21336598 394.46570758
596.16267728 400.67176819
587.13568003 399.54339353
583.18636874 395.02989491
532.97369656 402.92851750
517.74063871 408.00620345
526.76763596 391.08058361
513.22714009 378.66846240
341.15000510 408.00620345
318.58251199 413.64807673
305.04201612 418.72576268
304.47782879 405.74945414
310.11970207 402.36433017
296.01501888 395.59408224
300.52851750 387.13127232
316.32576268 384.31033568
320.83926130 387.69545965
326.48113458 391.08058361
338.32906846 393.90152025
340.58581777 382.61777370
326.48113458 376.41171309
334.94394450 375.84752576
330.43044587 367.38471585
367.66680951 384.87452301
378.95055607 393.90152025
385.72080400 372.46240180
382.33568003 391.08058361
382.33568003 366.25634119
421.82879298 387.69545965
428.03485359 416.46901337
426.90647893 409.13457810
432.54835221 404.62107948
443.26791144 423.23926130
584.31474339 383.74614835
590.52080400 379.23264973
598.98361392 377.54008775
602.93292521 370.20565248
584.87893072 420.98251199
580.36543210 418.72576268
668.94284257 398.97920620
644.68278747 380.36102439
651.45303540 379.79683706
657.65909601 379.79683706
597.29105193 384.87452301
606.88223651 388.25964697
611.95992246 386.00289766
608.57479849 382.61777370
606.31804918 379.23264973
615.34504642 380.92521171
409.98085910 380.92521171
420.13623100 376.41171309
356.94725028 391.64477094
354.12631364 382.05358637
368.23099684 400.10758086
357.51143761 400.67176819
347.35606571 409.69876543
346.22769105 401.80014284
338.89325579 398.97920620
345.09931640 414.21226405
138.74780124 420.41832466
150.03154780 423.23926130
156.80179574 423.23926130
107.71749821 422.67507397
94.74118967 415.90482604
87.40675441 419.28995001
76.68719518 423.80344863
71.04532191 421.54669932
65.96763596 426.06019794
61.45413733 411.95551474
49.60620345 404.62107948
34.93733293 405.74945414
190.65303540 416.46901337
194.60234670 412.51970207
166.39298031 405.74945414
166.95716764 415.90482604
110.53843485 409.13457810
109.41006020 403.49270483
100.38306295 401.23595551
84.58581777 391.64477094
84.58581777 399.54339353
256.66295276 420.98251199
248.20014284 405.18526681
260.04807673 413.64807673
270.20344863 408.57039078
263.43320069 401.80014284
266.81832466 391.08058361
241.99408224 396.72245689
225.63264973 396.15826956
230.14614835 396.15826956
227.32521171 404.05689215
219.99077645 402.36433017
209.83540455 397.85083155
177.67672686 405.74945414
152.28829711 406.31364147
147.21061116 405.18526681
133.67011529 401.80014284
116.74449546 402.36433017
112.79518416 390.51639629
52.42714009 387.13127232
48.47782879 382.61777370
115.05193348 424.36763596
108.84587287 429.44532191
192.90978472 404.05689215
188.96047342 397.85083155
217.73402714 413.64807673
221.11915111 420.41832466
212.65634119 416.46901337
204.75771860 420.41832466
205.88609326 408.00620345
200.24421998 401.80014284
205.32190593 403.49270483
199.11584532 397.28664422
193.47397204 390.51639629
189.52466075 391.08058361
221.11915111 387.69545965
74.99463320 384.31033568
93.04862769 382.61777370
67.09601061 388.25964697
69.35275992 396.72245689
63.14669932 397.85083155
6.72796653 392.20895827
13.49821447 404.05689215
21.39683706 402.92851750
6.16377921 411.39132742
937.35496378 445.80675441
927.19959188 453.14118967
932.27727783 437.34394450
945.81777370 441.29325579
966.69270483 448.62769105
961.61501888 441.85744312
953.71639629 433.95882053
948.63871034 430.57369656
942.43264973 421.54669932
939.61171309 418.16157535
950.89545965 407.44201612
956.53733293 407.44201612
987.56763596 447.49931640
969.51364147 410.26295276
985.31088664 431.70207122
998.28719518 434.52300786
1006.18581777 418.72576268
993.20950923 415.34063871
988.13182328 419.85413733
1011.26350372 420.41832466
1020.29050097 428.88113458
1019.72631364 410.26295276
1009.57094174 405.74945414
974.59132742 404.05689215
982.48995001 408.00620345
972.33457810 436.21556984
939.61171309 402.92851750
927.76377921 397.85083155
928.32796653 392.20895827
946.38196102 395.59408224
957.66570758 397.28664422
930.58471585 418.16157535
926.07121722 419.85413733
963.30758086 395.02989491
980.79738802 394.46570758
795.74394450 397.85083155
787.84532191 391.64477094
779.94669932 395.02989491
764.14945414 391.08058361
777.12576268 387.13127232
729.16983981 388.25964697
748.35220896 380.36102439
820.00399959 383.74614835
952.58802163 416.46901337
975.71970207 388.25964697
93.95690729 390.53499587
92.93393027 396.67285801
93.44541878 401.27625461
108.79007412 391.04648438
104.18667752 396.16136949
99.07179241 395.13839247
101.62923496 385.42011075
105.72114305 382.35117968
136.41045374 394.62690396
131.80705714 396.67285801
122.60026393 399.74178908
141.01385035 396.67285801
147.66320100 392.06946140
150.73213207 390.02350736
156.86999420 393.09243843
155.33552867 397.18434652
160.96190230 397.18434652
252.00685734 389.00053033
241.77708711 390.53499587
255.58727692 391.04648438
262.23662757 385.42011075
234.10475944 385.42011075
239.21964455 380.81671415
38.20465954 391.55797289
25.41744675 395.13839247
14.67618801 387.97755331
23.37149270 389.51201885
19.27958461 383.37415671
21.83702717 383.37415671
28.99786633 386.44308778
33.08977442 386.44308778
32.57828591 378.25927159
4.95790629 373.14438648
4.95790629 380.30522564
13.65321099 376.21331755
21.32553866 376.21331755
42.29656763 374.16736350
45.87698721 374.16736350
39.22763656 369.05247839
19.79107312 365.98354732
14.67618801 361.89163922
27.97488931 370.58694392
25.92893526 358.31121964
24.90595824 362.40312774
46.89996423 363.42610476
36.67019400 363.42610476
55.08378042 368.54098987
51.50336084 369.05247839
63.26759660 376.72480606
63.77908511 372.63289797
68.38248172 373.65587499
69.91694725 369.56396690
64.80206214 368.02950136
61.22164255 366.49503583
74.52034385 370.58694392
68.38248172 380.30522564
54.57229191 381.83969117
86.79606813 386.95457629
80.14671748 388.48904182
86.28457962 380.30522564
82.19267153 381.83969117
79.63522897 381.83969117
82.70416004 373.65587499
78.61225195 372.63289797
90.37648771 376.21331755
94.46839580 377.74778308
101.11774645 378.25927159
111.85900519 377.23629457
115.95091328 378.25927159
119.53133286 380.81671415
123.11175245 383.37415671
114.92793626 384.90862224
127.20366054 384.90862224
125.66919500 390.53499587
131.29556863 381.32820266
135.89896523 386.95457629
138.45640779 383.37415671
137.94491928 379.79373713
134.87598821 376.21331755
126.69217203 375.70182904
122.60026393 373.14438648
115.95091328 371.60992094
117.48537882 374.16736350
105.72114305 374.16736350
167.09976443 386.95457629
155.84701718 386.44308778
148.17468951 380.30522564
139.99087332 375.70182904
140.50236184 367.00652434
160.45041378 380.81671415
162.49636783 376.72480606
168.63422997 376.72480606
173.74911508 378.25927159
170.68018401 386.44308778
176.30655764 397.18434652
169.14571848 397.69583503
165.05381039 392.06946140
179.88697722 384.90862224
181.93293127 391.55797289
185.51335085 388.48904182
191.13972447 379.79373713
196.25460959 378.77076010
194.72014405 380.81671415
96.51434985 367.51801285
88.84202218 366.49503583
78.10076343 366.49503583
71.96290130 360.86866220
135.38747672 367.00652434
131.29556863 369.05247839
124.13472947 363.42610476
110.32453966 365.47205881
103.16370050 368.02950136
100.09476943 370.58694392
106.74412008 364.44908178
150.22064355 375.70182904
151.75510909 372.63289797
150.22064355 363.93759327
159.42743676 370.07545541
171.19167253 371.09843243
178.86400020 372.63289797
205.97289131 392.06946140
205.46140279 386.95457629
199.32354066 390.53499587
211.08777642 384.39713373
202.39247173 384.39713373
198.30056363 384.39713373
200.85800619 377.74778308
216.71415005 380.30522564
211.59926493 376.21331755
187.55930489 373.14438648
185.00186234 370.07545541
250.98388032 380.30522564
243.31155264 375.70182904
246.38048371 382.86266820
288.83403017 392.58094991
281.67319101 402.29923163
275.02384036 423.27026060
285.76509910 405.87965121
297.01784635 401.78774312
288.83403017 398.71881205
284.23063356 398.71881205
272.46639780 395.64988098
275.53532887 392.58094991
271.44342078 390.53499587
270.93193227 385.93159926
278.09277143 385.93159926
267.35151268 386.95457629
285.25361059 379.79373713
275.53532887 378.77076010
258.14471948 373.14438648
253.54132287 370.58694392
240.75411009 369.05247839
234.10475944 371.60992094
232.57029390 373.65587499
243.82304116 368.54098987
248.93792627 370.58694392
289.85700719 377.23629457
284.74212208 374.16736350
281.16170250 369.56396690
273.48937482 372.63289797
287.29956463 369.56396690
291.90296124 372.63289797
293.43742677 373.65587499
297.52933486 370.58694392
303.15570849 380.81671415
301.10975444 376.21331755
304.69017402 369.05247839
307.24761658 372.63289797
307.24761658 376.72480606
303.66719700 363.42610476
293.43742677 385.42011075
284.74212208 386.95457629
226.68817602 375.19034052
222.08477942 376.72480606
219.52733686 370.58694392
223.61924495 368.54098987
195.48737682 365.98354732
182.70016403 364.44908178
176.56230190 360.35717369
169.91295125 365.47205881
165.82104315 365.47205881
159.17169251 359.33419667
163.77508911 360.35717369
167.86699720 358.31121964
140.75810609 362.40312774
246.63622797 363.93759327
244.59027392 365.98354732
242.03283137 360.86866220
227.71115304 365.98354732
229.24561858 363.42610476
233.84901518 361.38015071
264.53832587 369.56396690
258.91195225 366.49503583
363.25560859 376.72480606
368.37049370 377.23629457
372.97389031 379.79373713
378.08877542 385.42011075
379.11175245 379.28224862
384.73812607 379.79373713
397.52533886 375.19034052
388.31854565 387.46606480
391.89896523 387.46606480
310.06080339 362.91461625
313.12973446 368.02950136
321.82503916 367.00652434
317.22164255 363.93759327
201.11375045 370.07545541
194.46439980 373.65587499
189.86100319 369.05247839
214.41245175 369.56396690
209.29756663 371.60992094
206.22863556 367.00652434
209.29756663 362.91461625
219.01584835 360.86866220
224.64222198 362.91461625
341.77309111 372.63289797
341.26160259 365.47205881
337.16969450 367.00652434
352.51434985 366.49503583
366.32453966 369.56396690
357.11774645 364.44908178
362.23263157 365.47205881
363.76709710 361.38015071
370.41644775 365.98354732
376.04282138 366.49503583
367.34751668 364.96057029
410.82404016 371.60992094
404.68617802 381.32820266
395.99087332 380.81671415
402.64022397 366.49503583
396.50236184 367.00652434
388.83003416 367.51801285
393.43343077 371.60992094
405.19766653 369.05247839
445.60525894 380.30522564
443.55930489 384.90862224
442.02483936 376.21331755
446.11674745 375.19034052
436.39846573 375.70182904
426.16869550 371.09843243
431.79506913 367.51801285
437.42144275 367.00652434
443.04781638 363.42610476
451.23163256 371.09843243
460.94991428 383.37415671
452.76609810 378.77076010
465.04182238 378.77076010
465.04182238 372.63289797
456.85800619 372.63289797
468.11075344 370.58694392
460.43842577 370.07545541
477.31754665 372.63289797
480.38647772 373.65587499
482.43243177 386.95457629
477.31754665 384.39713373
474.76010409 389.51201885
480.38647772 392.58094991
492.66220200 394.62690396
485.50136283 397.69583503
498.28857562 408.94858228
500.84601818 404.34518568
493.68517902 400.25327759
415.42743676 410.99453633
412.35850569 403.83369717
421.56529890 406.39113972
423.09976443 412.52900186
315.68717702 419.17835251
315.68717702 424.29323763
570.40845574 399.23030056
562.73612807 391.04648438
564.27059360 395.64988098
556.08677742 393.09243843
570.40845574 393.09243843
538.69616803 398.71881205
524.37448971 398.20732354
536.65021398 391.04648438
534.09277143 391.04648438
525.90895524 385.93159926
531.53532887 385.93159926
519.77109310 386.95457629
520.79407013 380.30522564
530.00086333 378.77076010
536.13872547 378.25927159
564.27059360 380.81671415
559.15570849 377.74778308
557.10975444 382.86266820
553.01784635 378.77076010
559.66719700 373.65587499
565.29357063 374.16736350
569.89696723 377.74778308
575.01185235 385.93159926
575.52334086 380.81671415
568.87399021 382.35117968
636.90196224 379.79373713
644.06280140 389.00053033
644.57428991 389.00053033
606.21265155 394.62690396
623.09177243 393.60392694
615.93093326 392.06946140
618.48837582 376.21331755
614.90795624 369.05247839
609.28158261 371.60992094
586.77608811 370.07545541
529.48937482 368.02950136
534.09277143 374.16736350
486.01285135 364.96057029
466.06479940 363.42610476
463.50735684 363.42610476
455.83502917 364.96057029
503.40346074 366.49503583
499.82304116 372.12140945
494.19666753 371.60992094
490.61624795 371.09843243
675.00785634 386.44308778
687.28358062 384.90862224
681.14571848 385.42011075
675.00785634 374.67885201
665.28957462 379.28224862
682.68018401 376.72480606
685.74911508 379.79373713
693.42144275 379.28224862
701.60525894 383.37415671
695.46739680 385.93159926
703.13972447 389.00053033
697.00186234 392.06946140
688.81804615 394.11541545
709.27758661 394.11541545
702.62823596 377.74778308
725.64521898 396.16136949
726.66819600 389.51201885
731.78308112 394.62690396
737.40945474 400.25327759
733.82903516 401.78774312
724.11075344 382.35117968
723.59926493 378.25927159
744.05880539 389.51201885
756.84601818 389.51201885
750.70815604 395.64988098
754.80006413 399.23030056
755.82304116 382.35117968
806.46040379 382.86266820
807.99486933 390.53499587
796.23063356 390.02350736
795.20765654 382.86266820
783.95490929 381.83969117
779.86300120 386.44308778
777.30555864 379.28224862
768.09876543 381.83969117
770.14471948 388.48904182
772.70216204 393.09243843
767.58727692 396.16136949
769.12174246 403.83369717
762.47239181 404.85667419
765.02983436 404.34518568
757.35750669 403.32220866
780.88597822 402.81072014
575.26759660 371.60992094
559.92294126 368.54098987
638.18068351 369.05247839
642.27259161 369.05247839
632.55430989 373.14438648
648.41045374 372.63289797
645.85301119 368.54098987
646.87598821 364.44908178
653.01385035 364.44908178
654.03682737 374.16736350
652.50236184 370.07545541
665.28957462 373.14438648
659.15171249 373.14438648
669.89297123 366.49503583
665.80106313 365.98354732
662.73213207 365.98354732
673.98487932 369.56396690
678.58827592 368.02950136
681.14571848 370.58694392
689.32953466 368.02950136
685.74911508 367.00652434
693.42144275 372.63289797
698.02483936 372.63289797
702.62823596 373.14438648
704.16270150 366.49503583
733.31754665 370.58694392
748.66220200 373.14438648
741.50136283 373.65587499
738.43243177 370.07545541
737.40945474 366.49503583
731.78308112 363.42610476
757.86899520 374.67885201
753.77708711 374.67885201
771.16769650 373.65587499
771.16769650 367.51801285
780.88597822 374.16736350
781.90895524 379.28224862
790.09277143 374.67885201
783.44342078 369.56396690
799.81105314 375.70182904
811.57528891 373.14438648
800.83403017 369.05247839
823.33952467 377.23629457
819.75910509 373.65587499
819.75910509 368.02950136
827.94292128 365.98354732
832.03482937 373.14438648
831.52334086 378.77076010
842.77608811 384.90862224
845.33353067 380.30522564
838.68418002 380.30522564
837.14971448 375.70182904
832.54631788 391.04648438
827.94292128 383.88564522
832.03482937 384.90862224
858.63223197 380.81671415
861.70116303 386.95457629
859.14372048 392.58094991
847.37948471 391.04648438
852.49436983 386.44308778
851.47139280 375.19034052
899.55131288 381.83969117
908.24661758 379.79373713
883.18368052 380.30522564
878.06879540 385.93159926
872.44242178 379.79373713
875.51135284 380.30522564
876.02284136 373.14438648
879.60326094 376.72480606
885.22963456 371.09843243
890.85600819 375.70182904
894.43642777 374.16736350
940.47039380 383.37415671
939.95890529 411.50602484
991.10775644 386.95457629
985.99287133 387.46606480
990.08477942 399.23030056
988.03882537 394.11541545
994.17668751 396.16136949
995.19966453 396.16136949
1001.33752667 398.71881205
1011.56729690 398.71881205
997.24561858 405.87965121
994.68817602 399.74178908
1005.94092327 390.02350736
997.75710709 390.02350736
998.26859560 382.86266820
1006.45241179 384.90862224
957.34951468 386.44308778
941.49337083 391.04648438
948.65420999 389.00053033
933.82104315 381.83969117
927.17169251 384.39713373
920.01085334 384.90862224
917.45341079 380.81671415
926.66020399 377.74778308
944.05081338 376.72480606
950.70016403 378.25927159
961.95291129 378.77076010
971.15970449 380.30522564
966.04481938 385.42011075
980.36649770 380.81671415
889.83303117 383.88564522
746.61624795 367.00652434
1011.05580839 374.67885201
984.96989430 371.60992094
999.29157262 374.16736350
975.25161258 377.74778308
957.86100319 369.56396690
930.24062357 371.09843243
923.07978441 371.09843243
940.47039380 373.65587499
948.65420999 369.05247839
935.86699720 368.54098987
905.17768651 368.02950136
862.21265155 366.49503583
872.44242178 366.49503583
578.59227193 366.49503583
581.66120299 368.79673413
556.34252168 364.96057029
560.69017402 360.10142943
563.24761658 359.84568518
568.87399021 358.31121964
562.73612807 354.73080006
589.07778641 360.10142943
585.49736683 353.96356730
642.78408012 326.34318768
645.59726693 326.08744342
651.22364056 325.06446640
652.24661758 325.06446640
656.33852567 326.59893193
665.80106313 325.57595491
673.98487932 325.32021065
661.45341079 334.27125960
666.05680739 337.08444642
668.35850569 330.17935151
673.47339081 330.17935151
694.70016403 332.73679407
692.14272148 329.41211875
691.37548871 323.27425661
687.02783636 324.29723363
694.44441978 325.06446640
697.00186234 321.48404682
699.55930489 322.25127958
705.18567852 322.25127958
707.74312108 322.76276810
678.33253167 325.32021065
682.16869550 325.57595491
710.04481938 322.50702384
711.06779640 322.25127958
714.13672747 322.25127958
717.71714705 321.99553533
719.25161258 321.99553533
721.29756663 322.76276810
728.96989430 321.99553533
657.61724695 347.56996090
654.54831588 350.38314772
649.94491928 349.10442644
645.08577842 351.15038048
642.78408012 360.10142943
673.98487932 354.98654432
671.42743676 360.35717369
601.60925494 360.86866220
594.70416004 359.84568518
611.58328092 364.44908178
608.77009410 355.75377709
611.83902517 351.91761325
607.23562857 351.40612474
603.39946473 349.87165920
597.00585834 352.17335751
590.35650769 349.61591495
597.00585834 348.59293793
531.02384036 357.28824262
521.81704715 361.63589497
524.63023396 368.02950136
698.79207213 362.14738348
718.99586833 357.54398688
713.88098321 361.12440646
736.64222198 361.38015071
741.50136283 361.38015071
743.03582837 363.93759327
757.10176244 364.44908178
755.31155264 358.05547539
764.00685734 356.00952134
735.61924495 388.23329757
734.85201219 382.60692394
603.91095324 329.66786300
606.97988431 330.17935151
620.02284136 325.06446640
594.19267153 329.41211875
569.38547872 325.32021065
566.06080339 322.25127958
866.04881538 402.29923163
875.51135284 392.32520566
897.50535884 394.37115970
888.81005414 389.51201885
893.15770649 393.34818268
902.87598821 394.62690396
877.55730689 424.80472614
863.49137282 424.80472614
870.39646773 422.75877209
856.84202218 370.58694392
854.02883536 372.12140945
851.47139280 369.56396690
844.05480939 368.79673413
869.11774645 367.77375711
865.53732687 369.30822264
860.16669750 370.33119966
862.21265155 370.33119966
913.61724695 366.23929157
908.24661758 365.72780306
918.73213207 367.26226860
924.86999420 366.75078008
929.21764655 365.47205881
929.21764655 365.47205881
966.30056363 365.98354732
931.77508911 364.96057029
973.20565854 366.75078008
980.11075344 365.98354732
974.22863556 362.40312774
995.45540879 359.58994092
985.99287133 362.40312774
1000.05880539 368.79673413
1008.75411009 371.35417669
1005.42943476 370.58694392
1001.33752667 371.60992094
991.36350070 370.33119966
981.64521898 374.16736350
973.46140279 370.33119966
932.28657762 358.82270816
963.23163256 360.35717369
856.07478941 365.72780306
860.67818601 364.19333753
864.00286134 358.82270816
868.09476943 356.26526560
789.83702717 362.40312774
787.53532887 366.75078008
791.37149270 366.75078008
793.16170250 397.69583503
782.67618801 407.15837249
910.03682737 434.77875211
933.56529890 435.03449637
805.94891528 364.19333753
799.81105314 364.44908178
795.71914505 362.91461625
780.63023396 363.17036050
774.23662757 364.70482604
777.04981438 367.77375711
784.97788631 361.38015071
775.00386034 359.58994092
780.11874545 359.33419667
798.02084335 359.33419667
811.83103316 358.56696390
814.13273147 350.63889197
814.13273147 355.49803283
800.83403017 359.07845241
801.60126293 354.73080006
807.99486933 354.73080006
820.52633786 356.52100985
837.40545874 359.58994092
840.98587832 359.58994092
840.98587832 355.24228858
835.35950469 347.82570516
830.50036383 349.10442644
828.96589830 356.26526560
857.60925494 352.42910176
851.47139280 356.26526560
883.69516903 358.05547539
878.83602817 360.86866220
859.39946473 359.58994092
853.00585834 360.86866220
887.53133286 364.19333753
921.28957462 359.07845241
908.50236184 360.10142943
911.05980439 357.28824262
915.40745674 357.28824262
901.85301119 357.28824262
943.79506913 360.61291795
958.11674745 361.38015071
949.42144275 362.91461625
991.87498921 362.14738348
993.92094325 364.70482604
997.24561858 362.65887199
1001.59327093 364.96057029
1003.63922497 366.23929157
1007.73113306 362.14738348
1013.35750669 362.14738348
1010.28857562 362.14738348
1017.96090329 362.40312774
872.18667752 360.35717369
878.58028391 355.49803283
894.43642777 363.68184902
891.87898521 360.61291795
777.30555864 348.84868218
773.46939480 350.63889197
776.02683736 350.63889197
772.70216204 354.73080006
779.86300120 354.47505581
785.74511908 353.19633453
786.76809610 356.00952134
789.58128291 348.84868218
791.88298122 348.59293793
795.71914505 349.10442644
794.69616803 354.21931155
789.83702717 357.79973113
799.55530889 349.61591495
803.13572847 349.61591495
806.46040379 350.12740346
843.28757662 349.10442644
840.21864555 350.63889197
843.28757662 351.40612474
832.54631788 354.47505581
821.29357063 349.87165920
674.49636783 399.74178908
722.83203217 359.33419667
725.38947472 359.84568518
719.76310110 362.40312774
715.92693726 365.72780306
720.27458961 366.23929157
718.99586833 369.05247839
713.88098321 370.84268818
710.55630789 366.75078008
713.36949470 364.19333753
678.58827592 362.40312774
678.58827592 358.31121964
695.21165254 358.31121964
696.23462957 356.26526560
680.37848571 352.94059027
688.56230190 349.61591495
686.00485934 355.24228858
695.72314106 352.42910176
702.62823596 352.94059027
634.34451968 363.93759327
620.02284136 362.14738348
618.99986433 368.02950136
615.41944475 357.54398688
614.39646773 355.75377709
616.95391029 351.91761325
620.27858561 359.07845241
631.53133286 358.56696390
631.01984435 354.21931155
650.96789630 358.56696390
646.62024395 362.40312774
656.59426993 358.31121964
648.15470949 354.47505581
655.05980439 354.47505581
661.96489930 355.75377709
668.10276144 355.24228858
668.35850569 351.15038048
661.96489930 351.66186900
668.35850569 345.26826260
667.33552867 347.56996090
674.75211209 347.05847239
673.98487932 350.38314772
682.16869550 347.05847239
665.28957462 341.17635451
648.66619800 337.08444642
643.03982437 336.82870216
633.83303117 337.59593493
630.50835584 330.94658428
636.13472947 329.15637449
626.92793626 329.92360726
622.06879540 337.34019067
636.13472947 334.52700386
691.88697722 331.96956130
717.71714705 346.03549537
714.39247173 352.94059027
706.46439980 358.31121964
704.67419001 361.38015071
762.72813606 347.05847239
754.54431988 349.87165920
749.94092327 348.33719367
748.40645774 353.45207879
741.75710709 354.98654432
737.92094325 355.75377709
739.71115304 346.54698388
728.71415005 346.29123962
722.57628791 347.31421665
729.99287133 348.84868218
723.85500919 351.66186900
704.16270150 348.08144941
701.86100319 346.80272814
691.88697722 345.52400686
687.28358062 343.73379707
682.93592827 341.43209877
694.70016403 341.17635451
658.89596823 343.47805281
640.99387033 348.84868218
638.18068351 346.54698388
633.06579840 341.43209877
619.76709710 346.03549537
615.67518901 345.01251835
605.44541878 344.75677409
604.16669750 340.92061025
578.59227193 349.61591495
579.87099320 354.47505581
573.98887532 362.65887199
575.52334086 342.45507579
581.40545874 341.94358728
571.43143276 349.10442644
572.45440979 344.75677409
588.56629790 339.38614472
580.12673746 336.57295791
645.08577842 342.96656430
649.43343077 342.96656430
610.04881538 346.80272814
610.04881538 340.15337749
608.00286134 340.40912174
613.62923496 339.64188898
614.65221199 339.89763323
617.20965454 340.15337749
621.30156263 340.66486600
585.75311109 346.03549537
586.77608811 340.92061025
587.79906513 341.17635451
590.61225195 342.45507579
581.14971448 357.79973113
585.49736683 358.05547539
689.84102317 362.65887199
732.80605814 347.31421665
734.34052367 346.54698388
742.01285135 352.42910176
751.98687732 361.63589497
760.68218202 359.33419667
759.40346074 352.17335751
377.83303117 360.35717369
383.97089330 360.35717369
386.27259161 360.35717369
390.36449970 361.89163922
400.59426993 358.05547539
401.10575844 360.61291795
402.38447972 326.59893193
318.50036383 324.80872214
322.59227193 325.32021065
327.19566853 326.59893193
332.82204216 325.83169917
335.89097322 325.83169917
346.12074345 323.53000086
455.83502917 357.03249837
450.97588831 361.12440646
449.44142277 362.40312774
476.03882537 356.52100985
485.24561858 358.82270816
476.03882537 359.58994092
467.59926493 359.84568518
484.98987432 353.96356730
500.07878541 358.05547539
495.21964455 351.15038048
497.77708711 349.36017069
499.82304116 349.10442644
323.35950469 356.52100985
319.77908511 359.33419667
317.98887532 356.77675411
313.38547872 358.05547539
330.00885534 359.58994092
332.82204216 361.63589497
335.12374046 363.68184902
337.16969450 359.58994092
336.91395025 353.96356730
343.56330090 354.21931155
346.88797622 357.54398688
352.51434985 355.49803283
362.23263157 353.45207879
359.41944475 356.77675411
374.76410010 357.79973113
369.90495924 357.79973113
387.03982437 356.52100985
391.38747672 356.00952134
401.87299121 355.75377709
404.68617802 355.75377709
409.80106313 358.56696390
421.56529890 360.61291795
431.53932487 358.56696390
415.68318102 365.72780306
420.03083336 368.02950136
416.45041378 369.05247839
443.04781638 354.98654432
448.41844575 357.03249837
451.99886533 357.03249837
448.92993426 347.31421665
443.30356064 351.66186900
447.39546873 343.47805281
441.00186234 345.52400686
425.65720699 345.01251835
429.49337083 343.22230856
422.33253167 343.98954132
413.38148271 341.94358728
408.77808611 341.94358728
401.36150269 341.94358728
398.54831588 342.45507579
387.55131288 342.45507579
394.71215205 340.15337749
390.87598821 340.40912174
379.87898521 344.75677409
372.71814605 345.01251835
366.32453966 344.75677409
369.64921498 343.47805281
361.20965454 345.01251835
356.60625794 345.01251835
356.09476943 343.73379707
349.44541878 343.73379707
512.35450969 354.98654432
520.28258162 355.49803283
525.65321099 356.00952134
507.49536883 364.96057029
516.44641778 368.54098987
522.32853566 369.81971115
519.25960459 361.89163922
540.23063356 357.79973113
535.11574845 357.79973113
533.32553866 354.47505581
539.71914505 353.96356730
544.57828591 350.63889197
552.50635784 350.89463623
536.90595824 365.72780306
538.44042377 372.37715371
542.78807612 373.40013073
524.37448971 347.56996090
511.07578841 348.84868218
512.35450969 348.84868218
505.96090329 343.73379707
503.91494925 348.59293793
517.72513906 348.84868218
520.02683736 345.01251835
376.81005414 354.47505581
370.41644775 353.19633453
340.23862557 360.86866220
394.71215205 350.89463623
383.20366054 353.19633453
390.36449970 347.31421665
394.71215205 347.31421665
379.87898521 348.59293793
397.52533886 350.89463623
385.76110309 349.87165920
403.66320100 349.87165920
411.59127292 352.17335751
417.72913506 352.17335751
416.96190230 355.24228858
415.93892527 359.58994092
425.14571848 354.98654432
429.49337083 349.87165920
422.33253167 348.84868218
430.00485934 353.70782304
435.11974445 353.70782304
435.11974445 357.54398688
456.60226194 351.40612474
462.99586833 351.15038048
459.67119300 350.89463623
481.66519900 347.05847239
486.26859560 346.29123962
487.54731688 347.56996090
490.10475944 346.54698388
469.13373047 357.03249837
462.99586833 355.49803283
471.17968451 345.52400686
465.55331089 346.54698388
343.81904515 347.82570516
323.35950469 346.80272814
326.17269151 346.54698388
330.26459960 349.10442644
335.37948471 346.54698388
307.24761658 354.73080006
301.87698721 352.42910176
308.78208212 348.59293793
320.03482937 340.40912174
324.38248172 339.89763323
325.14971448 341.43209877
327.70715704 341.43209877
328.73013406 342.19933153
330.52034385 342.19933153
332.56629790 342.19933153
333.58927492 341.94358728
328.47438981 338.61891195
328.21864555 338.61891195
319.01185235 343.47805281
320.80206214 342.71082004
321.82503916 342.71082004
325.91694725 343.98954132
340.23862557 343.22230856
332.82204216 343.73379707
301.87698721 339.38614472
298.80805614 341.17635451
300.08677742 346.54698388
308.52633786 343.73379707
304.17868551 348.59293793
313.12973446 341.17635451
313.12973446 346.29123962
298.80805614 358.56696390
299.06380040 371.86566520
321.05780639 376.72480606
322.08078341 380.56096989
325.91694725 380.30522564
323.87099320 383.62990096
327.70715704 384.65287799
320.54631788 383.11841245
310.82803616 383.62990096
314.15271149 380.56096989
314.15271149 377.49203883
315.43143276 373.91161924
313.64122297 372.63289797
315.94292128 370.33119966
307.50336084 383.88564522
313.64122297 394.37115970
318.50036383 391.04648438
335.12374046 387.97755331
362.99986433 393.34818268
354.56030389 396.92860226
360.44242178 398.71881205
367.85900519 394.11541545
358.90795624 387.46606480
364.53432987 389.00053033
360.44242178 381.83969117
401.36150269 399.99753333
400.08278142 402.04348738
407.75510909 405.62390696
460.43842577 401.02051035
450.46439980 401.02051035
454.04481938 395.39413673
457.36949470 389.00053033
459.67119300 396.16136949
426.42443976 380.04948138
421.82104315 382.60692394
426.68018401 386.95457629
315.17568851 352.68484602
322.84801618 352.68484602
330.00885534 353.19633453
348.42244176 350.12740346
353.53732687 346.54698388
356.09476943 348.08144941
363.25560859 347.05847239
374.50835584 350.12740346
366.83602817 349.10442644
403.15171249 346.54698388
408.26659760 347.05847239
275.79107312 363.93759327
272.72214206 365.47205881
267.09576843 363.93759327
296.76210210 363.42610476
299.83103316 359.33419667
288.57828591 359.84568518
279.88298122 364.96057029
287.04382038 355.75377709
274.76809610 357.28824262
270.16469950 357.28824262
267.60725694 357.79973113
258.40046373 360.35717369
278.34851568 356.26526560
278.86000419 349.61591495
275.27958461 348.59293793
261.98088331 354.21931155
256.35450969 355.24228858
245.61325095 356.77675411
238.96390030 356.77675411
294.71614805 349.10442644
284.99786633 353.70782304
291.13572847 353.70782304
288.06679740 352.68484602
286.53233187 346.54698388
157.12573846 357.54398688
177.84102317 354.47505581
183.97888531 360.35717369
187.30356064 356.77675411
190.88398022 356.77675411
195.48737682 356.26526560
197.02184236 356.26526560
189.09377043 361.63589497
195.23163256 363.17036050
195.23163256 363.42610476
192.16270150 366.23929157
202.13672747 362.40312774
209.55331089 357.79973113
213.13373047 357.54398688
213.90096323 392.83669417
200.85800619 429.91961125
89.60925494 410.48304782
78.61225195 404.08944142
75.03183237 410.22730356
120.29856563 342.19933153
69.91694725 341.94358728
72.98587832 341.68784302
74.00885534 341.68784302
77.33353067 341.68784302
77.33353067 341.68784302
78.35650769 341.94358728
94.97988431 343.73379707
99.07179241 344.75677409
104.69816603 345.26826260
109.04581838 346.29123962
130.78408012 343.47805281
152.01085334 357.79973113
144.85001418 358.82270816
136.66619800 358.82270816
131.55131288 362.14738348
138.71215205 354.21931155
140.50236184 354.21931155
134.10875544 355.24228858
146.12873546 354.98654432
151.24362058 354.21931155
161.98487932 352.17335751
155.84701718 348.33719367
146.89596823 342.96656430
150.22064355 342.96656430
138.96789630 348.59293793
138.45640779 342.45507579
129.24961458 350.38314772
122.85600819 353.96356730
121.83303117 357.28824262
128.22663756 355.24228858
145.87299121 350.89463623
163.51934485 346.03549537
113.64921498 360.61291795
112.62623796 359.33419667
107.51135284 359.84568518
101.62923496 360.86866220
95.49137282 362.40312774
92.67818601 360.35717369
94.72414006 353.96356730
101.11774645 358.31121964
99.07179241 354.98654432
104.18667752 352.94059027
109.30156263 353.19633453
114.16070349 351.40612474
100.60625794 350.12740346
92.93393027 350.12740346
86.79606813 354.98654432
82.44841578 357.54398688
81.68118301 359.84568518
86.54032387 359.07845241
83.98288132 349.87165920
77.84501918 350.12740346
71.96290130 348.59293793
75.28757662 346.54698388
75.54332088 353.45207879
79.12374046 353.70782304
72.21864555 356.77675411
77.58927492 357.79973113
84.49436983 355.75377709
86.79606813 350.12740346
87.05181239 345.26826260
81.68118301 345.26826260
118.50835584 348.08144941
114.41644775 353.19633453
110.32453966 353.70782304
52.14272148 324.55297789
55.21165254 324.55297789
56.23462957 324.80872214
58.28058361 324.80872214
61.60525894 324.80872214
64.67419001 324.80872214
68.76609810 329.92360726
63.65121298 327.87765321
69.53333087 324.29723363
74.13672747 324.29723363
75.67119300 324.29723363
57.51335085 361.38015071
57.51335085 362.91461625
32.19466953 367.26226860
23.75510909 364.70482604
25.03383037 353.70782304
32.96190230 349.61591495
32.96190230 346.03549537
36.28657762 345.52400686
34.75211209 356.52100985
36.54232188 358.05547539
40.12274146 357.03249837
39.35550869 353.19633453
48.56230190 349.87165920
52.14272148 351.91761325
45.74911508 356.00952134
47.79506913 351.40612474
50.09676743 355.49803283
51.37548871 356.77675411
60.58228192 352.17335751
60.58228192 350.12740346
64.92993426 348.08144941
66.97588831 354.21931155
61.34951468 357.54398688
15.31554865 349.36017069
3.29556863 344.75677409
8.41045374 342.96656430
10.71215205 344.24528558
15.57129290 343.98954132
19.40745674 343.98954132
27.59127292 343.98954132
23.49936483 347.82570516
19.40745674 349.36017069
13.26959460 357.03249837
9.43343077 364.96057029
41.40146273 347.82570516
45.49337083 347.82570516
40.88997422 342.96656430
47.53932487 344.75677409
50.86400020 342.96656430
55.46739680 343.47805281
37.30955464 377.23629457
33.98487932 372.12140945
41.91295125 361.63589497
53.16569850 348.33719367
53.93293127 350.89463623
59.55930489 344.50102983
18.12873546 353.19633453
16.85001418 354.21931155
