82.88148148 617.18333333
138.37037037 619.70555556
88.76666667 552.44629630
54.29629630 501.16111111
85.40370370 488.55000000
5.53333333 484.34629630
118.19259259 506.20555556
180.40740741 536.47222222
235.89629630 575.98703704
314.08518519 600.36851852
387.22962963 631.47592593
442.71851852 606.25370370
498.20740741 645.76851852
565.46666667 570.94259259
602.45925926 539.83518519
652.06296296 639.88333333
636.92962963 591.96111111
697.46296296 508.72777778
678.12592593 471.73518519
605.82222222 485.18703704
779.01481481 541.51666667
759.67777778 602.89074074
805.91851852 649.97222222
871.49629630 573.46481481
878.22222222 507.04629630
787.42222222 465.00925926
778.17407407 507.88703704
813.48518519 356.55370370
895.03703704 385.13888889
894.19629630 342.26111111
871.49629630 327.12777778
880.74444444 302.74629630
826.09629630 319.56111111
796.67037037 333.01296296
813.48518519 302.74629630
826.09629630 282.56851852
874.85925926 274.16111111
753.79259259 379.25370370
742.86296296 354.87222222
758.83703704 331.33148148
770.60740741 333.85370370
750.42962963 341.42037037
755.47407407 297.70185185
700.82592593 313.67592593
715.95925926 304.42777778
667.19629630 359.91666667
685.69259259 362.43888889
673.08148148 392.70555556
581.44074074 418.76851852
542.76666667 445.67222222
553.69629630 412.04259259
528.47407407 394.38703704
477.18888889 421.29074074
488.95925926 391.86481481
450.28518519 401.11296296
423.38148148 449.87592593
494.00370370 542.35740741
488.11851852 496.11666667
395.63703704 542.35740741
404.88518519 502.84259259
361.16666667 463.32777778
391.43333333 437.26481481
377.98148148 396.90925926
425.06296296 359.91666667
473.82592593 344.78333333
494.00370370 327.12777778
560.42222222 334.69444444
627.68148148 339.73888889
293.06666667 458.28333333
257.75555556 469.21296296
299.79259259 418.76851852
227.48888889 426.33518519
187.13333333 458.28333333
208.99259259 502.00185185
272.04814815 537.31296296
322.49259259 549.92407407
348.55555556 364.12037037
366.21111111 331.33148148
395.63703704 341.42037037
347.71481481 338.05740741
320.81111111 338.05740741
337.62592593 305.26851852
345.19259259 283.40925926
383.86666667 270.79814815
404.04444444 280.04629630
406.56666667 302.74629630
438.51481481 331.33148148
446.92222222 307.79074074
468.78148148 303.58703704
489.80000000 280.04629630
437.67407407 276.68333333
453.64814815 259.02777778
532.67777778 265.75370370
559.58148148 265.75370370
524.27037037 293.49814815
515.02222222 308.63148148
592.37037037 293.49814815
580.60000000 323.76481481
575.55555556 304.42777778
638.61111111 322.92407407
651.22222222 312.83518519
626.84074074 303.58703704
647.01851852 284.25000000
658.78888889 250.62037037
608.34444444 256.50555556
697.46296296 269.95740741
710.91481481 252.30185185
706.71111111 232.96481481
680.64814815 295.17962963
731.93333333 286.77222222
746.22592593 261.55000000
768.08518519 258.18703704
807.60000000 268.27592593
805.07777778 243.89444444
840.38888889 243.05370370
883.26666667 247.25740741
858.88518519 274.16111111
108.10370370 425.49444444
142.57407407 444.83148148
197.22222222 401.11296296
140.05185185 386.82037037
12.25925926 436.42407407
6.37407407 408.67962963
46.72962963 396.06851852
15.62222222 367.48333333
38.32222222 361.59814815
73.63333333 352.35000000
68.58888889 380.93518519
150.98148148 355.71296296
203.10740741 366.64259259
271.20740741 364.96111111
266.16296296 335.53518519
243.46296296 336.37592593
267.84444444 311.99444444
255.23333333 296.86111111
214.03703704 325.44629630
179.56666667 320.40185185
204.78888889 295.17962963
170.31851852 302.74629630
187.97407407 276.68333333
156.86666667 296.86111111
132.48518519 276.68333333
153.50370370 266.59444444
182.92962963 247.25740741
241.78148148 265.75370370
244.30370370 246.41666667
228.32962963 240.53148148
217.40000000 237.16851852
189.65555556 227.92037037
292.22592593 277.52407407
315.76666667 274.16111111
337.62592593 253.98333333
342.67037037 236.32777778
285.50000000 246.41666667
278.77407407 235.48703704
273.72962963 212.78703704
317.44814815 224.55740741
331.74074074 211.10555556
315.76666667 201.01666667
340.14814815 183.36111111
359.48518519 192.60925926
365.37037037 211.94629630
379.66296296 215.30925926
393.95555556 200.17592593
415.81481481 204.37962963
435.99259259 206.90185185
422.54074074 225.39814815
426.74444444 238.85000000
462.89629630 222.03518519
481.39259259 233.80555556
498.20740741 222.03518519
511.65925926 207.74259259
478.02962963 192.60925926
462.89629630 201.01666667
543.60740741 220.35370370
562.10370370 195.97222222
524.27037037 206.90185185
526.79259259 188.40555556
590.68888889 238.00925926
591.52962963 218.67222222
621.79629630 216.99074074
607.50370370 189.24629630
573.87407407 189.24629630
591.52962963 193.45000000
584.80370370 174.11296296
621.79629630 168.22777778
628.52222222 168.22777778
648.70000000 203.53888889
661.31111111 192.60925926
660.47037037 177.47592593
673.08148148 168.22777778
684.01111111 230.44259259
692.41851852 208.58333333
695.78148148 191.76851852
701.66666667 174.95370370
702.50740741 158.97962963
730.25185185 185.88333333
736.97777778 211.10555556
731.93333333 239.69074074
777.33333333 213.62777778
792.46666667 208.58333333
831.14074074 206.06111111
840.38888889 190.08703704
873.17777778 179.15740741
883.26666667 203.53888889
871.49629630 157.29814815
859.72592593 151.41296296
863.08888889 139.64259259
868.97407407 129.55370370
874.85925926 117.78333333
897.55925926 122.82777778
846.27407407 117.78333333
829.45925926 138.80185185
825.25555556 169.06851852
841.22962963 164.86481481
824.41481481 187.56481481
798.35185185 123.66851852
797.51111111 143.00555556
789.10370370 149.73148148
782.37777778 169.06851852
779.85555556 193.45000000
770.60740741 124.50925926
754.63333333 145.52777778
749.58888889 160.66111111
749.58888889 181.67962963
729.41111111 122.82777778
738.65925926 113.57962963
701.66666667 118.62407407
692.41851852 128.71296296
678.12592593 144.68703704
672.24074074 150.57222222
645.33703704 159.82037037
639.45185185 143.00555556
659.62962963 127.03148148
679.80740741 116.10185185
635.24814815 128.71296296
606.66296296 144.68703704
593.21111111 134.59814815
598.25555556 121.14629630
608.34444444 114.42037037
568.82962963 146.36851852
556.21851852 136.27962963
571.35185185 128.71296296
559.58148148 121.98703704
574.71481481 164.02407407
631.88518519 154.77592593
547.81111111 168.22777778
559.58148148 168.22777778
533.51851852 147.20925926
522.58888889 121.98703704
511.65925926 140.48333333
496.52592593 143.00555556
483.07407407 155.61666667
472.98518519 164.86481481
493.16296296 174.11296296
487.27777778 185.04259259
457.01111111 173.27222222
436.83333333 191.76851852
420.01851852 179.99814815
438.51481481 170.75000000
442.71851852 160.66111111
442.71851852 135.43888889
475.50740741 132.07592593
491.48148148 125.35000000
456.17037037 127.03148148
462.89629630 123.66851852
402.36296296 158.97962963
412.45185185 156.45740741
408.24814815 137.96111111
418.33703704 130.39444444
406.56666667 116.94259259
383.02592593 119.46481481
369.57407407 125.35000000
371.25555556 142.16481481
361.16666667 158.13888889
347.71481481 166.54629630
372.09629630 170.75000000
350.23703704 117.78333333
337.62592593 147.20925926
326.69629630 164.02407407
314.08518519 169.90925926
303.15555556 161.50185185
298.11111111 125.35000000
298.95185185 116.10185185
299.79259259 144.68703704
286.34074074 140.48333333
266.16296296 138.80185185
250.18888889 142.16481481
237.57777778 154.77592593
249.34814815 164.86481481
250.18888889 180.83888889
280.45555556 164.02407407
291.38518519 155.61666667
248.50740741 226.23888889
245.14444444 116.94259259
228.32962963 132.91666667
218.24074074 121.14629630
213.19629630 158.97962963
196.38148148 154.77592593
187.97407407 177.47592593
212.35555556 177.47592593
208.15185185 193.45000000
125.75925926 233.80555556
141.73333333 191.76851852
158.54814815 190.92777778
173.68148148 169.90925926
170.31851852 143.84629630
184.61111111 123.66851852
197.22222222 126.19074074
150.14074074 129.55370370
137.52962963 127.87222222
139.21111111 142.16481481
144.25555556 152.25370370
135.84814815 165.70555556
146.77777778 166.54629630
126.60000000 177.47592593
108.10370370 169.06851852
102.21851852 145.52777778
125.75925926 131.23518519
103.90000000 129.55370370
78.67777778 145.52777778
63.54444444 162.34259259
66.06666667 142.16481481
38.32222222 148.89074074
43.36666667 120.30555556
16.46296296 180.83888889
9.73703704 231.28333333
7.21481481 214.46851852
35.80000000 226.23888889
56.81851852 233.80555556
88.76666667 202.69814815
117.35185185 201.85740741
101.37777778 235.48703704
97.17407407 253.98333333
90.44814815 272.47962963
92.12962963 295.17962963
67.74814815 317.03888889
50.09259259 322.92407407
19.82592593 290.13518519
28.23333333 270.79814815
43.36666667 257.34629630
29.07407407 328.80925926
1.32962963 317.03888889
371.25555556 248.93888889
451.96666667 231.28333333
524.27037037 245.57592593
1020.91958042 107.76123876
994.32217782 534.34265734
999.43706294 491.37762238
975.90859141 444.32067932
1003.52897103 587.53746254
1018.87362637 623.34165834
1006.59790210 666.30669331
997.39110889 361.45954046
963.63286713 349.18381618
1011.71278721 333.83916084
1012.73576424 293.94305694
1007.62087912 279.62137862
978.97752248 267.34565435
996.36813187 245.86313686
963.63286713 253.02397602
926.80569431 285.75924076
930.89760240 263.25374625
930.89760240 247.90909091
943.17332667 238.70229770
933.96653347 226.42657343
926.80569431 214.15084915
938.05844156 325.65534466
952.38011988 348.16083916
924.75974026 375.78121878
900.20829171 257.11588412
982.04645355 233.58741259
976.93156843 209.03596404
970.79370629 179.36963037
923.73676324 182.43856144
960.56393606 163.00199800
912.48401598 169.13986014
906.34615385 132.31268731
942.15034965 135.38161838
942.15034965 120.03696304
942.15034965 108.78421578
904.30019980 111.85314685
902.25424575 104.69230769
934.98951049 91.39360639
999.43706294 95.48551449
986.13836164 92.41658342
980.00049950 69.91108891
995.34515485 68.88811189
998.41408591 58.65834166
992.27622378 43.31368631
991.25324675 28.99200799
961.58691309 53.54345654
978.97752248 49.45154845
950.33416583 46.38261738
931.92057942 47.40559441
868.49600400 65.81918082
891.00149850 105.71528472
867.47302697 101.62337662
855.19730270 97.53146853
850.08241758 78.09490509
840.87562438 76.04895105
827.57692308 67.86513487
818.37012987 72.98001998
817.34715285 88.32467532
833.71478521 102.64635365
835.76073926 89.34765235
798.93356643 81.16383616
803.02547453 58.65834166
794.84165834 57.63536464
782.56593407 60.70429570
775.40509491 78.09490509
777.45104895 87.30169830
775.40509491 114.92207792
765.17532468 100.60039960
750.85364635 90.37062937
747.78471528 75.02597403
756.99150849 74.00299700
761.08341658 59.68131868
735.50899101 65.81918082
720.16433566 69.91108891
722.21028971 83.20979021
724.25624376 96.50849151
732.44005994 104.69230769
714.02647353 89.34765235
704.81968032 108.78421578
706.86563437 102.64635365
696.63586414 92.41658342
700.72777223 88.32467532
694.58991009 81.16383616
703.79670330 78.09490509
694.58991009 68.88811189
667.99250749 68.88811189
651.62487512 69.91108891
660.83166833 88.32467532
654.69380619 92.41658342
635.25724276 103.66933067
639.34915085 98.55444555
634.23426573 87.30169830
634.23426573 72.98001998
628.09640360 61.72727273
576.94755245 79.11788212
596.38411588 75.02597403
606.61388611 70.93406593
609.68281718 82.18681319
614.79770230 104.69230769
604.56793207 96.50849151
571.83266733 115.94505495
576.94755245 109.80719281
543.18931069 68.88811189
545.23526474 77.07192807
548.30419580 88.32467532
536.02847153 100.60039960
504.31618382 86.27872128
515.56893107 81.16383616
525.79870130 70.93406593
504.31618382 68.88811189
496.13236763 77.07192807
485.90259740 85.25574426
479.76473526 70.93406593
474.64985015 79.11788212
471.58091908 86.27872128
464.42007992 85.25574426
465.44305694 106.73826174
451.12137862 109.80719281
428.61588412 106.73826174
414.29420579 105.71528472
422.47802198 93.43956044
427.59290709 87.30169830
430.66183816 72.98001998
439.86863137 71.95704296
409.17932068 81.16383616
404.06443556 94.46253746
394.85764236 107.76123876
353.93856144 104.69230769
376.44405594 94.46253746
369.28321678 83.20979021
383.60489510 87.30169830
383.60489510 75.02597403
391.78871129 88.32467532
353.93856144 74.00299700
358.03046953 84.23276723
345.75474525 81.16383616
341.66283716 92.41658342
330.41008991 98.55444555
328.36413586 113.89910090
301.76673327 108.78421578
310.97352647 99.57742258
317.11138861 89.34765235
329.38711289 84.23276723
329.38711289 71.95704296
304.83566434 82.18681319
289.49100899 94.46253746
277.21528472 97.53146853
266.98551449 82.18681319
241.41108891 82.18681319
218.90559441 70.93406593
249.59490509 100.60039960
265.96253746 107.76123876
240.38811189 103.66933067
145.25124875 67.86513487
124.79170829 90.37062937
106.37812188 88.32467532
85.91858142 96.50849151
67.50499500 56.61238761
64.43606394 80.14085914
73.64285714 101.62337662
39.88461538 87.30169830
23.51698302 109.80719281
9.19530470 91.39360639
22.49400599 92.41658342
4.08041958 115.94505495
3.05744256 132.31268731
10.21828172 144.58841159
36.81568432 37.17582418
71.59690310 35.12987013
62.39010989 35.12987013
81.82667333 27.96903097
101.26323676 20.80819181
130.92957043 24.90009990
206.62987013 31.03796204
222.99750250 31.03796204
283.35314685 22.85414585
307.90459540 26.94605395
336.54795205 22.85414585
27.35314685 23.44130869
41.16333666 35.71703297
89.75474525 15.25749251
114.81768232 12.18856144
108.16833167 35.20554446
151.13336663 14.74600400
135.78871129 18.32642358
178.75374625 15.25749251
181.82267732 23.44130869
203.30519481 18.83791209
219.16133866 18.32642358
247.80469530 17.81493506
259.05744256 27.02172827
270.82167832 15.25749251
299.97652348 16.79195804
325.55094905 14.74600400
363.91258741 24.97577423
379.25724276 13.21153846
398.69380619 15.25749251
391.53296703 13.72302697
420.17632368 18.32642358
465.69880120 17.81493506
443.19330669 21.39535465
498.94555445 18.32642358
504.06043956 13.21153846
68.27222777 21.90684316
78.50199800 180.97977023
34.51398601 179.44530470
172.10439560 125.22752248
258.03446553 128.29645355
183.35714286 216.78396603
448.81968032 148.24450549
431.94055944 154.38236763
497.41108891 113.97477522
410.45804196 74.59015984
505.59490509 170.75000000
402.27422577 202.97377622
387.46103896 24.14219765
435.46103896 12.92141843
460.08441558 10.42791193
523.35714286 15.10323661
533.95454545 11.05128856
603.46103896 11.98635349
572.60389610 69.02531453
572.29220779 99.88245739
558.26623377 91.77856128
529.90259740 117.64869115
538.00649351 115.15518466
546.73376623 115.46687297
546.73376623 105.18115869
520.24025974 171.25908076
450.73376623 99.88245739
346.62987013 149.80519481
352.39610390 11.36297687
367.35714286 6.99934050
294.11038961 7.62271713
212.13636364 10.73960024
33.74675325 13.64735265
52.16033966 14.67032967
21.47102897 7.50949051
9.19530470 10.57842158
654.69380619 7.50949051
634.23426573 7.50949051
457.25924076 571.16983017
