31.77872128 309.30719281
70.18031968 306.21028971
8.24225774 256.65984016
10.10039960 223.83266733
13.19730270 199.05744256
8.24225774 181.09540460
20.62987013 169.94655345
29.92057942 176.75974026
36.11438561 200.91558442
26.82367632 191.00549451
38.59190809 184.81168831
60.27022977 195.96053946
57.79270729 228.78771229
86.90359640 220.73576424
101.76873127 285.77072927
142.02847153 258.51798202
139.55094905 282.05444555
134.59590410 221.97452547
128.40209790 204.01248751
105.48501499 208.34815185
112.29820180 189.14735265
85.04545455 179.85664336
65.84465534 164.99150849
54.07642358 171.18531469
37.97252747 124.73176823
16.29420579 154.46203796
11.95854146 140.83566434
15.67482517 127.82867133
26.82367632 125.35114885
23.10739261 112.96353646
31.15934066 113.58291708
41.68881119 112.96353646
52.21828172 124.11238761
67.70279720 145.79070929
75.75474525 151.98451548
60.88961039 134.02247752
92.47802198 130.30619381
93.09740260 160.03646354
88.14235764 147.02947053
111.67882118 148.26823177
132.11838162 169.94655345
124.06643357 161.27522478
134.59590410 145.79070929
105.48501499 111.72477522
135.83466533 124.73176823
135.21528472 106.15034965
119.11138861 94.38211788
102.38811189 97.47902098
99.91058941 86.33016983
91.85864136 98.09840160
73.89660340 124.73176823
68.32217782 107.38911089
60.27022977 112.34415584
73.89660340 98.09840160
36.11438561 86.94955045
36.11438561 98.71778222
10.10039960 99.95654346
10.71978022 83.23326673
6.38411588 69.60689311
29.30119880 73.32317682
37.97252747 60.93556444
28.06243756 60.93556444
30.53996004 49.16733267
45.40509491 53.50299700
54.69580420 46.68981019
58.41208791 60.93556444
60.27022977 55.98051948
72.03846154 55.98051948
75.13536464 69.60689311
57.79270729 75.80069930
72.65784216 85.71078921
92.47802198 77.65884116
85.66483516 86.33016983
109.82067932 82.61388611
117.87262737 78.27822178
107.34315684 68.36813187
99.29120879 64.65184815
89.38111888 57.83866134
80.09040959 53.50299700
73.27722278 46.07042957
89.38111888 50.40609391
35.49500500 41.11538462
37.97252747 33.68281718
43.54695305 25.63086913
11.95854146 55.36113886
8.24225774 46.07042957
6.38411588 35.54095904
11.33916084 28.72777223
10.10039960 18.81768232
23.10739261 23.77272727
26.20429570 17.57892108
60.27022977 36.77972028
57.79270729 26.25024975
70.18031968 26.25024975
64.60589411 20.05644356
89.38111888 32.44405594
81.32917083 23.15334665
89.38111888 25.01148851
99.29120879 22.53396603
103.00749251 36.77972028
96.81368631 39.87662338
86.28421578 41.11538462
97.43306693 46.07042957
101.14935065 53.50299700
109.20129870 55.36113886
122.20829171 57.83866134
129.02147852 73.32317682
134.59590410 73.94255744
136.45404595 58.45804196
128.40209790 46.68981019
138.31218781 31.82467532
122.20829171 26.86963037
117.25324675 35.54095904
112.29820180 13.86263736
110.44005994 30.58591409
137.69280719 15.10139860
124.06643357 17.57892108
146.36413586 15.72077922
152.55794206 81.37512488
137.69280719 88.80769231
159.99050949 136.50000000
148.22227772 115.44105894
161.22927073 91.28521479
171.75874126 98.09840160
171.13936064 72.08441558
164.94555445 77.65884116
162.46803197 65.89060939
154.41608392 65.89060939
154.41608392 53.50299700
150.08041958 40.49600400
163.70679321 42.35414585
174.23626374 35.54095904
171.75874126 57.83866134
176.09440559 48.54795205
187.86263736 68.36813187
185.38511489 93.76273726
179.81068931 78.27822178
194.05644356 105.53096903
186.00449550 119.15734266
177.33316683 114.20229770
169.28121878 128.44805195
176.71378621 137.11938062
167.42307692 153.84265734
169.90059940 173.04345654
158.13236763 182.95354645
151.93856144 169.32717283
151.93856144 159.41708292
149.46103896 142.69380619
187.24325674 150.74575425
189.72077922 133.40309690
205.20529471 142.07442557
205.82467532 122.25424575
215.11538462 112.34415584
229.36113886 131.54495504
233.69680320 120.39610390
229.36113886 151.36513487
233.69680320 166.84965035
218.83166833 166.84965035
216.97352647 159.41708292
207.06343656 169.32717283
193.43706294 173.04345654
176.09440559 192.24425574
180.43006993 217.63886114
150.69980020 208.34815185
206.44405594 215.78071928
196.53396603 194.10239760
208.92157842 197.81868132
223.16733267 191.62487512
234.93556444 220.11638362
240.50999001 324.79170829
168.66183816 323.55294705
193.43706294 321.69480519
281.38911089 272.14435564
286.34415584 203.39310689
258.47202797 201.53496503
260.33016983 180.47602398
241.12937063 187.28921079
239.27122877 205.25124875
282.00849151 188.52797203
272.71778222 183.57292707
265.28521479 166.84965035
271.47902098 157.55894106
285.72477522 172.42407592
304.30619381 184.19230769
310.50000000 197.19930070
315.45504496 211.44505495
251.65884116 140.83566434
243.60689311 137.73876124
251.65884116 124.73176823
245.46503497 112.34415584
262.80769231 111.10539461
272.71778222 116.67982018
261.56893107 134.64185814
278.29220779 133.40309690
298.11238761 136.50000000
298.11238761 150.74575425
284.48601399 150.74575425
318.55194805 154.46203796
324.74575425 143.31318681
312.97752248 137.73876124
312.35814186 125.35114885
298.73176823 128.44805195
298.73176823 121.63486513
298.11238761 112.96353646
228.74175824 101.19530470
211.39910090 97.47902098
215.73476523 87.56893107
192.81768232 80.13636364
203.96653347 75.80069930
199.63086913 70.22627373
194.05644356 60.93556444
202.72777223 53.50299700
190.34015984 49.78671329
186.00449550 40.49600400
197.77272727 44.21228771
201.48901099 32.44405594
213.25724276 46.07042957
213.87662338 30.58591409
150.08041958 29.34715285
155.03546454 28.10839161
162.46803197 29.96653347
163.70679321 22.53396603
172.37812188 19.43706294
70.18031968 15.72077922
155.03546454 8.90759241
184.76573427 23.77272727
184.76573427 11.38511489
198.39210789 14.48201798
213.87662338 21.29520480
201.48901099 22.53396603
230.59990010 88.18831169
222.54795205 77.65884116
216.35414585 75.80069930
236.79370629 70.84565435
251.03946054 67.74875125
244.22627373 55.98051948
244.22627373 44.21228771
227.50299700 46.07042957
238.65184815 39.87662338
237.41308691 28.72777223
221.92857143 33.68281718
228.74175824 24.39210789
250.42007992 35.54095904
243.60689311 28.72777223
254.13636364 49.16733267
263.42707293 55.36113886
265.90459540 77.65884116
273.95654346 80.75574426
259.71078921 83.23326673
280.76973027 94.38211788
255.99450549 95.62087912
269.00149850 103.67282717
278.91158841 110.48601399
338.37212787 195.34115884
329.08141858 169.94655345
345.80469530 161.89460539
348.90159840 145.79070929
365.00549451 160.03646354
365.00549451 171.80469530
367.48301698 187.28921079
389.78071928 207.10939061
367.48301698 216.40009990
381.10939061 305.59090909
342.70779221 335.32117882
447.38311688 335.32117882
481.44905095 309.92657343
544.00649351 290.72577423
461.00949051 212.68381618
414.55594406 197.19930070
391.63886114 185.43106893
378.01248751 172.42407592
389.78071928 164.99150849
399.69080919 153.22327672
376.77372627 148.26823177
360.66983017 145.17132867
365.62487512 137.73876124
357.57292707 126.58991009
349.52097902 115.44105894
343.32717283 110.48601399
335.89460539 122.25424575
329.70079920 100.57592408
338.99150849 103.67282717
345.18531469 99.33716284
357.57292707 83.85264735
332.17832168 89.42707293
338.37212787 85.71078921
325.98451548 80.75574426
300.58991009 81.99450549
292.53796204 80.13636364
305.54495504 73.94255744
295.01548452 65.89060939
285.72477522 68.98751249
275.81468531 70.84565435
274.57592408 61.55494505
273.95654346 51.02547453
282.62787213 51.64485514
278.29220779 40.49600400
288.20229770 43.59290709
308.02247752 52.26423576
315.45504496 46.07042957
313.59690310 55.98051948
312.97752248 64.65184815
314.83566434 70.84565435
322.88761239 69.60689311
325.36513487 65.27122877
340.23026973 68.98751249
321.02947053 60.93556444
323.50699301 55.98051948
273.33716284 35.73876124
256.92357642 35.42907093
258.16233766 23.04145854
252.89760240 26.44805195
270.54995005 27.99650350
277.67282717 24.89960040
284.79570430 27.06743257
284.79570430 37.28721279
291.91858142 33.88061938
300.58991009 33.57092907
299.04145854 25.51898102
316.38411588 32.64185814
316.69380619 22.73176823
329.08141858 31.40309690
329.39110889 45.64885115
341.46903097 52.77172827
351.99850150 54.32017982
352.30819181 61.13336663
350.75974026 71.66283716
373.36713287 79.71478521
365.31518482 68.56593407
362.52797203 57.72677323
360.05044955 43.48101898
346.11438561 45.95854146
348.28221778 39.14535465
340.84965035 32.02247752
336.51398601 26.44805195
345.18531469 23.97052947
350.14035964 32.33216783
356.02447552 30.47402597
361.28921079 30.16433566
361.28921079 38.21628372
369.65084915 39.14535465
369.96053946 26.75774226
383.27722278 48.74575425
386.99350649 45.33916084
382.34815185 67.01748252
382.96753247 75.37912088
390.09040959 74.45004995
394.42607393 81.57292707
392.25824176 89.31518482
384.82567433 84.97952048
363.76673327 103.25124875
373.36713287 95.81868132
379.87062937 26.25024975
392.25824176 29.34715285
392.25824176 36.16033966
399.07142857 38.01848152
403.40709291 57.83866134
396.59390609 62.17432567
406.50399600 72.70379620
408.98151848 93.14335664
417.03346653 85.71078921
393.49700300 104.29220779
398.45204795 96.24025974
370.57992008 114.82167832
375.53496503 127.82867133
382.34815185 132.16433566
387.92257742 115.44105894
391.01948052 124.73176823
405.88461538 120.39610390
405.26523477 129.68681319
404.64585415 140.21628372
417.03346653 130.30619381
421.98851149 119.15734266
417.03346653 104.91158841
430.65984016 112.34415584
433.13736264 102.43406593
431.89860140 86.33016983
425.08541459 70.22627373
444.90559441 72.70379620
438.09240759 68.36813187
434.37612388 73.32317682
425.08541459 55.98051948
413.31718282 61.55494505
417.65284715 47.30919081
419.51098901 36.77972028
408.98151848 41.73476523
403.40709291 47.92857143
431.27922078 47.92857143
427.56293706 36.16033966
443.04745255 52.88361638
436.85364635 58.45804196
446.76373626 63.41308691
455.43506494 72.08441558
449.24125874 90.04645355
461.62887113 79.51698302
453.57692308 79.51698302
467.20329670 92.52397602
459.15134865 109.86663337
419.51098901 176.75974026
404.64585415 171.80469530
425.08541459 154.46203796
432.51798202 170.56593407
455.43506494 177.37912088
449.86063936 149.50699301
469.06143856 164.37212787
478.97152847 198.43806194
501.26923077 189.76673327
533.47702298 189.76673327
521.70879121 176.75974026
516.75374625 163.13336663
520.47002997 148.26823177
477.11338661 152.60389610
473.39710290 136.50000000
473.39710290 120.39610390
465.96453546 123.49300699
450.48001998 132.78371628
434.37612388 124.11238761
433.13736264 139.59690310
550.81968032 193.48301698
573.11738262 202.15434565
586.74375624 186.05044955
611.51898102 192.24425574
607.80269730 164.99150849
585.50499500 158.17832168
568.78171828 174.90159840
548.34215784 169.94655345
554.53596404 152.60389610
550.81968032 140.83566434
533.47702298 148.88761239
532.23826174 131.54495504
527.90259740 121.01548452
506.22427572 128.44805195
488.88161838 132.78371628
490.73976024 147.02947053
491.35914086 111.72477522
476.49400599 104.91158841
491.97852148 96.85964036
497.55294705 106.15034965
524.18631369 106.15034965
545.24525475 122.87362637
545.24525475 112.96353646
542.76773227 108.00849151
555.15534466 110.48601399
561.34915085 116.06043956
575.59490509 135.26123876
565.68481518 135.26123876
592.93756244 135.26123876
573.11738262 116.06043956
607.18331668 147.02947053
614.61588412 122.87362637
610.28021978 129.06743257
607.80269730 136.50000000
598.51198801 125.35114885
584.88561439 119.15734266
596.03446553 108.00849151
526.04445554 87.56893107
519.85064935 90.66583417
503.74675325 95.62087912
501.88861139 82.61388611
489.50099900 71.46503497
478.97152847 83.23326673
474.01648352 75.18131868
466.58391608 70.84565435
459.15134865 64.65184815
472.77772228 60.93556444
478.97152847 52.26423576
475.87462537 44.83166833
471.53896104 52.88361638
441.18931069 41.73476523
452.95754246 44.21228771
456.67382617 34.30219780
467.20329670 31.82467532
472.77772228 36.77972028
464.10639361 41.11538462
441.80869131 30.58591409
446.76373626 36.16033966
434.99550450 33.68281718
429.42107892 28.72777223
413.31718282 33.06343656
411.45904096 28.72777223
404.02647353 20.67582418
402.16833167 29.34715285
474.01648352 28.72777223
483.30719281 29.34715285
482.06843157 36.16033966
487.02347652 57.21928072
495.07542458 53.50299700
503.74675325 55.98051948
508.08241758 66.50999001
501.88861139 66.50999001
495.07542458 67.12937063
503.74675325 73.32317682
516.13436563 72.08441558
526.04445554 68.98751249
519.85064935 60.93556444
514.89560440 51.02547453
522.32817183 49.16733267
493.21728272 40.49600400
512.41808192 37.39910090
516.13436563 41.11538462
534.09640360 50.40609391
555.15534466 72.08441558
607.80269730 81.99450549
534.25124875 99.33716284
531.77372627 85.71078921
549.11638362 88.80769231
557.78771229 98.09840160
573.27222777 93.14335664
577.91758242 80.13636364
595.87962038 92.52397602
611.98351648 101.50499500
603.31218781 103.98251748
590.30519481 98.71778222
616.93856144 77.03946054
608.26723277 63.41308691
593.40209790 66.81968032
580.70479520 64.65184815
535.49000999 62.48401598
546.63886114 74.56193806
542.61288711 66.81968032
533.32217782 73.63286713
547.72277722 51.02547453
560.72977023 57.83866134
570.02047952 55.98051948
570.02047952 47.92857143
560.72977023 47.92857143
533.47702298 38.01848152
547.72277722 39.87662338
555.77472527 39.87662338
564.44605395 33.68281718
580.54995005 36.16033966
575.59490509 36.16033966
581.16933067 47.30919081
578.07242757 55.98051948
590.46003996 55.36113886
600.98951049 60.93556444
610.28021978 54.12237762
615.85464535 48.54795205
601.60889111 44.83166833
607.80269730 47.92857143
601.60889111 53.50299700
591.69880120 42.35414585
592.93756244 35.54095904
609.04145854 36.77972028
617.71278721 41.11538462
615.23526474 27.48901099
601.60889111 28.72777223
595.41508492 31.20529471
584.26623377 31.82467532
558.87162837 28.72777223
517.99250749 33.68281718
532.23826174 23.15334665
535.95454545 31.20529471
528.52197802 29.96653347
495.69480519 29.34715285
488.88161838 36.16033966
451.71878122 202.15434565
548.34215784 28.72777223
9.48101898 3.88661339
15.67482517 11.31918082
24.34615385 3.88661339
24.34615385 9.46103896
44.16633367 8.84165834
49.74075924 14.41608392
50.36013986 5.74475524
55.93456543 7.60289710
76.37412587 6.98351648
88.14235764 11.31918082
98.67182817 5.74475524
112.29820180 5.74475524
120.96953047 10.69980020
127.16333666 3.88661339
184.76573427 3.26723277
161.84865135 3.26723277
205.82467532 8.84165834
196.53396603 6.36413586
216.97352647 15.03546454
230.59990010 10.69980020
234.31618382 6.98351648
242.98751249 3.88661339
244.84565435 13.17732268
260.33016983 14.41608392
261.56893107 4.50599401
271.47902098 10.69980020
277.67282717 3.26723277
282.00849151 10.08041958
285.10539461 16.27422577
297.49300699 13.79670330
292.53796204 5.12537463
308.64185814 13.17732268
320.41008991 10.69980020
330.32017982 16.27422577
340.23026973 16.27422577
335.89460539 6.98351648
348.90159840 8.22227772
357.57292707 7.60289710
366.24425574 5.74475524
366.24425574 14.41608392
372.43806194 6.36413586
379.25124875 15.03546454
388.54195804 15.03546454
395.35514486 8.22227772
411.45904096 9.46103896
415.79470529 15.03546454
420.74975025 5.12537463
426.32417582 12.55794206
433.75674326 14.41608392
424.46603397 21.84865135
441.80869131 16.27422577
438.71178821 5.12537463
453.57692308 20.60989011
462.86763237 18.75174825
474.01648352 18.75174825
490.12037962 15.65484515
492.59790210 8.22227772
480.82967033 5.12537463
477.11338661 11.93856144
469.68081918 3.88661339
456.05444555 10.08041958
448.62187812 6.98351648
508.70179820 16.89360639
508.08241758 22.46803197
503.74675325 30.51998002
518.61188811 16.27422577
520.47002997 8.22227772
506.84365634 8.22227772
527.28321678 6.98351648
532.85764236 14.41608392
542.14835165 9.46103896
545.86463536 11.93856144
545.24525475 18.75174825
559.49100899 16.89360639
554.53596404 6.98351648
569.40109890 8.22227772
570.02047952 16.89360639
579.93056943 19.37112887
579.31118881 9.46103896
587.98251748 4.50599401
594.79570430 15.03546454
599.13136863 9.46103896
606.56393606 16.89360639
607.18331668 5.74475524
615.23526474 8.22227772
