194.91539491 867.51790283
489.35416855 910.31423621
665.67506207 903.46682287
633.14984870 864.09419616
600.62463534 840.12824947
566.38756863 792.19635609
521.87938192 723.72222268
468.81192853 852.11122282
431.15115516 840.12824947
420.88003515 775.07782273
384.93111511 759.67114272
443.13412850 711.73924933
393.49038178 704.89183599
319.88068837 667.23106262
242.84728829 648.40067593
184.64427489 632.99399592
200.05095491 576.50283586
247.98284830 569.65542252
290.77918167 588.48580920
338.71107506 597.04507588
451.69339518 595.33322254
193.20354157 508.02870245
105.89902148 504.60499578
47.69600808 501.18128911
235.99987495 516.58796913
289.06732834 543.97762249
372.94814176 508.02870245
311.32142170 508.02870245
703.84172517 818.30211945
776.59549192 792.62431942
807.40885195 932.99629290
847.63740533 861.09845283
944.35711876 915.87775955
829.66294531 745.54835270
847.63740533 760.09910605
702.12987184 704.46387266
689.29097183 641.12529926
618.24905842 544.40558582
566.03753169 597.47303921
609.68979174 642.83715259
576.30865171 738.70093936
565.18160503 517.87185913
600.27459840 522.15149246
753.48547189 663.37939262
768.03622524 612.02379256
811.68848529 651.39641927
951.20453210 504.17703245
988.00937881 486.20257243
1009.40754550 553.82077917
1006.83976550 609.45601256
964.04343212 618.01527923
832.23072531 571.79523918
766.32437191 516.16000579
690.14689849 486.20257243
856.19667200 493.04998577
928.09451208 504.17703245
953.16933030 677.07421930
931.34320028 636.41770259
889.40279357 556.38855917
975.85138699 554.24874250
713.08190005 685.20552264
859.44536020 630.42621591
899.24595025 682.20977930
832.05570684 673.65051263
855.16572687 704.46387266
888.97483024 702.32405599
998.96140702 702.75201932
936.79973279 705.53378099
997.85253549 784.06505274
932.54916389 823.86564279
854.44585547 808.03099944
1011.97532550 857.03280115
980.30603880 828.78722112
775.05865705 708.31554266
763.50364704 909.45830954
948.59778890 586.34599253
897.24218885 612.02379256
871.13642549 593.19340587
701.66294531 566.65967918
649.87938192 576.93079919
671.70551194 581.63839586
721.77722200 513.59222579
755.58632537 523.43538247
776.55652872 467.80014907
649.02345525 491.76609577
673.41736528 465.66033240
628.90917856 622.72287591
613.28851688 758.81521605
654.37299692 751.96780271
674.05931028 739.12890270
582.68913852 690.76904598
522.77427178 677.07421930
682.83255862 692.05293598
421.77492501 510.59648245
460.71958839 538.41409915
420.49103501 570.08338585
354.15671827 548.25725583
421.77492501 590.62562587
516.78278511 558.95633917
528.76575846 540.55391582
508.65148177 622.72287591
492.81683842 498.61350911
536.89706180 481.49497575
456.43995505 457.10106573
486.82535175 469.08403908
376.41081163 468.65607574
372.55914162 438.69864238
297.66555821 453.67735906
338.75003826 440.41049571
369.13543495 400.18194234
197.52213811 472.93570908
175.26804475 456.67310240
212.07289145 436.98678904
236.89476481 412.16491568
176.97989808 386.91507899
194.95435810 363.80505896
149.16228139 377.49988564
157.29358473 341.12300227
156.00969473 307.74186224
182.97138476 295.75888889
191.10268810 318.01298225
191.95861477 301.32241223
212.92881812 318.86890892
230.90327814 330.85188226
243.31421482 349.68226895
223.62790147 378.35581231
217.63641479 392.05063899
227.05160814 365.51691230
255.72515150 367.22876563
256.58107817 386.48711565
274.12757485 425.00381569
308.79260489 403.17768567
319.91965157 383.06340898
316.06798156 369.36858230
303.22908155 338.55522227
298.52148488 317.15705558
316.49594490 290.62332889
283.11480486 288.91147555
259.57682150 300.89444890
259.57682150 322.72057892
281.83091486 324.00446892
283.11480486 372.36432564
165.85285141 267.94127219
237.32272815 296.61481556
262.14460151 282.91998888
242.45828815 275.64461220
217.20845146 294.90296222
369.13543495 296.61481556
349.44912160 341.12300227
386.68193164 341.97892894
361.00413161 361.23727896
369.99136162 383.06340898
41.37365015 356.10171895
77.75053352 351.82208562
98.29277354 359.95338896
128.25020691 359.52542563
116.26723356 397.18619900
75.61071685 381.35155565
33.24234681 431.42326570
97.00888354 435.27493571
144.51281359 420.29621902
34.95420014 388.62693232
15.26788679 379.21173898
44.79735682 373.22025231
14.41196012 327.85613892
55.06847683 315.44520224
78.17849686 303.46222890
27.25086014 279.49628221
51.21680683 282.91998888
88.44961687 286.34369555
124.82650024 296.18685222
105.14018689 332.99169893
130.81798691 335.98744227
112.41556356 286.34369555
146.65263026 283.34795221
108.13593022 273.93275887
4.90262408 244.90367972
20.48619820 216.40800134
52.98908136 200.37918225
55.21530623 240.45122997
80.59426979 223.97716591
73.47035020 250.24661942
169.19801977 238.67025007
215.94874212 256.48004907
244.44442050 243.56794480
176.76718434 206.61261189
113.54239792 213.29128651
135.35940169 195.92673250
96.17784391 199.04344732
78.36804492 166.54056416
195.02222831 166.54056416
219.51070192 177.67168853
212.38678232 197.26246742
199.02943308 227.09388073
223.96315167 223.97716591
234.20378608 206.61261189
198.13894313 238.22500510
160.29312027 179.89791341
145.15479113 174.55497371
125.56401224 164.75958426
105.97323335 178.56217848
33.39830247 164.75958426
9.80031880 186.13134305
76.58706502 208.39359179
132.24268686 105.54200262
190.12453358 138.49013075
174.09571449 155.40943979
232.86805116 142.49733553
252.45883005 143.38782548
235.53952101 130.03047623
217.72972202 122.46131166
207.93433257 146.05929532
252.01358508 151.84748000
264.03519939 158.97139959
248.00638030 170.99301391
53.87957131 143.83307045
9.80031880 141.16160060
27.61011779 125.13278151
54.32481628 213.73653149
20.48619820 250.24661942
16.92423840 269.83739831
100.18504868 112.66592222
63.22971578 128.24949633
107.30896828 155.85468477
195.46747328 104.20626770
223.07266172 149.62125512
136.01325491 244.01318977
106.18184160 260.04200886
95.49596220 235.10829028
121.32017074 220.86045108
76.35042829 264.93970359
47.85474990 258.70627394
184.09971218 247.57514957
150.70633907 203.94114204
162.28270842 213.29128651
262.90807271 228.42961566
208.14294082 334.39791965
434.32738800 414.98726008
410.28415936 386.04633672
387.57666565 435.02328395
431.21067317 353.09820859
447.68473724 332.61693975
477.96139553 364.22933296
457.03488171 370.01751763
484.64007015 392.27976637
502.44986914 407.86334048
438.33459277 427.45411937
558.99598093 433.68754902
517.14295330 424.78264953
602.62998846 476.43106660
572.35333017 498.69331534
606.19194826 496.91233544
590.60837414 429.68034425
618.65880755 439.92097867
612.87062288 403.41089074
600.84900856 377.58668220
568.79137038 392.27976637
541.63142692 387.82731662
526.93834275 370.46276260
556.32451108 353.09820859
591.49886409 340.63134930
610.19915303 353.09820859
563.00318570 381.59388697
487.75678497 332.61693975
520.70491310 326.82875508
551.87206134 312.13567091
513.13574853 303.67601639
484.64007015 309.01895609
506.45707391 314.36189578
534.50750732 309.01895609
458.81586161 299.66881162
417.40807896 285.86621740
399.15303499 297.44258674
433.88214302 302.78552644
420.07954881 336.17889955
404.05072971 318.81434553
541.63142692 291.20915710
583.48445454 300.55930157
601.29425353 288.98293222
581.25822967 278.74229780
521.59540305 273.39935811
462.82306638 273.39935811
433.88214302 482.66449624
693.01471834 449.71636811
707.70780250 410.98005531
689.45275854 404.30138069
676.09540929 395.39648119
645.81875101 389.16305154
663.18330503 367.79129276
701.47437286 389.60829652
742.88215551 360.66737316
720.17466180 343.30281914
753.12278993 373.13423245
769.15160902 387.38207165
742.88215551 414.09677013
775.83028364 409.64432038
799.42826730 435.91377389
801.20924720 534.75815829
815.90233137 487.11694599
824.36198589 409.19907541
841.72653991 440.81146862
784.73518314 376.25094728
818.57380122 352.65296361
744.66313541 462.18322741
697.46716808 501.36478518
729.52480627 503.14576508
915.85982820 463.07371736
897.60478424 516.50311433
948.36271136 550.34173241
1004.90882316 420.77544475
994.22294376 375.80570230
975.07740985 362.89359803
923.87423775 434.57803897
902.94772394 425.67313948
881.13072017 437.69475379
892.70708952 398.95844099
864.21141113 378.47717215
986.65377919 447.49014324
975.52265482 424.33740455
952.81516111 427.00887440
947.91746639 405.19187064
962.61055055 389.60829652
943.01977166 382.03913195
926.54570760 372.24374250
965.67120841 455.50455278
660.90102318 301.44979152
648.43416389 329.05497995
672.47739253 332.61693975
691.62292644 325.04777518
725.46154452 311.24518096
761.08114250 296.99734177
801.15319023 304.56650634
834.10131837 294.32587192
785.56961612 332.17169477
769.54079703 340.63134930
627.95289505 282.74950258
665.35347293 276.96131790
627.50765008 310.35469101
635.07681465 252.02759932
715.22091010 246.68465962
671.14165760 247.12990460
694.73964127 293.88062695
740.15462869 274.73509303
803.37941511 268.50166338
812.72955958 252.91808927
797.59123044 237.33451515
765.53359225 250.24661942
741.04511864 249.80137444
761.52638748 259.15151891
780.67192139 265.38494856
690.28719152 217.29849129
621.71946540 236.44402520
622.60995535 209.72932672
646.20793902 217.29849129
681.38229202 204.38638702
716.55664503 213.73653149
745.94281336 207.94834682
772.65751185 207.50310184
793.58402566 212.84604154
778.00045155 232.88206540
750.84050809 226.20339078
826.53215379 223.08667596
807.83186485 219.96996113
836.32754324 233.32731038
849.68489248 245.34892470
869.27567137 262.26823374
841.22523796 260.04200886
858.14454700 309.46420106
838.55376811 336.17889955
850.57538243 334.39791965
875.95434599 328.16449000
877.29008092 232.88206540
863.48748670 227.98437068
858.58979198 212.40079656
835.43705329 199.93393727
740.59987367 260.04200886
469.00043906 259.15151891
572.29727321 244.45843475
603.90966641 251.58235434
594.55952194 226.64863576
597.67623677 207.50310184
608.36211616 195.03624255
590.10707220 192.81001767
574.52349808 182.56938325
558.49467899 197.26246742
559.38516894 221.75094103
548.69928954 211.95555159
529.10851065 208.83883677
534.00620538 257.81578399
519.75836618 221.75094103
497.49611745 222.19618601
550.48026944 157.63566467
525.10130588 173.21923878
498.38660739 166.98580914
487.70072800 191.91952772
456.53357977 207.50310184
448.07392525 172.32874884
463.21225439 140.71635563
469.89092901 166.98580914
486.36499308 151.40223502
514.86067146 144.27831542
572.74251818 156.74517472
592.77854204 166.98580914
621.27422043 159.41664457
653.33185861 162.08811442
644.87220409 174.10972873
668.02494278 188.80281290
641.31024429 198.59820235
627.95289505 182.56938325
662.23675811 201.26967219
598.56672672 142.49733553
672.03214755 142.05209055
692.51341639 146.94978527
639.52926439 144.27831542
614.15030083 179.45266843
508.62724181 189.69330285
481.46729835 204.38638702
433.82608605 158.97139959
539.34914507 191.91952772
4.84872024 167.65367660
23.54900918 75.04272185
15.08935466 56.34243291
23.99425416 7.81073066
38.24209335 25.62052965
40.91356320 46.10179849
53.38042249 66.58306733
66.29252676 91.51678592
101.46687976 89.29056104
90.78100037 66.58306733
71.63546645 38.97787889
90.78100037 35.41591910
103.69310464 43.87557362
126.84584333 63.91159748
116.15996393 73.26174195
159.34872648 93.74301079
185.61817999 79.49517160
231.92365737 91.07154094
198.53028426 78.15943667
159.79397146 61.68537261
171.37034080 53.22571809
139.75794759 50.99949321
154.00578679 47.88277839
149.10809206 61.24012763
5.73921019 94.18825576
224.35449280 65.69257738
284.90780937 90.62629597
290.69599404 150.28912258
281.79109454 170.32514645
281.34584957 214.40439895
259.52884580 197.93033488
259.08360083 180.56578087
284.01731942 185.90872057
269.32423525 131.58883364
289.80550409 132.47932359
284.01731942 119.12197435
270.21472520 112.88854470
191.85160964 55.45194296
167.80838100 34.97067412
183.39195512 23.39430478
203.42797898 16.27038518
197.19454934 31.40871432
190.51587472 42.98508367
130.85304810 38.08738894
153.56054181 35.86116407
249.73345636 14.04416031
235.93086214 35.41591910
240.38331189 49.21851331
280.45535962 50.55424824
287.57927921 40.75885879
270.65997017 76.82370175
260.86458073 101.75742034
241.27380184 79.94041657
269.32423525 8.25597563
219.45679808 13.15367036
209.21616366 45.65655352
209.66140863 31.40871432
110.81702423 18.94185503
87.66428555 11.37269046
113.04324911 28.29199950
97.45967499 22.05856985
168.69887095 25.62052965
46.25650289 127.58162887
147.32711216 143.38782548
81.43085590 142.05209055
438.74480214 649.63136178
513.10071293 788.10254893
718.80389127 753.37344090
782.02867768 737.34462181
802.50994652 887.83742328
659.80893211 646.95989193
734.16484290 642.50744218
621.51786428 668.77689570
901.44111724 319.70483548
937.50596019 319.70483548
947.30134964 349.53624879
975.79702802 338.40512442
910.34601673 350.87198371
896.98866749 344.63855407
930.82728557 338.85036940
830.64716625 323.26679528
928.15581572 284.97572745
948.19183959 287.20195232
974.90653807 307.23797619
980.69472275 279.63278775
1015.86907575 300.11405659
1000.73074661 279.63278775
989.59962224 259.15151891
967.33737350 257.37053901
995.83305189 228.87486063
1021.21201545 234.21780033
962.43967878 230.21059555
976.24227300 197.26246742
934.38924537 238.67025007
899.66013734 245.34892470
913.46273156 253.36333424
905.44832201 273.84460308
910.79126171 292.54489202
802.15148787 191.91952772
827.97569640 182.56938325
845.34025042 185.68609808
856.91661976 195.03624255
885.85754312 209.72932672
911.68175166 219.07947119
988.70913229 203.49589707
1017.20481068 191.91952772
960.21345391 215.96275636
941.06791999 199.93393727
956.20624913 183.45987320
912.12699663 190.58379280
889.41950292 188.80281290
905.36153569 484.00023117
728.68606703 191.47428275
702.41661352 184.35036315
755.40076552 180.78840336
788.79413862 167.43105411
774.99154441 182.56938325
802.15148787 173.66448376
814.61834716 161.64286944
781.67021903 151.40223502
758.07223536 163.42384934
736.70047658 164.31433929
724.23361728 154.96419482
756.29125547 146.94978527
730.46704693 146.05929532
750.05782582 137.59964080
771.87482958 129.13998628
738.03621150 130.47572121
720.67165748 139.82586568
714.88347281 127.35900638
704.19759342 151.40223502
677.48289493 152.29272497
917.46993633 139.82586568
884.52180820 175.00021868
867.15725418 163.42384934
851.12843509 160.30713452
867.15725418 146.05929532
866.26676423 130.47572121
794.13707832 150.95699005
910.79126171 150.95699005
892.09097277 153.18321492
940.17743004 181.23364833
941.06791999 249.35612947
862.25955946 185.68609808
921.47714110 12.70842538
964.66590365 26.51101960
984.25668254 26.51101960
992.71633706 71.92600703
967.78261848 78.60468165
966.00163858 63.02110753
983.81143757 55.00669799
1000.73074661 58.12341281
1002.51172651 47.43753341
1010.08089108 65.69257738
1022.10250540 55.45194296
966.89212853 38.08738894
1004.73795138 28.73724447
954.42526923 38.53263392
996.27829686 181.01102584
981.13996772 177.00382107
963.77541370 164.53696178
939.28694009 148.06289771
954.87051421 144.05569294
945.96561471 123.57442410
964.66590365 123.12917912
972.23506823 106.20987008
992.71633706 128.47211882
957.54198406 109.77182988
805.26820269 109.77182988
832.87339112 127.58162887
894.31719764 109.77182988
896.98866749 91.07154094
921.47714110 85.72860124
917.91518130 103.98364521
940.17743004 100.42168541
941.51316497 107.99084998
897.43391247 58.56865778
910.79126171 50.10900326
880.95984840 75.04272185
865.37627428 70.14502713
877.84313358 59.45914773
868.04774413 48.77326834
894.76244262 45.21130854
827.53045143 109.77182988
849.34745519 95.96923566
823.07800168 37.64214397
844.89500544 29.62773442
845.34025042 12.70842538
856.47137479 22.05856985
870.71921398 28.29199950
810.61114239 62.57586256
812.83736726 18.05136508
912.12699663 60.79488266
920.14140618 72.37125200
930.82728557 67.91880225
381.97606786 186.13134305
412.69797112 208.83883677
337.00632541 238.67025007
337.89681536 211.95555159
320.53226134 192.36477270
308.06540205 217.29849129
301.38672743 241.34171992
316.52505657 261.82298876
276.00776386 243.12269982
298.27001260 267.16592846
300.49623748 177.67168853
324.98471109 170.54776894
352.14465455 182.12413828
332.10863068 217.29849129
499.07549622 238.67025007
432.73399498 175.44546366
402.01209172 168.76678904
381.97606786 158.52615462
389.09998745 132.70194608
302.27721738 77.93681419
300.94148245 102.87053277
303.16770732 126.91376141
328.54667089 122.01606669
316.52505657 106.43249257
323.20373119 87.73220363
319.64177139 74.82009936
338.78730531 72.14862951
345.02073495 107.76822749
354.81612440 98.41808302
381.08557791 90.40367348
393.99768218 103.76102272
393.55243720 115.78263704
411.80748117 114.44690212
413.14321609 126.46851643
426.05532036 133.59243603
438.52217965 114.00165714
434.51497488 97.08234810
433.17923996 85.95122373
431.39826006 75.26534434
410.47174624 84.17024383
414.03370604 98.86332800
399.34062187 72.14862951
468.79883794 72.59387449
451.87952890 70.36764961
458.55820352 84.17024383
450.09854900 100.19906292
461.67491834 114.00165714
501.30172109 103.76102272
478.59422738 118.89935186
506.64466079 123.35180161
495.06829145 134.92817095
483.04667713 90.84891845
371.73543344 69.03191469
364.16626887 171.43825889
342.34926510 148.28552020
363.27577892 130.03047623
346.35646988 131.36621116
369.50920856 144.27831542
356.15185932 147.39503025
540.83171288 584.44543096
545.82621857 130.47572121
565.86224243 119.34459684
564.97175249 86.84171368
556.51209796 105.09675765
520.00201003 108.21347247
520.44725501 87.28695866
536.47607410 85.50597876
549.83342334 63.68897499
568.53371228 56.56505540
576.54812183 72.14862951
548.49768842 84.17024383
554.28587309 72.14862951
542.26425877 106.87773754
529.79739948 112.22067724
521.33774496 122.01606669
612.16771981 126.02327146
594.80316579 117.56361694
623.74408915 106.43249257
640.21815322 110.43969734
654.02074744 120.68033176
660.25417708 130.03047623
684.74265070 116.67312699
669.60432155 109.99445237
660.25417708 94.41087825
675.83775120 95.74661318
675.39250623 81.94401896
696.31902004 92.62989835
733.71959792 110.43969734
723.03371853 83.27975388
755.09135671 92.62989835
771.56542078 78.38205916
759.09856148 63.68897499
745.74121224 64.57946494
632.64898865 68.14142474
617.51065951 58.79128027
602.81757534 84.17024383
629.08702885 80.60828403
587.23400122 99.30857297
584.11728640 86.39646871
575.65763188 126.91376141
584.56253137 140.27111065
538.70229897 139.82586568
520.89249998 65.02470992
671.38530145 65.91519987
718.58126878 113.11116719
638.43717332 128.69474131
489.72535175 272.06362318
874.86225492 92.40727587
743.51498737 12.70842538
750.19366199 23.39430478
755.53660168 39.42312387
762.66052128 23.83954975
778.24409540 22.05856985
794.71815946 23.39430478
820.98761297 94.63350074
827.66628760 82.61188642
810.30173358 86.17384622
784.03228007 93.74301079
788.48472982 66.13782235
857.05245593 61.68537261
842.80461674 53.22571809
938.97753129 34.97067412
732.82910797 23.39430478
735.94582279 35.86116407
808.96599866 35.86116407
352.58989952 282.30425760
353.92563445 252.02759932
389.99047740 274.73509303
329.43716084 325.49302015
268.43859929 411.42530028
483.93716708 57.01030037
429.61728016 57.01030037
414.47895102 52.11260565
412.69797112 64.13421997
352.58989952 50.33162575
342.34926510 61.01750514
375.29739324 42.31721620
397.11439700 28.95986696
488.83486180 37.41952148
463.90114321 36.08378656
440.74840453 21.83594737
532.02362435 22.28119234
515.10431531 54.78407550
607.71527006 35.19329661
589.90547107 37.41952148
617.51065951 34.30280666
578.77434670 22.28119234
564.52650751 16.49300767
442.97462940 132.25670111
463.90114321 51.66736067
448.31756910 46.32442098
690.97608034 28.29199950
711.01210421 17.16087513
691.42132532 17.16087513
677.61873110 23.83954975
659.36368714 18.94185503
674.05677130 46.10179849
688.30461049 47.88277839
691.86657029 64.80208743
723.47896350 63.46635251
718.58126878 37.64214397
698.99048989 33.63493920
638.43717332 22.05856985
624.63457910 20.27758995
613.50345473 11.37269046
650.90403261 29.62773442
644.22535799 41.20410377
656.24697231 56.78767788
701.66195974 6.47499574
715.46455396 6.47499574
731.04812807 14.04416031
800.06109916 10.03695553
817.87089815 6.92024071
832.56398232 18.94185503
873.52652000 41.64934874
788.03948484 37.64214397
775.57262555 46.10179849
797.83487429 53.22571809
808.52075368 46.10179849
768.89395093 11.37269046
754.64611173 6.92024071
707.00489943 53.67096306
707.89538938 64.80208743
628.64178388 41.20410377
195.56827384 265.38494856
54.87086182 163.42384934
75.79737563 186.13134305
340.27289064 84.83811129
356.30170973 78.15943667
354.52072983 64.35684246
323.35358160 57.23292286
312.22245723 53.22571809
308.66049743 37.64214397
296.19363814 55.00669799
331.36799114 39.42312387
351.40401501 34.52542915
392.36655269 44.32081859
260.12879518 45.21130854
257.45732533 31.40871432
308.66049743 28.29199950
330.47750120 26.95626457
361.64464943 33.18969422
371.88528385 22.05856985
393.25704264 17.60612010
383.90689817 10.92744548
403.49767706 11.37269046
412.84782153 6.47499574
424.42419087 22.05856985
425.31468082 41.20410377
452.91986926 25.62052965
437.33629514 32.74444925
301.98182281 23.83954975
280.16481905 23.39430478
1005.78314574 91.07154094
1011.57133041 95.52399069
1020.03098493 108.43609496
1015.57853518 124.01966907
1009.34510553 135.59603842
1021.36671985 144.94618289
1002.22118594 156.52255223
992.42579649 108.43609496
988.86383670 85.28335627
895.80763697 25.17528468
882.45028773 25.17528468
849.05691462 112.88854470
817.44452141 124.46491405
811.65633674 140.93897811
901.59582164 74.15223190
826.79466588 64.80208743
921.18660053 38.53263392
906.93876134 31.85395930
575.65763188 43.87557362
558.29307786 36.75165402
590.79596102 60.79488266
601.92708539 67.02831230
540.48327887 54.11620804
518.22103014 22.05856985
517.77578516 7.81073066
464.79163316 13.15367036
485.71814698 10.92744548
554.28587309 4.69401584
543.59999370 13.15367036
516.88529521 35.41591910
588.56973615 4.69401584
479.26209484 239.11549505
459.00344849 237.33451515
423.38385051 165.65007421
403.79307162 157.63566467
416.25993091 146.94978527
553.84062812 173.21923878
534.24984923 227.98437068
564.08126254 316.14287568
368.17347364 312.58091589
378.85935303 324.15728523
360.60430907 209.72932672
499.52074120 71.03551708
482.60143215 73.26174195
173.15132070 10.92744548
164.24642121 7.81073066
195.41356944 5.13926081
152.67005186 23.39430478
74.30693630 6.92024071
50.70895264 11.37269046
41.35880817 8.70122061
65.40203681 9.59171056
15.97984461 30.07297940
16.42508958 98.64070551
25.77523405 149.39863263
220.05674745 77.26894672
145.70083667 5.13926081
119.87662813 7.81073066
220.50199243 3.80352589
286.39824869 10.92744548
252.11438564 92.85252084
224.50919720 99.08595049
319.19652642 5.58450579
341.90402013 19.38710000
405.24011779 36.64034278
376.07657194 58.67996903
929.93679562 50.99949321
954.42526923 50.10900326
852.57548126 43.43032864
907.94056253 174.55497371
920.85266680 164.98220675
742.59997249 77.26894672
760.63239397 76.15583429
769.53729346 36.30640905
723.00919360 53.00309560
704.22211834 115.78263704
669.71563280 8.14466439
689.08378920 6.58630698
591.12989475 108.10216123
937.59992757 20.91532471
880.58463896 7.28123395
895.45819251 6.04177116
860.75323422 7.28123395
940.07885316 6.04177116
951.23401832 8.52069675
969.82596026 12.23908514
994.61521618 10.99962234
1010.72823252 8.52069675
