13.17415730 20.08637640
24.32022472 16.85042135
7.06179775 42.73806180
3.10674157 58.19873596
11.19662921 63.95154494
17.48876404 38.96278090
31.15168539 43.09761236
32.23033708 36.08637640
27.28651685 32.12219101
22.25280899 30.68398876
53.89325843 47.22331461
50.29775281 24.57162921
29.44382022 74.18960674
41.30898876 63.76264045
19.01685393 47.22331461
70.16292135 40.66151685
83.82584270 27.35814607
44.45505618 74.09971910
50.38764045 72.30196629
53.44382022 77.51544944
61.89325843 75.53792135
44.99438202 83.08848315
33.30898876 87.40308989
31.87078652 94.95365169
16.23033708 95.13342697
8.50000000 100.52668539
15.87078652 72.30196629
43.46629213 95.92415730
9.30898876 71.11516854
28.81460674 88.46348315
57.75842697 97.81179775
54.52247191 108.95786517
21.80337079 124.41853933
7.42134831 126.39606742
14.25280899 120.10393258
29.53370787 107.87921348
34.74719101 121.18258427
27.55617978 117.58707865
46.70224719 100.41853933
38.79213483 109.76685393
70.07303371 69.49719101
96.32022472 66.98033708
89.48876404 76.32865169
61.44382022 113.00280899
72.58988764 97.18258427
65.39887640 92.14887640
68.27528090 84.59831461
89.84831461 84.95786517
84.09550562 84.23876404
102.43258427 18.80056180
100.27528090 79.20505618
80.50000000 101.85674157
45.62359551 127.74438202
54.97191011 122.35112360
53.80337079 87.56460674
14.34269663 136.55337079
29.08426966 135.47471910
54.61235955 137.27247191
2.47752809 145.54213483
5.71348315 141.58707865
10.02808989 147.33988764
22.61235955 143.02528090
18.65730337 146.26123596
39.51123596 140.50842697
38.79213483 134.75561798
47.06179775 139.07022472
67.55617978 136.19382022
68.99438202 127.92415730
79.06179775 135.47471910
20.45505618 158.48595506
31.60112360 153.09269663
24.41011236 150.57584270
39.15168539 148.41853933
49.57865169 149.85674157
46.70224719 158.12640449
60.72471910 150.93539326
57.48876404 155.60955056
45.98314607 167.47471910
35.91573034 161.72191011
41.30898876 178.98033708
40.94943820 171.78932584
33.75842697 184.01404494
22.25280899 173.58707865
8.58988764 169.27247191
13.62359551 174.66573034
19.01685393 180.77808989
17.93820225 193.36235955
47.42134831 188.32865169
69.71348315 173.58707865
62.16292135 171.42977528
16.85955056 210.26123596
12.18539326 209.18258427
2.11797753 185.81179775
27.64606742 215.29494382
50.29775281 210.62078652
54.25280899 200.91292135
59.28651685 209.90168539
76.18539326 189.04775281
78.70224719 182.21629213
80.14044944 173.94662921
133.17415730 55.83426966
121.66853933 46.48595506
128.85955056 4.05898876
152.14044944 21.34480337
146.02808989 19.36727528
78.43258427 1.56952247
66.92696629 3.90660112
71.96067416 20.62570225
127.15168539 49.38974719
120.67977528 69.16502809
108.09550562 66.46839888
107.73595506 71.86165730
150.16292135 66.82794944
156.99438202 68.62570225
108.63483146 79.67275281
148.00561798 88.12219101
157.53370787 88.84129213
173.71348315 70.68398876
165.44382022 68.88623596
165.62359551 88.66151685
177.48876404 88.66151685
92.99438202 105.20084270
103.06179775 104.84129213
111.69101124 109.51544944
122.29775281 105.38061798
125.17415730 116.52668539
134.16292135 90.63904494
153.93820225 111.13342697
140.45505618 114.18960674
153.93820225 99.08848315
144.94943820 98.90870787
106.38764045 90.17134831
119.33146067 98.80056180
137.66853933 82.98033708
118.97191011 78.30617978
113.21910112 79.38483146
93.80337079 112.10393258
86.97191011 114.26123596
79.06179775 109.58707865
93.44382022 126.48595506
89.12921348 121.45224719
98.47752809 124.68820225
103.15168539 125.76685393
128.32022472 106.35112360
71.87078652 145.54213483
89.48876404 144.82303371
110.34269663 137.99157303
123.64606742 139.42977528
121.12921348 130.80056180
95.96067416 167.47471910
85.53370787 161.00280899
72.23033708 159.92415730
102.79213483 145.18258427
99.91573034 136.91292135
92.00561798 158.84550562
130.11797753 153.81179775
125.08426966 163.16011236
113.93820225 172.86797753
114.65730337 181.49719101
106.38764045 181.49719101
103.15168539 163.87921348
141.62359551 143.02528090
149.53370787 123.96910112
168.58988764 130.44101124
157.08426966 139.42977528
162.47752809 120.73314607
146.29775281 143.74438202
152.76966292 140.50842697
167.87078652 140.50842697
179.01685393 141.94662921
162.11797753 155.60955056
152.41011236 159.56460674
162.47752809 167.47471910
157.44382022 173.58707865
166.07303371 175.74438202
132.27528090 176.10393258
140.90449438 156.32865169
137.30898876 136.19382022
122.92696629 148.77808989
168.94943820 159.92415730
186.92696629 158.48595506
184.41011236 132.95786517
186.20786517 150.93539326
198.43258427 141.94662921
191.24157303 128.64325843
181.17415730 107.78932584
184.76966292 116.41853933
175.42134831 108.50842697
160.32022472 100.23876404
157.44382022 78.66573034
162.47752809 82.62078652
166.79213483 80.10393258
179.01685393 81.90168539
186.92696629 81.90168539
184.05056180 85.49719101
189.44382022 90.17134831
173.98314607 41.63202247
159.60112360 47.74438202
159.96067416 17.90168539
173.26404494 17.18258427
187.28651685 20.05898876
189.08426966 44.50842697
184.05056180 36.23876404
188.36516854 70.75561798
197.35393258 91.25000000
201.30898876 77.58707865
197.71348315 83.33988764
208.14044944 85.85674157
204.18539326 85.13764045
208.14044944 51.69943820
201.66853933 116.41853933
214.25280899 102.03651685
218.20786517 90.17134831
223.24157303 90.53089888
213.89325843 117.13764045
211.01685393 77.58707865
232.94943820 65.00280899
238.70224719 63.20505618
242.29775281 33.00280899
225.75842697 24.37359551
245.17415730 71.11516854
237.26404494 77.58707865
212.09550562 70.39606742
226.47752809 125.76685393
245.89325843 121.09269663
239.42134831 131.16011236
239.42134831 140.50842697
253.08426966 136.91292135
248.05056180 152.37359551
248.76966292 169.99157303
244.81460674 162.44101124
233.30898876 162.08146067
234.02808989 171.78932584
224.67977528 167.11516854
223.24157303 159.92415730
223.60112360 147.33988764
232.23033708 149.85674157
220.36516854 135.47471910
216.76966292 148.77808989
212.09550562 149.49719101
205.26404494 147.33988764
196.99438202 161.00280899
198.79213483 155.60955056
50.65730337 174.30617978
29.44382022 173.58707865
27.64606742 164.59831461
205.26404494 154.53089888
220.00561798 171.78932584
250.92696629 177.54213483
235.82584270 105.27247191
230.07303371 88.37359551
218.20786517 73.27247191
228.63483146 69.31741573
223.24157303 73.63202247
230.79213483 76.86797753
246.61235955 88.73314607
248.05056180 97.72191011
240.14044944 97.72191011
249.84831461 104.55337079
255.96067416 162.08146067
270.34269663 160.28370787
184.76966292 168.55337079
142.34269663 176.46348315
181.89325843 191.56460674
170.02808989 189.76685393
177.21910112 186.17134831
153.12921348 188.68820225
148.45505618 182.93539326
184.41011236 177.18258427
188.36516854 184.37359551
191.96067416 181.85674157
207.78089888 195.51966292
211.01685393 186.53089888
215.33146067 181.49719101
232.58988764 189.04775281
243.37640449 195.51966292
236.90449438 199.11516854
250.56741573 185.45224719
264.94943820 184.73314607
267.10674157 172.14887640
283.28651685 170.35112360
285.08426966 162.80056180
290.83707865 166.03651685
299.46629213 171.42977528
306.65730337 188.68820225
295.87078652 193.36235955
286.52247191 192.64325843
288.32022472 181.49719101
295.15168539 182.57584270
276.81460674 146.98033708
274.29775281 133.31741573
280.76966292 134.39606742
264.23033708 127.56460674
264.94943820 119.29494382
255.60112360 92.68820225
264.94943820 101.67696629
271.42134831 94.84550562
262.43258427 56.37359551
272.50000000 47.74438202
281.84831461 57.81179775
267.10674157 68.23876404
269.26404494 86.57584270
292.99438202 89.09269663
294.07303371 100.95786517
301.26404494 86.57584270
307.37640449 92.68820225
322.11797753 91.96910112
321.75842697 102.75561798
307.73595506 102.75561798
298.74719101 125.04775281
298.02808989 107.78932584
298.02808989 135.47471910
307.37640449 122.53089888
317.80337079 125.40730337
336.50000000 114.26123596
328.94943820 90.17134831
334.34269663 85.85674157
323.55617978 132.95786517
318.52247191 137.99157303
331.82584270 140.14887640
337.57865169 138.71067416
317.80337079 145.54213483
307.37640449 144.46348315
330.02808989 160.28370787
312.05056180 171.42977528
317.80337079 186.53089888
316.00561798 178.62078652
321.03932584 164.59831461
340.81460674 172.50842697
326.79213483 196.59831461
336.14044944 196.59831461
331.82584270 178.98033708
320.32022472 202.35112360
298.74719101 203.07022472
298.74719101 60.68820225
317.80337079 61.76685393
339.73595506 45.94662921
312.41011236 41.63202247
291.19662921 41.63202247
296.94943820 38.39606742
329.66853933 61.76685393
261.71348315 198.03651685
269.98314607 195.16011236
263.15168539 87.65449438
329.30898876 102.39606742
340.81460674 102.75561798
95.78089888 191.02528090
75.64606742 206.84550562
69.17415730 196.05898876
118.79213483 189.58707865
136.05056180 196.05898876
133.17415730 209.72191011
126.70224719 213.31741573
110.16292135 202.53089888
102.25280899 217.63202247
90.02808989 206.84550562
42.56741573 214.03651685
104.41011236 228.41853933
87.15168539 222.66573034
82.11797753 228.41853933
80.67977528 221.22752809
69.89325843 232.01404494
64.14044944 222.66573034
51.19662921 229.13764045
39.69101124 231.29494382
20.99438202 236.32865169
12.36516854 234.17134831
61.08426966 243.69943820
40.94943820 250.17134831
36.99438202 239.38483146
22.25280899 251.96910112
4.27528090 229.31741573
7.87078652 248.01404494
4.99438202 234.35112360
31.24157303 255.20505618
47.42134831 255.20505618
54.61235955 259.51966292
65.39887640 265.27247191
86.25280899 255.56460674
112.50000000 233.27247191
124.36516854 237.94662921
95.96067416 241.90168539
76.18539326 241.18258427
98.11797753 250.53089888
119.33146067 256.28370787
138.02808989 245.13764045
144.85955056 206.30617978
167.51123596 215.29494382
176.50000000 206.66573034
143.06179775 222.84550562
154.56741573 223.20505618
131.55617978 229.31741573
180.45505618 215.29494382
190.16292135 217.81179775
192.67977528 210.26123596
196.63483146 207.74438202
212.81460674 209.18258427
203.46629213 207.02528090
208.14044944 220.68820225
185.48876404 233.27247191
197.71348315 234.35112360
166.07303371 236.86797753
176.85955056 242.62078652
153.12921348 246.93539326
161.75842697 247.65449438
193.75842697 244.41853933
183.33146067 245.85674157
141.62359551 260.23876404
130.83707865 263.11516854
162.11797753 262.75561798
170.38764045 255.20505618
152.76966292 263.83426966
175.78089888 260.23876404
186.92696629 262.75561798
206.70224719 269.58707865
197.35393258 256.28370787
205.62359551 253.04775281
211.01685393 245.85674157
225.03932584 246.21629213
244.09550562 245.49719101
249.48876404 228.23876404
245.53370787 214.21629213
237.62359551 221.76685393
225.03932584 213.85674157
224.32022472 225.36235955
227.55617978 199.47471910
219.28651685 206.30617978
243.37640449 259.51966292
234.38764045 261.31741573
102.43258427 260.23876404
102.43258427 277.85674157
91.64606742 283.25000000
97.75842697 291.16011236
109.98314607 275.69943820
111.78089888 289.72191011
65.75842697 281.81179775
61.08426966 286.84550562
39.15168539 268.86797753
47.06179775 275.33988764
28.00561798 273.90168539
19.37640449 278.21629213
16.85955056 265.63202247
11.46629213 272.10393258
77.98314607 296.55337079
48.14044944 296.19382022
92.36516854 301.94662921
137.30898876 295.47471910
130.83707865 280.37359551
119.33146067 286.84550562
158.16292135 281.81179775
143.42134831 276.05898876
171.10674157 289.00280899
182.25280899 288.28370787
191.60112360 283.96910112
250.20786517 279.65449438
242.29775281 280.73314607
234.02808989 281.81179775
226.47752809 283.25000000
222.16292135 293.31741573
233.66853933 303.74438202
221.44382022 303.74438202
210.29775281 312.37359551
179.73595506 304.46348315
177.57865169 279.29494382
153.84831461 301.94662921
150.25280899 318.12640449
161.39887640 319.56460674
199.51123596 325.67696629
204.90449438 303.02528090
194.11797753 317.40730337
238.70224719 336.46348315
170.38764045 338.62078652
118.61235955 308.77808989
128.32022472 312.73314607
136.94943820 308.77808989
92.36516854 323.51966292
79.06179775 325.31741573
73.30898876 308.77808989
68.99438202 310.57584270
59.64606742 315.25000000
49.57865169 318.48595506
31.96067416 314.89044944
22.61235955 317.76685393
19.37640449 325.67696629
16.50000000 295.83426966
12.90449438 337.54213483
33.39887640 331.42977528
53.17415730 343.29494382
63.96067416 345.09269663
77.62359551 343.65449438
92.36516854 347.60955056
113.21910112 327.83426966
127.24157303 339.33988764
311.33146067 199.07865169
300.18539326 216.33707865
285.80337079 214.53932584
282.20786517 221.37078652
271.42134831 213.46067416
263.51123596 215.97752809
256.67977528 211.30337079
261.71348315 229.64044944
256.67977528 246.53932584
265.66853933 249.77528090
283.28651685 245.46067416
275.01685393 244.02247191
305.21910112 237.19101124
301.62359551 243.30337079
310.97191011 217.77528090
309.17415730 207.70786517
332.54494382 215.97752809
336.50000000 225.68539326
335.78089888 237.19101124
329.66853933 232.87640449
318.88202247 237.91011236
318.52247191 250.49438202
310.61235955 256.96629213
282.20786517 258.04494382
276.81460674 282.49438202
259.91573034 277.10112360
256.32022472 290.04494382
266.02808989 287.52808989
282.92696629 299.75280899
315.28651685 300.11235955
299.82584270 303.70786517
280.76966292 287.52808989
304.50000000 295.07865169
325.71348315 287.88764045
304.85955056 268.83146067
309.53370787 283.21348315
324.99438202 260.92134831
329.30898876 276.38202247
340.81460674 292.92134831
344.05056180 274.94382022
341.17415730 248.69662921
353.75842697 295.07865169
349.80337079 285.73033708
336.85955056 313.05617978
359.51123596 310.89887640
355.91573034 269.19101124
377.48876404 304.06741573
386.11797753 309.46067416
397.98314607 293.64044944
366.70224719 256.60674157
354.83707865 256.96629213
353.39887640 233.95505618
354.47752809 249.05617978
355.19662921 217.77528090
343.69101124 199.43820225
361.30898876 207.70786517
369.21910112 207.70786517
376.05056180 191.52808989
380.72471910 182.89887640
374.61235955 182.17977528
363.46629213 192.96629213
356.27528090 163.84269663
355.55617978 156.29213483
355.91573034 196.92134831
373.53370787 227.12359551
384.67977528 240.42696629
359.87078652 238.26966292
361.66853933 246.17977528
395.10674157 231.07865169
386.47752809 209.50561798
395.82584270 202.67415730
397.62359551 190.44943820
381.08426966 172.11235955
381.44382022 165.64044944
371.01685393 165.28089888
396.90449438 158.08988764
402.65730337 161.68539326
408.76966292 158.80898876
404.81460674 185.41573034
425.30898876 157.01123596
430.70224719 178.94382022
439.33146067 191.52808989
445.08426966 178.94382022
407.33146067 208.42696629
410.56741573 228.20224719
420.27528090 218.49438202
426.74719101 209.50561798
434.29775281 208.78651685
442.20786517 208.78651685
427.46629213 232.15730337
396.54494382 244.74157303
416.67977528 235.75280899
418.11797753 256.96629213
425.30898876 251.93258427
440.76966292 238.98876404
371.01685393 278.89887640
396.18539326 269.91011236
411.28651685 311.25842697
409.12921348 297.95505618
415.60112360 300.11235955
430.34269663 297.95505618
429.98314607 319.52808989
443.28651685 290.04494382
425.66853933 277.10112360
435.73595506 270.62921348
446.88202247 275.66292135
430.34269663 264.15730337
432.50000000 255.88764045
451.91573034 237.19101124
451.91573034 221.37078652
441.12921348 222.80898876
445.80337079 250.49438202
452.63483146 297.59550562
412.00561798 192.24719101
411.64606742 183.97752809
363.46629213 266.67415730
246.97191011 6.59410112
205.98314607 7.31320225
271.42134831 21.69522472
287.24157303 23.49297753
306.65730337 12.70646067
303.78089888 34.63904494
322.47752809 34.99859551
340.09550562 27.08848315
349.08426966 22.41432584
336.85955056 1.91994382
348.36516854 1.91994382
353.75842697 7.31320225
364.54494382 4.07724719
375.69101124 21.69522472
358.07303371 45.78511236
367.42134831 45.06601124
386.47752809 25.65028090
386.47752809 41.11095506
398.70224719 2.63904494
416.32022472 4.07724719
342.97191011 62.32443820
358.79213483 63.04353933
370.65730337 62.32443820
386.83707865 63.04353933
398.70224719 63.76264045
404.45505618 67.35814607
417.03932584 63.76264045
420.63483146 44.70646067
413.44382022 72.39185393
420.27528090 71.31320225
345.84831461 86.41432584
351.96067416 85.69522472
361.30898876 85.69522472
365.62359551 84.97612360
369.93820225 86.41432584
380.00561798 81.38061798
380.72471910 87.49297753
390.79213483 83.17837079
409.12921348 87.49297753
410.20786517 81.38061798
359.51123596 93.60533708
355.19662921 108.34691011
376.41011236 103.31320225
372.81460674 98.27949438
372.09550562 110.86376404
344.05056180 98.63904494
328.23033708 124.88623596
347.64606742 121.65028090
346.92696629 109.42556180
363.46629213 128.48174157
364.18539326 143.22331461
351.24157303 147.89747191
393.30898876 129.20084270
381.80337079 119.13342697
383.24157303 127.40308989
374.25280899 118.41432584
393.30898876 109.06601124
386.83707865 113.38061798
398.70224719 106.54915730
393.66853933 102.59410112
388.99438202 96.12219101
399.78089888 97.56039326
405.89325843 98.99859551
409.84831461 131.71769663
412.36516854 137.83005618
420.27528090 150.41432584
417.75842697 142.86376404
422.43258427 141.06601124
414.88202247 106.18960674
423.15168539 88.21207865
428.90449438 9.11095506
441.48876404 6.59410112
438.61235955 20.25702247
431.42134831 37.51544944
429.62359551 56.57162921
441.48876404 47.58286517
465.21910112 34.63904494
458.74719101 9.11095506
472.76966292 16.66151685
484.63483146 12.34691011
482.47752809 29.96488764
497.93820225 27.08848315
513.03932584 22.05477528
524.18539326 15.22331461
469.17415730 53.69522472
457.30898876 67.35814607
465.57865169 65.91994382
482.11797753 57.29073034
500.09550562 61.60533708
508.72471910 58.00983146
444.00561798 73.83005618
433.93820225 95.76264045
463.42134831 81.74016854
454.43258427 80.66151685
439.69101124 82.45926966
429.62359551 85.69522472
427.46629213 78.86376404
421.71348315 75.62780899
435.01685393 80.66151685
439.33146067 88.21207865
449.75842697 100.79634831
444.00561798 105.83005618
432.50000000 106.54915730
424.23033708 111.22331461
426.38764045 116.97612360
430.34269663 130.99859551
436.45505618 125.96488764
440.76966292 132.43679775
446.88202247 129.20084270
438.97191011 142.50421348
437.89325843 149.33567416
429.98314607 147.89747191
433.21910112 141.42556180
454.79213483 132.43679775
455.87078652 141.06601124
455.87078652 152.93117978
456.94943820 160.84129213
447.24157303 155.44803371
464.85955056 143.58286517
464.14044944 135.31320225
456.58988764 124.88623596
466.29775281 107.26825843
457.66853933 97.20084270
473.48876404 91.80758427
469.89325843 100.79634831
479.96067416 95.76264045
469.17415730 127.76264045
485.35393258 123.44803371
478.88202247 119.13342697
475.28651685 122.36938202
487.51123596 139.26825843
474.92696629 150.41432584
481.39887640 139.98735955
474.20786517 164.07724719
467.01685393 157.96488764
470.25280899 151.13342697
492.90449438 118.41432584
486.79213483 104.39185393
507.64606742 84.97612360
513.03932584 79.94241573
498.29775281 95.04353933
500.09550562 86.77387640
479.96067416 72.39185393
490.74719101 162.27949438
493.62359551 157.96488764
505.48876404 149.33567416
498.65730337 141.78511236
506.20786517 125.24578652
511.60112360 111.94241573
511.60112360 103.31320225
511.24157303 95.04353933
493.98314607 98.27949438
491.10674157 88.21207865
520.94943820 58.36938202
521.66853933 104.75140449
530.29775281 103.31320225
533.89325843 96.48174157
533.89325843 82.45926966
530.29775281 67.35814607
524.90449438 44.70646067
531.37640449 40.75140449
542.88202247 39.67275281
522.74719101 89.29073034
515.91573034 90.72893258
538.56741573 106.54915730
551.15168539 104.75140449
551.15168539 85.69522472
545.39887640 80.66151685
541.08426966 76.70646067
545.39887640 67.35814607
532.45505618 58.00983146
543.96067416 57.29073034
552.58988764 58.00983146
552.94943820 44.70646067
536.05056180 9.47050562
520.94943820 127.40308989
528.14044944 126.68398876
541.08426966 133.87500000
519.51123596 160.48174157
497.57865169 152.93117978
530.29775281 157.96488764
525.98314607 147.53792135
539.28651685 150.41432584
546.11797753 156.88623596
552.58988764 157.24578652
554.38764045 149.33567416
566.25280899 141.78511236
573.80337079 145.38061798
574.16292135 129.20084270
575.60112360 122.72893258
566.97191011 120.93117978
570.20786517 108.34691011
573.44382022 104.75140449
583.51123596 106.18960674
585.30898876 112.66151685
591.42134831 119.85252809
583.87078652 122.72893258
578.11797753 116.97612360
561.57865169 95.04353933
565.17415730 85.69522472
567.69101124 95.76264045
535.33146067 126.68398876
543.24157303 127.76264045
558.34269663 133.51544944
564.45505618 134.23455056
586.02808989 150.05477528
578.47752809 84.97612360
575.96067416 74.90870787
569.12921348 75.98735955
578.47752809 49.02106742
589.98314607 68.79634831
591.06179775 87.49297753
586.38764045 91.08848315
591.78089888 81.02106742
577.39887640 31.76264045
566.61235955 31.04353933
553.30898876 10.54915730
580.99438202 10.18960674
589.62359551 12.70646067
564.45505618 167.31320225
593.57865169 156.52668539
461.26404494 186.13483146
465.93820225 198.71910112
474.20786517 196.92134831
469.17415730 209.50561798
476.72471910 208.06741573
476.00561798 223.16853933
482.47752809 227.48314607
486.79213483 191.52808989
477.80337079 183.61797753
485.71348315 175.34831461
478.52247191 172.83146067
498.29775281 178.94382022
514.47752809 174.98876404
509.80337079 169.23595506
503.69101124 177.50561798
509.80337079 190.44943820
500.09550562 190.44943820
502.61235955 199.43820225
494.34269663 199.07865169
499.73595506 219.57303371
527.78089888 177.86516854
541.08426966 170.67415730
547.91573034 172.47191011
563.73595506 177.50561798
572.72471910 181.10112360
578.83707865 173.91011236
543.60112360 183.61797753
554.74719101 201.23595506
546.83707865 198.00000000
535.69101124 192.96629213
541.80337079 193.68539326
526.34269663 195.48314607
534.97191011 205.55056180
515.91573034 221.73033708
546.11797753 218.85393258
506.56741573 236.47191011
525.98314607 226.40449438
532.09550562 230.35955056
551.51123596 225.68539326
550.07303371 234.67415730
543.96067416 234.67415730
568.05056180 218.13483146
575.60112360 212.38202247
576.67977528 237.19101124
564.09550562 243.30337079
524.54494382 249.05617978
515.19662921 249.05617978
491.82584270 251.57303371
481.03932584 246.53932584
461.98314607 245.82022472
454.43258427 252.29213483
446.52247191 259.84269663
455.87078652 263.79775281
461.26404494 271.70786517
464.14044944 283.21348315
475.64606742 268.47191011
481.03932584 269.91011236
495.42134831 264.51685393
495.78089888 273.50561798
487.87078652 289.68539326
496.14044944 287.16853933
506.20786517 292.20224719
469.17415730 297.23595506
515.19662921 283.93258427
507.28651685 277.46067416
522.74719101 264.15730337
523.82584270 295.07865169
524.90449438 281.05617978
542.52247191 252.29213483
540.00561798 268.83146067
554.38764045 276.38202247
566.61235955 286.80898876
571.28651685 296.15730337
570.20786517 263.43820225
587.82584270 276.38202247
586.38764045 248.33707865
592.85955056 259.12359551
589.98314607 286.08988764
573.44382022 228.92134831
582.07303371 230.00000000
583.51123596 222.08988764
582.79213483 204.11235955
592.14044944 201.23595506
598.61235955 186.85393258
589.26404494 186.49438202
598.25280899 169.95505618
598.25280899 198.71910112
600.05056180 223.88764045
603.64606742 13.06601124
618.38764045 10.90870787
606.52247191 33.56039326
604.36516854 42.18960674
597.17415730 35.71769663
597.89325843 70.95365169
609.03932584 69.87500000
613.35393258 55.49297753
606.52247191 77.42556180
614.79213483 81.38061798
607.60112360 92.52668539
598.61235955 102.23455056
607.96067416 99.71769663
626.65730337 93.24578652
628.81460674 83.17837079
627.37640449 71.67275281
629.53370787 66.63904494
629.89325843 57.29073034
630.97191011 42.54915730
629.17415730 30.68398876
631.33146067 20.25702247
645.71348315 16.66151685
654.34269663 14.86376404
648.94943820 28.16713483
645.35393258 35.71769663
644.99438202 41.83005618
633.84831461 81.02106742
637.80337079 69.87500000
650.02808989 70.59410112
644.63483146 74.90870787
641.39887640 81.02106742
643.91573034 84.97612360
651.46629213 95.04353933
649.66853933 90.00983146
634.20786517 99.35814607
636.00561798 108.34691011
624.50000000 113.38061798
614.07303371 99.35814607
620.54494382 104.03230337
620.90449438 120.93117978
601.12921348 130.63904494
611.55617978 135.67275281
629.53370787 129.91994382
636.36516854 123.44803371
626.65730337 147.89747191
610.11797753 143.94241573
610.83707865 163.71769663
603.28651685 161.20084270
607.60112360 153.65028090
651.82584270 148.97612360
655.42134831 137.83005618
661.17415730 101.15589888
640.32022472 162.27949438
663.33146067 156.52668539
672.32022472 150.77387640
660.09550562 147.53792135
676.63483146 154.36938202
669.80337079 113.74016854
678.07303371 104.75140449
681.30898876 111.22331461
688.14044944 98.99859551
682.02808989 88.21207865
684.54494382 65.56039326
683.82584270 54.05477528
672.32022472 60.52668539
664.05056180 62.32443820
655.42134831 65.56039326
650.38764045 58.00983146
652.90449438 78.50421348
663.69101124 75.62780899
671.60112360 77.42556180
679.15168539 78.86376404
693.53370787 108.34691011
677.71348315 124.88623596
662.61235955 33.20084270
660.45505618 42.18960674
655.78089888 40.03230337
676.27528090 38.23455056
673.03932584 29.96488764
666.56741573 19.17837079
677.71348315 11.62780899
675.19662921 20.61657303
692.81460674 24.21207865
679.87078652 32.12219101
691.73595506 42.18960674
705.03932584 9.83005618
706.47752809 22.41432584
707.91573034 42.54915730
688.85955056 35.71769663
714.02808989 27.44803371
699.28651685 62.32443820
693.53370787 67.35814607
705.39887640 78.86376404
700.36516854 72.39185393
706.83707865 68.43679775
718.70224719 42.18960674
724.81460674 57.29073034
717.98314607 62.32443820
736.32022472 9.11095506
724.81460674 18.09971910
719.78089888 9.47050562
721.21910112 21.69522472
735.96067416 40.75140449
737.39887640 34.63904494
746.74719101 14.14466292
758.97191011 4.07724719
760.76966292 14.14466292
749.98314607 35.71769663
750.70224719 45.78511236
740.63483146 56.21207865
732.36516854 68.07724719
740.99438202 68.07724719
746.74719101 71.31320225
786.29775281 9.47050562
799.96067416 15.22331461
814.70224719 8.39185393
790.61235955 32.48174157
801.39887640 39.67275281
799.24157303 52.97612360
787.01685393 48.66151685
790.97191011 45.78511236
775.51123596 48.30196629
763.28651685 38.59410112
761.48876404 25.29073034
764.72471910 57.29073034
755.73595506 61.24578652
813.26404494 64.84129213
798.88202247 70.59410112
786.29775281 74.90870787
791.69101124 71.31320225
782.34269663 81.38061798
767.24157303 74.90870787
777.30898876 72.39185393
773.71348315 87.49297753
751.78089888 90.00983146
742.79213483 96.12219101
737.03932584 90.72893258
719.78089888 86.41432584
719.06179775 81.02106742
709.71348315 86.41432584
726.97191011 78.14466292
727.69101124 86.05477528
748.54494382 84.25702247
730.20786517 104.39185393
715.10674157 106.18960674
710.79213483 99.71769663
707.91573034 93.60533708
694.97191011 85.69522472
719.06179775 114.09971910
713.66853933 119.85252809
704.67977528 124.16713483
707.19662921 139.26825843
693.53370787 133.51544944
682.38764045 125.96488764
687.78089888 129.20084270
694.25280899 155.44803371
698.56741573 147.53792135
719.42134831 142.50421348
716.18539326 154.36938202
707.19662921 157.24578652
709.71348315 166.23455056
724.09550562 135.31320225
723.37640449 122.72893258
711.51123596 135.31320225
756.09550562 132.43679775
743.87078652 157.96488764
739.55617978 143.22331461
737.03932584 150.41432584
752.14044944 148.25702247
750.70224719 143.58286517
768.67977528 125.24578652
767.24157303 136.75140449
752.50000000 166.23455056
763.28651685 150.05477528
773.35393258 159.76264045
770.83707865 166.59410112
781.98314607 163.71769663
793.48876404 164.07724719
785.93820225 155.80758427
774.79213483 137.47050562
781.98314607 133.15589888
776.94943820 120.93117978
759.69101124 121.65028090
755.73595506 102.23455056
761.48876404 95.76264045
755.37640449 81.38061798
772.63483146 81.02106742
795.64606742 87.49297753
815.42134831 84.97612360
803.91573034 88.57162921
804.27528090 95.04353933
773.71348315 112.30196629
782.34269663 114.81882022
791.69101124 116.97612360
790.61235955 108.34691011
776.94943820 98.27949438
777.66853933 105.83005618
771.91573034 103.31320225
804.27528090 103.67275281
806.43258427 116.97612360
814.34269663 116.61657303
789.17415730 136.75140449
798.16292135 145.38061798
815.78089888 162.27949438
820.90449438 125.33567416
829.53370787 121.02106742
822.88202247 90.27949438
837.80337079 92.79634831
832.41011236 93.69522472
824.67977528 103.94241573
840.50000000 102.32443820
843.19662921 116.88623596
829.89325843 113.83005618
835.28651685 120.12219101
834.20786517 133.78511236
821.80337079 142.05477528
812.99438202 134.32443820
837.98314607 140.79634831
842.47752809 148.16713483
858.65730337 142.23455056
862.25280899 150.86376404
863.51123596 133.24578652
856.50000000 121.56039326
852.54494382 110.23455056
858.47752809 90.27949438
866.56741573 93.15589888
870.52247191 111.31320225
832.58988764 158.41432584
838.34269663 81.47050562
829.80337079 17.74016854
822.61235955 32.12219101
839.87078652 37.15589888
841.66853933 26.72893258
860.72471910 11.98735955
885.17415730 23.13342697
873.66853933 42.18960674
853.89325843 36.79634831
855.69101124 55.49297753
842.74719101 58.00983146
824.05056180 67.35814607
854.25280899 68.43679775
832.67977528 64.84129213
870.79213483 72.39185393
883.01685393 65.91994382
893.08426966 55.49297753
910.70224719 56.57162921
904.58988764 59.80758427
903.51123596 17.38061798
929.39887640 12.70646067
941.98314607 14.14466292
958.52247191 18.45926966
974.34269663 15.22331461
989.44382022 10.54915730
1015.33146067 15.58286517
987.28651685 34.63904494
970.02808989 42.54915730
975.78089888 33.20084270
959.24157303 37.15589888
967.87078652 31.76264045
947.73595506 34.99859551
930.11797753 42.54915730
950.97191011 58.00983146
873.30898876 80.66151685
888.05056180 78.86376404
885.89325843 88.21207865
879.06179775 85.69522472
894.88202247 81.74016854
915.37640449 81.74016854
918.25280899 72.39185393
926.52247191 74.90870787
899.19662921 91.80758427
892.36516854 91.80758427
898.47752809 129.20084270
897.03932584 120.21207865
875.10674157 116.97612360
919.33146067 98.27949438
930.11797753 95.76264045
931.19662921 107.26825843
924.72471910 104.03230337
920.41011236 118.41432584
910.34269663 112.66151685
900.63483146 104.03230337
907.82584270 104.75140449
881.93820225 117.69522472
873.66853933 150.41432584
892.36516854 145.38061798
883.01685393 150.41432584
915.37640449 145.02106742
910.70224719 146.45926966
918.97191011 153.29073034
921.12921348 161.56039326
898.47752809 143.94241573
888.76966292 124.16713483
936.58988764 117.33567416
919.69101124 130.27949438
923.28651685 138.54915730
929.75842697 126.68398876
927.96067416 138.90870787
932.63483146 148.25702247
943.06179775 155.80758427
944.85955056 109.06601124
953.48876404 90.72893258
953.84831461 74.18960674
945.93820225 82.45926966
942.70224719 70.95365169
933.35393258 78.14466292
935.51123596 81.38061798
936.23033708 90.72893258
978.65730337 56.21207865
988.36516854 46.14466292
1012.81460674 42.18960674
969.30898876 72.39185393
964.99438202 66.63904494
991.96067416 60.88623596
990.52247191 68.79634831
997.35393258 67.35814607
990.88202247 65.56039326
1006.70224719 67.35814607
1018.92696629 68.79634831
998.07303371 73.83005618
994.47752809 90.00983146
1000.94943820 86.05477528
1014.61235955 85.69522472
1008.14044944 86.41432584
1008.14044944 77.42556180
1002.38764045 77.42556180
985.84831461 81.38061798
983.69101124 75.98735955
978.29775281 72.39185393
968.94943820 83.17837079
955.28651685 80.66151685
962.83707865 74.90870787
955.64606742 109.42556180
971.82584270 92.52668539
979.73595506 82.45926966
982.61235955 91.08848315
984.76966292 99.35814607
993.03932584 106.54915730
978.65730337 107.62780899
964.63483146 114.45926966
981.53370787 114.09971910
982.97191011 123.44803371
971.46629213 126.68398876
971.46629213 120.93117978
961.75842697 124.88623596
957.08426966 125.96488764
948.09550562 137.83005618
951.33146067 150.41432584
963.55617978 135.67275281
976.14044944 141.78511236
979.01685393 132.79634831
978.29775281 155.44803371
992.32022472 155.44803371
1006.34269663 156.52668539
998.79213483 133.87500000
993.03932584 117.69522472
1000.94943820 116.97612360
1007.06179775 111.94241573
1015.33146067 120.21207865
1022.16292135 106.18960674
1017.12921348 108.34691011
1015.69101124 103.31320225
998.79213483 96.12219101
995.91573034 146.81882022
1016.05056180 162.99859551
958.79213483 137.91994382
959.33146067 146.54915730
963.28651685 152.48174157
943.87078652 131.62780899
933.80337079 164.52668539
928.58988764 173.51544944
940.09550562 171.17837079
966.52247191 168.66151685
956.09550562 169.91994382
976.58988764 172.61657303
998.34269663 173.15589888
965.62359551 165.24578652
1006.34269663 131.87921348
1007.42134831 138.35112360
1011.37640449 183.29494382
985.84831461 178.62078652
967.51123596 181.13764045
964.99438202 175.74438202
970.02808989 172.50842697
941.26404494 189.40730337
934.07303371 185.81179775
913.93820225 181.13764045
910.34269663 164.95786517
901.71348315 173.58707865
883.01685393 166.03651685
863.60112360 166.39606742
843.46629213 169.99157303
836.63483146 168.91292135
822.97191011 157.40730337
816.14044944 153.81179775
811.82584270 145.54213483
621.62359551 222.44943820
607.96067416 210.22471910
615.87078652 209.14606742
627.73595506 211.66292135
608.67977528 218.85393258
605.44382022 232.87640449
602.20786517 242.22471910
610.11797753 249.41573034
619.10674157 243.30337079
619.46629213 232.15730337
645.35393258 226.40449438
641.39887640 210.58426966
667.64606742 214.53932584
674.83707865 214.17977528
662.61235955 210.58426966
657.57865169 231.79775281
669.80337079 227.12359551
664.41011236 223.16853933
651.82584270 228.20224719
637.80337079 244.38202247
627.37640449 262.71910112
608.32022472 265.59550562
605.80337079 280.33707865
597.89325843 294.71910112
623.06179775 287.16853933
618.38764045 283.93258427
639.60112360 269.55056180
633.12921348 273.50561798
662.61235955 240.78651685
670.52247191 242.94382022
684.90449438 218.85393258
692.81460674 230.35955056
689.21910112 246.53932584
693.17415730 258.76404494
682.02808989 263.43820225
670.52247191 273.86516854
661.53370787 265.95505618
637.08426966 298.31460674
628.81460674 291.48314607
646.43258427 300.83146067
658.29775281 300.83146067
650.02808989 312.33707865
641.75842697 325.64044944
615.15168539 331.39325843
628.81460674 326.35955056
612.99438202 304.06741573
622.34269663 342.53932584
606.88202247 343.97752809
620.90449438 357.64044944
657.57865169 354.76404494
639.24157303 352.60674157
655.42134831 342.17977528
662.97191011 325.64044944
681.66853933 325.64044944
683.82584270 313.77528090
686.34269663 295.79775281
698.92696629 308.74157303
705.03932584 232.87640449
702.88202247 221.73033708
700.36516854 213.82022472
710.79213483 207.34831461
723.01685393 212.38202247
735.96067416 215.61797753
741.71348315 226.40449438
729.48876404 236.83146067
727.69101124 229.64044944
712.94943820 232.15730337
707.55617978 241.50561798
710.79213483 274.58426966
710.07303371 292.92134831
718.70224719 301.55056180
734.16292135 265.59550562
731.28651685 253.01123596
750.34269663 282.13483146
737.03932584 281.05617978
736.67977528 305.50561798
720.14044944 283.21348315
736.32022472 295.43820225
752.50000000 317.37078652
708.63483146 341.10112360
688.50000000 357.64044944
682.38764045 373.46067416
688.50000000 373.46067416
716.54494382 371.30337079
728.41011236 370.22471910
743.87078652 352.60674157
755.73595506 335.34831461
767.96067416 330.67415730
771.19662921 360.15730337
752.85955056 373.10112360
792.41011236 332.47191011
782.70224719 335.34831461
784.50000000 316.65168539
784.85955056 294.71910112
791.33146067 284.65168539
785.57865169 253.37078652
788.45505618 224.60674157
792.76966292 232.87640449
775.51123596 244.38202247
770.47752809 255.16853933
764.00561798 265.23595506
744.23033708 240.42696629
753.21910112 233.95505618
768.67977528 221.73033708
780.54494382 216.33707865
789.17415730 212.02247191
750.34269663 207.34831461
761.12921348 243.30337079
766.16292135 247.97752809
749.62359551 241.86516854
748.18539326 268.83146067
775.87078652 269.55056180
808.58988764 259.48314607
801.03932584 268.47191011
836.27528090 249.77528090
819.01685393 278.89887640
813.98314607 269.55056180
832.67977528 290.40449438
835.19662921 308.74157303
819.73595506 301.55056180
815.06179775 310.53932584
806.79213483 303.34831461
809.30898876 291.48314607
808.94943820 323.84269663
798.16292135 313.77528090
785.57865169 337.50561798
831.96067416 365.19101124
784.50000000 355.84269663
619.10674157 180.02247191
628.45505618 181.82022472
622.34269663 174.26966292
630.97191011 173.19101124
637.80337079 169.95505618
649.66853933 158.08988764
656.14044944 176.78651685
661.17415730 179.30337079
656.14044944 189.37078652
642.47752809 186.13483146
636.36516854 190.44943820
637.08426966 182.53932584
639.60112360 201.95505618
684.90449438 181.82022472
674.83707865 181.82022472
671.24157303 198.71910112
673.75842697 190.08988764
681.30898876 203.03370787
700.72471910 200.87640449
702.16292135 193.32584270
697.84831461 181.82022472
707.91573034 184.33707865
713.66853933 172.47191011
720.50000000 175.70786517
724.45505618 190.08988764
717.62359551 186.85393258
731.28651685 184.33707865
735.96067416 185.05617978
734.88202247 176.78651685
746.38764045 173.55056180
757.89325843 177.50561798
765.80337079 181.82022472
761.84831461 189.37078652
767.96067416 198.00000000
776.94943820 198.71910112
793.12921348 187.57303371
751.42134831 193.32584270
653.98314607 210.22471910
738.83707865 201.95505618
759.69101124 217.77528090
842.38764045 196.92134831
821.17415730 184.33707865
813.26404494 179.30337079
802.47752809 196.56179775
811.82584270 193.32584270
810.02808989 209.86516854
818.65730337 209.86516854
815.42134831 221.37078652
847.78089888 230.35955056
850.29775281 217.41573034
859.28651685 213.82022472
858.92696629 204.83146067
862.16292135 197.28089888
858.92696629 193.32584270
859.28651685 183.97752809
850.29775281 183.61797753
859.64606742 176.78651685
877.26404494 190.08988764
889.48876404 190.80898876
885.17415730 205.91011236
876.18539326 207.34831461
872.58988764 220.65168539
885.17415730 233.23595506
878.70224719 223.88764045
889.12921348 224.60674157
866.47752809 234.67415730
867.55617978 227.12359551
856.41011236 252.29213483
862.16292135 249.05617978
870.79213483 250.13483146
850.65730337 280.69662921
848.85955056 300.11235955
880.85955056 277.46067416
881.57865169 259.84269663
881.93820225 248.33707865
898.83707865 221.37078652
903.51123596 226.40449438
909.62359551 219.21348315
898.11797753 232.15730337
922.56741573 249.05617978
918.97191011 241.50561798
926.16292135 230.00000000
897.39887640 272.78651685
900.99438202 287.52808989
884.09550562 300.83146067
905.30898876 300.11235955
910.70224719 282.85393258
920.41011236 279.97752809
940.54494382 275.30337079
949.89325843 280.69662921
946.29775281 294.00000000
927.24157303 302.62921348
915.01685393 318.08988764
902.07303371 319.52808989
891.28651685 327.43820225
933.71348315 325.64044944
953.84831461 309.46067416
940.18539326 310.89887640
910.70224719 308.02247191
962.83707865 277.46067416
961.03932584 262.35955056
946.65730337 252.29213483
950.61235955 238.26966292
938.38764045 226.40449438
932.63483146 206.26966292
923.64606742 202.67415730
909.62359551 196.92134831
901.35393258 199.07865169
964.99438202 203.39325843
952.76966292 186.49438202
948.45505618 181.10112360
978.65730337 202.31460674
990.88202247 197.28089888
989.80337079 207.34831461
980.09550562 214.17977528
972.18539326 216.33707865
951.69101124 219.93258427
947.73595506 212.74157303
941.26404494 205.19101124
961.75842697 232.15730337
977.21910112 232.51685393
999.87078652 222.08988764
1013.89325843 205.19101124
1011.37640449 228.20224719
1005.26404494 221.37078652
1011.73595506 250.49438202
1003.10674157 245.82022472
1014.25280899 236.47191011
983.69101124 244.74157303
985.48876404 257.32584270
977.21910112 278.53932584
989.08426966 276.74157303
995.91573034 268.11235955
1008.14044944 278.17977528
1018.20786517 285.01123596
1000.94943820 295.79775281
991.24157303 287.88764045
983.33146067 289.32584270
990.88202247 313.05617978
966.43258427 307.30337079
960.67977528 298.31460674
922.20786517 307.66292135
922.92696629 323.48314607
927.60112360 335.70786517
962.11797753 327.43820225
946.29775281 330.67415730
976.85955056 306.58426966
1017.48876404 319.88764045
1010.29775281 315.21348315
974.70224719 324.20224719
965.71348315 256.60674157
6.61235955 354.58426966
19.55617978 354.58426966
49.75842697 364.65168539
44.72471910 351.70786517
25.30898876 374.71910112
42.56741573 394.85393258
25.30898876 407.07865169
4.45505618 407.07865169
28.18539326 391.97752809
56.94943820 381.19101124
68.45505618 369.68539326
82.83707865 362.49438202
103.69101124 361.77528090
111.60112360 343.79775281
114.47752809 351.70786517
122.38764045 362.49438202
155.46629213 357.46067416
138.92696629 374.71910112
98.65730337 373.28089888
61.98314607 406.35955056
45.44382022 421.46067416
10.20786517 430.08988764
9.48876404 458.13483146
77.80337079 402.04494382
90.02808989 396.29213483
101.53370787 397.01123596
116.63483146 396.29213483
134.61235955 394.85393258
148.27528090 396.29213483
147.55617978 381.91011236
169.84831461 386.22471910
166.25280899 401.32584270
180.63483146 364.65168539
196.45505618 373.28089888
207.96067416 356.74157303
223.78089888 359.61797753
222.34269663 334.44943820
254.70224719 335.16853933
269.08426966 346.67415730
283.46629213 338.76404494
301.44382022 336.60674157
307.19662921 324.38202247
320.85955056 334.44943820
359.69101124 334.44943820
343.87078652 336.60674157
336.67977528 356.74157303
312.94943820 354.58426966
299.28651685 351.70786517
287.78089888 369.68539326
287.06179775 355.30337079
264.05056180 366.08988764
218.74719101 374.71910112
199.33146067 389.82022472
161.93820225 420.02247191
104.41011236 416.42696629
123.10674157 430.08988764
150.43258427 432.24719101
92.90449438 425.05617978
74.92696629 430.08988764
51.91573034 436.56179775
49.03932584 464.60674157
192.85955056 414.98876404
210.83707865 401.32584270
224.50000000 418.58426966
211.55617978 436.56179775
220.90449438 433.68539326
170.56741573 447.34831461
183.51123596 432.96629213
123.82584270 448.06741573
107.28651685 432.24719101
103.69101124 441.59550562
79.96067416 441.59550562
66.29775281 446.62921348
69.89325843 471.79775281
95.06179775 456.69662921
110.88202247 459.57303371
92.18539326 483.30337079
102.25280899 471.79775281
123.82584270 464.60674157
156.18539326 464.60674157
146.11797753 482.58426966
187.82584270 472.51685393
172.00561798 468.92134831
218.02808989 464.60674157
203.64606742 458.85393258
228.09550562 448.06741573
212.27528090 484.74157303
198.61235955 491.93258427
180.63483146 505.59550562
151.87078652 510.62921348
116.63483146 498.40449438
83.55617978 514.94382022
27.46629213 498.40449438
19.55617978 473.95505618
5.89325843 479.70786517
12.36516854 515.66292135
35.37640449 535.79775281
26.74719101 576.06741573
118.79213483 550.89887640
159.78089888 545.86516854
207.96067416 525.73033708
249.66853933 533.64044944
257.57865169 494.80898876
241.75842697 471.79775281
257.57865169 470.35955056
264.05056180 450.22471910
253.26404494 436.56179775
259.73595506 422.17977528
249.66853933 406.35955056
241.03932584 393.41573034
261.17415730 381.91011236
265.48876404 404.92134831
274.11797753 428.65168539
284.18539326 433.68539326
293.53370787 426.49438202
297.84831461 402.04494382
315.10674157 393.41573034
302.16292135 391.25842697
312.94943820 371.12359551
327.33146067 376.87640449
337.39887640 368.24719101
343.87078652 379.75280899
328.76966292 391.25842697
336.67977528 418.58426966
336.67977528 406.35955056
318.70224719 411.39325843
323.73595506 425.05617978
295.69101124 440.15730337
282.74719101 461.73033708
310.07303371 466.76404494
320.85955056 475.39325843
294.97191011 508.47191011
279.87078652 498.40449438
279.15168539 481.86516854
215.15168539 509.91011236
203.64606742 558.80898876
213.71348315 538.67415730
136.05056180 591.16853933
56.94943820 515.66292135
310.79213483 443.75280899
330.20786517 453.10112360
366.88202247 414.98876404
362.56741573 381.19101124
359.69101124 369.68539326
366.88202247 366.08988764
386.29775281 381.19101124
381.26404494 371.84269663
381.26404494 341.64044944
387.73595506 324.38202247
401.39887640 338.76404494
417.21910112 344.51685393
426.56741573 332.29213483
465.39887640 310.00000000
473.30898876 317.19101124
462.52247191 328.69662921
497.75842697 320.06741573
509.98314607 315.03370787
488.41011236 338.76404494
501.35393258 339.48314607
448.14044944 354.58426966
456.05056180 339.48314607
448.85955056 341.64044944
436.63483146 341.64044944
451.73595506 325.10112360
492.72471910 358.17977528
453.17415730 381.19101124
433.75842697 391.97752809
422.25280899 391.25842697
415.06179775 368.24719101
404.99438202 361.77528090
396.36516854 391.25842697
404.99438202 420.02247191
389.17415730 406.35955056
442.38764045 412.83146067
428.00561798 417.14606742
464.67977528 414.98876404
502.79213483 393.41573034
502.79213483 373.28089888
494.16292135 384.78651685
475.46629213 386.94382022
461.80337079 359.61797753
507.10674157 414.98876404
486.25280899 413.55056180
479.78089888 432.24719101
453.89325843 445.19101124
446.70224719 456.69662921
421.53370787 455.25842697
423.69101124 430.08988764
410.74719101 440.15730337
380.54494382 435.12359551
391.33146067 443.03370787
379.10674157 494.08988764
318.70224719 507.03370787
406.43258427 481.86516854
448.14044944 473.95505618
344.58988764 507.03370787
488.41011236 455.25842697
491.28651685 442.31460674
474.02808989 464.60674157
506.38764045 448.78651685
494.88202247 430.08988764
420.09550562 525.01123596
359.69101124 532.92134831
356.81460674 571.03370787
317.26404494 586.85393258
310.79213483 542.98876404
284.18539326 576.06741573
248.94943820 577.50561798
206.52247191 591.16853933
58.38764045 558.08988764
423.69101124 560.24719101
458.20786517 535.79775281
32.85955056 621.73033708
76.00561798 621.73033708
54.43258427 673.50561798
76.00561798 588.65168539
235.64606742 627.48314607
211.19662921 670.62921348
278.79213483 610.22471910
344.94943820 643.30337079
406.79213483 600.15730337
411.10674157 620.29213483
432.67977528 673.50561798
513.21910112 637.55056180
570.74719101 613.10112360
613.89325843 650.49438202
494.52247191 591.52808989
518.97191011 541.19101124
523.28651685 498.04494382
516.09550562 466.40449438
526.16292135 434.76404494
517.53370787 418.94382022
517.53370787 388.74157303
531.91573034 371.48314607
518.97191011 361.41573034
517.53370787 328.33707865
546.29775281 311.07865169
536.23033708 301.01123596
556.36516854 308.20224719
569.66853933 304.24719101
582.61235955 324.38202247
572.54494382 327.97752809
556.72471910 330.13483146
547.37640449 326.53932584
538.74719101 333.01123596
548.09550562 349.55056180
531.55617978 349.55056180
566.79213483 353.14606742
586.20786517 343.07865169
586.20786517 363.21348315
553.84831461 393.41573034
545.93820225 379.03370787
559.60112360 379.03370787
558.88202247 413.55056180
543.06179775 443.75280899
552.41011236 450.22471910
582.61235955 440.87640449
558.88202247 477.55056180
602.74719101 472.51685393
606.34269663 445.19101124
596.99438202 427.21348315
592.67977528 413.55056180
586.92696629 406.35955056
576.85955056 402.04494382
586.92696629 389.82022472
608.50000000 399.16853933
615.69101124 409.95505618
613.53370787 429.37078652
632.23033708 414.26966292
630.07303371 381.91011236
644.45505618 388.38202247
657.39887640 408.51685393
647.33146067 416.42696629
637.98314607 436.56179775
625.75842697 439.43820225
630.07303371 462.44943820
643.01685393 474.67415730
653.80337079 451.66292135
627.19662921 488.33707865
630.79213483 507.03370787
663.15168539 484.02247191
658.83707865 517.82022472
575.42134831 522.85393258
581.89325843 539.39325843
550.25280899 531.48314607
676.09550562 452.38202247
676.81460674 469.64044944
685.44382022 431.52808989
678.97191011 419.30337079
663.15168539 419.30337079
676.09550562 404.20224719
696.94943820 390.53932584
707.73595506 399.16853933
704.85955056 418.58426966
682.56741573 394.85393258
725.71348315 428.65168539
739.37640449 423.61797753
744.41011236 399.16853933
765.98314607 405.64044944
781.08426966 411.39325843
791.15168539 388.38202247
806.97191011 383.34831461
804.09550562 420.02247191
794.02808989 438.71910112
753.75842697 448.78651685
772.45505618 439.43820225
772.45505618 465.32584270
809.12921348 466.76404494
699.10674157 535.07865169
691.91573034 522.85393258
727.87078652 507.75280899
758.79213483 528.60674157
740.81460674 538.67415730
791.15168539 531.48314607
808.41011236 522.85393258
795.46629213 504.15730337
780.36516854 512.78651685
815.60112360 492.65168539
794.74719101 488.33707865
801.21910112 475.39325843
765.26404494 386.94382022
821.35393258 370.40449438
710.61235955 458.85393258
586.20786517 453.82022472
602.74719101 515.66292135
691.91573034 443.75280899
723.55617978 446.62921348
772.45505618 498.40449438
648.41011236 590.08988764
602.38764045 569.95505618
559.24157303 561.32584270
700.18539326 590.08988764
694.43258427 656.24719101
744.76966292 572.83146067
757.71348315 555.57303371
815.24157303 626.04494382
887.15168539 637.55056180
874.20786517 611.66292135
867.01685393 575.70786517
864.14044944 508.11235955
836.81460674 559.88764045
868.45505618 469.28089888
835.37640449 485.10112360
921.66853933 522.49438202
944.67977528 554.13483146
1000.76966292 601.59550562
1009.39887640 654.80898876
995.01685393 551.25842697
984.94943820 532.56179775
999.33146067 509.55056180
957.62359551 508.11235955
918.79213483 487.97752809
902.97191011 475.03370787
894.34269663 441.95505618
1013.71348315 569.95505618
849.75842697 424.69662921
833.93820225 456.33707865
843.64606742 337.32584270
859.46629213 344.51685393
879.60112360 352.42696629
895.42134831 340.92134831
904.05056180 342.35955056
925.62359551 350.98876404
925.62359551 343.07865169
942.88202247 353.86516854
975.24157303 356.02247191
974.52247191 343.07865169
990.34269663 356.02247191
1014.79213483 340.92134831
1015.51123596 358.89887640
1018.38764045 368.96629213
1007.60112360 381.19101124
1017.66853933 381.19101124
990.34269663 391.25842697
981.71348315 398.44943820
994.65730337 407.79775281
997.53370787 419.30337079
1017.66853933 427.93258427
1001.84831461 436.56179775
992.50000000 454.53932584
1008.32022472 486.89887640
982.43258427 496.24719101
977.39887640 466.04494382
948.63483146 464.60674157
954.38764045 449.50561798
953.66853933 435.84269663
971.64606742 438.00000000
970.92696629 424.33707865
949.35393258 423.61797753
952.94943820 413.55056180
938.56741573 381.19101124
925.62359551 372.56179775
914.11797753 368.96629213
914.83707865 392.69662921
915.55617978 407.79775281
922.74719101 426.49438202
903.33146067 421.46067416
883.91573034 394.85393258
875.28651685 374.00000000
862.34269663 371.12359551
860.90449438 354.58426966
848.67977528 366.08988764
846.52247191 469.64044944
879.60112360 439.43820225
916.27528090 455.97752809
991.06179775 367.52808989
892.54494382 511.34831461
884.63483146 527.16853933
839.33146067 512.78651685
885.35393258 502.71910112
852.12837163 664.23776224
898.16233766 670.37562438
752.89960040 667.30669331
955.44905095 664.23776224
