907.26573427 518.26573427
876.11188811 529.59440559
863.83916084 489.94405594
837.40559441 516.37762238
806.25174825 554.13986014
770.37762238 531.48251748
750.55244755 489.94405594
759.04895105 455.01398601
748.66433566 371.93706294
808.13986014 397.42657343
894.04895105 373.82517483
937.47552448 373.82517483
871.39160839 407.81118881
907.26573427 435.18881119
641.98601399 412.53146853
689.18881119 425.74825175
712.79020979 336.06293706
631.60139860 331.34265734
591.00699301 319.06993007
583.45454545 304.90909091
560.79720280 311.51748252
598.55944056 384.20979021
600.44755245 420.08391608
591.00699301 445.57342657
612.72027972 458.79020979
538.13986014 465.39860140
527.75524476 413.47552448
523.97902098 394.59440559
514.53846154 351.16783217
505.09790210 289.80419580
510.76223776 267.14685315
483.38461538 256.76223776
459.78321678 244.48951049
446.56643357 261.48251748
420.13286713 274.69930070
478.66433566 337.95104895
470.16783217 351.16783217
459.78321678 391.76223776
470.16783217 378.54545455
428.62937063 404.97902098
469.22377622 431.41258741
499.43356643 489.00000000
403.13986014 491.83216783
339.88811189 427.63636364
356.88111888 388.93006993
368.20979021 362.49650350
346.49650350 347.39160839
373.87412587 306.79720280
362.54545455 334.17482517
332.33566434 309.62937063
315.34265734 309.62937063
282.30069930 322.84615385
281.35664336 370.99300699
255.86713287 358.72027972
230.37762238 331.34265734
213.38461538 342.67132867
227.54545455 385.15384615
235.09790210 426.69230769
261.53146853 501.27272727
304.01398601 490.88811189
222.82517483 513.54545455
183.17482517 472.00699301
147.30069930 490.88811189
102.93006993 490.88811189
60.44755245 477.67132867
343.66433566 562.63636364
484.32867133 569.24475524
508.87412587 552.25174825
561.74125874 542.81118881
605.16783217 552.25174825
662.75524476 569.24475524
698.62937063 556.97202797
927.09090909 326.62237762
857.23076923 329.45454545
870.44755245 298.30069930
929.92307692 273.75524476
939.36363636 263.37062937
927.09090909 251.09790210
907.26573427 239.76923077
883.66433566 250.15384615
846.84615385 268.09090909
822.30069930 280.36363636
768.48951049 283.19580420
791.14685315 274.69930070
791.14685315 252.98601399
768.48951049 234.10489510
748.66433566 273.75524476
718.45454545 266.20279720
705.23776224 286.02797203
675.97202797 291.69230769
690.13286713 266.20279720
661.81118881 271.86713287
379.53846154 319.06993007
379.53846154 313.40559441
379.53846154 316.23776224
379.53846154 316.23776224
379.53846154 316.23776224
391.81118881 390.81818182
619.32867133 242.60139860
594.78321678 236.93706294
162.40559441 420.08391608
170.90209790 392.70629371
142.58041958 388.93006993
113.31468531 365.32867133
91.60139860 357.77622378
84.99300699 373.82517483
52.89510490 375.71328671
10.41258741 387.98601399
10.41258741 440.85314685
71.77622378 432.35664336
93.48951049 427.63636364
88.76923077 414.41958042
872.33566434 150.08391608
880.83216783 144.41958042
894.99300699 138.75524476
911.98601399 106.65734266
608.94405594 266.20279720
703.34965035 230.32867133
688.24475524 231.27272727
521.14685315 229.38461538
715.62237762 151.97202797
739.22377622 169.90909091
183.17482517 311.51748252
162.40559441 298.30069930
131.25174825 294.52447552
81.21678322 305.85314685
57.61538462 314.34965035
31.18181818 339.83916084
20.79720280 303.02097902
2.86013986 320.01398601
32.12587413 268.09090909
19.85314685 261.48251748
50.06293706 256.76223776
84.04895105 263.37062937
96.32167832 244.48951049
91.60139860 231.27272727
117.09090909 233.16083916
822.30069930 254.87412587
825.13286713 237.88111888
821.35664336 216.16783217
861.00699301 216.16783217
865.72727273 197.28671329
880.83216783 223.72027972
906.32167832 211.44755245
730.72727273 244.48951049
747.72027972 210.50349650
709.01398601 193.51048951
679.74825175 171.79720280
669.36363636 187.84615385
650.48251748 177.46153846
647.65034965 203.89510490
631.60139860 217.11188811
610.83216783 207.67132867
615.55244755 196.34265734
596.67132867 206.72727273
581.56643357 226.55244755
563.62937063 239.76923077
560.79720280 250.15384615
541.91608392 233.16083916
541.91608392 256.76223776
552.30069930 222.77622378
569.29370629 206.72727273
539.08391608 216.16783217
212.44055944 304.90909091
207.72027972 286.02797203
219.04895105 283.19580420
236.04195804 286.97202797
248.31468531 256.76223776
270.97202797 244.48951049
282.30069930 265.25874126
279.46853147 289.80419580
312.51048951 286.02797203
304.95804196 271.86713287
326.67132867 265.25874126
351.21678322 280.36363636
144.46853147 267.14685315
124.64335664 263.37062937
123.69930070 256.76223776
131.25174825 249.20979021
91.60139860 283.19580420
32.12587413 214.27972028
9.46853147 227.49650350
53.83916084 213.33566434
47.23076923 206.72727273
84.99300699 192.56643357
113.31468531 187.84615385
71.54020979 221.59615385
107.41433566 219.23601399
102.69405594 211.68356643
86.17307692 221.59615385
140.45629371 203.18706294
159.80944056 213.57167832
142.81643357 220.65209790
154.14510490 238.11713287
157.92132867 256.52622378
180.10664336 260.77447552
206.06818182 242.36538462
215.50874126 234.81293706
236.75000000 224.90034965
203.70804196 223.01223776
197.09965035 206.49125874
178.21853147 207.43531469
165.47377622 192.80244755
156.03321678 186.66608392
161.69755245 176.75349650
150.36888112 169.20104895
134.31993007 173.92132867
131.01573427 192.80244755
121.10314685 181.94580420
119.21503497 148.90384615
105.05419580 132.38286713
98.91783217 116.33391608
89.47727273 128.60664336
72.95629371 127.66258741
50.77097902 119.63811189
49.82692308 137.57517483
69.65209790 138.51923077
34.72202797 156.45629371
42.27447552 173.92132867
15.36888112 183.83391608
129.12762238 110.66958042
190.96328671 123.41433566
199.45979021 101.22902098
193.32342657 107.36538462
176.33041958 105.94930070
165.47377622 95.56468531
155.56118881 98.86888112
142.34440559 107.36538462
181.99475524 81.40384615
188.13111888 93.67657343
194.26748252 79.04370629
205.12412587 136.63111888
222.11713287 138.51923077
217.86888112 150.79195804
200.40384615 147.48776224
184.82692308 139.46328671
216.45279720 179.11363636
216.92482517 166.84090909
228.25349650 161.64860140
244.30244755 140.87937063
264.12762238 133.79895105
248.55069930 121.05419580
236.27797203 132.85489510
256.57517483 110.19755245
292.92132867 113.97377622
305.66608392 109.25349650
325.96328671 116.33391608
329.26748252 140.87937063
316.99475524 130.96678322
313.21853147 156.92832168
306.61013986 176.75349650
308.97027972 192.80244755
292.92132867 197.05069930
237.69405594 183.36188811
247.60664336 173.44930070
229.66958042 199.88286713
245.71853147 201.77097902
252.32692308 211.68356643
222.58916084 220.65209790
275.92832168 225.84440559
292.92132867 229.62062937
320.29895105 242.36538462
342.95629371 239.06118881
376.47027972 242.36538462
365.61363636 258.88636364
391.57517483 248.97377622
394.40734266 273.51923077
424.14510490 232.45279720
436.41783217 240.00524476
440.66608392 221.59615385
277.81643357 96.98076923
269.79195804 90.37237762
240.05419580 80.45979021
216.45279720 94.62062937
206.54020979 87.06818182
114.96678322 115.86188811
21.03321678 141.82342657
23.86538462 131.91083916
9.70454545 140.40734266
7.34440559 150.31993007
19.14510490 161.64860140
24.33741259 155.04020979
271.20804196 125.30244755
354.28496503 113.97377622
343.90034965 107.83741259
360.42132867 102.64510490
411.40034965 109.25349650
441.13811189 105.94930070
455.29895105 105.47727273
446.80244755 116.80594406
460.01923077 141.82342657
447.27447552 142.76748252
432.16958042 138.99125874
409.98426573 133.79895105
409.04020979 153.15209790
394.87937063 148.90384615
384.02272727 141.82342657
369.38986014 137.57517483
376.94230769 130.02272727
367.97377622 118.69405594
373.16608392 107.36538462
426.50524476 199.41083916
408.09615385 186.66608392
423.67307692 178.64160839
387.79895105 198.46678322
394.40734266 185.25000000
383.55069930 171.56118881
372.69405594 170.14510490
359.94930070 161.64860140
348.14860140 146.07167832
342.01223776 169.20104895
329.26748252 176.75349650
329.26748252 167.31293706
331.15559441 156.45629371
332.57167832 191.85839161
338.70804196 203.65909091
338.23601399 216.87587413
320.29895105 209.32342657
308.97027972 222.54020979
360.42132867 226.78846154
377.41433566 221.59615385
370.80594406 211.68356643
358.06118881 209.32342657
400.54370629 221.59615385
412.34440559 203.18706294
437.36188811 176.75349650
447.27447552 166.84090909
460.01923077 214.04370629
465.68356643 199.41083916
454.82692308 190.91433566
316.52272727 73.85139860
334.45979021 77.15559441
357.58916084 77.62762238
378.35839161 82.34790210
257.04720280 79.04370629
272.15209790 74.79545455
217.39685315 72.43531469
207.48426573 70.54720280
405.26398601 88.95629371
391.10314685 95.56468531
387.79895105 111.14160839
460.49125874 87.06818182
432.64160839 84.70804196
439.72202797 83.76398601
436.41783217 73.85139860
420.36888112 72.90734266
421.31293706 84.70804196
151.31293706 121.99825175
155.56118881 142.76748252
222.11713287 120.11013986
214.56468531 109.25349650
204.65209790 123.88636364
499.43356643 167.07692308
239.34615385 62.07517483
256.81118881 65.37937063
291.26923077 55.46678322
304.95804196 55.93881119
305.43006993 70.09965035
298.82167832 63.01923077
286.54895105 71.98776224
283.71678322 85.67657343
325.72727273 56.88286713
323.36713287 47.44230769
329.97552448 42.72202797
339.88811189 50.74650350
342.72027972 62.07517483
344.13636364 44.61013986
354.52097902 47.44230769
366.79370629 40.36188811
383.31468531 55.46678322
374.34615385 51.21853147
387.56293706 45.55419580
396.05944056 42.72202797
408.80419580 40.36188811
407.86013986 30.92132867
397.94755245 30.44930070
407.86013986 67.73951049
389.45104895 67.26748252
426.26923077 59.24300699
430.51748252 50.27447552
438.06993007 40.36188811
423.90909091 32.80944056
430.04545455 24.78496503
438.54195804 12.51223776
450.81468531 4.01573427
472.52797203 78.59615385
498.01748252 105.50174825
489.99300699 96.53321678
485.27272727 88.50874126
489.99300699 78.59615385
498.48951049 78.59615385
478.19230769 106.91783217
506.51398601 210.76398601
499.43356643 197.54720280
510.29020979 188.10664336
519.25874126 161.67307692
532.94755245 156.48076923
540.02797203 174.88986014
541.44405594 196.60314685
479.60839161 227.28496503
307.08216783 127.81730769
578.73426573 166.13286713
597.61538462 161.41258741
504.15384615 246.37762238
583.45454545 145.36363636
603.27972028 126.48251748
653.31468531 140.64335664
650.48251748 127.42657343
700.51748252 141.58741259
688.24475524 130.25874126
698.62937063 117.04195804
793.97902098 200.11888112
791.14685315 224.66433566
777.93006993 189.73426573
770.37762238 176.51748252
756.21678322 180.29370629
830.79720280 160.46853147
818.52447552 170.85314685
799.64335664 163.30069930
797.75524476 150.08391608
810.02797203 140.64335664
552.30069930 151.97202797
489.99300699 143.47552448
503.20979021 154.80419580
482.44055944 163.30069930
466.39160839 177.46153846
558.90909091 118.93006993
574.95804196 119.87412587
558.90909091 184.06993007
275.69230769 153.86013986
302.12587413 154.56818182
282.30069930 133.32692308
338.47202797 123.41433566
452.70279720 60.16258741
471.11188811 68.18706294
508.40209790 88.95629371
520.67482517 84.23601399
540.02797203 85.18006993
517.37062937 71.01923077
481.49650350 66.77097902
514.06643357 138.99125874
439.95804196 29.48076923
304.01398601 97.45279720
311.56643357 103.58916084
532.47552448 144.18356643
531.53146853 130.49475524
516.89860140 106.89335664
506.98601399 105.00524476
494.71328671 126.71853147
475.83216783 116.80594406
774.15384615 140.64335664
759.99300699 131.20279720
740.16783217 121.76223776
806.25174825 123.65034965
785.48251748 117.04195804
844.01398601 105.71328671
871.39160839 110.43356643
876.11188811 121.76223776
863.83916084 92.49650350
850.62237762 90.60839161
844.95804196 82.11188811
830.79720280 92.49650350
863.83916084 71.72727273
882.72027972 77.39160839
876.11188811 68.89510490
894.99300699 84.00000000
919.53846154 167.07692308
925.20279720 146.30769231
922.37062937 134.97902098
932.75524476 117.04195804
939.36363636 97.21678322
911.98601399 68.89510490
922.37062937 50.95804196
933.69930070 64.17482517
912.93006993 57.56643357
901.60139860 53.79020979
888.38461538 57.56643357
891.21678322 49.06993007
854.39860140 57.56643357
872.33566434 57.56643357
851.56643357 47.18181818
812.86013986 70.78321678
784.53846154 78.33566434
786.42657343 95.32867133
776.04195804 91.55244755
755.27272727 110.43356643
744.88811189 84.00000000
683.52447552 114.20979021
675.97202797 107.60139860
629.24125874 169.22552448
641.51398601 151.76048951
617.91258741 141.84790210
626.88111888 133.35139860
621.21678322 111.63811189
613.19230769 105.02972028
602.33566434 103.61363636
604.22377622 111.63811189
585.34265734 98.89335664
574.48601399 105.97377622
559.85314685 105.50174825
548.05244755 99.36538462
552.30069930 91.81293706
562.21328671 85.20454545
566.46153846 79.54020979
634.90559441 126.74300699
647.17832168 111.63811189
692.02097902 105.50174825
703.82167832 102.19755245
716.56643357 100.30944056
727.42307692 109.27797203
648.59440559 91.81293706
835.98951049 127.68706294
750.55244755 63.49125874
731.67132867 78.59615385
698.62937063 82.37237762
690.13286713 75.29195804
668.41958042 82.84440559
677.38811189 95.58916084
642.45804196 76.70804196
655.67482517 79.54020979
632.07342657 65.37937063
643.87412587 67.73951049
616.49650350 67.73951049
617.44055944 59.24300699
607.52797203 52.63461538
599.50349650 48.85839161
718.45454545 49.33041958
734.50349650 55.93881119
740.16783217 67.73951049
803.41958042 47.44230769
817.10839161 48.85839161
829.85314685 39.41783217
835.98951049 34.22552448
846.84615385 30.44930070
849.20629371 18.17657343
824.18881119 60.65909091
793.97902098 29.03321678
805.30769231 32.33741259
785.48251748 26.20104895
770.84965035 25.72902098
734.03146853 31.39335664
711.37412587 30.92132867
701.93356643 40.36188811
594.31118881 62.07517483
604.22377622 84.26048951
617.91258741 80.95629371
584.87062937 75.29195804
557.02097902 48.85839161
632.54545455 12.98426573
631.60139860 19.12062937
526.81118881 56.88286713
518.31468531 46.97027972
505.09790210 54.52272727
684.46853147 55.93881119
676.91608392 48.85839161
661.33916084 45.55419580
651.42657343 47.91433566
641.04195804 34.22552448
607.52797203 36.11363636
619.80069930 38.94580420
597.14335664 43.66608392
591.47902098 22.42482517
842.12587413 189.99475524
846.37412587 176.77797203
835.51748252 60.65909091
767.54545455 35.64160839
759.04895105 29.50524476
738.27972028 20.53671329
726.95104895 19.12062937
719.39860140 24.31293706
832.68531469 13.92832168
543.80419580 59.71503497
527.75524476 38.00174825
545.69230769 33.75349650
562.21328671 41.30594406
667.71153846 161.55506993
663.46328671 150.93444056
662.99125874 131.81730769
620.50874126 97.12325175
720.81468531 125.20891608
574.95804196 94.99912587
489.99300699 51.21853147
480.55244755 40.83391608
481.02447552 34.22552448
481.49650350 25.72902098
474.41608392 21.00874126
461.67132867 34.69755245
469.22377622 35.64160839
456.95104895 29.50524476
456.95104895 23.84090909
465.44755245 24.78496503
502.73776224 38.94580420
508.40209790 33.75349650
512.65034965 25.72902098
521.14685315 29.03321678
538.13986014 23.84090909
497.54545455 38.94580420
494.24125874 34.69755245
490.93706294 27.14510490
485.74475524 7.79195804
564.57342657 56.88286713
502.73776224 19.59265734
525.39510490 10.62412587
564.10139860 24.78496503
550.41258741 27.14510490
567.40559441 12.98426573
551.35664336 12.98426573
540.97202797 12.98426573
534.36363636 19.12062937
468.27972028 16.28846154
607.52797203 20.53671329
607.52797203 12.51223776
607.52797203 4.48776224
599.03146853 4.48776224
589.11888112 7.31993007
582.98251748 11.56818182
566.46153846 4.95979021
515.01048951 122.02272727
584.87062937 115.41433566
663.69930070 92.28496503
681.16433566 68.68356643
698.15734266 67.73951049
699.10139860 55.46678322
709.48601399 60.65909091
687.77272727 62.54720280
663.69930070 57.35489510
608.47202797 64.43531469
469.22377622 2.59965035
460.25524476 6.37587413
498.01748252 4.48776224
364.90559441 65.37937063
350.27272727 64.43531469
558.90909091 170.85314685
675.97202797 152.91608392
404.08391608 351.16783217
415.41258741 329.45454545
395.58741259 303.02097902
927.79895105 30.42482517
885.78846154 31.84090909
935.35139860 31.84090909
941.48776224 46.94580420
934.40734266 47.41783217
911.75000000 36.08916084
941.48776224 21.92832168
874.93181818 22.87237762
919.95213440 12.66396104
911.69423845 20.40573849
903.95246100 3.88994659
884.85607662 4.40606509
862.14686275 5.95442058
839.43764889 2.34159110
796.08369515 11.11560555
796.59981365 19.88962000
785.24520672 12.66396104
787.82579920 11.11560555
769.24553331 9.05113156
746.53631945 19.88962000
741.89125298 11.11560555
707.82743218 9.05113156
686.66657381 11.11560555
660.34453047 20.92185699
651.05439753 16.27679052
640.73202759 12.66396104
636.60307961 8.01889457
794.53533966 100.40410551
798.14816914 91.63009106
731.05276454 92.66232806
717.63368362 85.95278760
724.34322408 74.59818067
711.95638016 77.69489165
724.85934258 65.30804772
869.88864021 15.24455352
787.82579920 5.43830208
728.98829056 11.11560555
663.44124145 9.56725006
654.66722700 6.47053908
644.86097556 5.43830208
864.72745524 28.14751595
856.98567778 30.21198993
784.21296972 43.63107085
772.34224429 43.63107085
764.60046684 47.76001883
757.89092638 44.66330785
750.66526742 42.08271536
738.79454200 41.05047837
791.43862868 49.82449281
773.89059978 62.21133674
768.72941482 66.34028472
757.37480788 88.53338008
769.24553331 83.37219511
753.76197841 98.33963152
799.69652463 67.88864021
808.98665757 58.08238877
800.21264313 58.08238877
827.56692346 50.85672981
692.34387728 17.30902751
675.82808538 25.56692346
692.85999577 33.30870091
635.57084262 54.46955929
595.31359986 184.01530201
579.31392646 191.24096096
598.41031084 137.04851879
592.73300738 124.14555637
552.47576462 139.11299278
476.60634558 130.85509683
860.59850726 130.85509683
926.66167486 21.95409398
921.50048989 19.88962000
805.37382809 14.72843503
812.08336855 9.05113156
721.76263160 11.11560555
673.76361139 18.34126450
811.56725006 79.75936563
832.21198993 71.50146968
761.50375586 159.75773265
751.18138592 147.37088873
897.75903904 20.40573849
831.69587144 5.43830208
660.86064897 31.76034542
648.98992354 23.50244947
734.66559402 200.53109391
722.79486859 213.95017483
398.41439330 116.40377891
402.54334127 107.11364597
453.12295397 129.30674134
439.18775455 125.69391186
418.54301468 125.17779336
422.15584416 104.01693499
574.92691923 50.85672981
543.44369092 48.79225582
753.76197841 73.41932587
763.56822985 80.90304407
586.79764466 108.51538365
844.72786348 46.58116403
836.21190828 47.61340102
807.82539096 25.16224641
197.39920656 185.59883386
191.72190310 174.76034542
199.46368055 158.24455352
176.23834819 153.08336855
145.78735687 156.69619803
278.94592907 111.27777031
464.23246945 47.79519519
862.66298125 116.40377891
872.46923269 170.63139745
853.37284831 163.92185699
149.40018635 343.01497541
170.04492623 336.82155345
107.07846961 312.04786560
874.40467705 33.16208311
912.33938657 44.25863079
768.21329632 100.95540037
82.30478176 154.11560555
57.01497541 157.21231653
77.14359679 169.08304196
373.91173250 150.50277607
353.78311112 130.37415469
331.07389726 89.60079344
395.58870937 64.44001671
680.47315185 29.69587144
680.47315185 40.53435987
685.63433682 40.01824137
757.37480788 20.92185699
822.92185699 30.72810843
626.79682817 107.11364597
636.08696112 114.33930493
538.54056520 121.56496388
692.34387728 173.17681357
729.50440905 143.75805925
808.98665757 185.04753900
820.34126450 201.04721240
689.76328479 213.43405633
267.19580420 193.03846154
753.38461538 6.11538462
577.55419580 83.68269231
