7.84567901 409.18148148
29.41604938 411.74938272
53.04074074 413.80370370
68.19135802 410.46543210
90.53209877 413.29012346
116.98148148 412.51975309
145.74197531 412.51975309
168.08271605 412.51975309
132.64567901 404.55925926
104.65555556 398.13950617
80.00370370 399.93703704
15.54938272 397.62592593
34.29506173 403.27530864
26.33456790 383.50246914
5.53456790 381.96172840
5.27777778 367.83827160
22.22592593 369.37901235
41.74197531 384.01604938
25.82098765 360.39135802
10.92716049 358.08024691
37.89012346 359.62098765
38.66049383 349.34938272
24.79382716 343.44320988
15.54938272 343.70000000
3.22345679 345.49753086
56.12222222 355.76913580
66.13703704 360.64814815
42.76913580 342.67283951
32.49753086 338.30740741
32.49753086 329.31975309
18.63086420 331.37407407
5.79135802 329.06296296
11.44074074 321.87283951
24.02345679 324.44074074
20.68518519 317.50740741
2.70987654 315.45308642
14.52222222 310.57407407
31.47037037 316.99382716
31.21358025 309.03333333
22.73950617 308.77654321
16.83333333 301.84320988
8.61604938 302.87037037
1.16913580 303.12716049
6.30493827 298.24814815
1.68271605 295.68024691
17.09012346 293.88271605
9.38641975 289.26049383
23.25308642 298.76172840
27.61851852 302.10000000
38.40370370 295.93703704
38.91728395 287.20617284
54.83827160 286.17901235
51.75679012 294.13950617
44.56666667 300.81604938
40.97160494 306.46543210
53.81111111 303.89753086
45.85061728 311.34444444
41.48518519 315.70987654
41.48518519 327.26543210
52.01358025 317.25061728
50.21604938 326.23827160
53.55432099 333.42839506
61.25802469 325.46790123
62.79876543 314.42592593
64.33950617 309.03333333
66.13703704 299.27530864
70.75925926 309.80370370
78.71975309 307.49259259
69.98888889 320.84567901
71.78641975 332.40123457
81.03086420 326.23827160
80.77407407 341.64567901
72.81358025 351.66049383
57.14938272 343.70000000
65.62345679 336.50987654
64.85308642 380.16419753
47.64814815 370.40617284
77.17901235 371.17654321
96.95185185 376.82592593
87.96419753 364.75679012
114.67037037 374.00123457
101.57407407 362.18888889
104.91234568 357.30987654
93.10000000 357.82345679
99.00617284 347.55185185
102.85802469 337.53703704
112.61604938 344.47037037
107.99382716 332.40123457
115.18395062 321.10246914
98.74938272 319.30493827
90.53209877 316.99382716
87.45061728 311.85802469
95.66790123 311.85802469
106.96666667 312.88518519
101.83086420 306.20864198
93.35679012 305.43827160
86.68024691 304.66790123
81.03086420 299.27530864
80.51728395 294.39629630
93.61358025 292.08518519
99.77654321 300.30246914
115.69753086 294.13950617
106.70987654 300.81604938
111.07530864 303.89753086
121.34691358 295.68024691
116.21111111 309.03333333
124.42839506 304.41111111
133.67283951 303.12716049
123.14444444 316.22345679
131.87530864 314.16913580
142.40370370 309.54691358
141.89012346 302.10000000
140.09259259 319.81851852
125.71234568 329.31975309
137.78148148 328.54938272
121.09012346 337.53703704
134.18641975 342.92962963
124.94197531 351.14691358
133.41604938 352.94444444
132.90246914 370.91975309
144.97160494 366.81111111
142.66049383 387.35432099
161.14938272 392.74691358
193.50493827 407.89753086
172.19135802 401.22098765
155.75679012 381.70493827
170.39382716 371.94691358
155.75679012 359.10740741
162.94691358 353.97160494
148.30987654 342.67283951
160.12222222 339.33456790
157.29753086 327.00864198
151.13456790 322.12962963
155.24320988 311.60123457
153.95925926 304.41111111
162.94691358 303.89753086
171.93456790 303.89753086
164.74444444 314.42592593
180.40864198 306.72222222
181.69259259 312.62839506
181.43580247 322.38641975
173.98888889 327.26543210
168.59629630 332.40123457
180.66543210 336.25308642
179.12469136 353.45802469
169.36666667 348.32222222
171.42098765 358.08024691
180.66543210 362.95925926
189.65308642 379.13703704
207.37160494 405.32962963
215.84567901 415.08765432
231.25308642 411.74938272
246.91728395 406.87037037
251.53950617 395.57160494
223.03580247 378.62345679
203.77654321 379.13703704
212.25061728 397.11234568
223.03580247 396.85555556
211.73703704 374.77160494
204.29012346 366.04074074
192.73456790 360.64814815
215.58888889 360.39135802
222.52222222 356.53950617
226.63086420 363.72962963
200.43827160 347.03827160
215.84567901 342.15925926
198.38395062 335.73950617
190.93703704 342.41604938
187.85555556 330.34691358
196.58641975 322.38641975
209.93950617 328.29259259
217.64320988 328.80617284
223.54938272 344.47037037
232.53703704 343.18641975
196.32962963 312.62839506
196.32962963 305.95185185
189.39629630 299.78888889
210.45308642 300.04567901
216.87283951 300.04567901
229.19876543 300.30246914
227.91481481 309.80370370
219.18395062 309.80370370
221.49506173 306.46543210
209.93950617 312.37160494
215.33209877 319.56172840
224.83333333 320.58888889
232.53703704 322.12962963
234.59135802 311.34444444
243.57901235 317.25061728
238.18641975 327.26543210
243.57901235 336.76666667
251.02592593 325.21111111
253.59382716 319.04814815
249.74197531 317.76419753
251.02592593 309.80370370
263.35185185 319.04814815
262.83827160 310.57407407
253.33703704 336.25308642
267.46049383 332.14444444
263.09506173 340.87530864
256.16172840 350.37654321
245.63333333 350.37654321
241.01111111 361.41851852
243.06543210 373.74444444
253.59382716 363.98641975
272.33950617 395.57160494
268.74444444 374.51481481
267.20370370 359.10740741
271.31234568 346.01111111
271.05555556 316.48024691
271.31234568 309.80370370
19.14444444 285.40864198
25.30740741 275.13703704
9.64320988 275.65061728
164.48765432 235.84814815
179.12469136 236.36172840
195.04567901 233.53703704
151.29012346 196.94444444
167.72469136 195.40370370
28.90246914 221.46790123
27.87530864 217.10246914
2.19629630 218.38641975
5.02098765 220.95432099
9.90000000 218.90000000
11.95432099 220.18395062
16.83333333 217.10246914
20.42839506 219.92716049
36.34938272 223.00864198
36.86296296 259.21604938
12.46790123 284.38148148
10.41358025 282.07037037
17.60370370 280.78641975
19.40123457 279.75925926
16.57654321 277.44814815
288.92962963 414.06049383
281.48271605 406.61358025
340.03086420 409.43827160
312.55432099 404.81604938
293.29506173 401.22098765
290.72716049 389.15185185
302.53950617 376.05555556
288.92962963 365.78395062
288.15925926 349.09259259
279.68518519 345.75432099
281.99629630 333.94197531
275.83333333 329.57654321
274.03580247 321.35925926
288.15925926 325.21111111
279.94197531 316.99382716
277.11728395 308.26296296
289.95679012 308.26296296
296.11975309 305.69506173
308.18888889 295.93703704
304.33703704 303.64074074
300.74197531 308.77654321
295.09259259 313.65555556
287.13209877 314.68271605
296.11975309 323.41358025
298.17407407 328.80617284
298.17407407 342.67283951
310.50000000 352.17407407
318.46049383 371.17654321
322.31234568 387.61111111
365.19629630 405.07283951
355.43827160 393.00370370
337.71975309 388.89506173
339.51728395 376.31234568
319.23086420 355.51234568
324.62345679 340.61851852
308.70246914 335.73950617
309.98641975 331.11728395
319.23086420 324.18395062
328.98888889 320.33209877
317.69012346 314.68271605
309.21604938 310.83086420
317.43333333 308.00617284
321.02839506 300.81604938
319.48765432 295.68024691
331.30000000 299.53209877
328.21851852 309.80370370
338.23333333 315.45308642
344.13950617 313.39876543
341.05802469 321.35925926
349.78888889 320.84567901
350.55925926 331.63086420
345.16666667 347.80864198
390.10493827 408.41111111
382.14444444 396.08518519
411.41851852 408.92469136
426.05555556 407.64074074
406.28271605 394.03086420
418.09506173 387.35432099
392.92962963 380.42098765
407.30987654 374.77160494
431.44814815 377.33950617
423.23086420 369.37901235
398.83580247 363.21604938
383.42839506 368.86543210
372.12962963 374.25802469
389.33456790 360.39135802
375.46790123 361.41851852
359.03333333 373.48765432
373.92716049 350.89012346
387.28024691 351.14691358
356.97901235 348.06543210
361.08765432 339.33456790
350.55925926 342.15925926
380.09012346 341.13209877
371.35925926 336.76666667
363.65555556 330.86049383
355.43827160 323.67037037
334.12469136 306.97901235
340.54444444 303.38395062
394.21358025 344.98395062
414.50000000 358.85061728
410.13456790 351.66049383
430.42098765 357.30987654
426.82592593 351.14691358
414.50000000 347.80864198
425.79876543 342.15925926
418.09506173 341.13209877
413.72962963 331.63086420
429.90740741 331.88765432
402.43086420 338.56419753
405.51234568 329.57654321
422.20370370 327.77901235
392.92962963 332.65802469
384.71234568 334.19876543
373.92716049 326.49506173
395.24074074 322.90000000
387.53703704 318.53456790
365.96666667 318.79135802
378.29259259 316.22345679
380.60370370 314.16913580
371.35925926 310.57407407
362.11481481 311.85802469
360.06049383 306.97901235
352.35679012 302.87037037
356.20864198 292.85555556
343.62592593 292.85555556
349.27530864 285.92222222
340.54444444 285.15185185
341.31481481 281.04320988
366.48024691 300.30246914
370.58888889 305.69506173
378.80617284 303.38395062
386.76666667 304.41111111
396.01111111 312.88518519
406.53950617 318.53456790
416.04074074 318.02098765
427.33950617 324.18395062
425.79876543 316.99382716
426.56913580 310.31728395
430.67777778 315.19629630
417.83827160 309.29012346
407.05308642 305.69506173
411.93209877 312.62839506
398.06543210 304.66790123
427.59629630 301.84320988
417.32469136 301.58641975
407.30987654 299.27530864
411.16172840 293.88271605
397.80864198 294.65308642
403.45802469 290.80123457
407.05308642 286.43580247
391.13209877 297.22098765
384.19876543 298.76172840
373.92716049 297.99135802
363.91234568 296.19382716
372.38641975 291.57160494
380.60370370 291.05802469
383.94197531 286.69259259
372.38641975 286.43580247
363.39876543 284.63827160
364.16913580 275.90740741
379.06296296 280.52962963
389.59135802 280.27283951
389.84814815 290.80123457
396.78148148 287.97654321
399.60617284 285.92222222
402.94444444 280.52962963
394.47037037 278.47530864
388.56419753 275.65061728
375.98148148 263.32469136
409.87777778 271.79876543
412.95925926 282.32716049
420.66296296 281.55679012
425.02839506 281.04320988
413.21604938 277.70493827
420.14938272 276.42098765
422.97407407 276.16419753
427.85308642 274.62345679
443.92962963 410.72222222
440.59135802 399.93703704
470.12222222 398.39629630
476.54197531 412.26296296
499.39629630 409.95185185
521.48024691 408.92469136
549.21358025 411.23580247
559.48518519 400.19382716
574.37901235 393.77407407
548.18641975 388.89506173
588.50246914 392.49012346
540.48271605 403.27530864
529.18395062 395.05802469
511.97901235 393.26049383
498.11234568 390.69259259
488.35432099 388.38148148
468.06790123 380.67777778
454.45802469 378.36666667
442.64567901 377.33950617
459.33703704 365.52716049
445.21358025 358.08024691
437.76666667 342.92962963
451.89012346 350.63333333
450.60617284 342.41604938
442.13209877 336.76666667
460.62098765 348.32222222
470.37901235 353.45802469
483.21851852 370.14938272
494.00370370 373.48765432
504.78888889 373.48765432
518.39876543 373.48765432
532.52222222 377.33950617
563.33703704 370.40617284
582.08271605 378.10987654
573.35185185 367.06790123
579.77160494 355.51234568
517.37160494 360.13456790
497.08518519 362.44567901
485.27283951 349.34938272
494.00370370 350.63333333
508.64074074 350.37654321
520.96666667 343.70000000
531.49506173 351.40370370
548.18641975 349.34938272
557.94444444 353.97160494
566.93209877 348.06543210
573.86543210 338.05061728
588.75925926 337.79382716
554.60617284 340.10493827
538.94197531 337.53703704
525.07530864 334.19876543
529.69753086 327.77901235
515.57407407 328.80617284
509.66790123 337.53703704
497.85555556 339.07777778
478.08271605 335.73950617
470.63580247 341.38888889
462.67530864 332.91481481
449.32222222 327.77901235
436.48271605 326.23827160
444.95679012 315.96666667
453.43086420 319.30493827
462.93209877 323.15679012
467.04074074 318.02098765
475.77160494 325.46790123
487.07037037 327.77901235
460.62098765 315.70987654
455.22839506 310.06049383
462.93209877 307.74938272
446.75432099 305.69506173
440.07777778 300.81604938
431.86049383 293.62592593
422.87283951 291.82839506
416.70987654 288.74691358
442.13209877 276.42098765
430.06296296 279.24567901
436.48271605 286.43580247
444.95679012 282.58395062
451.89012346 278.21851852
457.79629630 274.88024691
466.52716049 272.56913580
452.66049383 296.70740741
462.67530864 297.73456790
469.60864198 302.10000000
480.39382716 303.89753086
482.19135802 316.48024691
471.91975309 310.57407407
480.39382716 295.68024691
483.73209877 292.34197531
490.40864198 291.57160494
494.00370370 291.57160494
501.45061728 293.36913580
499.39629630 301.32962963
488.09753086 303.12716049
486.81358025 297.22098765
489.63827160 316.22345679
486.81358025 309.03333333
492.71975309 308.26296296
500.68024691 312.11481481
506.84320988 306.46543210
510.69506173 301.84320988
518.91234568 303.12716049
528.41358025 301.07283951
533.29259259 307.23580247
522.25061728 308.26296296
515.06049383 311.34444444
509.41111111 316.73703704
507.87037037 325.46790123
495.54444444 322.12962963
518.14197531 318.02098765
524.04814815 323.15679012
530.72469136 319.81851852
536.37407407 317.50740741
541.25308642 325.72469136
542.02345679 318.53456790
553.06543210 333.17160494
562.56666667 328.54938272
554.60617284 323.15679012
563.85061728 337.53703704
579.51481481 330.34691358
583.36666667 325.72469136
587.98888889 319.30493827
584.13703704 317.25061728
573.09506173 316.22345679
562.82345679 315.45308642
555.37654321 314.42592593
547.67283951 312.62839506
553.57901235 306.20864198
564.62098765 308.00617284
556.40370370 298.50493827
558.45802469 305.95185185
578.48765432 302.87037037
586.19135802 312.62839506
570.78395062 300.55925926
540.73950617 302.61358025
539.71234568 295.42345679
575.91975309 286.94938272
568.47283951 276.93456790
533.29259259 265.37901235
528.15679012 264.86543210
538.42839506 263.06790123
544.59135802 260.50000000
516.34444444 269.74444444
475.25802469 291.82839506
469.35185185 287.71975309
468.83827160 282.07037037
457.53950617 288.23333333
447.01111111 291.31481481
458.82345679 281.30000000
477.82592593 277.44814815
488.35432099 275.13703704
482.44814815 285.15185185
492.46296296 281.81358025
497.85555556 283.61111111
502.99135802 288.23333333
509.15432099 284.89506173
515.31728395 281.04320988
516.60123457 277.19135802
529.95432099 277.70493827
508.89753086 293.36913580
517.62839506 290.80123457
524.30493827 284.38148148
527.38641975 282.58395062
517.88518519 295.42345679
524.81851852 291.82839506
534.31975309 289.26049383
540.48271605 284.38148148
535.86049383 281.55679012
547.92962963 281.55679012
543.56419753 275.39382716
548.18641975 297.99135802
550.75432099 292.59876543
554.60617284 287.97654321
557.94444444 281.30000000
560.51234568 276.42098765
553.83580247 274.88024691
499.90987654 278.21851852
505.30246914 276.93456790
507.61358025 271.02839506
496.31481481 269.74444444
503.76172840 269.74444444
476.79876543 271.02839506
480.39382716 272.05555556
485.27283951 272.82592593
575.66296296 264.60864198
346.42407592 269.81868132
343.32717283 273.53496503
348.90159840 274.15434565
353.23726274 267.34115884
360.66983017 268.57992008
370.57992008 269.19930070
371.81868132 272.91558442
376.15434565 272.91558442
383.58691309 271.67682318
391.01948052 269.81868132
394.11638362 266.72177822
395.97452547 264.86363636
400.92957043 266.72177822
404.64585415 268.57992008
418.89160839 271.05744256
426.32417582 271.05744256
433.75674326 274.15434565
443.04745255 269.19930070
447.38311688 269.19930070
454.81568432 269.19930070
459.77072927 267.96053946
465.34515485 264.24425574
473.39710290 264.86363636
482.06843157 262.38611389
487.64285714 258.66983017
590.46003996 367.68081918
598.51198801 376.35214785
605.94455544 406.08241758
612.75774226 381.92657343
608.42207792 362.10639361
595.41508492 351.57692308
603.46703297 337.95054945
613.37712288 329.89860140
601.60889111 310.07842158
594.17632368 298.31018981
589.84065934 305.12337662
584.88561439 295.21328671
584.26623377 285.30319680
579.31118881 274.15434565
586.74375624 277.25124875
563.82667333 286.54195804
561.96853147 295.83266733
569.40109890 290.25824176
584.88561439 269.81868132
592.93756244 272.29620380
596.65384615 277.25124875
592.93756244 285.30319680
599.13136863 287.78071928
604.70579421 297.69080919
598.51198801 269.19930070
600.37012987 256.19230769
602.84765235 240.08841159
3.28721279 262.38611389
11.33916084 266.10239760
