36.46771037 285.74951076
34.55968689 276.20939335
8.48336595 259.67318982
58.72798434 280.66144814
79.08023483 281.93346380
82.26027397 296.56164384
82.89628180 253.31311155
87.98434442 269.21330724
101.34050881 271.12133072
112.15264188 283.20547945
128.68884540 281.29745597
140.77299413 303.55772994
177.66144814 298.46966732
184.02152642 283.20547945
174.48140900 267.94129159
130.59686888 248.86105675
130.59686888 239.32093933
140.77299413 234.23287671
156.03718200 232.96086106
182.74951076 241.86497065
187.83757339 226.60078278
208.82583170 231.05283757
222.18199609 237.41291585
229.17808219 276.20939335
213.27788650 296.56164384
211.36986301 303.55772994
202.46575342 321.36594912
251.43835616 273.02935421
273.69863014 290.83757339
268.61056751 322.63796477
310.58708415 299.10567515
294.05088063 278.75342466
299.77495108 257.12915851
257.79843444 241.22896282
243.80626223 248.22504892
345.56751468 309.28180039
367.19178082 317.54990215
393.26810176 319.45792564
412.34833659 297.19765166
434.60861057 320.72994129
359.55968689 283.84148728
360.19569472 271.75733855
384.36399217 271.75733855
401.53620352 268.57729941
417.43639922 251.40508806
400.26418787 240.59295499
441.60469667 244.40900196
438.42465753 221.51272016
403.44422701 213.88062622
387.54403131 218.33268102
373.55185910 210.06457926
353.19960861 234.86888454
323.30724070 245.04500978
325.21526419 217.06066536
356.37964775 203.70450098
388.18003914 182.71624266
413.62035225 192.89236791
425.70450098 151.55185910
425.70450098 144.55577299
433.97260274 98.76320939
285.14677104 236.14090020
305.49902153 234.86888454
274.33463796 201.79647750
301.04696673 196.07240705
267.97455969 194.16438356
285.14677104 182.71624266
329.66731898 172.54011742
302.95499022 169.99608611
278.15068493 141.37573386
257.16242661 139.46771037
250.80234834 157.91193738
236.81017613 176.99217221
228.54207436 152.82387476
225.99804305 142.64774951
214.54990215 208.15655577
197.37769080 203.70450098
173.84540117 198.61643836
191.01761252 136.92367906
192.92563601 123.56751468
191.01761252 183.98825832
161.76125245 183.98825832
156.03718200 161.72798434
154.12915851 140.10371820
129.32485323 143.91976517
138.22896282 188.44031311
119.14872798 207.52054795
117.87671233 200.52446184
108.33659491 194.16438356
87.34833659 200.52446184
78.44422701 222.14872798
87.98434442 231.05283757
56.81996086 246.95303327
50.45988258 250.76908023
24.38356164 239.95694716
3.39530333 222.14872798
2.75929550 209.42857143
34.55968689 221.51272016
75.90019569 194.16438356
57.45596869 182.71624266
49.82387476 170.63209393
47.27984344 158.54794521
33.92367906 165.54403131
10.39138943 180.80821918
76.53620352 170.63209393
90.52837573 152.82387476
93.70841487 160.45596869
116.60469667 136.92367906
87.34833659 133.74363992
91.80039139 126.11154599
112.78864971 121.65949119
72.72015656 121.02348337
79.08023483 94.94716243
96.88845401 91.13111546
107.70058708 98.12720157
110.88062622 86.67906067
135.68493151 100.03522505
136.95694716 105.75929550
139.50097847 115.93542074
163.03326810 128.01956947
161.76125245 120.38747554
161.76125245 99.39921722
166.84931507 94.94716243
186.56555773 102.57925636
191.65362035 90.49510763
225.36203523 102.57925636
239.99021526 90.49510763
267.97455969 98.76320939
292.77886497 114.66340509
294.05088063 105.75929550
316.94716243 119.11545988
333.48336595 112.75538160
332.21135029 143.28375734
351.29158513 148.37181996
364.01174168 147.09980431
366.55577299 126.74755382
374.82387476 98.12720157
338.57142857 90.49510763
348.11154599 74.59491194
374.82387476 70.14285714
374.82387476 61.23874755
382.45596869 56.78669276
403.44422701 89.85909980
384.36399217 101.30724070
421.88845401 70.14285714
423.79647750 44.06653620
408.53228963 12.90215264
386.90802348 16.71819961
354.47162427 18.62622309
362.73972603 40.88649706
317.58317025 54.87866928
302.95499022 71.41487280
293.41487280 68.87084149
281.96673190 62.51076321
321.39921722 40.88649706
320.12720157 30.07436399
325.85127202 11.63013699
301.68297456 7.81409002
280.05870841 20.53424658
259.07045010 17.35420744
255.25440313 11.63013699
236.81017613 17.99021526
229.17808219 16.71819961
218.36594912 11.63013699
189.10958904 11.63013699
195.46966732 42.79452055
188.47358121 65.69080235
201.19373777 76.50293542
229.17808219 73.32289628
228.54207436 61.23874755
215.82191781 49.79060665
235.53816047 49.79060665
176.38943249 74.59491194
152.85714286 77.13894325
163.66927593 50.42661448
157.30919765 42.79452055
157.94520548 34.52641879
157.30919765 17.35420744
171.30136986 7.81409002
129.96086106 12.90215264
138.86497065 14.17416830
147.76908023 17.99021526
108.33659491 4.63405088
119.78473581 1.45401174
170.02935421 0.18199609
201.19373777 0.81800391
169.39334638 2.72602740
405.35225049 2.72602740
76.53620352 13.53816047
62.54403131 14.81017613
41.55577299 16.08219178
39.01174168 7.81409002
31.37964775 12.90215264
9.75538160 19.26223092
28.19960861 26.25831703
6.57534247 43.43052838
18.65949119 43.43052838
38.37573386 38.97847358
66.36007828 45.97455969
62.54403131 54.24266145
84.16829746 52.33463796
99.43248532 52.33463796
118.51272016 56.78669276
127.41682975 49.79060665
100.70450098 31.98238748
108.33659491 31.98238748
2.12328767 86.04305284
48.55185910 85.40704501
61.27201566 86.67906067
77.17221135 70.14285714
209.46183953 94.31115460
374.82387476 175.08414873
