57.83049172 581.24833210
7.35161848 566.82579689
92.68495182 580.04645416
85.47368421 549.99950581
75.85866074 531.97133679
34.99481097 530.76945886
158.78823820 599.27650111
161.19199407 563.22016308
122.73190017 546.39387200
206.86335557 564.42204102
252.53471707 593.26711144
245.32344947 565.62391895
232.10279219 546.39387200
248.92908327 531.97133679
284.98542130 537.98072646
294.60044477 588.45959970
315.03236966 599.27650111
331.85866074 666.58166543
394.35631332 737.49246355
450.84457623 655.76476402
400.36570299 616.10279219
378.73190017 624.51593773
447.23894243 599.27650111
543.38917717 725.47368421
578.24363726 670.18729923
691.22016308 673.79293304
724.87274524 747.10748703
882.31875463 729.07931801
1010.91969360 739.89621942
974.86335557 672.59105510
961.64269830 569.22955276
821.02297999 644.94786261
622.71312083 596.87274524
639.53941191 569.22955276
687.61452928 571.63330862
770.54410675 566.82579689
845.06053867 565.62391895
897.94316778 546.39387200
941.21077341 539.18260440
964.04645416 527.16382506
959.23894243 506.73190017
918.37509266 497.11687670
935.20138374 468.27180628
933.99950581 510.33753398
897.94316778 518.75067952
867.89621942 504.32814430
845.06053867 495.91499876
822.22485792 529.56758092
770.54410675 537.98072646
715.25772177 531.97133679
674.39387200 512.74128984
632.32814430 540.38448233
597.47368421 557.21077341
607.08870768 531.97133679
569.83049172 549.99950581
549.39856684 540.38448233
537.37978750 574.03706449
461.66147764 546.39387200
476.08401285 521.15443538
502.52532740 540.38448233
533.77415369 518.75067952
596.27180628 512.74128984
611.89621942 495.91499876
628.72251050 498.31875463
614.29997529 476.68495182
635.93377811 476.68495182
657.56758092 471.87744008
687.61452928 480.29058562
709.24833210 471.87744008
720.06523351 491.10748703
706.84457623 493.51124290
3.14504571 510.33753398
16.96664196 509.13565604
46.41265135 500.12157153
32.59105510 503.72720534
65.04175933 498.91969360
18.76945886 535.57697060
33.79293304 522.95725229
87.27650111 486.29997529
64.44082036 473.07931801
51.82110205 459.85866074
27.18260440 451.44551520
13.96194712 470.67556214
3.14504571 485.09809736
1.94316778 451.44551520
25.98072646 434.01828515
13.36100815 425.60513961
15.76476402 411.18260440
3.74598468 403.37039783
12.15913022 398.56288609
22.97603163 393.75537435
3.14504571 384.14035088
19.37039783 381.73659501
18.16851989 385.34222881
15.16382506 389.54880158
9.75537435 381.13565604
47.61452928 355.89621942
39.80232271 366.71312083
33.19199407 376.92908327
24.77884853 377.53002224
23.57697060 369.71781567
14.56288609 369.71781567
36.19668891 384.74128984
30.78823820 386.54410675
6.75067952 376.92908327
3.14504571 373.32344947
33.19199407 394.95725229
39.80232271 391.95255745
48.21546825 376.32814430
49.41734618 385.94316778
47.01359031 397.36100815
51.82110205 391.95255745
53.62391895 368.51593773
120.92908327 515.74598468
150.97603163 528.36570299
59.63330862 552.40326168
179.22016308 524.15913022
186.43143069 543.99011614
187.03236966 494.71312083
171.40795651 492.30936496
136.55349642 480.29058562
112.51593773 489.30467013
81.86805041 455.05114900
89.68025698 445.43612553
74.05584383 435.22016308
57.83049172 441.22955276
36.79762787 441.22955276
40.40326168 430.41265135
48.81640722 429.81171238
66.84457623 421.39856684
54.82579689 421.39856684
48.81640722 410.58166543
56.62861379 408.77884853
39.20138374 402.76945886
69.84927106 408.77884853
70.45021003 399.16382506
66.24363726 400.36570299
60.83518656 392.55349642
62.03706449 376.92908327
70.45021003 367.31405980
65.64269830 371.52063257
73.45490487 376.92908327
73.45490487 372.72251050
81.86805041 380.53471707
75.25772177 384.74128984
87.27650111 382.33753398
86.07462318 363.10748703
86.67556214 388.94786261
78.86335557 397.96194712
88.47837905 408.77884853
92.68495182 396.76006919
80.66617247 406.37509266
79.46429454 421.39856684
81.26711144 428.60983445
98.09340252 418.99481097
107.10748703 422.60044477
107.70842599 414.78823820
107.10748703 407.57697060
102.29997529 402.16851989
111.31405980 393.15443538
122.13096121 393.15443538
122.13096121 412.98542130
116.12157153 425.60513961
112.51593773 428.60983445
113.11687670 442.43143069
124.53471707 435.82110205
139.55819125 435.22016308
139.55819125 444.83518656
123.33283914 451.44551520
127.53941191 463.46429454
148.57227576 464.06523351
155.78354337 444.23424759
169.60513961 467.67086731
193.64269830 474.28119595
194.24363726 453.24833210
178.01828515 442.43143069
169.00420064 440.02767482
155.78354337 417.79293304
153.98072646 428.60983445
147.37039783 412.98542130
165.99950581 421.39856684
175.61452928 423.80232271
188.23424759 427.40795651
199.05114900 429.81171238
193.04175933 421.99950581
199.05114900 413.58636027
190.03706449 438.82579689
207.46429454 444.23424759
217.68025698 466.46898937
203.25772177 471.87744008
235.10748703 468.27180628
223.68964665 447.83988139
218.88213491 432.81640722
229.69903632 426.80701754
217.07931801 417.19199407
235.10748703 414.78823820
241.71781567 434.61922412
245.92438844 417.19199407
239.31405980 409.37978750
232.10279219 404.57227576
241.71781567 399.16382506
222.48776872 399.16382506
214.07462318 401.56758092
203.85866074 404.57227576
193.04175933 406.37509266
252.53471707 472.47837905
266.35631332 459.85866074
257.34222881 442.43143069
244.72251050 489.30467013
219.48307388 497.71781567
340.87274524 576.44082036
383.53941191 558.41265135
407.57697060 559.01359031
460.45959970 566.82579689
406.97603163 527.16382506
357.09809736 536.77884853
332.45959970 539.78354337
303.61452928 539.78354337
296.40326168 511.53941191
308.42204102 497.71781567
284.98542130 474.28119595
292.79762787 462.26241660
303.61452928 472.47837905
308.42204102 461.66147764
319.83988139 482.69434149
337.26711144 465.86805041
360.10279219 482.69434149
355.89621942 500.72251050
394.35631332 489.30467013
383.53941191 514.54410675
408.77884853 500.12157153
421.99950581 510.33753398
430.41265135 491.10748703
421.39856684 480.89152459
449.64269830 482.69434149
482.09340252 487.50185322
470.67556214 503.72720534
470.07462318 459.25772177
454.45021003 459.85866074
437.02297999 457.45490487
425.60513961 459.85866074
412.98542130 460.45959970
421.39856684 443.63330862
394.95725229 466.46898937
375.12626637 470.67556214
384.14035088 459.85866074
353.49246355 447.23894243
345.68025698 432.21546825
379.33283914 443.63330862
393.75537435 431.01359031
407.57697060 442.43143069
419.59574994 435.22016308
415.38917717 421.99950581
438.22485792 436.42204102
446.63800346 435.22016308
458.05584383 438.22485792
465.26711144 442.43143069
482.09340252 438.22485792
470.67556214 434.61922412
505.53002224 442.43143069
493.51124290 435.22016308
497.71781567 423.80232271
509.13565604 425.60513961
470.07462318 423.20138374
454.45021003 421.99950581
440.62861379 417.79293304
430.41265135 409.98072646
418.39387200 408.77884853
406.97603163 405.17321473
403.37039783 410.58166543
397.96194712 412.98542130
391.35161848 404.57227576
382.33753398 407.57697060
378.13096121 423.80232271
376.32814430 412.98542130
376.92908327 400.36570299
367.31405980 409.37978750
357.69903632 417.19199407
358.90091426 430.41265135
317.43612553 441.22955276
306.61922412 432.81640722
316.83518656 426.20607858
328.85396590 425.60513961
338.46898937 415.99011614
316.23424759 417.19199407
315.63330862 405.17321473
323.44551520 413.58636027
327.65208797 400.36570299
351.08870768 408.77884853
343.87744008 400.96664196
337.26711144 400.96664196
354.69434149 396.76006919
362.50654806 394.95725229
368.51593773 393.75537435
359.50185322 408.77884853
277.77415369 442.43143069
285.58636027 443.63330862
263.35161848 432.81640722
269.36100815 418.99481097
258.54410675 418.99481097
281.37978750 420.19668891
292.79762787 423.20138374
298.80701754 429.81171238
303.61452928 414.18729923
306.61922412 406.97603163
292.79762787 409.98072646
282.58166543 406.37509266
268.76006919 408.77884853
256.14035088 406.37509266
250.73190017 404.57227576
262.14974055 400.36570299
271.16382506 397.36100815
288.59105510 393.75537435
281.37978750 397.36100815
293.39856684 387.74598468
303.61452928 393.75537435
303.61452928 384.14035088
127.53941191 423.20138374
129.94316778 394.35631332
137.15443538 400.36570299
142.56288609 400.96664196
148.57227576 402.16851989
153.37978750 400.96664196
165.99950581 402.16851989
177.41734618 403.37039783
182.82579689 397.96194712
178.61922412 391.95255745
169.00420064 393.15443538
158.18729923 388.94786261
150.97603163 389.54880158
138.95725229 388.34692365
131.74598468 387.74598468
101.69903632 371.52063257
97.49246355 375.12626637
93.88682975 365.51124290
96.29058562 362.50654806
102.90091426 362.50654806
241.41734618 456.55349642
186.43143069 389.54880158
173.51124290 378.73190017
161.19199407 377.83049172
150.67556214 381.73659501
142.26241660 383.83988139
135.95255745 383.83988139
144.96664196 380.83518656
150.07462318 377.83049172
153.37978750 374.22485792
144.06523351 375.42673585
130.24363726 382.33753398
127.23894243 386.54410675
117.32344947 388.04645416
106.80701754 384.44082036
97.79293304 388.64739313
91.78354337 384.74128984
64.14035088 384.44082036
81.56758092 388.04645416
26.58166543 377.53002224
28.38448233 378.43143069
60.53471707 365.81171238
88.47837905 307.82110205
71.05114900 305.71781567
35.89621942 309.92438844
21.77415369 310.82579689
125.73659501 302.71312083
129.04175933 367.01359031
120.92908327 359.80232271
114.01828515 362.80701754
117.02297999 365.81171238
107.40795651 370.31875463
109.81171238 368.81640722
99.89621942 378.73190017
95.08870768 377.53002224
113.71781567 371.22016308
110.11218186 374.22485792
114.91969360 376.32814430
123.03236966 372.12157153
134.75067952 358.90091426
160.89152459 357.09809736
155.78354337 362.80701754
153.07931801 367.01359031
178.31875463 380.53471707
176.21546825 386.54410675
181.32344947 387.14504571
190.03706449 379.93377811
198.45021003 377.83049172
214.07462318 376.32814430
212.57227576 390.14974055
205.66147764 394.35631332
198.75067952 396.45959970
159.99011614 409.07931801
155.18260440 405.77415369
130.84457623 414.18729923
116.12157153 416.29058562
116.42204102 398.56288609
108.00889548 400.66617247
98.69434149 408.17790956
95.38917717 406.07462318
224.29058562 404.87274524
205.06053867 368.81640722
210.46898937 368.21546825
204.45959970 373.62391895
196.34692365 373.62391895
190.03706449 369.11687670
184.62861379 374.22485792
181.62391895 369.41734618
184.32814430 366.11218186
188.23424759 360.40326168
192.44082036 358.29997529
188.83518656 350.18729923
197.54880158 351.08870768
204.15913022 353.19199407
209.26711144 352.59105510
215.87744008 347.78354337
217.07931801 352.29058562
225.79293304 344.47837905
225.19199407 351.99011614
223.38917717 348.68495182
237.21077341 343.57697060
242.01828515 343.87744008
248.02767482 344.17790956
251.33283914 343.57697060
252.23424759 348.98542130
251.03236966 352.29058562
254.03706449 357.69903632
247.72720534 364.60983445
248.62861379 357.69903632
247.42673585 354.69434149
240.51593773 352.89152459
239.01359031 356.79762787
238.71312083 360.70373116
240.81640722 367.01359031
235.10748703 365.81171238
232.10279219 361.90560909
233.30467013 357.09809736
227.29528045 357.39856684
221.28589078 356.49715839
217.37978750 356.19668891
215.87744008 358.29997529
212.87274524 363.10748703
208.66617247 360.40326168
206.56288609 357.69903632
210.46898937 356.19668891
202.05584383 361.30467013
206.86335557 363.70842599
193.64269830 365.81171238
177.41734618 373.32344947
167.20138374 373.32344947
162.39387200 373.02297999
160.59105510 369.41734618
134.14974055 376.32814430
169.90560909 408.47837905
230.60044477 367.91499876
223.68964665 369.11687670
227.29528045 365.81171238
224.59105510 362.80701754
227.29528045 362.50654806
216.17790956 363.10748703
219.18260440 370.01828515
241.11687670 375.12626637
235.70842599 375.42673585
229.99950581 375.42673585
249.22955276 373.32344947
241.71781567 382.63800346
245.02297999 379.63330862
248.32814430 380.53471707
254.33753398 380.53471707
247.72720534 384.44082036
243.22016308 390.14974055
252.83518656 393.15443538
228.79762787 395.25772177
215.27650111 393.15443538
72.85396590 363.10748703
74.05584383 367.31405980
80.06523351 367.91499876
78.86335557 374.22485792
271.46429454 384.74128984
265.45490487 383.23894243
269.06053867 392.55349642
278.37509266 379.63330862
272.36570299 375.42673585
266.95725229 375.12626637
263.65208797 367.91499876
258.84457623 356.49715839
263.65208797 354.99481097
267.55819125 355.89621942
267.55819125 361.90560909
276.57227576 365.51124290
282.28119595 363.70842599
278.07462318 371.22016308
284.08401285 371.22016308
283.18260440 379.33283914
290.99481097 372.12157153
294.90091426 375.12626637
301.81171238 378.43143069
300.91030393 374.52532740
306.01828515 374.52532740
311.42673585 374.22485792
310.82579689 388.94786261
316.83518656 396.76006919
317.13565604 383.23894243
312.62861379 382.03706449
318.63800346 375.12626637
321.94316778 382.03706449
330.05584383 383.23894243
334.86335557 391.05114900
341.77415369 385.34222881
338.16851989 386.84457623
349.28589078 384.14035088
357.69903632 384.14035088
364.60983445 386.84457623
371.82110205 383.23894243
380.23424759 388.34692365
387.74598468 388.04645416
374.22485792 388.34692365
386.54410675 396.76006919
396.45959970 396.76006919
395.55819125 388.04645416
392.85396590 383.83988139
395.85866074 378.13096121
387.44551520 380.53471707
384.44082036 377.53002224
385.94316778 375.12626637
382.63800346 372.42204102
388.94786261 370.01828515
391.05114900 372.42204102
396.76006919 370.31875463
393.15443538 368.21546825
385.34222881 366.11218186
376.92908327 366.11218186
380.83518656 364.60983445
382.33753398 361.60513961
388.64739313 358.60044477
372.12157153 374.52532740
365.21077341 377.53002224
357.39856684 372.12157153
350.18729923 369.71781567
344.77884853 371.22016308
341.47368421 375.42673585
333.66147764 373.92438844
328.25302693 370.91969360
300.30936496 370.31875463
307.52063257 368.81640722
314.13096121 368.21546825
303.01359031 364.60983445
297.00420064 366.11218186
292.49715839 363.40795651
287.99011614 364.00889548
284.38448233 357.09809736
278.97603163 352.89152459
276.57227576 351.99011614
271.46429454 351.38917717
257.94316778 341.77415369
265.15443538 340.27180628
270.26241660 338.76945886
276.27180628 340.27180628
281.07931801 341.17321473
286.18729923 340.27180628
296.40326168 339.67086731
313.22955276 342.67556214
336.96664196 338.46898937
388.94786261 327.95255745
389.24833210 334.56288609
385.64269830 333.96194712
391.65208797 333.96194712
292.19668891 350.78823820
284.38448233 351.68964665
288.89152459 349.58636027
295.80232271 352.89152459
296.10279219 355.59574994
290.99481097 357.09809736
299.70842599 355.89621942
299.10748703 350.78823820
305.11687670 354.09340252
309.02297999 360.10279219
310.22485792 351.38917717
313.22955276 350.18729923
315.03236966 348.68495182
317.13565604 356.49715839
312.92908327 354.99481097
314.43143069 352.89152459
319.83988139 351.99011614
321.04175933 348.98542130
325.24833210 359.20138374
324.64739313 351.08870768
330.35631332 353.49246355
335.16382506 354.39387200
327.65208797 353.79293304
329.45490487 346.58166543
318.93847294 344.77884853
306.61922412 346.58166543
336.06523351 346.58166543
339.37039783 344.47837905
342.97603163 351.99011614
361.00420064 357.09809736
352.89152459 354.99481097
347.48307388 352.89152459
351.38917717 348.68495182
354.39387200 350.78823820
357.69903632 354.99481097
342.37509266 360.70373116
331.85866074 358.29997529
327.65208797 357.39856684
338.46898937 357.39856684
363.40795651 367.61452928
366.71312083 360.10279219
371.82110205 361.60513961
392.25302693 352.29058562
382.63800346 352.89152459
378.13096121 354.99481097
373.32344947 354.39387200
364.30936496 350.78823820
333.36100815 364.60983445
344.77884853 365.66147764
338.61922412 365.36100815
329.30467013 364.60983445
348.98542130 357.99950581
346.13096121 357.54880158
347.63330862 349.43612553
332.76006919 348.38448233
316.98542130 344.62861379
286.33753398 368.51593773
257.34222881 381.58636027
358.45021003 366.71312083
353.94316778 362.50654806
348.23424759 344.32814430
373.32344947 345.07931801
383.23894243 347.78354337
389.24833210 344.17790956
399.16382506 351.08870768
403.06992834 351.08870768
391.95255745 358.90091426
391.05114900 363.70842599
403.67086731 364.60983445
396.76006919 364.30936496
408.17790956 370.01828515
401.56758092 369.41734618
404.57227576 376.32814430
411.18260440 375.72720534
415.08870768 386.84457623
405.77415369 387.44551520
404.57227576 398.86335557
425.00420064 401.56758092
423.20138374 393.15443538
432.81640722 398.56288609
440.02767482 405.77415369
446.63800346 406.37509266
432.21546825 424.10279219
425.90560909 426.20607858
474.28119595 413.58636027
482.39387200 406.97603163
465.56758092 409.98072646
461.06053867 399.46429454
469.47368421 398.86335557
468.27180628 391.05114900
480.29058562 393.45490487
473.68025698 385.94316778
460.76006919 388.94786261
443.63330862 392.25302693
431.91499876 388.04645416
440.32814430 384.14035088
448.44082036 385.34222881
453.84927106 385.64269830
438.52532740 391.05114900
431.61452928 383.23894243
421.09809736 379.93377811
413.88682975 378.73190017
434.01828515 376.32814430
441.53002224 375.72720534
446.33753398 377.83049172
455.95255745 374.22485792
450.84457623 369.41734618
446.03706449 369.41734618
440.62861379 367.91499876
437.02297999 370.01828515
432.51593773 370.01828515
435.82110205 365.81171238
427.70842599 367.31405980
417.49246355 366.11218186
416.59105510 370.91969360
409.68025698 363.10748703
417.19199407 362.20607858
413.58636027 358.90091426
408.17790956 357.69903632
397.96194712 357.99950581
380.83518656 357.99950581
377.83049172 347.18260440
388.34692365 351.68964665
387.44551520 354.09340252
368.81640722 355.29528045
369.41734618 347.78354337
365.21077341 345.37978750
359.80232271 351.68964665
357.69903632 348.98542130
469.17321473 379.93377811
462.26241660 377.83049172
460.45959970 370.61922412
457.45490487 365.81171238
475.48307388 372.72251050
475.18260440 366.41265135
470.37509266 362.50654806
463.76476402 366.11218186
458.65678280 360.40326168
451.74598468 361.00420064
450.84457623 356.19668891
443.33283914 358.29997529
438.22485792 359.80232271
422.90091426 361.60513961
420.49715839 358.90091426
424.10279219 357.99950581
416.29058562 358.29997529
417.49246355 354.69434149
408.47837905 353.49246355
414.78823820 351.08870768
435.82110205 355.59574994
441.22955276 353.19199407
428.91030393 351.68964665
431.01359031 358.90091426
427.70842599 358.29997529
399.46429454 331.25772177
413.28589078 335.46429454
409.98072646 335.46429454
406.37509266 330.35631332
405.17321473 334.56288609
399.76476402 339.67086731
410.28119595 346.28119595
407.87744008 345.68025698
416.89152459 344.17790956
418.99481097 344.17790956
415.38917717 336.66617247
416.59105510 331.55819125
420.19668891 331.55819125
425.30467013 340.87274524
425.60513961 332.45959970
424.70373116 329.45490487
419.29528045 327.65208797
416.29058562 323.14504571
441.53002224 320.74128984
448.44082036 321.64269830
454.45021003 319.83988139
458.95725229 320.14035088
461.96194712 319.83988139
467.06992834 321.64269830
470.37509266 320.74128984
472.47837905 321.94316778
434.61922412 348.98542130
435.82110205 351.68964665
439.42673585 347.78354337
441.83049172 347.78354337
450.84457623 347.48307388
445.13565604 348.38448233
393.90560909 361.15443538
401.71781567 359.05114900
390.45021003 365.36100815
418.39387200 338.01828515
409.83049172 338.91969360
412.68495182 340.42204102
421.69903632 340.42204102
428.15913022 338.46898937
428.00889548 321.49246355
432.36570299 319.99011614
433.71781567 326.45021003
467.06992834 359.50185322
464.36570299 354.84457623
460.60983445 353.49246355
464.21546825 351.83988139
462.11218186 349.28589078
458.80701754 348.38448233
466.61922412 345.83049172
467.67086731 349.28589078
468.57227576 354.54410675
473.22955276 350.78823820
473.83049172 357.99950581
486.90091426 364.60983445
481.64269830 360.10279219
484.64739313 357.69903632
480.44082036 355.89621942
475.33283914 354.54410675
476.53471707 347.93377811
487.95255745 354.69434149
483.44551520 350.48776872
462.71312083 342.52532740
459.70842599 341.62391895
458.20607858 339.06992834
455.35161848 340.42204102
447.99011614 344.47837905
440.02767482 344.17790956
431.76476402 344.17790956
459.85866074 381.13565604
465.86805041 370.31875463
494.71312083 379.03236966
481.49246355 379.03236966
477.58636027 380.53471707
489.90560909 381.13565604
487.50185322 373.62391895
483.89621942 374.82579689
495.01359031 366.71312083
491.10748703 364.91030393
492.00889548 360.10279219
495.31405980 361.60513961
503.72720534 362.80701754
497.71781567 357.99950581
492.91030393 355.29528045
492.00889548 350.48776872
504.92908327 374.22485792
498.01828515 383.83988139
504.62861379 377.83049172
508.53471707 383.53941191
497.41734618 395.85866074
486.60044477 394.95725229
489.90560909 405.47368421
500.72251050 406.37509266
507.03236966 412.98542130
516.04645416 407.57697060
510.33753398 400.06523351
510.03706449 390.75067952
517.24833210 388.64739313
525.36100815 404.27180628
534.67556214 410.28119595
519.95255745 433.71781567
534.97603163 431.01359031
545.49246355 408.47837905
549.99950581 397.36100815
534.37509266 395.85866074
524.15913022 391.95255745
536.17790956 386.84457623
542.18729923 389.84927106
548.19668891 389.54880158
543.38917717 381.73659501
532.87274524 379.93377811
529.26711144 379.93377811
522.35631332 381.43612553
516.04645416 381.73659501
517.24833210 375.42673585
508.83518656 375.42673585
509.73659501 370.61922412
512.44082036 366.71312083
504.92908327 370.01828515
498.91969360 370.61922412
513.34222881 361.60513961
519.65208797 369.41734618
521.45490487 362.50654806
517.24833210 363.70842599
517.54880158 357.39856684
508.83518656 361.60513961
507.33283914 364.30936496
525.06053867 360.10279219
525.96194712 354.69434149
532.57227576 366.41265135
534.37509266 362.20607858
538.88213491 358.90091426
546.99481097 368.51593773
542.18729923 370.01828515
548.19668891 374.82579689
550.60044477 364.91030393
548.79762787 358.29997529
544.59105510 356.49715839
537.37978750 351.99011614
533.47368421 350.18729923
539.48307388 347.78354337
540.38448233 345.98072646
543.38917717 346.88213491
546.39387200 345.37978750
548.49715839 349.88682975
549.39856684 343.87744008
502.52532740 356.49715839
500.42204102 363.10748703
499.82110205 359.50185322
509.73659501 355.29528045
506.13096121 356.19668891
507.33283914 353.19199407
501.62391895 352.29058562
498.91969360 350.18729923
495.61452928 353.19199407
496.51593773 347.78354337
493.81171238 345.37978750
497.71781567 344.77884853
501.92438844 344.17790956
500.42204102 347.48307388
503.42673585 348.08401285
505.22955276 346.88213491
508.83518656 347.78354337
514.24363726 353.19199407
516.04645416 346.88213491
482.09340252 334.26241660
462.56288609 335.46429454
458.65678280 336.36570299
449.94316778 337.26711144
450.84457623 335.16382506
446.63800346 335.46429454
443.63330862 332.15913022
445.73659501 330.95725229
443.33283914 327.05114900
439.42673585 325.84927106
437.92438844 325.84927106
451.44551520 328.25302693
461.96194712 326.14974055
453.54880158 326.75067952
475.48307388 323.44551520
480.29058562 323.44551520
477.28589078 327.95255745
485.69903632 322.54410675
488.40326168 321.34222881
492.91030393 318.63800346
489.00420064 318.33753398
502.52532740 326.14974055
496.81640722 321.64269830
500.12157153 319.53941191
506.43143069 318.33753398
503.72720534 319.23894243
511.23894243 318.63800346
506.13096121 325.54880158
492.60983445 336.36570299
489.60513961 333.36100815
486.29997529 334.26241660
488.10279219 336.66617247
487.50185322 339.37039783
478.48776872 344.77884853
511.53941191 332.15913022
504.62861379 333.36100815
502.52532740 330.95725229
438.52532740 333.51124290
434.76945886 338.16851989
457.30467013 343.72720534
436.57227576 341.92438844
418.69434149 348.98542130
433.86805041 360.10279219
430.86335557 363.85866074
462.11218186 329.15443538
458.35631332 323.44551520
441.98072646 334.41265135
430.71312083 335.01359031
490.80701754 345.83049172
488.10279219 347.93377811
484.19668891 353.49246355
473.07931801 329.75537435
533.47368421 345.07931801
557.81171238 350.63800346
554.05584383 350.93847294
554.05584383 358.60044477
550.90091426 361.15443538
562.61922412 362.05584383
560.51593773 367.01359031
555.70842599 370.46898937
551.20138374 368.66617247
559.61452928 375.57697060
555.10748703 380.38448233
563.52063257 373.47368421
566.67556214 372.12157153
569.22955276 365.96194712
567.57697060 359.35161848
565.62391895 355.14504571
570.28119595 354.09340252
572.83518656 349.88682975
563.52063257 349.13565604
557.66147764 347.18260440
554.65678280 345.68025698
557.66147764 344.62861379
555.70842599 342.07462318
553.60513961 342.52532740
544.74128984 341.92438844
541.58636027 342.97603163
538.88213491 341.47368421
525.81171238 326.60044477
527.16382506 322.39387200
525.66147764 319.68964665
531.97133679 320.59105510
532.42204102 318.18729923
520.55349642 318.18729923
527.91499876 318.33753398
515.44551520 321.64269830
506.58166543 323.14504571
471.42673585 373.32344947
470.82579689 327.80232271
511.38917717 337.26711144
513.94316778 334.71312083
553.90560909 317.43612553
552.40326168 319.99011614
547.44551520 319.23894243
544.59105510 318.48776872
543.08870768 319.83988139
540.83518656 321.04175933
537.68025698 321.79293304
528.81640722 351.23894243
528.51593773 363.25772177
553.00420064 353.79293304
559.91499876 335.16382506
563.67086731 338.61922412
569.07931801 336.21546825
572.38448233 333.96194712
563.97133679 330.50654806
567.42673585 328.40326168
556.15913022 326.75067952
560.96664196 320.44082036
557.81171238 321.49246355
525.36100815 344.77884853
523.85866074 342.07462318
535.27650111 333.96194712
574.33753398 355.29528045
580.04645416 349.88682975
584.55349642 353.19199407
580.64739313 356.19668891
578.84457623 359.80232271
578.84457623 365.51124290
582.45021003 363.10748703
585.45490487 361.90560909
587.55819125 358.90091426
591.46429454 357.69903632
591.76476402 351.38917717
590.86335557 347.78354337
596.57227576 351.99011614
585.75537435 348.68495182
586.05584383 370.31875463
580.34692365 372.12157153
582.75067952 371.52063257
573.43612553 371.82110205
574.03706449 375.72720534
581.54880158 381.43612553
573.13565604 386.84457623
571.63330862 395.25772177
566.82579689 403.67086731
553.90560909 409.68025698
553.90560909 393.75537435
555.40795651 419.59574994
557.21077341 426.20607858
553.90560909 431.91499876
566.52532740 427.10748703
575.23894243 430.41265135
577.34222881 403.37039783
562.01828515 415.99011614
586.35631332 408.77884853
595.37039783 424.40326168
599.87744008 409.07931801
601.68025698 402.16851989
592.06523351 396.76006919
584.25302693 391.95255745
594.16851989 385.64269830
587.25772177 380.23424759
592.66617247 371.82110205
604.08401285 375.12626637
598.67556214 379.93377811
610.39387200 387.44551520
602.88213491 382.33753398
599.27650111 393.15443538
604.08401285 399.46429454
609.19199407 397.96194712
617.30467013 393.15443538
623.91499876 396.15913022
622.41265135 407.27650111
633.22955276 406.97603163
620.91030393 424.40326168
609.19199407 431.31405980
604.68495182 363.70842599
596.57227576 364.60983445
599.57697060 356.79762787
609.19199407 368.81640722
616.10279219 371.52063257
618.20607858 376.92908327
626.01828515 376.62861379
622.71312083 369.41734618
630.52532740 389.54880158
619.40795651 384.74128984
637.28589078 389.84927106
644.34692365 402.76945886
653.51124290 391.95255745
643.14504571 387.89621942
636.98542130 384.29058562
629.32344947 377.37978750
629.32344947 373.17321473
630.22485792 364.30936496
636.08401285 371.52063257
641.04175933 368.21546825
644.34692365 373.17321473
647.50185322 369.56758092
652.15913022 370.46898937
647.50185322 379.03236966
656.06523351 383.99011614
669.28589078 400.51593773
670.18729923 392.40326168
678.75067952 391.20138374
676.79762787 381.88682975
669.43612553 378.28119595
661.47368421 379.03236966
661.02297999 373.47368421
667.03236966 370.46898937
659.22016308 367.16382506
664.62861379 364.45959970
665.68025698 359.80232271
671.99011614 368.21546825
677.69903632 362.35631332
672.74128984 358.75067952
680.70373116 357.69903632
677.69903632 351.53941191
673.79293304 350.48776872
673.64269830 347.18260440
671.38917717 351.08870768
669.13565604 354.39387200
669.43612553 356.79762787
664.47837905 355.29528045
656.51593773 356.34692365
657.26711144 360.55349642
653.51124290 360.10279219
646.14974055 362.35631332
643.44551520 362.65678280
637.13565604 361.30467013
633.68025698 359.95255745
619.85866074 357.69903632
616.40326168 359.05114900
617.45490487 365.81171238
608.89152459 361.00420064
595.97133679 357.69903632
620.15913022 348.08401285
606.63800346 329.90560909
577.19199407 344.32814430
587.40795651 345.37978750
580.49715839 342.67556214
591.91499876 344.02767482
584.70373116 341.17321473
623.61452928 354.39387200
629.62391895 356.49715839
633.22955276 355.29528045
636.83518656 355.29528045
645.24833210 353.19199407
640.74128984 354.09340252
632.62861379 349.28589078
627.22016308 350.18729923
625.11687670 345.68025698
617.00420064 342.67556214
611.29528045 340.57227576
594.46898937 340.57227576
603.78354337 340.87274524
594.76945886 346.88213491
580.04645416 334.86335557
576.44082036 331.85866074
574.93847294 326.14974055
553.90560909 330.05584383
558.11218186 331.85866074
539.18260440 336.06523351
540.98542130 332.45959970
538.88213491 329.75537435
534.97603163 326.14974055
540.08401285 324.64739313
542.48776872 324.34692365
508.53471707 325.84927106
506.73190017 330.05584383
510.63800346 329.15443538
517.54880158 331.25772177
516.94786261 326.45021003
519.95255745 324.94786261
518.75067952 321.64269830
506.13096121 343.57697060
517.24833210 340.57227576
561.41734618 353.19199407
558.71312083 355.89621942
637.13565604 345.68025698
629.62391895 342.97603163
624.21546825 340.27180628
620.30936496 340.87274524
619.70842599 343.57697060
627.82110205 341.47368421
634.43143069 339.67086731
636.83518656 341.47368421
641.04175933 343.57697060
647.05114900 345.68025698
647.35161848 349.88682975
653.36100815 349.88682975
657.56758092 350.18729923
662.37509266 351.99011614
650.05584383 359.50185322
650.35631332 364.91030393
663.57697060 369.11687670
675.89621942 372.72251050
680.70373116 368.51593773
689.71781567 364.60983445
688.51593773 371.52063257
681.90560909 375.72720534
684.30936496 384.74128984
691.22016308 378.43143069
698.43143069 387.44551520
691.82110205 389.54880158
687.61452928 412.68495182
683.40795651 402.16851989
704.74128984 410.88213491
691.22016308 403.67086731
702.03706449 402.16851989
693.02297999 434.31875463
704.74128984 435.52063257
708.64739313 449.34222881
726.67556214 444.23424759
721.86805041 434.01828515
711.35161848 418.09340252
721.26711144 410.58166543
738.69434149 406.97603163
732.38448233 420.19668891
734.18729923 431.91499876
680.10279219 447.83988139
669.88682975 449.94316778
644.34692365 448.44082036
625.11687670 448.44082036
601.98072646 443.63330862
590.86335557 444.23424759
566.22485792 447.23894243
614.60044477 424.70373116
636.83518656 421.69903632
644.04645416 412.68495182
638.03706449 439.12626637
647.05114900 432.81640722
656.96664196 414.78823820
668.08401285 415.99011614
728.77884853 405.47368421
731.78354337 393.75537435
716.76006919 393.15443538
705.04175933 387.44551520
716.15913022 381.13565604
727.87744008 383.23894243
741.99950581 385.94316778
739.29528045 373.62391895
744.70373116 368.81640722
732.68495182 367.91499876
726.67556214 362.80701754
726.37509266 370.61922412
721.86805041 366.41265135
716.15913022 366.41265135
715.85866074 373.62391895
697.83049172 377.83049172
702.33753398 377.22955276
701.73659501 369.11687670
696.02767482 369.41734618
694.82579689 364.30936496
696.02767482 360.10279219
699.63330862 361.00420064
705.34222881 362.80701754
705.34222881 367.91499876
710.75067952 360.10279219
718.56288609 360.10279219
720.36570299 355.29528045
723.97133679 360.70373116
733.28589078 359.50185322
731.18260440 359.50185322
742.29997529 359.50185322
740.49715839 362.80701754
719.76476402 347.78354337
712.85396590 347.78354337
709.54880158 343.57697060
714.35631332 341.77415369
714.95725229 335.46429454
712.85396590 332.45959970
709.84927106 332.76006919
708.34692365 334.26241660
710.14974055 338.76945886
710.75067952 341.47368421
705.94316778 340.57227576
702.63800346 341.47368421
698.43143069 341.47368421
697.22955276 342.97603163
695.72720534 346.58166543
704.14035088 349.28589078
707.44551520 349.88682975
705.94316778 345.68025698
702.63800346 347.18260440
700.53471707 349.88682975
696.32814430 354.69434149
705.64269830 356.19668891
702.33753398 355.29528045
700.53471707 354.09340252
686.11218186 359.50185322
685.21077341 354.69434149
687.01359031 347.18260440
689.71781567 347.78354337
683.40795651 347.18260440
680.40326168 346.88213491
679.80232271 342.37509266
676.19668891 344.47837905
676.49715839 341.47368421
678.29997529 338.76945886
669.88682975 341.47368421
665.68025698 338.46898937
661.17321473 340.27180628
661.17321473 345.07931801
662.37509266 343.57697060
662.37509266 340.27180628
657.86805041 345.68025698
655.46429454 342.37509266
656.36570299 339.37039783
651.55819125 341.77415369
646.45021003 340.27180628
603.48307388 350.78823820
607.08870768 346.88213491
604.98542130 357.39856684
605.88682975 353.19199407
608.59105510 355.89621942
610.69434149 357.99950581
587.85866074 335.16382506
590.56288609 334.26241660
583.65208797 326.45021003
586.95725229 326.45021003
649.15443538 404.57227576
680.40326168 334.86335557
677.39856684 334.86335557
673.19199407 334.86335557
669.58636027 329.75537435
665.68025698 327.05114900
658.16851989 334.56288609
656.66617247 337.26711144
655.16382506 333.96194712
645.54880158 324.64739313
638.03706449 326.45021003
631.42673585 332.15913022
572.23424759 342.37509266
673.79293304 342.67556214
673.79293304 338.76945886
649.45490487 316.53471707
644.34692365 315.03236966
639.23894243 317.13565604
636.83518656 317.13565604
633.53002224 316.53471707
624.81640722 318.03706449
619.40795651 318.33753398
615.20138374 318.33753398
610.39387200 322.84457623
603.48307388 318.03706449
678.90091426 314.13096121
676.79762787 314.13096121
672.89152459 314.13096121
674.69434149 314.13096121
671.08870768 314.13096121
658.16851989 316.53471707
655.46429454 318.63800346
653.06053867 317.13565604
701.43612553 338.16851989
697.83049172 331.85866074
687.01359031 326.45021003
682.80701754 324.64739313
681.60513961 321.34222881
678.60044477 321.94316778
678.29997529 324.04645416
676.19668891 326.45021003
673.19199407 328.85396590
672.89152459 331.25772177
676.79762787 328.85396590
678.90091426 327.05114900
691.52063257 332.45959970
690.91969360 324.34692365
720.36570299 339.37039783
716.76006919 339.67086731
724.27180628 337.26711144
718.56288609 343.57697060
725.77415369 349.88682975
685.21077341 341.77415369
688.81640722 341.47368421
690.31875463 339.37039783
681.00420064 337.26711144
684.00889548 334.26241660
687.01359031 333.96194712
686.71312083 330.95725229
679.80232271 332.76006919
657.56758092 327.05114900
658.16851989 324.34692365
652.45959970 327.65208797
648.55349642 327.95255745
648.25302693 323.44551520
643.14504571 322.84457623
596.27180628 307.52063257
582.14974055 345.98072646
593.26711144 319.53941191
589.51124290 317.73659501
583.95255745 318.18729923
569.37978750 318.33753398
574.03706449 318.33753398
630.37509266 318.03706449
602.88213491 308.27180628
599.72720534 308.57227576
607.99011614 308.12157153
620.45959970 307.97133679
612.04645416 307.82110205
601.68025698 314.88213491
605.73659501 312.77884853
598.52532740 314.88213491
595.97133679 316.68495182
601.22955276 319.38917717
640.44082036 337.71781567
688.51593773 312.02767482
682.20607858 315.03236966
691.52063257 315.03236966
697.83049172 315.33283914
703.53941191 315.03236966
704.14035088 312.62861379
708.04645416 314.73190017
708.94786261 311.72720534
713.75537435 314.13096121
717.66147764 314.73190017
719.46429454 314.73190017
720.96664196 314.73190017
712.85396590 321.34222881
702.63800346 329.15443538
702.03706449 322.24363726
619.40795651 326.45021003
616.40326168 329.75537435
625.41734618 325.54880158
570.13096121 338.76945886
714.35631332 300.60983445
724.27180628 299.40795651
845.06053867 519.35161848
905.15443538 484.49715839
915.37039783 460.45959970
902.14974055 453.24833210
861.88682975 478.48776872
876.91030393 470.07462318
885.32344947 447.83988139
894.93847294 443.03236966
869.69903632 440.62861379
848.66617247 442.43143069
837.84927106 442.43143069
843.85866074 460.45959970
850.46898937 451.44551520
818.01828515 476.68495182
812.60983445 495.31405980
783.76476402 496.51593773
791.57697060 487.50185322
771.74598468 478.48776872
773.54880158 457.45490487
757.92438844 453.84927106
735.08870768 462.26241660
742.90091426 457.45490487
747.10748703 445.43612553
747.70842599 428.60983445
760.92908327 435.22016308
688.21546825 457.45490487
804.79762787 428.00889548
789.77415369 434.01828515
788.57227576 462.86335557
804.19668891 464.66617247
820.42204102 424.40326168
830.03706449 434.01828515
860.68495182 415.38917717
859.48307388 405.17321473
846.26241660 408.77884853
832.44082036 404.57227576
836.04645416 396.15913022
825.83049172 387.74598468
824.62861379 402.76945886
814.41265135 404.57227576
824.62861379 412.98542130
807.20138374 406.97603163
797.58636027 406.97603163
793.98072646 417.19199407
786.16851989 411.18260440
775.95255745 423.80232271
766.33753398 413.58636027
753.71781567 421.39856684
753.71781567 412.98542130
753.71781567 404.57227576
759.72720534 394.35631332
772.94786261 385.94316778
774.14974055 400.36570299
765.73659501 400.36570299
781.96194712 396.76006919
792.77884853 392.55349642
792.17790956 400.96664196
799.99011614 396.15913022
796.98542130 386.54410675
814.41265135 385.94316778
807.80232271 391.95255745
886.52532740 428.00889548
873.30467013 425.60513961
912.36570299 449.04175933
915.37039783 409.37978750
900.94786261 394.95725229
891.93377811 390.14974055
937.00420064 415.38917717
944.81640722 417.19199407
952.62861379 411.78354337
961.04175933 404.57227576
971.85866074 407.57697060
961.64269830 430.41265135
981.47368421 432.21546825
971.25772177 425.60513961
980.87274524 411.18260440
980.27180628 447.83988139
918.37509266 386.54410675
943.01359031 385.94316778
935.80232271 401.56758092
956.83518656 394.35631332
949.02297999 398.56288609
962.84457623 397.36100815
973.06053867 396.76006919
967.65208797 401.56758092
557.21077341 483.29528045
546.39387200 476.68495182
533.17321473 472.47837905
519.95255745 474.88213491
509.73659501 487.50185322
515.74598468 453.24833210
578.24363726 465.86805041
589.66147764 474.28119595
661.77415369 429.81171238
492.30936496 474.28119595
959.83988139 551.20138374
1020.53471707 448.44082036
993.49246355 435.82110205
1012.72251050 431.61452928
1010.31875463 415.99011614
1004.91030393 408.77884853
997.69903632 400.36570299
1016.32814430 400.36570299
1019.93377811 411.78354337
1021.13565604 428.60983445
989.88682975 391.95255745
982.07462318 387.74598468
973.06053867 384.74128984
963.44551520 379.93377811
955.03236966 378.13096121
953.22955276 369.71781567
944.81640722 367.91499876
937.60513961 375.12626637
926.18729923 378.13096121
917.77415369 373.92438844
909.96194712 371.52063257
899.74598468 367.91499876
885.92438844 380.53471707
876.91030393 376.32814430
884.12157153 373.92438844
873.90560909 367.31405980
870.29997529 375.12626637
864.29058562 368.51593773
861.28589078 379.33283914
871.50185322 386.54410675
859.48307388 391.95255745
818.01828515 367.31405980
841.45490487 359.50185322
836.04645416 361.30467013
861.88682975 359.50185322
854.67556214 359.50185322
848.66617247 357.09809736
869.09809736 358.90091426
876.30936496 362.50654806
884.72251050 366.71312083
909.36100815 379.93377811
893.73659501 376.92908327
891.93377811 361.30467013
884.12157153 358.90091426
876.91030393 352.89152459
871.50185322 350.48776872
878.71312083 346.28119595
884.12157153 352.89152459
893.13565604 352.89152459
894.33753398 357.09809736
899.14504571 357.09809736
902.14974055 362.50654806
908.76006919 363.10748703
915.37039783 365.51124290
1005.51124290 384.14035088
998.29997529 387.74598468
994.09340252 379.33283914
1007.91499876 378.13096121
1020.53471707 388.34692365
1019.33283914 397.36100815
1008.51593773 393.15443538
1003.10748703 367.91499876
994.09340252 367.91499876
995.89621942 361.30467013
988.68495182 359.50185322
983.87744008 358.90091426
984.47837905 365.51124290
981.47368421 373.92438844
976.06523351 369.71781567
970.65678280 365.51124290
978.46898937 361.30467013
962.24363726 369.71781567
959.23894243 364.30936496
950.22485792 363.70842599
965.24833210 361.30467013
961.64269830 355.29528045
968.25302693 357.69903632
965.24833210 352.89152459
958.63800346 348.68495182
967.65208797 348.68495182
971.25772177 354.69434149
976.06523351 352.89152459
972.45959970 344.47837905
976.06523351 343.87744008
967.05114900 342.07462318
959.23894243 345.07931801
954.43143069 345.07931801
943.61452928 349.28589078
924.98542130 367.31405980
922.58166543 370.91969360
937.00420064 362.50654806
927.38917717 363.10748703
921.37978750 361.30467013
917.17321473 355.29528045
914.16851989 357.69903632
908.76006919 355.29528045
913.56758092 353.49246355
918.37509266 348.68495182
912.96664196 346.28119595
924.98542130 346.28119595
918.97603163 344.47837905
929.19199407 346.88213491
937.60513961 348.68495182
1021.13565604 378.13096121
1016.32814430 371.52063257
1009.11687670 368.51593773
1001.90560909 361.30467013
998.90091426 357.09809736
1003.70842599 352.89152459
1000.70373116 348.68495182
994.69434149 354.69434149
1004.91030393 358.90091426
1009.11687670 357.09809736
1012.72251050 362.50654806
1018.13096121 366.71312083
1022.93847294 360.10279219
1015.12626637 357.09809736
1010.91969360 352.29058562
1016.32814430 350.48776872
1020.53471707 352.89152459
1007.91499876 345.07931801
1004.91030393 348.08401285
992.29058562 342.07462318
988.68495182 348.68495182
981.47368421 344.47837905
983.27650111 350.48776872
881.11687670 410.58166543
777.15443538 379.33283914
765.13565604 380.53471707
758.52532740 379.33283914
753.71781567 372.72251050
747.10748703 375.12626637
747.70842599 393.15443538
763.93377811 391.95255745
786.16851989 388.34692365
780.76006919 368.51593773
772.94786261 369.71781567
762.13096121 366.71312083
757.32344947 363.70842599
751.91499876 363.70842599
748.91030393 361.30467013
763.93377811 357.09809736
768.74128984 362.50654806
789.77415369 370.91969360
785.56758092 369.71781567
795.78354337 368.51593773
841.45490487 352.89152459
835.44551520 346.88213491
827.03236966 346.88213491
821.62391895 348.08401285
822.22485792 348.68495182
815.01359031 348.68495182
802.39387200 348.08401285
807.20138374 348.68495182
780.76006919 351.08870768
769.34222881 348.68495182
774.14974055 346.88213491
790.37509266 349.28589078
783.76476402 346.88213491
976.66617247 348.38448233
988.68495182 336.96664196
997.99950581 336.36570299
1002.50654806 335.76476402
1004.60983445 339.37039783
1007.91499876 335.16382506
1018.13096121 343.57697060
1022.93847294 342.67556214
989.58636027 381.13565604
983.57697060 382.63800346
971.25772177 373.62391895
887.42673585 357.69903632
894.93847294 344.77884853
891.33283914 339.97133679
894.03706449 338.46898937
887.42673585 339.37039783
887.42673585 334.26241660
885.02297999 333.66147764
880.81640722 334.26241660
873.60513961 340.87274524
868.79762787 340.87274524
869.69903632 343.57697060
864.59105510 342.67556214
859.48307388 346.28119595
854.97603163 351.08870768
850.16851989 352.59105510
858.88213491 351.38917717
867.89621942 351.99011614
864.59105510 348.38448233
869.39856684 355.29528045
906.95725229 347.48307388
927.99011614 342.07462318
927.38917717 337.86805041
925.58636027 333.06053867
921.37978750 334.26241660
919.87744008 336.96664196
916.27180628 338.46898937
915.06992834 341.47368421
920.17790956 339.97133679
931.59574994 337.26711144
938.50654806 337.86805041
942.11218186 334.56288609
937.60513961 340.87274524
941.51124290 343.57697060
943.61452928 340.87274524
949.02297999 338.76945886
954.73190017 339.97133679
959.53941191 338.46898937
962.24363726 335.76476402
957.73659501 334.56288609
953.83049172 334.86335557
947.22016308 334.86335557
951.12626637 331.55819125
944.81640722 361.90560909
948.12157153 381.43612553
948.12157153 377.83049172
943.01359031 375.42673585
952.62861379 390.14974055
971.55819125 336.66617247
984.47837905 332.15913022
991.38917717 336.96664196
993.79293304 335.16382506
1010.91969360 337.86805041
1000.10279219 344.77884853
1011.82110205 343.57697060
905.45490487 301.81171238
902.14974055 297.00420064
866.69434149 335.16382506
859.18260440 338.46898937
850.16851989 336.36570299
832.74128984 322.24363726
833.34222881 309.32344947
835.74598468 310.22485792
843.85866074 312.32814430
876.30936496 327.95255745
865.49246355 328.25302693
863.68964665 325.24833210
864.29058562 321.04175933
918.37509266 397.96194712
966.45021003 365.81171238
894.93847294 327.95255745
890.73190017 331.55819125
884.12157153 328.85396590
880.81640722 330.35631332
870.60044477 336.36570299
865.49246355 337.86805041
862.48776872 337.86805041
943.91499876 292.49715839
947.52063257 292.49715839
953.53002224 289.19199407
958.93847294 288.29058562
954.43143069 293.99950581
976.36570299 283.48307388
972.15913022 284.98542130
980.87274524 284.98542130
975.16382506 288.59105510
965.84927106 292.49715839
959.23894243 292.49715839
962.84457623 291.59574994
966.45021003 289.19199407
969.15443538 288.59105510
969.75537435 286.18729923
979.37039783 288.59105510
977.56758092 286.48776872
962.84457623 321.94316778
952.62861379 318.63800346
949.32344947 314.73190017
915.06992834 300.30936496
884.12157153 282.28119595
880.81640722 285.58636027
878.71312083 283.48307388
774.45021003 295.50185322
822.22485792 311.42673585
857.07931801 340.57227576
845.96194712 350.48776872
923.48307388 357.69903632
480.89152459 452.04645416
398.56288609 449.64269830
99.29528045 460.45959970
125.73659501 445.43612553
555.40795651 454.75067952
543.38917717 457.75537435
501.92438844 452.34692365
976.66617247 328.25302693
846.26241660 319.83988139
651.25772177 399.46429454
641.04175933 378.43143069
805.99950581 354.99481097
639.99011614 428.60983445
675.59574994 365.81171238
685.36100815 362.65678280
592.36570299 361.75537435
590.26241660 366.56288609
533.92438844 354.69434149
535.87744008 347.93377811
555.70842599 352.89152459
555.40795651 364.76006919
574.03706449 359.65208797
414.18729923 394.05584383
412.53471707 397.21077341
421.69903632 396.15913022
443.18260440 363.85866074
453.84927106 364.30936496
424.10279219 343.42673585
429.06053867 355.89621942
428.15913022 361.90560909
464.81640722 349.43612553
457.30467013 351.83988139
453.99950581 345.37978750
452.64739313 332.76006919
467.97133679 342.07462318
43.70842599 377.53002224
38.60044477 374.22485792
35.59574994 376.32814430
57.83049172 373.92438844
68.04645416 380.23424759
58.13096121 381.43612553
53.32344947 401.26711144
48.51593773 401.26711144
40.40326168 386.24363726
14.86335557 378.13096121
27.18260440 395.55819125
44.00889548 417.19199407
35.89621942 422.60044477
19.67086731 398.26241660
40.40326168 450.54410675
61.13565604 400.36570299
87.87744008 400.36570299
105.30467013 375.12626637
101.09809736 366.71312083
124.23424759 367.01359031
127.53941191 372.72251050
132.04645416 369.71781567
138.35631332 373.92438844
143.16382506 360.40326168
134.45021003 365.81171238
139.55819125 379.33283914
126.03706449 378.13096121
120.62861379 380.53471707
134.75067952 391.95255745
182.22485792 379.63330862
205.96194712 381.13565604
213.47368421 382.63800346
217.37978750 384.14035088
229.69903632 388.64739313
220.68495182 391.05114900
247.12626637 393.45490487
215.57697060 369.11687670
220.38448233 361.30467013
234.50654806 353.19199407
244.42204102 353.79293304
244.12157153 364.60983445
181.32344947 360.10279219
175.91499876 360.10279219
173.51124290 365.51124290
169.00420064 365.81171238
163.89621942 364.60983445
165.39856684 357.99950581
161.79293304 363.40795651
150.97603163 360.70373116
145.86805041 369.71781567
174.11218186 369.11687670
188.23424759 374.22485792
193.94316778 377.22955276
54.52532740 380.53471707
44.00889548 369.71781567
370.91969360 368.51593773
390.75067952 375.72720534
338.16851989 371.82110205
337.56758092 351.68964665
341.47368421 347.48307388
211.06992834 432.81640722
359.50185322 344.77884853
381.13565604 344.77884853
399.16382506 324.64739313
393.75537435 346.28119595
395.55819125 351.68964665
272.96664196 357.09809736
427.70842599 389.24833210
356.79762787 358.29997529
377.22955276 361.00420064
402.46898937 354.99481097
406.97603163 349.28589078
411.48307388 348.98542130
398.26241660 342.97603163
392.85396590 342.67556214
470.67556214 343.57697060
476.38448233 360.70373116
462.56288609 358.90091426
502.52532740 387.14504571
526.56288609 428.00889548
564.72251050 382.33753398
538.28119595 374.22485792
510.33753398 340.57227576
500.42204102 335.16382506
499.22016308 331.55819125
636.53471707 400.66617247
666.28119595 344.47837905
646.45021003 358.29997529
722.76945886 317.43612553
757.32344947 385.04175933
892.23424759 370.01828515
893.73659501 366.11218186
851.97133679 321.94316778
845.96194712 323.14504571
839.05114900 325.84927106
836.04645416 323.14504571
825.53002224 326.75067952
818.61922412 317.73659501
815.91499876 322.84457623
868.79762787 325.24833210
871.20138374 326.75067952
872.70373116 327.95255745
834.84457623 352.89152459
836.94786261 349.28589078
775.65208797 373.62391895
965.84927106 375.72720534
874.50654806 333.06053867
870.90091426 331.85866074
877.21077341 332.15913022
890.13096121 300.00889548
894.93847294 300.30936496
859.48307388 313.83049172
850.46898937 329.75537435
885.02297999 348.98542130
996.49715839 315.93377811
44.60983445 759.12626637
599.23647229 334.92618562
600.53158191 331.36463418
597.29380788 325.21286352
592.76092423 327.80308275
593.40847904 323.91775391
614.13023283 322.29886690
613.48267803 327.15552794
618.01556167 323.91775391
643.59397651 329.42196976
663.66817550 320.03242508
662.69684329 315.49954143
666.25839472 315.17576403
667.87728174 317.11842845
671.11505577 319.70864767
676.61927162 319.06109287
672.41016538 323.27019911
669.49616875 325.21286352
665.61083992 321.97508949
661.07795627 324.24153132
624.81488713 309.02399337
616.72045206 311.61421260
591.46581462 311.61421260
588.55181799 311.61421260
575.60072187 314.20443182
577.21960889 314.85198663
580.45738292 318.41353806
562.97340315 317.11842845
632.26176740 303.84355492
636.79465105 304.49110973
639.38487027 303.51977752
642.94642170 304.49110973
645.53664093 305.13866454
648.77441496 303.84355492
651.68841159 303.51977752
651.68841159 301.25333570
654.27863081 304.49110973
656.54507263 303.19600012
657.51640484 305.78621934
660.10662406 305.13866454
664.31573030 302.54844531
665.28706251 305.13866454
667.87728174 302.87222272
667.87728174 305.46244194
669.81994616 304.81488713
672.73394278 302.87222272
673.38149759 306.75755155
678.88571344 301.90089051
675.97171681 304.81488713
681.79971007 303.51977752
685.36126150 302.87222272
688.27525813 304.16733233
690.54169995 301.90089051
694.42702879 303.51977752
624.16733233 313.55687702
621.57711310 312.90932221
612.18756842 314.85198663
607.65468477 315.49954143
606.68335256 320.35620248
609.92112659 318.73731546
599.56024970 322.29886690
604.09313334 323.27019911
586.28537617 321.97508949
582.07626993 321.65131209
578.83849590 321.00375729
570.74406083 323.91775391
566.85873199 322.29886690
564.59229017 324.24153132
563.29718056 326.50797314
579.80982811 328.12686015
579.16227331 325.53664093
584.34271175 331.36463418
589.19937280 331.04085678
596.97003047 331.36463418
599.23647229 328.45063756
601.82669152 329.09819236
612.51134582 332.01218899
615.10156504 334.27863081
617.69178427 335.57374042
621.25333570 331.36463418
623.84355492 335.57374042
628.70021597 335.24996302
631.61421260 326.83175054
636.79465105 323.59397651
639.70864767 321.65131209
632.58554481 323.59397651
628.37643857 309.34777078
632.58554481 308.05266116
635.17576403 311.29043519
636.14709624 307.40510636
640.35620248 310.96665779
644.56530872 309.99532558
646.83175054 312.26176740
652.01218899 309.34777078
653.30729860 313.23309961
661.07795627 310.64288039
658.48773705 312.90932221
661.40173368 313.88065442
661.07795627 320.03242508
657.84018224 321.32753469
653.30729860 322.29886690
659.78284666 330.06952457
665.61083992 335.24996302
669.49616875 335.57374042
662.69684329 329.09819236
650.71707938 333.63107600
646.50797314 332.33596639
645.21286352 336.22129523
688.92281293 321.97508949
685.36126150 320.03242508
683.41859708 308.37643857
682.44726487 305.78621934
675.97171681 309.99532558
670.14372356 309.02399337
656.86885003 308.37643857
698.31235762 302.54844531
702.19768646 301.25333570
706.08301530 300.92955830
709.96834413 301.57711310
707.70190231 306.10999675
697.66480282 307.72888376
692.80814177 309.34777078
689.24659034 308.70021597
697.01724801 320.03242508
697.01724801 325.21286352
703.81657347 325.53664093
705.75923789 328.77441496
711.91100855 328.45063756
709.32078933 323.27019911
708.34945712 319.38487027
716.12011479 326.50797314
717.41522440 330.71707938
720.00544363 327.15552794
723.56699506 325.53664093
719.03411142 319.06109287
715.79633739 309.02399337
714.82500518 304.81488713
719.35788882 309.34777078
724.53832727 309.67154818
727.45232390 307.40510636
725.18588207 303.84355492
738.13697820 298.98689388
741.05097482 298.01556167
739.10831041 300.60578089
468.43040147 335.57374042
471.66817550 335.89751782
474.25839472 336.86885003
477.49616875 333.30729860
482.02905239 329.42196976
484.29549422 326.50797314
486.23815863 328.77441496
489.79971007 328.45063756
490.44726487 325.86041833
493.36126150 328.77441496
470.04928848 330.71707938
467.13529186 330.06952457
756.48436437 312.58554481
758.75080619 311.93799000
761.34102541 311.29043519
765.55013165 310.64288039
766.84524127 309.99532558
771.05434750 309.99532558
773.64456673 310.31910299
750.33259371 297.69178427
750.00881631 301.25333570
746.77104228 300.28200349
719.89751782 299.95822609
719.57374042 303.51977752
717.63107600 306.75755155
709.21286352 309.02399337
705.65131209 309.02399337
703.38487027 309.67154818
699.49954143 310.64288039
696.26176740 311.29043519
753.24659034 299.31067128
756.48436437 300.28200349
759.07458359 300.60578089
761.66480282 301.57711310
762.31235762 298.01556167
760.69347061 296.07289725
756.48436437 296.07289725
763.93124464 297.36800686
765.22635425 300.92955830
767.16901867 299.95822609
767.81657347 296.07289725
770.08301530 299.31067128
771.05434750 295.74911985
757.13191917 304.16733233
760.04591580 304.49110973
764.57879944 305.78621934
766.19768646 303.51977752
768.78790568 302.87222272
770.73057010 303.19600012
773.32078933 301.90089051
773.96834413 299.63444868
775.26345374 296.39667465
777.20611816 302.87222272
778.82500518 298.33933907
780.76766960 301.90089051
783.35788882 298.33933907
784.32922103 295.42534245
785.62433064 299.63444868
783.68166622 303.19600012
781.09144700 308.37643857
775.26345374 306.75755155
772.34945712 306.75755155
771.05434750 307.08132895
764.90257685 308.05266116
760.04591580 308.05266116
754.54169995 308.37643857
751.62770332 307.40510636
751.95148073 303.84355492
779.47255998 305.13866454
781.41522440 305.13866454
786.59566285 304.49110973
788.53832727 302.54844531
789.50965948 300.60578089
789.83343688 295.42534245
788.53832727 296.72045206
789.18588207 298.33933907
800.51809118 298.33933907
805.05097482 297.36800686
807.31741664 296.39667465
808.61252626 296.39667465
811.85030029 296.39667465
816.05940653 294.45401024
818.32584835 294.13023283
818.64962575 291.54001361
816.05940653 291.86379101
825.12517381 292.18756842
828.03917044 292.18756842
831.60072187 291.86379101
835.80982811 291.86379101
839.69515695 291.86379101
842.93293098 291.86379101
847.78959202 291.86379101
852.64625307 291.21623621
856.20780450 290.56868140
859.44557853 288.62601698
804.40342002 310.64288039
808.28874885 308.37643857
808.61252626 311.61421260
808.61252626 313.88065442
810.55519067 315.49954143
813.46918730 310.96665779
814.44051951 312.58554481
818.32584835 308.70021597
813.46918730 308.37643857
812.49785509 305.13866454
809.26008106 303.51977752
817.67829354 306.75755155
823.18250939 306.43377415
824.80139641 304.49110973
828.36294784 304.49110973
826.74406083 309.34777078
826.42028342 314.85198663
824.47761901 318.41353806
824.15384160 322.29886690
826.74406083 322.29886690
828.68672524 320.67997988
830.95316707 317.76598325
833.21960889 315.82331884
837.75249253 314.85198663
848.76092423 308.37643857
843.25670838 309.67154818
838.40004734 310.31910299
848.76092423 309.99532558
851.35114346 311.93799000
855.56024970 311.93799000
857.82669152 304.81488713
862.68335256 305.46244194
864.94979438 305.46244194
868.51134582 304.49110973
872.72045206 304.16733233
877.25333570 302.87222272
879.19600012 299.95822609
855.66817550 326.83175054
858.90594953 320.03242508
855.34439809 317.76598325
851.78284666 316.14709624
846.60240821 316.14709624
840.45063756 316.47087364
837.21286352 305.78621934
830.73731546 303.51977752
831.06109287 300.92955830
833.00375729 297.04422946
827.49954143 295.10156504
822.31910299 295.74911985
817.46244194 297.36800686
811.31067128 298.98689388
807.74911985 299.95822609
814.22466791 299.95822609
820.05266116 300.28200349
823.93799000 299.63444868
827.49954143 297.69178427
839.80308275 299.63444868
842.39330197 299.63444868
831.38487027 305.78621934
827.49954143 307.08132895
841.09819236 305.78621934
844.98352120 304.81488713
849.19262744 301.57711310
851.45906926 299.63444868
854.69684329 301.90089051
857.93461732 297.04422946
860.84861395 299.31067128
863.43883317 298.01556167
865.38149759 287.00712997
871.53326825 287.97846218
873.79971007 288.94979438
876.71370670 287.65468477
871.20949084 299.95822609
875.41859708 299.31067128
893.87390906 305.13866454
897.11168309 305.13866454
897.75923789 301.25333570
900.99701192 301.25333570
900.99701192 302.87222272
909.09144700 298.66311648
910.38655661 300.28200349
944.70696133 327.80308275
946.64962575 323.59397651
943.41185172 322.62264430
940.82163250 323.91775391
951.50628680 324.88908612
955.06783823 322.94642170
955.71539304 326.50797314
957.98183486 323.59397651
954.42028342 314.85198663
951.83006420 312.58554481
949.23984498 309.34777078
955.39161563 310.31910299
957.65805745 309.99532558
956.36294784 305.78621934
953.77272862 306.43377415
951.83006420 303.84355492
955.06783823 301.57711310
928.84186858 293.80645543
923.98520754 296.39667465
916.86210467 295.74911985
