286.59807882 387.55651315
173.78364306 400.44959153
142.62537032 313.42131251
118.98805997 326.31439088
102.87171200 312.34688931
67.41574648 301.60265733
57.74593770 353.17497082
8.32247060 338.13304605
41.62958973 293.00727175
53.44824491 267.22111500
88.90421043 251.10476703
117.91363677 255.40245983
135.10440794 281.18861657
174.85806625 263.99784541
194.19768381 244.65822785
161.96498788 244.65822785
210.31403178 236.06284227
222.13268696 225.31861029
239.32345812 217.79764790
251.14211330 217.79764790
260.81192208 233.91399587
254.36538289 251.10476703
213.53730137 261.84899901
229.65364934 296.23054134
219.98384056 282.26303977
194.19768381 301.60265733
261.88634527 288.70957896
264.03519167 270.44438459
282.30038603 231.76514947
272.63057725 224.24418709
317.75635156 218.87207110
309.16096598 240.36053506
295.19346440 256.47688302
299.49115720 273.66765419
315.60750516 284.41188617
309.16096598 300.52823413
275.85384684 353.17497082
268.33288446 334.90977646
349.98904749 325.23996768
382.22174342 310.19804291
366.10539546 288.70957896
403.71020738 251.10476703
428.42194093 259.70015262
420.90097854 244.65822785
429.49636413 221.02091750
444.53828889 217.79764790
435.94290331 228.54187988
476.77098483 231.76514947
491.81290960 222.09534069
518.67348954 219.94649430
510.07810396 239.28611186
399.41251459 201.68129994
397.26366819 285.48630936
373.62635784 255.40245983
363.95654906 234.98841907
341.39366191 244.65822785
330.64942993 262.92342221
23.36439537 270.44438459
9.39689380 305.90035012
665.86946764 501.44537212
645.45542688 583.10153515
525.12002873 564.83634078
833.47948649 595.99461352
753.97216985 547.64556962
795.87467457 486.40344735
781.90717300 400.44959153
831.33064009 403.67286112
833.47948649 366.06804920
891.49833917 348.87727803
949.51719185 362.84477960
928.02872789 428.38459467
993.56854296 355.32381722
961.33584702 303.75150373
948.44276865 277.96534698
892.57276237 258.62572942
875.38199120 277.96534698
868.93545202 299.45381093
804.47006015 271.51880779
832.40506329 266.14669180
809.84217614 258.62572942
735.70697549 258.62572942
760.41870904 270.44438459
748.60005386 310.19804291
701.32543316 279.03977018
681.98581560 244.65822785
627.19023252 255.40245983
655.12523566 267.22111500
641.15773409 286.56073256
603.55292217 282.26303977
575.61791902 270.44438459
585.28772780 243.58380465
588.51099740 221.02091750
570.24580303 227.46745668
559.50157106 234.98841907
538.01310710 248.95592064
526.19445193 270.44438459
500.40829518 271.51880779
489.66406320 270.44438459
455.28252087 258.62572942
455.28252087 277.96534698
449.91040488 313.42131251
475.69656163 349.95170123
483.21752401 308.04919652
446.68713529 375.73785798
536.93868390 396.15189873
544.45964629 360.69593321
527.26887512 323.09112129
569.17137984 300.52823413
623.96696292 319.86785169
623.96696292 349.95170123
572.39464943 353.17497082
564.87368705 424.08690188
695.95331717 416.56593949
647.60427327 387.55651315
656.19965886 323.09112129
717.44178113 373.58901158
730.33485950 341.35631565
778.68390340 348.87727803
813.06544573 343.50516204
838.85160248 334.90977646
788.35371218 301.60265733
917.28449592 486.40344735
876.45641440 490.70114014
909.76353353 563.76191759
998.94065895 508.96633450
598.18080618 255.40245983
586.36215100 267.22111500
567.02253344 256.47688302
525.12002873 289.78400215
358.58443307 395.07747554
328.50058354 445.57536583
406.93347697 303.75150373
626.11580932 462.76613700
512.22695035 638.97154143
697.02774037 262.92342221
464.95232965 438.05440345
507.92925756 458.46844421
633.63677170 239.28611186
339.24481551 222.09534069
732.48370590 308.04919652
398.33809139 241.43495825
84.21481992 276.12125606
937.92550171 269.18051881
