968.56718226 635.93245579
966.47951661 490.83969330
905.93721284 513.80401542
753.53762059 551.38199707
578.17370622 549.29433143
512.41223833 632.80095732
433.08094373 535.72450472
479.00958797 519.02317954
425.77411396 473.09453530
328.69766136 593.13531002
266.06769194 535.72450472
208.65688664 438.64805212
270.24302324 449.08638036
244.14720265 397.93857200
299.47034230 519.02317954
114.71193251 513.80401542
82.35311498 610.88046802
15.54781427 483.53286354
88.61611192 476.22603377
58.34496004 437.60421930
123.06259510 381.23724682
168.99123934 394.80707353
139.76392028 346.79076364
106.36126993 322.78260870
58.34496004 346.79076364
13.46014862 344.70309799
0.93415474 387.50024376
302.60184077 387.50024376
235.79654006 356.18525905
213.87605076 328.00177281
192.99939429 322.78260870
152.28991417 290.42379116
174.21040346 288.33612552
79.22161651 308.16894916
35.38063792 317.56344458
61.47645851 286.24845987
346.44281937 421.94672694
373.58247278 371.84275141
402.80979184 363.49208882
428.90561243 311.30044764
376.71397125 317.56344458
346.44281937 334.26476976
266.06769194 333.22093693
287.98818124 308.16894916
262.93619347 291.46762399
324.52233007 310.25661481
489.44791620 386.45641094
558.34088257 453.26171165
531.20122915 334.26476976
472.74659103 286.24845987
631.40918022 413.59606435
622.01468481 368.71125294
617.83935351 339.48393387
582.34903751 328.00177281
690.90765117 484.57669636
663.76799775 460.56854142
673.16249317 393.76324070
768.15128012 458.48087577
806.77309459 410.46456588
738.92396106 359.31675752
722.22263588 312.34428046
756.66911906 330.08943846
810.94842589 368.71125294
863.14006707 390.63174223
852.70173883 333.22093693
816.16759001 333.22093693
777.54577553 312.34428046
786.94027095 293.55528963
821.38675413 273.72246598
843.30724342 310.25661481
884.01672354 302.94978505
868.35923119 273.72246598
910.11254414 333.22093693
915.33170825 356.18525905
943.51519449 419.85906130
984.22467461 439.69188494
964.39185097 384.36874529
1018.67115780 366.62358729
949.77819143 278.94163010
929.94536779 273.72246598
913.24404261 257.02114081
876.70989378 239.27598280
842.26341060 257.02114081
820.34292130 220.48699198
803.64159612 262.24030492
777.54577553 242.40748127
792.15943506 242.40748127
731.61713129 247.62664539
718.04730458 259.10880645
679.42549011 278.94163010
682.55698858 220.48699198
643.93517411 230.92532021
615.75168787 252.84580951
648.11050540 295.64295528
585.48053598 259.10880645
580.26137186 239.27598280
593.83119857 228.83765457
516.58756962 296.68678810
535.37656045 269.54713469
539.55189174 288.33612552
483.18491926 236.14448433
467.52742691 254.93347516
464.39592844 238.23214998
452.91376738 238.23214998
445.60693761 217.35549351
434.12477655 231.96915304
408.02895596 296.68678810
420.55494984 281.02929575
403.85362467 242.40748127
390.28379796 236.14448433
367.31947584 220.48699198
377.75780407 199.61033551
393.41529643 198.56650268
414.29195290 209.00483092
189.86789582 273.72246598
174.21040346 260.15263928
142.89541875 267.45946904
100.09827298 271.63480034
59.38879286 268.50330187
72.95861957 257.02114081
66.69562263 239.27598280
55.21346157 243.45131410
43.73130051 253.88964233
14.50398144 235.10065151
5.10948603 266.41563622
16.59164709 268.50330187
43.73130051 216.31166068
56.25729439 217.35549351
60.43262569 198.56650268
40.59980204 197.52266986
28.07380815 199.61033551
17.63547992 191.25967292
31.20530662 192.30350574
24.94230968 179.77751186
6.15331886 168.29535080
86.52844628 220.48699198
150.20224852 243.45131410
134.54475616 223.61849045
148.11458287 220.48699198
129.32559205 198.56650268
126.19409358 188.12817444
99.05444016 197.52266986
90.70377757 191.25967292
80.26544933 187.08434162
71.91478675 192.30350574
518.67523527 257.02114081
344.35515372 268.50330187
345.39898654 254.93347516
299.47034230 257.02114081
320.34699877 236.14448433
305.73333924 213.18016221
283.81284995 257.02114081
252.49786524 251.80197669
224.31437900 252.84580951
205.52538817 253.88964233
172.12273782 243.45131410
197.17472558 227.79382174
214.91988359 226.74998892
237.88420571 238.23214998
249.36636677 224.66232327
256.67319653 210.04866374
269.19919041 209.00483092
268.15535759 187.08434162
714.91580611 227.79382174
699.25831376 209.00483092
673.16249317 212.13632939
753.53762059 206.91716527
727.44180000 213.18016221
729.52946564 187.08434162
770.23894577 195.43500421
808.86076024 199.61033551
802.59776330 192.30350574
820.34292130 201.69800115
846.43874189 201.69800115
854.78940448 195.43500421
851.65790601 172.47068209
893.41121896 228.83765457
890.27972049 204.82949962
898.63038308 191.25967292
894.45505178 173.51451491
887.14822202 160.98852103
922.63853802 235.10065151
938.29603037 243.45131410
941.42752885 228.83765457
1006.14516391 281.02929575
963.34801814 273.72246598
984.22467461 223.61849045
1018.67115780 242.40748127
1003.01366544 220.48699198
1016.58349215 212.13632939
689.60286014 184.99667597
708.91376738 176.12409697
724.57125973 175.60218056
753.27666238 175.60218056
772.06565321 166.72960156
641.58655025 190.21584009
625.40714149 201.17608474
608.70581631 195.43500421
602.96473578 209.52674733
587.30724342 203.26375039
545.55393048 198.04458627
524.15535759 217.87740992
543.46626483 226.74998892
522.58960836 197.52266986
555.47034230 188.65009086
557.55800795 178.21176262
599.31132089 171.94876568
611.83731478 184.47475956
901.50092334 153.15977485
914.54883364 143.24336303
907.76392028 133.32695120
921.85566340 173.51451491
956.82406299 204.30758321
927.59674393 213.18016221
948.99531682 192.82542215
949.51723323 180.82134468
948.99531682 170.90493285
956.82406299 163.59810309
975.61305382 168.29535080
995.44587747 159.94468821
980.31030153 150.55019279
997.01162670 178.21176262
1005.36228929 147.94061073
981.87605076 134.89270044
965.17472558 128.62970350
940.64465423 147.94061073
940.64465423 158.90085538
936.46932293 137.50228250
903.06667258 143.24336303
881.66809969 139.58994815
865.48869092 139.58994815
848.26544933 135.93653326
837.30520469 152.63785844
840.95861957 166.20768515
814.86279898 172.47068209
809.64363486 181.34326109
785.11356350 162.55427027
767.36840550 155.76935691
759.01774291 141.67761379
728.74659103 148.98444356
701.08502120 166.20768515
682.29603037 163.07618668
659.33170825 177.16792980
653.59062772 169.86110003
649.93721284 162.55427027
627.49480713 171.94876568
621.23181019 159.94468821
584.69766136 158.90085538
544.51009765 174.03643133
544.51009765 164.12001950
519.45810988 163.07618668
538.24710071 135.93653326
552.33884383 135.93653326
597.74557166 140.63378097
609.74964913 162.55427027
617.57839531 136.98036609
600.35515372 130.19545273
586.78532701 130.19545273
627.49480713 127.58587067
621.75372660 118.71329167
613.40306401 88.44213979
604.00856860 105.14346496
640.02080102 96.79280238
859.74761039 121.32287373
843.04628522 108.27496344
819.56004668 126.02012144
822.69154516 146.37486150
809.64363486 152.11594203
789.81081121 141.15569738
797.11764098 128.10778709
819.56004668 135.93653326
768.41223833 122.36670655
748.57941468 119.23520808
737.61917003 117.14754244
722.48359408 122.88862297
724.04934332 140.63378097
706.82610173 133.32695120
684.90561243 137.50228250
678.12069908 132.28311838
686.47136167 120.27904091
674.98920061 118.71329167
673.94536779 109.31879626
659.33170825 130.71736914
654.11254414 137.50228250
655.15637696 119.75712450
650.98104566 104.62154855
641.06463384 117.66945885
636.88930255 131.76120197
632.19205484 145.85294509
636.36738613 85.83255773
641.06463384 82.17914284
653.06871131 83.74489208
660.89745749 89.48597261
693.77819143 84.26680849
700.56310479 106.18729779
698.99735555 97.31471879
690.64669296 111.40646191
695.86585708 106.70921420
678.64261549 101.49005008
681.25219755 91.05172185
714.65484791 120.80095732
720.39592844 115.05987679
713.08909867 89.48597261
729.26850744 98.35855161
714.13293150 98.88046802
726.65892538 84.26680849
743.36025056 87.39830696
757.97391009 93.66130390
779.89439939 89.48597261
796.59572456 91.05172185
810.68746768 103.05579932
799.72722303 108.27496344
829.47645851 106.18729779
820.60387951 117.66945885
1000.66504159 118.71329167
1015.80061753 123.93245579
1020.49786524 115.05987679
1003.27462365 106.70921420
1015.27870112 103.05579932
944.81998552 108.79687985
928.11866034 101.49005008
918.72416493 120.80095732
893.67217716 116.62562602
950.03914964 123.41053938
869.14210581 109.31879626
861.31335963 105.14346496
855.57227910 91.05172185
831.04220774 93.13938749
840.43670316 91.05172185
780.93823221 75.39422949
899.41325769 107.75304702
908.28583669 100.96813367
981.35413435 76.43806231
979.78838511 116.10370961
983.96371641 106.70921420
923.42141264 91.66062433
906.72008746 70.78396785
897.32559205 66.08672015
897.32559205 62.43330526
878.53660122 57.21414115
889.49684587 45.73198009
884.27768175 42.07856520
873.31743710 44.16623085
870.18593863 42.60048161
893.67217716 44.16623085
900.45709052 46.25389650
903.06667258 40.51281597
916.63649928 47.81964573
922.37757981 47.81964573
931.77207523 45.73198009
934.90357370 42.07856520
945.86381835 46.25389650
950.03914964 42.07856520
957.86789582 48.34156214
961.52131070 42.07856520
969.35005688 41.03473238
975.61305382 42.60048161
985.00754923 45.73198009
1000.14312518 44.16623085
1004.84037288 45.73198009
1008.49378776 69.74013503
1003.27462365 76.00313197
1019.45403241 67.65246938
1021.01978165 40.51281597
852.96269704 59.30180679
859.74761039 51.47306062
864.96677451 44.68814726
859.22569398 44.68814726
849.30928216 45.73198009
850.35311498 41.55664879
845.65586728 43.12239803
840.43670316 43.12239803
841.48053598 47.81964573
833.65178980 44.16623085
829.99837492 46.77581291
825.30112721 44.16623085
813.29704974 45.73198009
797.11764098 45.21006367
803.38063792 44.68814726
792.42039327 40.51281597
785.11356350 44.16623085
779.37248297 38.94706673
774.15331886 48.34156214
767.36840550 47.81964573
771.02182038 77.04696479
790.33272762 72.34971709
808.07788562 74.43738274
829.99837492 73.39354991
870.18593863 78.61271403
859.74761039 81.74421250
951.08298246 66.60863656
963.60897635 68.69630221
760.06157574 31.64023697
768.93415474 34.24981903
781.46014862 29.55257132
742.31641773 46.77581291
714.65484791 51.47306062
709.95760020 41.03473238
716.22059714 43.12239803
724.04934332 45.21006367
730.83425667 50.42922779
748.05749826 71.30588426
724.04934332 73.39354991
697.95352273 49.38539497
697.95352273 42.60048161
688.55902732 47.81964573
680.73028114 44.16623085
675.51111702 47.81964573
666.11662161 47.81964573
656.72212619 46.77581291
656.72212619 38.94706673
647.84954719 46.25389650
642.10846666 41.55664879
626.97289072 37.90323391
615.49072966 42.60048161
597.74557166 38.94706673
553.90459307 75.48121556
540.33476636 73.91546632
529.37452171 73.91546632
552.86076024 51.99497703
526.24302324 51.47306062
589.39490907 77.04696479
673.94536779 97.40170486
812.77513333 88.00720944
816.95046462 92.18254074
877.49276840 97.92362127
491.53558185 182.47407998
504.58349215 174.12341739
497.79857879 162.64125633
507.19307421 154.29059374
485.79450132 148.54951321
484.22875209 168.90425328
475.87808950 170.47000251
470.13700897 177.25491587
457.08909867 173.60150098
447.17268685 180.90833075
458.13293150 201.78498722
462.30826279 214.83289752
488.40408338 210.65756622
432.03711090 175.16725022
431.51519449 163.68508916
432.55902732 152.20292810
456.04526585 152.20292810
399.15637696 166.81658763
404.89745749 154.29059374
388.19613231 148.02759680
376.71397125 150.63717886
372.01672354 180.90833075
351.14006707 165.25083839
349.05240142 150.63717886
350.61815066 138.11118498
351.66198348 126.62902392
329.74149419 152.72484451
320.86891519 139.67693421
305.73333924 149.59334604
316.17166748 167.86042045
310.95250336 177.25491587
302.60184077 182.47407998
328.69766136 191.86857540
351.66198348 210.13564981
361.57839531 308.77785165
281.72518430 187.17132769
282.76901712 163.16317275
241.01570418 187.17132769
241.01570418 176.21108304
244.66911906 161.59742351
250.41019959 131.32627162
260.32661141 146.98376398
270.24302324 133.41393727
283.29093353 139.67693421
295.81692742 143.33034910
285.37859918 114.62494645
299.47034230 115.66877927
311.99633618 112.01536439
279.11560224 93.74828997
275.46218736 101.05511974
263.98002630 106.27428386
241.01570418 133.93585368
230.57737594 133.93585368
219.61713129 132.37010445
226.92396106 141.24268345
250.93211600 199.17540516
215.96371641 126.62902392
222.74862976 103.14278539
221.18288053 91.66062433
215.44180000 81.74421250
233.18695800 81.74421250
243.10336982 95.31403921
249.88828318 86.96337662
402.80979184 149.59334604
417.94536779 117.75644492
450.30418532 139.67693421
469.09317614 124.01944186
370.45097431 127.67285674
377.75780407 130.80435521
292.68542895 119.32219415
296.33884383 81.22229609
287.46626483 78.61271403
264.50194271 80.70037968
246.23486829 56.17030832
247.80061753 52.51689344
239.44995494 51.99497703
255.10744730 53.56072626
262.93619347 51.47306062
279.11560224 51.47306062
285.90051559 51.47306062
292.68542895 54.08264267
313.04016901 53.56072626
324.52233007 53.56072626
336.52640754 55.12647550
342.78940448 52.51689344
350.09623425 54.08264267
366.79755943 51.47306062
357.40306401 55.64839191
369.40714149 51.47306062
109.75372660 190.82474257
101.40306401 169.94808610
59.12783466 165.25083839
48.68950642 161.59742351
43.47034230 183.51791281
41.90459307 176.21108304
37.72926177 168.90425328
24.68135148 170.47000251
15.80877247 126.10710751
35.64159612 144.89609833
30.42243201 157.94400863
43.99225871 151.68101169
70.08807930 153.24676092
100.88114760 156.37825939
118.10438919 158.98784145
145.76595902 189.25899334
153.59470520 202.82882004
145.76595902 173.60150098
138.45912925 167.86042045
169.77411396 157.94400863
169.77411396 148.02759680
153.07278878 133.41393727
165.07686626 132.37010445
189.08502120 141.76459986
193.26035249 132.37010445
170.81794679 126.10710751
199.00143302 184.56174563
185.95352273 185.08366204
188.04118838 199.69732157
185.95352273 230.49038987
216.22467461 187.17132769
192.73843608 167.33850404
181.77819143 174.12341739
197.95760020 158.98784145
176.03711090 117.23452851
169.77411396 114.62494645
158.29195290 114.62494645
141.06871131 117.75644492
132.71804872 127.15094033
120.71397125 129.76052239
113.92905790 129.76052239
95.66198348 136.02351933
125.41121896 143.33034910
181.77819143 101.05511974
181.77819143 108.36194950
192.73843608 103.14278539
224.57533720 59.30180679
221.96575514 55.12647550
213.09317614 62.43330526
201.61101508 57.21414115
199.00143302 54.08264267
184.90968991 55.64839191
180.21244220 55.12647550
171.86177961 56.17030832
165.59878267 56.17030832
159.33578573 58.77989038
173.42752885 78.61271403
178.64669296 80.70037968
198.47951661 81.22229609
148.37554108 59.30180679
143.67829337 57.21414115
134.80571437 55.12647550
130.10846666 56.69222473
109.75372660 60.86755603
105.05647890 55.12647550
98.27156554 55.12647550
90.44281937 56.69222473
84.70173883 56.17030832
80.00449113 60.86755603
76.35107625 55.64839191
66.43466442 62.43330526
55.47441977 57.73605756
46.07992436 58.77989038
28.33476636 60.86755603
22.07176942 59.82372320
15.28685606 58.77989038
6.41427706 58.77989038
33.55393048 93.74828997
45.55800795 81.22229609
52.34292130 88.00720944
72.17574495 84.87571097
84.17982242 81.22229609
103.49072966 82.26612891
115.49480713 81.74421250
135.32763078 85.91954380
147.33170825 81.74421250
156.72620367 85.91954380
126.45505178 97.92362127
116.53863996 104.70853462
137.41529643 98.96745409
93.05240142 116.19069568
83.13598960 121.93177621
80.52640754 115.66877927
77.39490907 134.45777010
63.82508236 132.37010445
70.08807930 117.75644492
58.60591824 115.66877927
42.42650948 121.40985980
40.86076024 136.02351933
5.89236065 85.91954380
29.37859918 127.67285674
16.85260530 117.75644492
10.58960836 119.84411056
3.80469500 114.62494645
196.31233823 113.07231899
504.22842214 51.69369761
613.68696360 230.97042088
