51.14935065 411.31418581
64.33616384 432.89260739
37.36313686 435.29020979
125.47502498 425.10039960
115.28521479 408.31718282
108.69180819 381.34415584
59.54095904 387.93756244
72.72777223 368.15734266
39.16133866 347.17832168
36.76373626 317.20829171
5.59490509 311.21428571
42.75774226 302.82267732
39.76073926 291.43406593
70.92957043 281.24425574
21.17932068 245.28021978
8.59190809 224.30119880
108.09240759 346.57892108
81.71878122 313.61188811
58.94155844 297.42807193
125.47502498 326.19930070
146.45404595 322.60289710
156.04445554 310.61488511
139.86063936 305.81968032
116.48401598 284.24125874
93.10739261 291.43406593
101.49900100 275.25024975
126.07442557 271.05444555
144.65584416 274.65084915
195.00549451 332.79270729
185.41508492 308.81668332
209.39110889 312.41308691
212.38811189 287.23826174
235.76473526 316.60889111
238.16233766 354.37112887
213.58691309 386.13936064
178.22227772 377.74775225
36.76373626 216.50899101
29.57092907 195.52997003
5.59490509 199.12637363
27.17332667 175.74975025
14.58591409 161.96353646
7.99250749 142.18331668
50.54995005 163.76173826
51.74875125 185.93956044
56.54395604 202.72277722
63.13736264 225.50000000
77.52297702 220.70479520
84.71578422 233.89160839
85.31518482 248.27722278
94.30619381 267.45804196
126.67382617 233.89160839
115.88461538 217.70779221
109.89060939 204.52097902
100.89960040 196.12937063
89.51098901 214.11138861
72.72777223 209.91558442
79.32117882 194.33116883
79.32117882 178.14735265
64.33616384 160.76473526
48.75174825 152.37312687
33.16733267 148.17732268
29.57092907 137.98751249
36.76373626 122.40309690
7.99250749 130.79470529
3.19730270 109.21628372
39.16133866 98.42707293
31.36913087 97.22827173
37.96253746 85.24025974
4.99550450 74.45104895
57.14335664 137.98751249
57.14335664 124.20129870
70.33016983 126.59890110
82.31818182 154.17132867
91.30919081 160.16533467
115.28521479 160.16533467
127.87262737 158.96653347
139.86063936 155.96953047
126.67382617 148.77672328
116.48401598 145.18031968
105.69480519 145.18031968
94.30619381 133.19230769
104.49600400 110.41508492
118.28221778 126.59890110
120.67982018 115.21028971
118.28221778 106.81868132
112.88761239 91.83366633
101.49900100 85.83966034
106.29420579 75.64985015
106.29420579 67.85764236
92.50799201 68.45704296
73.32717283 85.24025974
73.32717283 72.05344655
64.93556444 58.86663337
48.15234765 63.66183816
33.76673327 73.25224775
22.37812188 66.05944056
12.78771229 56.46903097
4.99550450 61.26423576
5.59490509 47.47802198
16.38411588 48.67682318
19.98051948 53.47202797
28.37212787 54.07142857
33.76673327 54.07142857
31.96853147 44.48101898
25.97452547 39.68581419
18.78171828 37.88761239
27.62287712 28.78421578
13.23726274 30.28271728
9.94055944 21.89110889
15.93456543 12.60039960
7.54295704 12.90009990
18.93156843 17.09590410
30.02047952 17.39560440
28.52197802 23.68931069
24.62587413 12.90009990
31.21928072 7.50549451
31.81868132 2.11088911
24.02647353 5.10789211
42.00849151 22.49050949
34.81568432 23.98901099
48.00249750 32.98001998
53.39710290 41.37162837
52.19830170 51.26173826
65.08541459 51.86113886
74.07642358 53.05994006
75.27522478 45.26773227
63.28721279 27.58541459
53.09740260 23.68931069
56.99350649 13.79920080
47.40309690 10.80219780
50.40009990 5.10789211
57.29320679 4.80819181
62.68781219 5.40759241
72.27822178 26.08691309
69.88061938 11.70129870
75.87462537 6.00699301
80.07042957 11.70129870
85.46503497 8.10489510
91.75874126 9.30369630
96.25424575 5.10789211
97.75274725 17.09590410
91.15934066 20.09290709
100.15034965 11.70129870
93.85664336 28.18481518
83.96653347 49.76323676
98.35214785 50.36263736
102.24825175 41.97102897
104.64585415 33.87912088
105.84465534 28.48451548
110.63986014 33.57942058
115.13536464 35.97702298
111.53896104 57.25574426
107.04345654 51.86113886
131.31918082 79.13386613
138.51198801 58.45454545
134.01648352 52.46053946
128.92157842 39.27372627
138.81168831 35.37762238
128.32217782 29.68331668
135.21528472 26.08691309
122.92757243 21.59140859
119.63086913 15.89710290
116.93356643 8.10489510
115.73476523 2.11088911
125.32517483 5.10789211
131.31918082 10.50249750
130.42007992 4.20879121
136.71378621 6.90609391
137.61288711 15.29770230
131.91858142 18.29470529
147.50299700 21.59140859
143.00749251 24.28871129
152.59790210 33.87912088
152.59790210 25.48751249
157.09340659 20.39260739
158.89160839 29.68331668
151.39910090 12.30069930
144.50599401 17.09590410
149.30119880 5.40759241
153.79670330 2.11088911
159.19130869 10.50249750
167.28321678 23.98901099
171.17932068 11.40159840
178.37212787 10.80219780
183.76673327 13.19980020
186.46403596 11.10189810
184.96553447 3.30969031
174.47602398 2.71028971
181.66883117 21.29170829
179.27122877 42.57042957
172.07842158 34.47852148
147.20329670 46.76623377
151.09940060 66.84615385
132.21828172 103.70929071
157.09340659 102.81018981
149.30119880 92.02097902
167.88261738 101.61138861
151.69880120 127.98501499
151.69880120 148.06493506
161.28921079 142.37062937
155.29520480 136.07692308
161.28921079 155.25774226
170.87962038 155.85714286
182.56793207 153.15984016
167.28321678 117.79520480
177.77272727 123.48951049
178.37212787 135.17782218
199.35114885 133.07992008
214.03646354 128.88411588
210.73976024 117.49550450
223.32717283 120.79220779
209.84065934 106.70629371
215.23526474 100.41258741
198.15234765 99.21378621
191.55894106 93.21978022
195.15534466 82.43056943
175.07542458 68.04495504
197.25324675 64.74825175
180.47002997 36.87612388
175.67482517 49.76323676
199.65084915 48.86413586
201.74875125 44.06893107
198.15234765 38.07492507
203.24725275 23.98901099
192.75774226 19.49350649
199.05144855 11.40159840
193.35714286 7.20579421
206.84365634 12.60039960
212.23826174 19.19380619
212.53796204 12.90009990
216.73376623 7.80519481
220.62987013 16.49650350
220.62987013 23.38961039
226.62387612 38.07492507
221.52897103 42.27072927
218.83166833 48.86413586
220.62987013 60.25274725
211.63886114 64.14885115
221.22927073 70.44255744
211.63886114 85.12787213
140.46003996 212.31318681
145.85464535 188.33716284
167.43306693 200.32517483
145.25524476 232.09340659
161.43906094 274.65084915
173.42707293 266.85864136
163.83666334 247.67782218
173.42707293 236.88861139
172.82767233 219.50599401
183.01748252 219.50599401
190.21028971 202.12337662
190.21028971 190.73476523
174.02647353 175.15034965
199.20129870 167.95754246
205.79470529 161.96353646
213.58691309 147.57792208
218.98151848 176.34915085
203.39710290 190.73476523
202.19830170 238.68681319
194.40609391 262.06343656
210.58991009 267.45804196
261.53896104 417.90759241
259.14135864 398.12737263
289.11138861 392.73276723
275.92457542 359.16633367
263.33716284 352.57292707
296.30419580 327.39810190
300.50000000 350.77472527
319.08141858 353.77172827
341.85864136 384.34115884
335.86463536 419.70579421
257.34315684 273.45204795
259.74075924 250.67482517
231.56893107 235.68981019
281.31918082 227.89760240
298.70179820 236.88861139
270.52997003 211.71378621
258.54195804 200.32517483
238.16233766 196.12937063
235.76473526 177.54795205
264.53596404 179.94555445
243.55694306 151.17432567
231.56893107 161.36413586
229.77072927 140.38511489
236.96353646 133.19230769
242.95754246 118.80669331
254.94555445 102.02347652
252.54795205 90.03546454
238.16233766 76.84865135
233.36713287 56.46903097
247.15334665 61.86363636
240.55994006 49.27622378
233.36713287 43.88161838
240.55994006 41.48401598
247.75274725 42.08341658
241.15934066 34.89060939
234.56593407 23.50199800
265.73476523 68.94405594
259.74075924 84.82817183
246.85364635 70.74225774
261.23926074 58.45454545
258.24225774 52.46053946
262.13836164 42.87012987
254.34615385 32.38061938
246.85364635 18.59440559
249.55094905 12.00099900
225.87462537 12.90009990
232.16833167 9.30369630
227.37312687 3.90909091
238.46203796 7.20579421
239.36113886 11.70129870
247.75274725 4.50849151
257.04345654 2.11088911
262.73776224 6.60639361
262.13836164 11.40159840
259.44105894 15.59740260
255.84465534 13.19980020
258.54195804 22.49050949
261.83866134 29.08391608
266.03446553 28.78421578
266.93356643 36.87612388
267.83266733 44.06893107
278.92157842 59.95304695
282.81768232 64.14885115
278.02247752 80.03296703
293.90659341 81.83116883
296.30419580 62.05094905
293.00749251 53.65934066
285.21528472 43.76923077
297.50299700 40.47252747
298.40209790 31.78121878
299.00149850 12.90009990
293.30719281 10.20279720
290.01048951 2.41058941
280.42007992 6.90609391
271.42907093 10.50249750
282.51798202 18.89410589
286.71378621 13.79920080
285.51498501 30.28271728
276.82367632 26.08691309
275.32517483 34.17882118
270.82967033 18.89410589
267.53296703 18.29470529
263.63686314 20.09290709
281.61888112 183.54195804
294.20629371 200.32517483
299.60089910 175.45004995
293.60689311 158.06743257
279.22127872 162.56293706
278.92157842 146.37912088
280.12037962 135.58991009
262.13836164 135.29020979
262.73776224 141.88361638
260.34015984 148.17732268
291.80869131 108.01748252
302.29820180 115.21028971
323.87662338 85.24025974
325.67482517 67.55794206
309.79070929 63.96153846
306.79370629 75.35014985
313.38711289 49.87562438
308.89160839 43.28221778
305.89460539 33.69180819
319.38111888 33.69180819
321.17932068 44.78071928
324.47602398 40.88461538
334.06643357 44.78071928
350.84965035 36.08941059
352.64785215 53.47202797
344.85564436 56.76873127
336.76373626 58.86663337
337.06343656 66.35914086
341.55894106 72.65284715
348.75174825 71.45404595
344.55594406 65.46003996
340.06043956 93.63186813
341.25924076 101.42407592
339.46103896 116.70879121
322.37812188 124.80069930
306.49400599 140.08541459
305.59490509 153.57192807
328.07242757 139.18631369
312.48801199 161.06443556
319.68081918 175.74975025
335.26523477 182.04345654
341.25924076 164.96053946
342.15834166 156.56893107
343.65684316 143.08241758
346.35414585 127.79770230
361.63886114 158.06743257
354.44605395 185.93956044
341.85864136 207.81768232
311.28921079 209.91558442
326.27422577 218.60689311
366.13436563 78.83416583
366.73376623 89.62337662
384.41608392 87.22577423
381.71878122 78.83416583
380.81968032 65.94705295
365.23526474 67.74525475
366.43406593 57.25574426
373.02747253 50.06293706
335.86463536 33.57942058
331.66883117 26.98601399
333.16733267 20.39260739
319.08141858 22.49050949
324.47602398 17.69530470
319.68081918 13.79920080
313.68681319 14.69830170
302.89760240 8.10489510
311.88861139 3.60939061
320.87962038 2.71028971
330.47002997 13.19980020
340.06043956 4.80819181
338.56193806 9.00399600
343.65684316 12.90009990
359.54095904 3.00999001
355.64485514 12.90009990
365.83466533 5.70729271
361.63886114 14.09890110
368.83166833 29.38361638
377.22327672 14.09890110
372.72777223 3.60939061
378.42207792 1.81118881
389.21128871 13.79920080
389.21128871 6.00699301
392.50799201 18.29470529
387.41308691 29.68331668
378.12237762 38.37462537
408.09240759 84.82817183
392.80769231 71.04195804
389.21128871 54.55844156
400.00049950 47.36563437
391.60889111 35.97702298
389.81068931 44.06893107
396.40409590 38.97402597
397.30319680 23.68931069
387.41308691 23.68931069
403.59690310 38.07492507
414.08641359 40.47252747
410.49000999 31.48151848
421.57892108 35.37762238
364.03646354 202.61038961
372.12837163 197.81518482
385.91458541 195.11788212
386.51398601 168.74425574
379.32117882 157.95504496
372.42807193 142.07092907
376.32417582 125.88711289
402.39810190 120.49250749
423.37712288 128.88411588
402.99750250 152.56043956
417.98251748 181.03196803
426.37412587 173.23976024
413.78671329 201.71128871
421.57892108 206.80619381
441.65884116 188.82417582
453.34715285 192.42057942
450.64985015 181.03196803
437.76273726 164.84815185
432.06843157 155.25774226
426.37412587 143.86913087
417.98251748 145.06793207
436.26423576 138.77422577
449.75074925 143.26973027
455.44505495 112.40059940
464.73576424 115.39760240
462.63786214 137.27572428
474.92557443 135.47752248
477.02347652 149.56343656
468.03246753 154.95804196
468.63186813 163.94905095
475.52497502 165.14785215
485.11538462 167.24575425
476.42407592 193.01998002
515.08541459 178.63436563
526.17432567 162.75024975
512.08841159 152.26073926
510.58991009 140.57242757
492.90759241 143.26973027
496.80369630 127.08591409
501.89860140 102.81018981
503.39710290 120.79220779
510.29020979 127.98501499
520.48001998 125.28771229
527.07342657 119.89310689
530.66983017 145.06793207
487.51298701 117.19580420
476.42407592 115.69730270
480.02047952 99.81318681
493.80669331 107.30569431
483.91658342 92.02097902
469.53096903 87.52547453
456.34415584 90.82217782
444.95554446 99.21378621
460.53996004 105.20779221
431.16933067 100.11288711
435.96453546 92.02097902
423.37712288 81.83116883
404.79570430 67.74525475
404.79570430 60.25274725
392.50799201 63.84915085
415.28521479 63.24975025
419.78071928 69.84315684
426.97352647 70.14285714
423.97652348 47.66533467
430.56993007 38.07492507
434.16633367 44.66833167
444.05644356 41.67132867
447.95254745 49.76323676
453.34715285 56.95604396
443.45704296 68.34465534
465.63486513 63.24975025
476.72377622 69.24375624
468.63186813 78.83416583
450.05044955 80.03296703
454.84565435 69.84315684
462.33816184 51.56143856
499.20129870 85.12787213
498.30219780 76.13686314
492.90759241 77.93506494
486.01448551 72.84015984
473.72677323 59.65334665
479.12137862 59.05394605
475.22527473 44.06893107
463.23726274 45.86713287
457.84265734 38.07492507
474.32617383 33.27972028
483.91658342 37.47552448
485.11538462 32.98001998
481.81868132 27.58541459
453.94655345 26.68631369
460.24025974 29.08391608
437.16333666 21.29170829
431.76873127 17.69530470
414.38611389 26.38661339
408.39210789 21.29170829
404.79570430 17.39560440
407.19330669 11.40159840
402.69780220 12.00099900
404.79570430 5.70729271
402.69780220 2.41058941
408.39210789 1.81118881
412.28821179 5.70729271
412.88761239 11.10189810
413.48701299 15.29770230
417.38311688 22.49050949
421.57892108 17.99500500
420.38011988 12.90009990
420.38011988 9.30369630
425.17532468 9.00399600
424.87562438 3.90909091
489.61088911 66.24675325
485.41508492 60.85214785
502.49800200 55.15784216
497.40309690 44.06893107
492.00849151 37.47552448
506.69380619 42.27072927
511.48901099 45.26773227
509.99050949 38.37462537
516.88361638 41.67132867
518.08241758 35.37762238
470.13036963 19.79320679
472.52797203 13.19980020
464.43606394 9.00399600
465.33516484 15.59740260
457.24325674 17.69530470
444.05644356 17.69530470
449.15134865 13.19980020
452.14835165 6.90609391
447.05344655 6.00699301
437.76273726 3.60939061
437.16333666 7.80519481
474.02647353 6.90609391
482.11838162 10.50249750
492.60789211 10.20279720
484.81568432 20.69230769
495.30519481 20.39260739
496.95354645 5.10789211
462.48801199 2.11088911
457.69280719 5.70729271
472.37812188 2.71028971
481.96853147 5.40759241
478.07242757 2.71028971
485.26523477 2.41058941
493.35714286 1.81118881
503.24725275 3.90909091
501.14935065 10.50249750
507.14335664 17.09590410
511.33916084 8.70429570
513.43706294 10.50249750
516.43406593 6.60639361
513.73676324 17.39560440
518.83166833 24.88811189
515.23526474 22.79020979
523.32717283 23.38961039
526.92357642 20.09290709
521.82867133 17.09590410
524.82567433 12.90009990
527.82267732 5.10789211
534.11638362 9.60339660
532.31818182 15.29770230
539.81068931 13.19980020
539.21128871 6.60639361
535.61488511 2.11088911
545.20529471 3.30969031
548.50199800 6.30669331
551.19930070 2.41058941
557.19330669 4.50849151
553.89660340 6.60639361
556.89360639 10.20279720
545.20529471 18.89410589
542.20829171 21.59140859
530.81968032 27.28571429
535.91458541 32.38061938
534.41608392 37.17582418
522.42807193 40.47252747
539.51098901 41.97102897
524.22627373 61.45154845
514.63586414 52.46053946
554.79570430 64.74825175
550.00049950 44.06893107
555.09540460 39.87312687
552.39810190 29.38361638
549.70079920 33.57942058
562.58791209 27.28571429
558.99150849 15.29770230
566.18431568 21.59140859
563.78671329 13.19980020
566.18431568 9.30369630
569.78071928 13.19980020
571.57892108 7.80519481
576.67382617 13.19980020
579.37112887 6.60639361
576.37412587 3.30969031
583.56693307 3.00999001
587.46303696 5.10789211
584.76573427 14.69830170
591.05944056 10.80219780
596.75374625 8.40459540
597.95254745 3.00999001
593.75674326 3.00999001
591.35914086 23.68931069
582.06843157 25.78721279
596.75374625 15.89710290
583.26723277 43.46953047
579.37112887 43.46953047
576.97352647 49.46353646
572.17832168 42.27072927
568.88161838 32.38061938
564.38611389 41.07192807
560.49000999 60.25274725
573.67682318 60.55244755
568.58191808 57.85514486
574.27622378 68.04495504
576.07442557 82.43056943
570.38011988 86.02697303
563.78671329 90.22277722
545.20529471 89.32367632
541.30919081 73.73926074
524.52597403 72.54045954
539.21128871 107.60539461
551.79870130 116.29670330
555.99450549 110.00299700
559.59090909 118.69430569
552.09840160 128.58441558
547.90259740 132.78021978
548.80169830 143.56943057
548.80169830 148.66433566
536.21428571 138.47452547
566.78371628 157.35564436
573.37712288 150.16283716
579.97052947 154.05894106
575.17532468 136.37662338
564.38611389 136.67632368
575.17532468 118.69430569
585.36513487 123.48951049
590.16033966 128.28471528
596.75374625 123.48951049
583.56693307 109.70329670
575.17532468 103.40959041
584.76573427 98.01498501
586.26423576 90.22277722
592.25824176 84.22877123
598.85164835 87.22577423
598.55194805 80.03296703
595.25524476 75.23776224
591.95854146 59.95304695
591.95854146 50.36263736
385.01548452 437.68781219
390.41008991 408.91658342
401.19930070 389.13636364
384.41608392 372.95254745
380.22027972 353.77172827
366.43406593 331.59390609
386.81368631 322.60289710
367.03346653 290.23526474
349.65084915 269.85564436
329.27122877 274.65084915
317.28321678 242.88261738
377.82267732 239.88561439
392.20829171 262.66283716
377.22327672 281.24425574
414.38611389 313.61188811
434.76573427 336.38911089
440.16033966 377.74775225
441.95854146 420.90459540
483.91658342 411.31418581
463.53696304 383.74175824
504.89560440 394.53096903
519.28121878 417.30819181
533.06743257 410.71478521
540.26023976 443.08241758
577.42307692 423.90159840
576.22427572 399.32617383
543.85664336 392.13336663
532.46803197 358.56693307
498.30219780 349.57592408
486.31418581 341.78371628
464.73576424 317.80769231
489.91058941 316.00949051
511.48901099 333.39210789
549.85064935 327.99750250
560.63986014 306.41908092
576.22427572 313.01248751
591.80869131 329.19630370
581.61888112 280.04545455
547.45304695 287.23826174
512.08841159 289.03646354
482.71778222 281.24425574
429.97052947 268.05744256
414.38611389 253.07242757
405.39510490 243.48201798
394.00649351 240.48501499
437.16333666 242.28321678
494.70579421 233.29220779
521.07942058 225.50000000
528.27222777 250.67482517
537.86263736 266.25924076
522.27822178 272.25324675
506.69380619 269.85564436
542.05844156 238.68681319
578.02247752 248.87662338
560.63986014 227.89760240
564.23626374 209.91558442
547.45304695 212.31318681
539.66083916 200.92457542
572.02847153 169.15634366
586.41408591 196.72877123
593.60689311 223.70179820
596.00449550 161.96353646
599.00149850 142.18331668
280.71978022 261.46403596
