574.82962963 447.06851852
605.02962963 386.66851852
593.84444444 287.12037037
597.20000000 267.54629630
556.37407407 320.11666667
539.59629630 296.06851852
556.37407407 277.05370370
518.90370370 258.03888889
511.07407407 292.15370370
493.73703704 301.10185185
494.29629630 263.07222222
514.42962963 233.43148148
568.11851852 232.87222222
546.86666667 208.26481481
453.47037037 380.51666667
435.57407407 328.50555556
456.26666667 428.05370370
413.20370370 434.76481481
504.92222222 449.86481481
576.50740741 194.84259259
565.88148148 179.74259259
583.77777778 173.03148148
607.82592593 197.63888889
535.68148148 192.60555556
533.44444444 180.86111111
527.85185185 166.87962963
516.10740741 156.25370370
541.27407407 142.27222222
531.76666667 108.71666667
542.95185185 99.20925926
526.73333333 99.20925926
533.44444444 92.49814815
516.66666667 110.95370370
559.72962963 105.36111111
561.40740741 98.09074074
579.86296296 87.46481481
567.55925926 79.63518519
595.52222222 81.87222222
608.94444444 84.66851852
608.38518519 102.00555556
589.37037037 96.97222222
576.50740741 106.47962963
564.76296296 112.07222222
573.71111111 123.25740741
587.13333333 117.10555556
590.48888889 107.59814815
611.74074074 115.42777778
575.38888889 135.00185185
597.75925926 132.20555556
552.45925926 156.81296296
572.59259259 154.57592593
607.82592593 160.16851852
503.24444444 199.31666667
498.21111111 172.47222222
475.84074074 181.42037037
479.75555556 217.77222222
441.72592593 214.97592593
433.89629630 233.43148148
405.93333333 222.80555556
423.82962963 203.23148148
422.71111111 189.25000000
447.87777778 169.11666667
454.02962963 147.86481481
461.30000000 132.20555556
469.68888889 135.00185185
456.82592593 120.46111111
483.11111111 107.59814815
495.41481481 100.32777778
516.66666667 89.70185185
521.70000000 81.31296296
493.73703704 88.58333333
350.00740741 277.05370370
377.97037037 291.59444444
374.05555556 214.97592593
394.18888889 204.90925926
390.83333333 186.45370370
418.23703704 148.98333333
434.45555556 145.06851852
431.10000000 115.42777778
452.91111111 101.44629630
461.85925926 106.47962963
461.30000000 95.85370370
468.57037037 95.29444444
472.48518519 80.19444444
450.67407407 85.22777778
441.16666667 91.93888889
413.20370370 110.39444444
419.91481481 87.46481481
418.79629630 146.74629630
412.64444444 127.73148148
391.95185185 132.20555556
398.10370370 145.06851852
393.62962963 157.93148148
379.08888889 154.01666667
375.17407407 170.79444444
371.81851852 184.77592593
373.49629630 211.62037037
349.44814815 217.77222222
350.00740741 197.07962963
341.61851852 171.91296296
331.55185185 208.82407407
312.53703704 212.73888889
323.72222222 185.89444444
304.70740741 227.27962963
333.22962963 248.53148148
354.48148148 271.46111111
324.84074074 265.30925926
324.84074074 299.42407407
229.20740741 359.26481481
185.58518519 441.47592593
104.49259259 400.65000000
116.79629630 358.70555556
149.23333333 340.25000000
184.46666667 315.64259259
243.18888889 292.15370370
249.90000000 260.83518519
242.62962963 245.73518519
275.06666667 244.61666667
285.69259259 245.17592593
356.71851852 145.62777778
374.61481481 138.91666667
367.90370370 132.76481481
381.88518519 111.51296296
384.12222222 101.44629630
399.78148148 81.87222222
409.28888889 79.07592593
385.24074074 82.99074074
371.25925926 81.31296296
359.51481481 99.76851852
358.39629630 114.86851852
351.68518519 135.00185185
330.99259259 148.42407407
313.65555556 161.84629630
318.12962963 174.15000000
287.37037037 174.15000000
285.13333333 196.52037037
292.40370370 161.28703704
264.44074074 189.25000000
252.13703704 197.63888889
243.74814815 228.39814815
238.15555556 210.50185185
280.10000000 230.63518519
202.36296296 241.82037037
6.06296296 355.90925926
37.38148148 277.61296296
50.24444444 310.05000000
95.54444444 287.67962963
83.24074074 271.46111111
69.25925926 256.92037037
105.61111111 242.37962963
121.82962963 222.80555556
146.99629630 241.26111111
169.92592593 231.75370370
219.70000000 211.62037037
179.99259259 212.73888889
173.28148148 197.07962963
193.97407407 214.41666667
208.51481481 195.40185185
185.58518519 180.86111111
211.31111111 173.59074074
229.76666667 185.33518519
247.66296296 171.35370370
242.62962963 151.22037037
268.91481481 166.32037037
258.28888889 140.03518519
286.81111111 142.83148148
305.82592593 141.71296296
304.70740741 132.20555556
312.53703704 124.93518519
324.28148148 117.66481481
331.55185185 105.92037037
333.22962963 97.53148148
334.90740741 92.49814815
354.48148148 86.90555556
318.12962963 89.14259259
311.41851852 98.09074074
296.87777778 114.30925926
286.81111111 101.44629630
294.08148148 92.49814815
300.79259259 81.31296296
275.62592593 107.03888889
283.45555556 123.25740741
272.82962963 121.02037037
259.96666667 136.67962963
251.01851852 108.15740741
259.40740741 128.29074074
238.71481481 126.61296296
235.91851852 138.35740741
219.70000000 147.30555556
206.83703704 138.91666667
211.31111111 129.40925926
218.58148148 121.57962963
227.52962963 123.25740741
233.12222222 112.63148148
238.15555556 96.97222222
246.54444444 92.49814815
265.00000000 85.22777778
247.10370370 84.10925926
219.70000000 102.56481481
213.54814815 90.82037037
202.92222222 86.34629630
200.68518519 98.65000000
186.14444444 109.83518519
186.14444444 127.17222222
197.32962963 142.27222222
179.43333333 135.56111111
169.92592593 123.81666667
170.48518519 107.03888889
182.78888889 89.70185185
157.06296296 99.76851852
149.23333333 108.15740741
138.04814815 102.00555556
121.27037037 89.70185185
118.47407407 96.41296296
108.40740741 101.44629630
93.30740741 88.58333333
101.69629630 76.27962963
78.20740741 77.39814815
58.63333333 86.90555556
28.99259259 86.34629630
28.43333333 94.73518519
3.82592593 88.58333333
12.21481481 101.44629630
30.11111111 101.44629630
55.83703704 110.39444444
68.70000000 103.12407407
67.58148148 91.93888889
83.80000000 112.63148148
96.66296296 109.27592593
94.42592593 124.37592593
70.93703704 118.22407407
53.60000000 137.23888889
44.65185185 123.25740741
26.75555556 115.42777778
34.02592593 128.85000000
36.26296296 143.95000000
31.22962963 151.77962963
17.80740741 179.74259259
9.97777778 206.02777778
42.97407407 176.38703704
51.92222222 190.92777778
49.68518519 181.42037037
61.98888889 162.96481481
63.10740741 142.83148148
84.35925926 138.35740741
92.18888889 150.66111111
79.88518519 151.77962963
103.37407407 173.03148148
113.44074074 156.25370370
107.84814815 139.47592593
120.15185185 130.52777778
131.33703704 121.02037037
136.92962963 138.35740741
148.67407407 129.40925926
155.38518519 119.34259259
164.89259259 141.15370370
168.80740741 149.54259259
141.96296296 160.16851852
138.04814815 177.50555556
148.67407407 171.91296296
169.36666667 167.99814815
183.90740741 157.37222222
139.16666667 195.40185185
115.67777778 184.21666667
91.62962963 192.60555556
79.88518519 189.25000000
78.20740741 225.04259259
11.65555556 254.68333333
38.50000000 251.88703704
625.42037037 356.25879630
628.49629630 326.05879630
651.42592593 311.79768519
651.28611111 277.40324074
662.19166667 256.15138889
613.95555556 236.15787037
551.87777778 77.46805556
528.80833333 64.04583333
543.90833333 60.96990741
572.29074074 67.68101852
561.52500000 62.08842593
596.75833333 70.47731481
612.55740741 70.33750000
610.32037037 76.20972222
616.47222222 83.75972222
621.08611111 79.84490741
638.42314815 69.91805556
654.08240741 69.49861111
653.38333333 51.88194444
657.85740741 60.27083333
637.44444444 57.89398148
624.86111111 54.81805556
607.24444444 47.68750000
596.89814815 61.24953704
620.94629630 45.59027778
631.85185185 43.77268519
648.76944444 27.83379630
660.37407407 24.33842593
661.35277778 32.86712963
662.19166667 47.82731481
636.74537037 26.29583333
621.92500000 30.35046296
605.00740741 32.16805556
560.82592593 34.12546296
582.21759259 33.28657407
576.48518519 42.51435185
538.87500000 30.21064815
546.42500000 25.31712963
529.50740741 32.30787037
516.50462963 32.30787037
529.36759259 25.17731481
546.56481481 41.95509259
539.71388889 38.31990741
538.59537037 48.94583333
533.14259259 48.24675926
521.39814815 51.18287037
517.90277778 43.77268519
511.47129630 70.47731481
536.07870370 76.62916667
535.23981481 41.81527778
641.35925926 34.82453704
657.99722222 83.34027778
652.82407407 88.09398148
645.55370370 84.03935185
632.97037037 86.69583333
642.76481481 137.37870370
623.75000000 143.25092593
627.10555556 132.62500000
638.29074074 172.89166667
625.98703704 167.01944444
618.43703704 179.60277778
631.02037037 192.18611111
632.97777778 214.83611111
622.63148148 112.77129630
581.80555556 64.11574074
583.20370370 53.21018519
589.35555556 47.61759259
592.43148148 43.42314815
569.78148148 47.61759259
552.16481481 56.84537037
481.13888889 61.03981481
486.73148148 50.97314815
498.75555556 56.00648148
505.18703704 46.77870370
495.95925926 69.42870370
504.62777778 74.46203704
466.03888889 68.31018519
457.92962963 65.51388889
452.33703704 47.61759259
454.29444444 40.34722222
485.61296296 40.34722222
441.15185185 59.64166667
443.94814815 50.97314815
439.47407407 39.22870370
426.05185185 47.33796296
418.22222222 60.48055556
435.55925926 68.31018519
444.78703704 73.90277778
412.90925926 68.86944444
395.01296296 60.48055556
410.95185185 49.57500000
392.21666667 47.61759259
379.35370370 47.89722222
361.73703704 47.61759259
348.87407407 42.02500000
363.41481481 40.06759259
372.08333333 59.92129630
381.87037037 69.70833333
347.75555556 77.81759259
354.74629630 74.74166667
385.22592593 43.42314815
415.14629630 46.21944444
356.98333333 59.08240741
343.28148148 63.55648148
351.67037037 54.04907407
363.13518519 64.67500000
671.06620370 213.96226852
635.34722222 119.13287037
651.70555556 117.73472222
652.68425926 130.87731481
641.49907407 109.76527778
536.52037037 370.58981481
331.13240741 75.93009259
317.01111111 79.98472222
314.21481481 71.87546296
324.28148148 63.06712963
336.44537037 67.26157407
311.97777778 61.03981481
304.70740741 39.22870370
301.07222222 47.05833333
289.32777778 39.22870370
279.54074074 68.58981481
289.04814815 75.02129630
305.26666667 66.35277778
296.59814815 75.02129630
296.59814815 66.35277778
299.39444444 57.68425926
269.75370370 65.79351852
260.80555556 68.58981481
254.65370370 60.48055556
248.78148148 53.76944444
242.07037037 43.14351852
251.85740741 48.73611111
271.71111111 58.52314815
277.02407407 86.76574074
236.19814815 72.50462963
232.28333333 62.71759259
222.21666667 58.80277778
237.03703704 53.76944444
224.73333333 50.69351852
202.92222222 47.89722222
190.33888889 56.00648148
181.39074074 68.58981481
190.89814815 66.35277778
176.07777778 47.33796296
188.66111111 46.49907407
202.36296296 40.06759259
157.62222222 69.14907407
160.97777778 47.05833333
146.71666667 42.02500000
389.43518519 26.71527778
377.55092593 28.11342593
364.68796296 28.11342593
340.50000000 34.82453704
348.46944444 22.38101852
346.51203704 33.00694444
339.80092593 28.81250000
333.64907407 31.04953704
324.84074074 22.38101852
331.27222222 23.49953704
323.72222222 33.42638889
320.22685185 34.54490741
324.42129630 40.97638889
328.89537037 53.97916667
305.12685185 25.45694444
295.61944444 22.52083333
313.79537037 20.70324074
292.54351852 32.44768519
269.05462963 27.55416667
282.75648148 29.23194444
10.55925926 63.20694444
27.05740741 59.29212963
16.01203704 46.28935185
16.71111111 33.98564815
34.74722222 38.87916667
43.41574074 50.34398148
36.56481481 26.71527778
48.02962963 23.08009259
70.95925926 36.22268519
65.64629630 28.11342593
84.24166667 27.97361111
98.36296296 35.24398148
93.60925926 23.49953704
111.36574074 29.93101852
117.93703704 34.82453704
130.24074074 28.95231481
135.55370370 23.08009259
144.36203704 21.96157407
147.57777778 41.25601852
145.06111111 60.55046296
128.42314815 42.93379630
127.86388889 53.69953704
120.31388889 44.75138889
135.97314815 71.45601852
120.87314815 65.30416667
118.21666667 72.43472222
95.00740741 68.38009259
85.63981481 51.88194444
67.60370370 53.83935185
55.43981481 62.92731481
43.13611111 42.65416667
108.15000000 24.05879630
103.95555556 30.21064815
135.83333333 33.70601852
50.96574074 57.33472222
65.64629630 47.54768519
205.59351852 35.24398148
226.14629630 35.66342593
243.48333333 25.45694444
251.03333333 40.97638889
192.73055556 33.42638889
182.94351852 23.91898148
186.15925926 27.83379630
407.33148148 23.91898148
415.72037037 27.55416667
409.84814815 33.28657407
402.15833333 47.26805556
389.57500000 37.90046296
396.98518519 40.83657407
670.64985015 21.84515485
676.76373626 91.13586414
672.68781219 84.34265734
669.29120879 65.32167832
676.08441558 57.16983017
676.08441558 45.62137862
670.64985015 38.82817183
667.93256743 35.43156843
653.66683317 36.79020979
657.06343656 33.39360639
653.66683317 23.20379620
646.87362637 20.48651349
654.34615385 98.60839161
677.44305694 124.42257742
677.44305694 131.89510490
668.61188811 153.63336663
669.29120879 169.25774226
657.06343656 169.93706294
647.55294705 157.70929071
674.04645355 305.80119880
616.98351648 17.08991009
607.47302697 21.16583417
609.51098901 16.41058941
629.89060939 18.44855145
640.75974026 19.12787213
644.15634366 15.05194805
646.19430569 16.41058941
660.46003996 17.76923077
665.21528472 15.73126873
670.64985015 15.73126873
591.16933067 15.05194805
584.37612388 15.73126873
583.69680320 17.76923077
576.22427572 23.20379620
577.58291708 25.24175824
582.33816184 29.31768232
586.41408591 29.99700300
593.20729271 28.63836164
597.96253746 19.80719281
566.71378621 18.44855145
555.16533467 17.08991009
555.16533467 13.69330669
540.89960040 18.44855145
538.86163836 19.80719281
545.65484515 17.76923077
547.01348651 15.05194805
560.59990010 19.12787213
563.31718282 30.67632368
580.97952048 20.48651349
583.01748252 21.84515485
628.53196803 32.03496503
635.32517483 36.79020979
532.74775225 19.12787213
505.57492507 26.60039960
513.04745255 20.48651349
500.14035964 13.69330669
645.59990010 5.32679820
642.71278721 10.76136364
652.39310689 9.57255245
669.88561439 6.00611888
662.24325674 4.64747752
624.88061938 13.47864635
628.95654346 8.89323177
633.20229770 14.32779720
634.90059940 9.06306194
620.46503497 10.93119381
612.99250749 12.28983516
612.14335664 5.83628871
602.97252747 5.15696803
593.29220779 13.47864635
592.27322677 6.00611888
586.15934066 5.32679820
579.19630370 8.72340160
570.19530470 12.62949550
573.59190809 6.51560939
566.11938062 5.15696803
539.62587413 13.13898601
530.45504496 16.36575924
533.17232767 9.40272228
523.15234765 19.76236264
511.26423576 12.62949550
523.49200799 8.72340160
547.43806194 10.42170330
561.70379620 13.64847652
555.08041958 7.02509990
602.63286713 12.79932567
675.49000999 13.47864635
677.18831169 6.17594905
668.01748252 9.57255245
21.30419580 15.68643856
29.62587413 18.57355145
41.00449550 15.17694805
44.91058941 10.42170330
60.53496503 16.36575924
66.13936064 9.06306194
73.78171828 19.25287213
126.76873127 18.57355145
151.22427572 8.21391109
164.98051948 12.45966533
164.13136863 26.38573926
153.43206793 38.78334166
158.18731269 8.38374126
112.33316683 4.30781718
195.29520480 16.60714286
207.18331668 17.62612388
196.31418581 11.85189810
190.53996004 10.49325674
164.38611389 20.00374625
137.89260739 20.68306693
209.56093906 10.49325674
230.95954046 12.53121878
242.84765235 8.79495504
262.88761239 7.77597403
266.62387612 17.96578422
277.49300699 11.85189810
281.56893107 18.98476523
284.96553447 10.15359640
306.02447552 11.51223776
317.57292707 7.77597403
329.12137862 14.56918082
261.52897103 27.13661339
262.88761239 35.28846154
252.01848152 18.64510490
259.15134865 17.96578422
293.79670330 45.81793207
283.94655345 58.72502498
470.25024975 39.70404595
464.13636364 49.55419580
471.60889111 70.61313686
464.13636364 33.25049950
464.47602398 24.75899101
477.72277722 21.02272727
493.00749251 21.36238761
500.81968032 22.38136863
487.91258741 15.24850150
489.95054945 11.51223776
490.62987013 15.92782218
474.32617383 15.24850150
465.49500500 13.88986014
466.85364635 8.45529471
455.98451548 15.24850150
454.62587413 21.36238761
451.22927073 27.13661339
435.60489510 33.25049950
439.68081918 27.47627373
433.90659341 22.38136863
426.43406593 26.45729271
432.88761239 11.17257742
440.36013986 18.30544456
444.77572428 13.55019980
444.09640360 7.09665335
451.22927073 15.58816184
368.69180819 14.56918082
354.76573427 16.60714286
339.48101898 9.47427572
377.52297702 21.70204795
377.18331668 13.21053946
483.15734266 33.92982018
477.38311688 27.47627373
502.51798202 6.75699301
538.86163836 87.59615385
495.38511489 147.71603397
487.23326673 156.54720280
470.25024975 172.17157842
482.13836164 146.69705295
233.16733267 37.32642358
297.70279720 38.00574426
146.89360639 6.90009990
140.77972028 4.86213786
478.40209790 6.22077922
