393.78771229 258.84915085
155.17632368 308.25574426
187.73976024 251.55044955
175.94955045 238.63736264
160.79070929 234.14585415
161.35214785 210.56543457
119.80569431 230.77722278
109.13836164 220.10989011
123.17432567 214.49550450
118.12137862 207.19680320
102.40109890 210.56543457
9.20229770 193.16083916
47.94155844 201.02097902
70.39910090 203.26673327
78.25924076 212.24975025
86.11938062 208.88111888
79.38211788 198.21378621
79.94355644 180.24775225
59.73176823 186.42357642
55.80169830 165.08891109
35.58991009 168.45754246
31.09840160 157.79020979
136.08741259 240.88311688
145.07042957 199.33666334
134.96453546 190.91508492
111.38411588 191.47652348
114.75274725 173.51048951
97.90959041 168.45754246
43.45004995 181.37062937
81.06643357 162.28171828
77.69780220 135.33266733
99.03246753 136.45554446
123.17432567 127.47252747
134.96453546 115.12087912
119.24425574 145.43856144
142.82467532 166.77322677
136.08741259 161.15884116
141.14035964 150.49150849
150.68481518 128.59540460
172.01948052 112.87512488
165.28221778 103.89210789
194.47702298 127.47252747
187.73976024 117.36663337
174.82667333 133.08691309
194.47702298 146.00000000
200.65284715 161.15884116
183.24825175 183.61638362
182.12537463 208.31968032
190.54695305 192.59940060
183.24825175 194.84515485
156.29920080 184.17782218
158.54495504 166.21178821
158.54495504 156.10589411
211.88161838 218.98701299
246.69080919 221.79420579
248.37512488 193.72227772
207.39010989 191.47652348
198.96853147 176.31768232
232.65484515 165.08891109
242.76073926 170.70329670
261.84965035 184.17782218
248.37512488 207.75824176
294.97452547 173.51048951
260.16533467 139.82417582
270.83266733 108.38361638
225.35614386 113.99800200
240.51498501 74.69730270
249.49800200 85.36463536
317.99350649 157.79020979
328.09940060 132.52547453
320.80069930 128.59540460
301.71178821 113.43656344
306.76473526 88.17182817
340.45104895 87.61038961
320.23926074 99.40059940
349.43406593 108.38361638
361.78571429 137.57842158
365.15434565 119.61238761
372.45304695 56.73126873
394.34915085 34.83516484
405.57792208 21.92207792
440.94855145 123.54245754
410.06943057 70.20579421
470.14335664 79.18881119
529.09440559 81.43456543
553.79770230 26.41358641
476.31918082 16.86913087
63.56443556 147.77022977
55.59840160 123.87212787
53.82817183 97.31868132
39.22377622 95.10589411
15.76823177 126.08491508
12.67032967 98.64635365
6.03196803 90.23776224
6.91708292 76.96103896
21.96403596 76.07592408
19.30869131 61.91408591
14.44055944 69.43756244
4.26173826 52.62037962
15.32567433 45.09690310
4.26173826 33.14785215
30.81518482 44.65434565
36.12587413 67.66733267
43.64935065 61.02897103
50.73026973 75.63336663
73.74325674 60.58641359
58.25374625 55.71828172
56.04095904 43.76923077
46.30469530 51.29270729
44.97702298 41.55644356
43.64935065 20.75624376
34.79820180 31.37762238
39.66633367 27.39460539
34.79820180 18.98601399
27.27472527 18.98601399
13.55544456 12.34765235
6.47452547 18.98601399
26.83216783 10.57742258
16.65334665 3.93906094
52.50049950 27.39460539
59.58141858 32.26273726
68.87512488 35.36063936
61.79420579 18.98601399
64.44955045 8.36463536
48.96003996 4.82417582
77.28371628 20.75624376
79.93906094 10.13486513
87.90509491 18.98601399
83.92207792 29.60739261
94.54345654 35.36063936
80.82417582 46.42457542
101.18181818 46.42457542
93.21578422 56.60339660
96.75624376 69.88011988
130.83316683 77.40359640
132.16083916 65.45454545
124.63736264 58.81618382
116.22877123 43.76923077
120.21178821 31.37762238
133.48851149 42.44155844
150.74825175 50.85014985
141.01198801 43.76923077
149.42057942 31.82017982
135.25874126 28.27972028
142.78221778 24.29670330
118.88411588 18.98601399
110.91808192 24.29670330
100.29670330 21.64135864
107.82017982 11.90509491
94.54345654 4.82417582
126.40759241 4.82417582
117.11388611 10.13486513
135.25874126 8.36463536
156.05894106 6.59440559
168.89310689 5.70929071
178.18681319 6.59440559
169.33566434 36.68831169
176.41658342 27.83716284
185.26773227 37.57342657
159.59940060 24.29670330
175.97402597 48.19480519
155.17382617 61.02897103
191.46353646 61.91408591
207.39560440 41.11388611
202.97002997 17.65834166
195.88911089 20.75624376
218.45954046 11.46253746
234.83416583 22.08391608
235.71928072 32.26273726
258.28971029 41.55644356
252.53646354 29.60739261
243.24275724 9.24975025
262.27272727 3.49650350
272.45154845 43.32667333
274.22177822 130.06793207
336.62237762 246.46053946
298.11988012 233.18381618
276.87712288 261.50749251
394.15484515 257.96703297
374.68231768 222.56243756
211.82117882 50.40759241
197.65934066 5.70929071
76.01348651 107.33816184
