164.26350617 752.11535802
112.10565024 682.97617656
50.71796616 654.11176882
20.22739460 638.25667160
150.72704088 661.42950599
178.77836671 688.66774992
202.76428301 739.07882823
257.24077086 782.17216936
310.09109489 775.66751410
340.98820741 785.83103795
266.59121280 674.03227557
248.29686987 650.45290023
214.55397068 664.27529267
262.93234422 606.54647718
231.22214979 595.16333047
177.55874385 576.86898753
132.02615699 554.50923506
336.92279787 650.45290023
299.92757104 591.09792093
368.63299229 628.49968871
393.02544954 618.74270581
367.81991038 697.61165091
392.61890858 743.14423777
293.01637482 560.20080841
462.03722714 771.27115011
498.49622143 758.09320036
538.90860064 774.34600505
612.70511920 786.64542481
653.11749841 769.95335513
718.12871714 759.85026033
646.52852354 663.65122721
584.59215975 686.93227175
565.26450013 659.25857729
488.39312663 635.97753275
457.64457723 619.72472807
415.03587306 635.97753275
520.89873599 622.79958301
590.30260464 617.52840311
655.31382337 630.26708786
717.25018716 636.85606273
766.00860120 675.51138198
779.62581594 647.39842253
743.16682165 618.40693309
765.13007122 601.71486342
695.28693759 601.71486342
720.76430709 594.68662356
666.29544815 585.02279375
611.82658922 565.69513412
563.50744016 556.90983429
538.03007066 557.34909929
518.70241104 571.84484400
445.78442246 564.37733915
403.61498328 558.22762927
588.54554467 552.95644937
641.69660863 571.40557901
641.69660863 543.73188455
719.00724712 571.84484400
731.74593187 554.27424435
776.11169601 583.26573378
708.90415232 527.03981488
821.67291168 687.63216731
843.39798201 645.01760627
887.40517576 636.38328345
886.84812267 700.72291481
901.61002944 733.03199377
955.08712564 736.65283882
951.46628058 704.06523333
921.94246705 640.56118159
789.64235927 616.88642546
886.29106959 611.59442115
917.07102152 587.82639382
874.09678300 518.54549527
932.13208642 522.96340764
915.46450793 523.16422184
976.91365273 517.13979588
980.12667991 552.28228065
1005.63008314 529.18864780
1000.40891397 493.24290623
987.75761946 474.76799995
966.67212859 476.37451354
894.17820287 475.37044255
813.21535094 528.28498390
787.10950511 518.64590237
767.83134204 496.95796891
797.95347184 477.67980583
751.36457774 528.68661230
651.76073519 519.85078756
680.27635141 497.35959731
638.50699808 492.94168493
724.85710352 490.13028615
707.58708243 482.09771820
906.64415688 454.88739428
888.57087900 455.48983688
872.50574310 449.06378252
897.00507534 434.60516021
982.15029559 446.25238374
946.80699662 441.23202877
973.51528505 432.59701823
929.93860393 467.94031720
923.91417797 445.64994114
922.10685018 419.74490951
914.27509643 409.50338538
897.00507534 417.13432493
882.94808144 412.11396996
963.07294671 413.31885515
954.63875037 406.69198660
941.98745585 422.35549409
1008.05532722 468.54275979
1009.26021241 431.99457563
983.75680918 421.95386570
993.39589072 413.51966935
1011.61977925 572.26329342
670.83808407 452.47762390
672.64541186 431.59294723
648.74852221 429.58480525
670.23564147 412.11396996
630.87605853 401.27000323
617.22069302 408.09768599
649.95340740 400.26593224
629.26954494 382.39346855
642.52328205 379.98369817
658.78923215 383.39753955
671.44052666 390.62685070
704.77568365 466.53461781
757.38900370 471.75578697
751.16376354 467.33787460
792.33067428 459.10449245
774.25739639 447.45726893
716.62372137 456.09227947
710.39848121 432.19538983
530.87058758 523.36503604
542.91943950 507.29990014
496.53135960 493.64453463
524.04290482 498.66488960
470.02388538 502.27954517
486.49064967 530.79516139
570.63179892 522.76259344
593.72543177 514.12758290
611.99952385 501.07465998
594.72950276 478.38265553
371.42411382 502.68117357
440.10256977 499.86977479
319.81486475 496.85756181
299.53263069 496.85756181
346.52315318 487.41929447
316.60183758 481.39486851
308.97089803 451.47355290
332.06453087 451.47355290
352.34676494 449.26459672
374.23551260 468.14113140
376.04284039 486.01359508
403.55438561 498.66488960
423.63580548 502.88198777
444.11885374 479.98916912
461.58968903 476.37451354
447.93432352 459.10449245
476.65075393 451.07192451
385.88273612 455.28902268
413.39428135 463.12077643
397.73077385 449.86703931
162.77816138 510.91455572
245.31279704 529.38946200
167.99933054 528.98783360
212.98171105 498.66488960
275.23411264 503.08280197
257.76327736 478.18184133
232.46068832 476.17369934
189.08482141 478.18184133
156.35210702 483.60382469
143.29918410 498.26326120
131.25033218 455.69065108
190.89214919 453.28088069
253.74699338 455.48983688
108.75914193 524.56992123
109.96402712 490.83313585
46.50674033 505.99460785
60.56373424 489.52784356
2.83145480 551.67983805
10.06076595 494.04616303
41.99022354 468.34194559
53.83826127 466.73543200
96.81249979 474.96881415
57.85454524 474.16555736
81.95224908 482.39893950
4.02646914 467.29165432
19.95535802 459.70646914
39.92967901 443.27190123
109.96622222 444.78893827
80.63683951 449.08720988
161.79832099 447.06449383
0.73955556 453.63832099
140.30696296 429.61856790
114.01165432 426.07881481
61.16819753 418.24079012
182.53116049 438.97362963
215.14745679 434.42251852
14.64572840 421.02202469
46.50350617 417.73511111
99.59980247 413.43683951
81.14251852 416.15486420
89.99190123 388.97461728
15.53066667 392.13511111
53.58301235 403.76572840
54.59437037 386.76227160
128.42350617 409.77066667
152.94893827 412.04622222
117.55140741 404.20819753
177.47437037 409.01214815
189.10498765 425.95239506
198.96572840 407.24227160
164.83239506 389.29066667
184.04819753 385.49807407
142.32967901 389.79634568
139.54844444 372.09758025
123.61955556 360.46696296
114.77017284 355.15733333
104.90943210 363.24819753
45.74498765 372.60325926
74.15782716 377.34400000
34.20918519 362.42646914
55.32128395 356.73758025
73.27288889 361.79437037
94.51140741 356.23190123
23.46350617 378.35535802
2.09856790 370.13807407
13.47634568 361.16227160
14.86696296 348.39387654
32.18646914 343.58992593
45.20770370 347.88819753
52.03437037 339.03881481
55.82696296 329.05165432
72.76720988 348.01461728
82.50153086 350.54301235
103.74004938 351.17511111
54.08869136 318.17955556
61.67387654 321.71930864
51.05461728 310.72079012
61.54745679 308.82449383
78.36128395 308.82449383
81.77461728 311.35288889
87.21066667 314.63980247
87.46350617 322.22498765
73.17807407 332.71782716
88.98054321 339.79733333
98.20918519 327.53461728
113.88523457 333.98202469
118.94202469 343.84276543
142.45609877 357.24325926
153.32819753 361.16227160
130.57264198 353.32424691
146.12227160 344.60128395
161.41906173 351.04869136
135.25017284 326.27041975
131.83683951 305.79041975
48.02054321 325.13264198
45.61856790 333.22350617
64.96079012 329.81017284
1.08720988 351.04869136
0.70795062 339.41807407
4.12128395 327.02893827
6.01758025 315.39832099
37.49609877 327.66103704
65.97214815 393.58893827
177.60079012 353.45066667
173.30251852 335.49906173
166.47585185 320.96079012
146.62795062 309.20375309
158.63782716 300.60720988
169.00424691 301.99782716
176.58943210 308.82449383
177.34795062 317.42103704
154.46597531 327.91387654
145.61659259 321.71930864
156.99437037 315.39832099
191.12770370 296.43535802
205.79239506 308.82449383
191.50696296 309.96227160
183.92177778 330.18943210
192.01264198 349.78449383
207.56227160 345.35980247
208.44720988 360.02449383
197.95437037 360.65659259
179.49708642 363.05856790
197.57511111 326.64967901
199.09214815 334.61412346
216.41165432 330.44227160
217.92869136 324.75338272
221.84770370 316.78893827
225.38745679 309.83585185
219.44572840 305.28474074
224.50251852 295.92967901
203.39041975 300.86004938
237.52375309 334.99338272
227.66301235 341.44079012
237.01807407 350.29017284
221.59486420 354.20918519
221.46844444 365.33412346
229.81214815 367.10400000
215.77955556 372.16079012
241.18992593 372.54004938
28.04622222 325.63832099
72.92523457 321.08720988
110.59832099 316.03041975
115.65511111 310.84720988
12.49659259 327.66103704
206.04523457 394.91634568
198.96572840 379.99881481
217.42301235 387.58400000
229.68572840 380.37807407
235.88029630 398.96177778
217.80227160 412.36227160
225.38745679 428.29116049
235.62745679 438.40474074
249.53362963 444.72572840
278.86301235 444.85214815
263.18696296 436.50844444
252.94696296 428.16474074
237.90301235 414.51140741
279.24227160 394.53708642
293.40128395 399.21461728
292.76918519 418.17758025
268.62301235 387.33116049
249.78646914 382.52720988
289.60869136 380.63091358
212.23980247 474.43437037
221.84770370 456.48276543
184.42745679 530.05906173
506.48177778 465.45856790
533.40918519 451.04671605
567.28967901 453.70153086
549.46449383 481.64029630
578.28819753 468.61906173
577.52967901 446.11634568
491.69066667 465.71140741
484.48474074 435.49708642
484.35832099 417.41906173
608.88177778 455.02893827
594.46992593 434.80177778
381.19980247 426.77412346
354.14597531 420.70597531
369.94844444 418.43041975
372.60325926 405.02992593
347.31930864 404.90350617
357.81214815 399.46745679
386.00375309 391.12375309
412.67832099 403.89214815
421.14844444 417.03980247
450.35140741 417.03980247
410.78202469 437.39338272
431.89412346 444.47288889
389.16424691 435.37066667
421.52770370 439.41609877
396.87585185 432.84227160
398.14004938 427.78548148
313.56523457 423.86646914
323.80523457 385.56128395
271.46745679 374.18350617
307.87634568 384.29708642
300.79683951 381.38943210
306.99140741 375.57412346
315.20869136 361.28869136
295.36079012 358.12819753
244.03437037 359.89807407
255.41214815 364.82844444
269.19190123 366.47190123
275.38646914 360.15091358
268.05412346 349.40523457
250.22893827 346.49758025
287.39634568 350.79585185
281.07535802 343.46350617
298.77412346 344.34844444
313.31239506 343.21066667
324.81659259 339.16523457
331.51683951 346.24474074
336.82646914 358.88671605
348.07782716 380.88375309
354.27239506 389.35387654
364.89165432 378.10251852
350.85906173 372.91930864
357.43288889 361.66795062
371.97116049 361.16227160
394.72671605 376.58548148
411.16128395 381.51585185
427.59585185 393.39930864
428.48079012 379.49313580
442.00770370 387.45758025
425.69955556 370.77017284
397.12869136 359.89807407
404.84029630 355.22054321
378.92424691 350.66943210
427.21659259 355.72622222
472.85412346 392.76720988
461.98202469 378.98745679
455.28177778 386.19338272
443.90400000 374.81560494
452.50054321 374.30992593
448.83437037 364.70202469
518.99733333 402.75437037
529.61659259 394.41066667
507.11387654 383.91782716
485.74893827 381.76869136
492.19634568 366.21906173
468.42943210 363.18498765
480.69214815 361.79437037
539.09807407 409.70745679
520.13511111 418.30400000
542.63782716 377.72325926
518.99733333 375.19486420
515.33116049 360.40375309
433.66400000 358.00177778
443.65116049 352.31288889
458.06301235 344.09560494
475.00325926 347.25609877
518.74449383 342.83140741
493.83980247 344.22202469
483.72622222 341.82004938
503.32128395 356.10548148
540.10943210 360.40375309
548.20029630 350.41659259
539.85659259 342.83140741
527.46745679 351.04869136
529.11091358 377.47041975
463.62548148 406.16770370
547.06251852 436.12918519
575.00128395 418.17758025
602.56079012 410.59239506
565.77264198 378.48177778
576.89758025 387.83683951
596.99832099 384.54992593
603.95140741 396.81264198
604.83634568 381.38943210
589.66597531 370.01165432
577.78251852 371.90795062
562.99140741 364.19634568
575.25412346 355.22054321
568.42745679 342.19930864
585.99980247 346.24474074
617.22548148 343.33708642
603.95140741 349.40523457
635.55634568 349.53165432
630.49955556 356.48474074
623.04079012 364.95486420
644.78498765 360.78301235
559.07239506 403.26004938
587.64325926 403.89214815
716.97066667 402.12227160
699.77758025 403.38646914
701.04177778 384.54992593
755.90795062 385.43486420
745.92079012 403.00720988
771.83683951 408.69609877
747.94350617 425.63634568
741.74893827 416.66054321
738.20918519 410.21313580
758.56276543 438.91041975
729.73906173 391.25017284
705.59288889 401.86943210
820.00276543 473.86548148
819.24424691 454.64967901
821.77264198 436.69807407
789.91486420 426.58449383
773.22745679 427.09017284
793.96029630 409.13856790
812.67041975 404.84029630
678.91832099 362.30004938
681.82597531 347.38251852
683.34301235 336.76325926
694.21511111 347.00325926
698.89264198 340.17659259
692.31881481 331.45362963
701.42103704 356.86400000
716.71782716 355.59980247
718.48770370 377.47041975
692.06597531 370.89659259
730.24474074 367.86251852
735.93362963 386.57264198
741.49609877 378.86103704
746.30004938 357.74893827
760.07980247 359.39239506
768.42350617 369.00029630
780.55980247 384.67634568
786.88079012 374.43634568
785.99585185 361.66795062
768.67634568 353.70350617
762.10251852 343.71634568
729.35980247 342.83140741
744.65659259 341.18795062
707.48918519 325.76474074
691.56029630 321.84572840
690.42251852 315.27190123
700.28325926 311.73214815
725.69362963 332.08572840
736.94498765 326.27041975
745.66795062 322.22498765
758.81560494 322.47782716
673.10301235 332.59140741
676.76918519 322.47782716
677.78054321 311.22646914
729.35980247 312.49066667
718.99338272 310.21511111
757.93066667 308.31881481
773.22745679 312.11140741
790.79980247 310.72079012
779.29560494 321.97214815
791.55832099 327.40819753
767.28572840 316.66251852
771.71041975 334.10844444
780.93906173 338.15387654
788.01856790 342.07288889
788.90350617 348.01461728
800.66054321 375.95338272
814.94597531 371.52869136
823.28967901 381.26301235
805.21165432 361.79437037
814.06103704 353.95634568
799.14350617 340.05017284
810.90054321 337.14251852
815.07239506 327.28177778
825.56523457 343.84276543
828.09362963 361.16227160
818.10646914 339.67091358
828.85214815 329.05165432
828.59930864 319.19091358
823.41609877 311.10004938
807.99288889 311.73214815
800.78696296 322.22498765
808.62498765 323.61560494
802.30400000 388.72177778
785.61659259 438.59437037
918.19930864 396.55980247
945.50597531 391.88227160
925.27881481 385.05560494
938.80572840 368.74745679
931.47338272 361.92079012
938.17362963 381.13659259
959.66498765 394.66350617
980.01856790 386.57264198
972.30696296 372.79288889
961.30844444 362.67930864
950.56276543 356.86400000
958.90646914 343.96918519
985.70745679 353.95634568
979.00720988 340.17659259
976.60523457 348.64671605
1015.16325926 399.59387654
999.10795062 379.74597531
1012.63486420 377.84967901
1004.67041975 366.85116049
1003.65906173 358.38103704
1012.76128395 357.11683951
1012.63486420 348.39387654
997.71733333 344.85412346
997.46449383 336.76325926
1009.72720988 333.09708642
933.62251852 344.34844444
923.88819753 350.79585185
902.11239506 386.57264198
910.96177778 374.56276543
879.10400000 377.47041975
891.61955556 363.31140741
895.53856790 348.14103704
888.83832099 329.17807407
898.82548148 333.09708642
918.67338272 334.48770370
919.05264198 343.21066667
969.39930864 329.68375309
948.41362963 328.29313580
954.60819753 322.22498765
932.86400000 320.58153086
940.44918519 312.36424691
910.10844444 315.14548148
1013.51980247 323.61560494
1000.87782716 303.38844444
1012.88770370 307.56029630
1018.82943210 301.36572840
1012.12918519 288.85017284
998.98153086 284.93116049
992.91338272 280.12720988
997.59091358 278.73659259
976.35239506 291.12572840
966.61807407 294.79190123
959.53856790 308.57165432
939.18498765 293.65412346
930.08276543 295.29758025
923.12967901 301.36572840
925.40523457 311.60572840
903.91387654 304.02054321
899.10992593 308.69807407
904.67239506 292.89560494
919.08424691 291.75782716
956.63091358 283.16128395
940.70202469 287.83881481
979.63930864 319.57017284
968.26153086 277.09313580
983.93758025 276.96671605
886.05708642 298.39486420
911.59387654 266.22103704
897.30844444 267.61165432
890.73461728 276.33461728
885.17214815 280.75930864
885.17214815 270.89856790
900.72177778 259.01511111
927.26992593 278.48375309
917.53560494 259.26795062
913.49017284 252.06202469
915.89214815 246.12029630
930.43041975 264.57758025
944.33659259 266.72671605
953.56523457 260.27930864
938.52128395 256.36029630
939.53264198 277.59881481
911.34103704 278.61017284
918.67338272 271.02498765
927.52276543 272.16276543
921.07535802 283.28770370
897.68770370 284.67832099
887.95338272 263.94548148
889.84967901 251.68276543
904.00869136 246.12029630
912.73165432 239.67288889
893.13659259 238.53511111
895.28572840 234.11041975
942.81955556 244.60325926
954.45017284 248.26943210
949.89906173 253.07338272
967.34498765 254.96967901
969.87338272 260.53214815
965.57511111 246.75239506
954.95585185 242.45412346
965.70153086 239.79930864
943.83091358 231.20276543
930.93609877 229.18004938
930.30400000 223.11190123
922.59239506 228.54795062
913.74301235 227.66301235
902.23881481 221.59486420
901.22745679 228.80079012
905.14646914 237.90301235
898.06696296 241.18992593
892.37807407 246.24671605
891.36671605 227.41017284
959.88622222 225.38745679
952.93313580 225.38745679
945.60079012 227.15733333
941.30251852 224.37609877
970.75832099 228.54795062
972.78103704 240.55782716
931.44177778 250.16572840
926.00572840 255.09609877
925.12079012 245.23535802
922.97165432 242.45412346
901.73313580 270.14004938
970.50548148 268.49659259
925.75288889 236.38597531
907.16918519 233.09906173
957.86350617 236.63881481
978.24869136 261.66992593
979.38646914 266.97955556
992.02844444 271.15140741
988.99437037 261.16424691
999.23437037 269.63437037
1005.04967901 266.97955556
1014.02548148 270.01362963
1015.41609877 280.00079012
996.95881481 255.34893827
1004.92325926 253.07338272
1009.09511111 258.76227160
992.53412346 246.24671605
972.05412346 253.19980247
983.55832099 250.29214815
1004.92325926 247.25807407
1012.38202469 250.29214815
995.56819753 236.13313580
990.25856790 239.42004938
1002.77412346 240.30498765
1016.17461728 241.69560494
1006.81955556 237.14449383
1008.71585185 229.55930864
996.32671605 227.28375309
980.65066667 242.07486420
982.54696296 235.62745679
1011.74992593 221.34202469
1014.27832099 234.48967901
1017.43881481 227.15733333
984.82251852 227.91585185
932.35832099 242.32770370
912.09955556 221.84770370
922.33955556 219.06646914
930.05116049 216.28523457
928.15486420 211.10202469
923.35091358 208.32079012
923.47733333 199.97708642
911.97313580 194.66745679
907.29560494 209.96424691
900.84819753 213.63041975
896.04424691 208.19437037
890.10251852 205.53955556
888.96474074 211.60770370
893.38943210 219.31930864
934.09659259 209.20572840
940.92325926 211.73412346
949.77264198 218.30795062
958.87486420 211.98696296
951.66893827 212.61906173
965.70153086 216.91733333
966.71288889 223.23832099
971.92770370 213.63041975
981.40918519 213.37758025
989.12079012 211.86054321
1001.76276543 214.89461728
1009.34795062 214.89461728
995.18893827 217.29659259
998.22301235 221.59486420
981.15634568 220.70992593
1017.05955556 221.97412346
1020.85214815 219.31930864
980.14498765 227.41017284
1020.34646914 251.68276543
990.38498765 251.93560494
934.00177778 355.97906173
963.58400000 356.99041975
947.27585185 299.21659259
1002.52128395 314.38696296
981.40918519 301.61856790
971.80128395 319.44375309
985.96029630 305.91683951
997.46449383 328.41955556
423.55041975 338.78597531
433.66400000 339.79733333
440.99634568 335.49906173
423.17116049 324.50054321
443.39832099 319.19091358
465.14251852 320.20227160
464.76325926 332.33856790
419.75782716 306.80177778
431.89412346 309.96227160
440.49066667 306.80177778
429.99782716 294.79190123
462.10844444 305.28474074
462.10844444 297.44671605
452.87980247 294.79190123
443.39832099 298.33165432
441.75486420 292.76918519
418.24079012 293.78054321
463.11980247 287.45955556
482.71486420 298.96375309
488.90943210 294.53906173
492.19634568 308.31881481
480.18646914 316.15683951
487.13955556 316.91535802
493.33412346 321.46646914
502.43634568 314.63980247
503.06844444 333.09708642
532.77708642 322.47782716
523.92770370 324.75338272
520.76720988 331.58004938
510.27437037 323.99486420
514.19338272 316.91535802
511.79140741 303.89412346
496.11535802 301.49214815
509.38943210 287.58597531
522.41066667 300.98646914
352.50251852 339.79733333
361.60474074 344.60128395
346.30795062 353.57708642
338.21708642 332.08572840
309.64622222 332.46498765
300.54400000 334.48770370
294.60227160 325.89116049
304.33659259 321.71930864
313.69165432 319.82301235
316.09362963 330.18943210
310.78400000 307.81313580
292.70597531 308.57165432
318.49560494 303.00918519
314.70301235 296.05609877
298.14202469 287.71239506
335.43585185 287.08029630
332.02251852 300.48079012
328.60918519 294.53906173
324.94301235 286.57461728
315.71437037 287.08029630
352.88177778 292.51634568
347.57214815 285.43683951
358.94992593 285.18400000
367.79930864 284.93116049
380.18844444 284.80474074
370.32770370 303.64128395
358.82350617 307.05461728
344.79091358 308.95091358
331.26400000 314.26054321
351.36474074 324.12128395
353.26103704 316.15683951
370.20128395 326.27041975
361.22548148 321.71930864
374.87881481 309.70943210
377.78646914 316.03041975
389.03782716 322.22498765
221.91091358 290.11437037
237.58696296 302.25066667
240.11535802 310.72079012
259.58400000 300.73362963
253.51585185 304.52622222
252.75733333 316.15683951
258.19338272 323.61560494
236.19634568 324.24770370
246.94202469 325.89116049
253.13659259 333.09708642
270.58251852 333.34992593
270.07683951 327.53461728
283.98301235 325.63832099
277.78844444 315.27190123
277.66202469 304.77906173
268.30696296 313.62844444
271.72029630 294.91832099
284.74153086 295.42400000
186.89264198 319.82301235
195.99486420 320.45511111
179.56029630 306.67535802
179.93955556 317.67387654
252.50449383 291.63140741
118.12029630 331.26400000
162.62004938 333.28671605
259.45758025 273.93264198
284.99437037 274.31190123
296.24572840 261.03782716
285.87930864 258.63585185
306.10646914 256.99239506
274.24869136 252.18844444
263.50301235 248.01659259
264.13511111 240.68424691
259.45758025 236.25955556
255.15930864 245.61461728
257.30844444 225.00819753
265.02004938 231.70844444
279.30548148 236.51239506
284.23585185 228.54795062
277.15634568 226.01955556
272.85807407 230.31782716
278.79980247 243.08622222
273.86943210 240.43140741
286.25856790 246.87881481
292.70597531 251.55634568
299.27980247 248.01659259
279.68474074 252.06202469
315.08227160 257.87733333
321.90893827 261.54350617
323.67881481 277.97807407
333.41313580 266.22103704
335.94153086 278.10449383
350.85906173 276.71387654
367.29362963 273.42696296
360.34054321 271.40424691
353.51387654 263.81906173
343.52671605 251.68276543
330.37906173 254.33758025
330.25264198 248.01659259
328.73560494 244.35041975
314.19733333 250.67140741
316.34646914 245.99387654
308.00276543 243.71832099
310.65758025 241.18992593
302.44029630 241.56918519
296.24572840 237.77659259
301.93461728 233.22548148
286.51140741 233.47832099
291.18893827 229.81214815
284.74153086 223.11190123
303.07239506 225.89313580
307.24424691 222.85906173
315.08227160 223.61758025
317.73708642 240.93708642
324.69017284 236.00671605
319.38054321 229.81214815
320.77116049 226.52523457
318.24276543 233.73116049
321.40325926 222.85906173
328.22992593 226.90449383
337.45856790 226.01955556
343.40029630 227.15733333
334.80375309 232.59338272
327.34498765 232.97264198
343.27387654 233.60474074
335.81511111 237.14449383
329.99980247 239.67288889
338.09066667 243.97116049
340.99832099 240.68424691
349.97412346 245.23535802
348.33066667 243.33906173
349.46844444 225.76671605
349.21560494 233.09906173
353.51387654 237.27091358
357.55930864 247.63733333
352.62893827 250.03930864
357.81214815 240.81066667
359.83486420 230.31782716
360.71980247 225.64029630
370.32770370 225.51387654
364.76523457 234.86893827
367.54646914 243.59190123
368.05214815 251.42992593
203.58004938 252.50449383
221.27881481 247.44770370
184.11140741 236.06992593
200.54597531 232.53017284
190.68523457 218.62400000
164.26350617 237.14449383
179.68671605 225.51387654
161.73511111 218.68720988
211.29165432 240.30498765
217.10696296 235.37461728
220.26745679 227.15733333
240.87387654 241.06350617
234.55288889 247.89017284
238.34548148 233.09906173
233.03585185 229.30646914
238.59832099 228.16869136
235.05856790 222.98548148
219.63535802 216.66449383
211.67091358 221.34202469
170.83733333 217.17017284
184.11140741 217.42301235
178.92819753 213.50400000
161.73511111 208.32079012
154.52918519 204.40177778
161.98795062 201.99980247
168.18251852 204.52819753
186.13412346 208.95288889
199.40819753 210.34350617
193.08720988 207.43585185
190.93807407 204.52819753
224.31288889 197.82795062
208.88967901 195.42597531
202.94795062 194.41461728
194.09856790 196.31091358
175.51486420 195.67881481
170.45807407 193.02400000
159.20671605 197.32227160
161.86153086 193.40325926
179.81313580 202.12622222
186.13412346 200.10350617
191.94943210 202.75832099
201.43091358 202.37906173
205.47634568 201.87338272
215.58992593 203.76967901
215.08424691 199.97708642
215.46350617 196.31091358
219.00325926 193.02400000
224.31288889 191.12770370
235.31140741 195.17313580
233.03585185 197.82795062
230.88671605 201.62054321
212.17659259 212.49264198
262.87091358 215.52671605
272.47881481 217.29659259
273.23733333 208.70004938
272.73165432 199.47140741
268.18054321 200.98844444
262.74449383 172.98646914
59.84079012 233.22548148
36.45313580 227.28375309
41.50992593 218.94004938
72.10350617 241.18992593
80.19437037 233.73116049
94.10054321 236.89165432
112.30498765 232.84622222
133.16424691 233.35190123
136.83041975 226.39881481
137.96819753 218.18153086
150.48375309 214.26251852
145.55338272 208.32079012
141.00227160 211.35486420
130.63585185 211.48128395
132.91140741 207.05659259
141.25511111 204.78103704
121.66004938 206.17165432
116.85609877 216.03239506
103.83486420 223.23832099
101.68572840 214.76819753
99.03091358 206.67733333
86.38893827 212.87190123
80.70004938 220.70992593
85.25116049 226.01955556
71.97708642 225.38745679
55.16325926 218.56079012
64.13906173 216.41165432
64.64474074 211.60770370
51.49708642 211.48128395
44.54400000 206.67733333
37.97017284 210.34350617
33.29264198 212.11338272
40.87782716 200.10350617
55.79535802 204.78103704
64.39190123 208.82646914
67.42597531 203.76967901
28.01461728 230.19140741
6.77609877 228.92720988
7.02893827 216.41165432
22.70498765 208.95288889
28.39387654 203.13758025
32.94498765 203.51683951
26.87683951 197.19585185
26.24474074 191.63338272
15.49906173 190.11634568
7.40819753 191.63338272
11.58004938 188.47288889
2.85708642 187.84079012
2.09856790 196.43733333
6.52325926 205.41313580
16.76325926 183.66893827
12.59140741 178.99140741
20.68227160 177.98004938
26.49758025 179.11782716
28.14103704 187.46153086
38.38103704 187.84079012
36.61116049 194.54103704
47.60967901 194.16177778
58.22893827 189.35782716
52.54004938 185.69165432
67.33116049 188.85214815
56.71190123 196.05807407
51.02301235 205.28671605
64.29708642 195.67881481
66.95190123 199.34498765
73.14646914 198.08079012
80.47881481 196.05807407
78.45609877 193.27683951
75.54844444 191.50696296
73.65214815 183.54251852
82.88079012 185.94449383
86.79980247 185.31239506
91.73017284 182.91041975
105.63634568 192.01264198
98.68325926 194.28819753
95.26992593 189.35782716
89.58103704 191.88622222
89.20177778 199.85066667
98.05116049 200.48276543
102.47585185 198.96572840
110.18745679 203.39041975
106.26844444 205.41313580
113.72720988 198.20720988
110.94597531 193.15041975
120.55387654 190.11634568
107.40622222 187.33511111
111.07239506 185.43881481
100.32671605 185.94449383
117.39338272 183.54251852
119.03683951 180.00276543
104.49856790 178.61214815
97.41906173 182.02548148
79.97313580 178.48572840
87.68474074 179.24424691
66.19338272 176.21017284
59.61955556 179.62350617
47.86251852 177.22153086
44.32276543 182.02548148
49.88523457 168.62498765
119.28967901 195.55239506
121.31239506 175.07239506
134.99733333 198.83930864
127.41214815 195.93165432
130.31980247 193.27683951
132.46893827 188.85214815
147.63930864 200.22992593
144.35239506 195.42597531
142.83535802 190.24276543
152.56967901 195.80523457
151.55832099 191.00128395
147.89214815 185.18597531
161.03980247 188.85214815
157.37362963 185.56523457
176.46301235 191.00128395
176.46301235 185.56523457
186.07091358 193.52967901
182.65758025 192.51832099
201.74696296 189.48424691
189.10498765 189.10498765
194.28819753 185.56523457
188.47288889 183.41609877
138.91634568 186.57659259
131.58400000 182.53116049
130.57264198 178.10646914
137.90498765 181.51980247
293.14844444 226.52523457
282.65560494 215.90597531
294.03338272 213.12474074
283.16128395 209.45856790
290.74646914 206.93017284
284.55190123 205.28671605
288.59733333 200.48276543
277.34597531 201.49412346
283.66696296 193.15041975
283.54054321 196.43733333
299.46943210 198.46004938
298.45807407 201.62054321
299.59585185 208.32079012
271.27782716 184.30103704
276.33461728 187.08227160
285.94251852 189.23140741
287.45955556 187.33511111
295.42400000 193.27683951
291.25214815 196.94301235
293.52770370 189.23140741
304.02054321 188.85214815
237.52375309 191.25412346
228.67437037 191.63338272
217.80227160 185.81807407
212.11338272 183.92177778
224.37609877 185.94449383
206.55091358 186.32375309
234.86893827 184.42745679
242.45412346 186.32375309
276.84029630 212.36622222
398.14004938 315.27190123
392.70400000 303.51486420
408.00079012 307.93955556
400.28918519 300.98646914
409.51782716 295.04474074
403.44967901 290.24079012
392.95683951 287.20671605
387.90004938 279.62153086
383.98103704 271.78350617
362.36325926 298.83733333
417.10301235 322.47782716
423.80325926 282.14992593
416.59733333 277.72523457
323.55239506 323.86844444
320.01264198 304.90548148
407.49511111 281.89708642
398.26646914 277.09313580
407.49511111 272.92128395
436.57165432 274.81758025
444.53609877 278.73659259
327.97708642 311.35288889
374.87881481 296.05609877
390.68128395 266.66350617
397.25511111 266.66350617
390.93412346 258.31980247
383.09609877 255.28572840
379.80918519 249.72325926
380.06202469 246.18350617
381.83190123 236.82844444
391.69264198 243.14943210
391.94548148 246.43634568
394.72671605 239.35683951
395.23239506 251.24029630
402.56474074 257.30844444
407.36869136 254.52720988
411.41412346 251.49313580
412.42548148 246.68918519
403.57609877 245.42498765
407.11585185 241.63239506
420.01066667 256.80276543
420.26350617 266.41066667
426.07881481 262.61807407
435.68671605 263.37659259
433.41116049 256.04424691
447.57017284 260.59535802
451.36276543 270.96177778
465.26893827 269.19190123
476.64671605 281.83387654
463.49906173 278.79980247
481.45066667 274.75437037
493.08128395 284.10943210
495.60967901 278.54696296
488.53017284 269.44474074
502.43634568 271.97313580
513.30844444 274.50153086
510.78004938 282.59239506
513.30844444 266.66350617
498.39091358 265.39930864
480.18646914 262.87091358
472.60128395 261.60671605
461.98202469 261.35387654
456.92523457 256.04424691
460.21214815 250.48177778
461.72918519 244.16079012
453.63832099 241.63239506
448.32869136 246.68918519
438.97362963 247.70054321
442.26054321 241.88523457
432.90548148 243.40227160
429.36572840 242.13807407
422.53906173 238.59832099
438.72079012 236.32276543
470.83140741 240.62103704
482.20918519 241.63239506
475.38251852 245.67782716
486.25461728 250.48177778
483.22054321 249.72325926
486.50745679 245.93066667
495.60967901 248.96474074
494.34548148 254.52720988
490.80572840 257.56128395
489.54153086 263.88227160
505.21758025 258.31980247
501.42498765 255.79140741
514.57264198 257.30844444
507.74597531 252.25165432
505.21758025 248.96474074
511.28572840 245.93066667
504.20622222 237.08128395
550.98153086 331.39041975
542.63782716 333.16029630
563.11782716 335.43585185
573.23140741 327.09214815
582.33362963 333.16029630
598.00967901 330.37906173
588.90745679 327.59782716
578.54103704 317.23140741
555.78548148 319.75980247
556.54400000 306.61214815
536.06400000 308.12918519
541.62646914 303.83091358
544.40770370 289.16622222
570.95585185 301.55535802
562.10646914 294.47585185
560.84227160 284.86795062
553.50992593 283.85659259
557.80819753 277.53560494
545.41906173 278.54696296
532.77708642 274.50153086
530.75437037 278.29412346
525.69758025 268.93906173
543.14350617 264.38795062
551.48720988 269.19190123
563.11782716 265.65214815
571.71437037 259.83683951
571.96720988 277.02992593
583.85066667 295.23437037
591.68869136 301.80819753
594.72276543 290.93609877
600.53807407 321.78251852
595.98696296 311.66893827
640.73955556 335.68869136
630.62597531 332.90745679
617.98400000 322.54103704
614.94992593 311.66893827
614.19140741 298.01560494
600.53807407 304.08375309
662.73659259 350.10054321
654.64572840 342.00967901
658.18548148 332.40177778
649.84177778 325.57511111
655.15140741 316.72572840
642.00375309 315.96720988
633.91288889 311.92177778
638.96967901 304.58943210
637.19980247 298.01560494
657.42696296 305.60079012
650.60029630 296.24572840
665.26498765 300.54400000
679.17116049 297.00424691
694.59437037 296.49856790
716.84424691 297.76276543
708.24770370 292.70597531
707.23634568 286.89066667
693.83585185 286.63782716
727.46350617 292.70597531
732.26745679 296.24572840
744.40375309 303.07239506
737.82992593 290.43041975
750.97758025 291.94745679
750.97758025 283.85659259
741.62251852 279.81116049
743.13955556 275.51288889
750.97758025 270.20325926
740.86400000 266.15782716
733.27881481 267.16918519
729.48622222 268.18054321
724.17659259 258.57264198
735.04869136 255.28572840
751.23041975 258.82548148
745.92079012 248.45906173
751.48325926 239.86251852
744.65659259 229.74893827
736.56572840 237.58696296
732.26745679 241.63239506
721.14251852 242.13807407
721.14251852 238.34548148
727.96918519 235.31140741
728.22202469 231.26597531
722.15387654 228.48474074
715.32720988 232.27733333
715.07437037 224.43930864
714.82153086 220.39387654
718.61412346 218.62400000
728.22202469 221.65807407
701.67387654 224.18646914
702.17955556 219.12967901
708.24770370 232.02449383
708.50054321 239.10400000
713.30449383 246.43634568
714.56869136 253.26301235
714.56869136 256.54992593
715.83288889 264.13511111
720.38400000 271.97313580
714.06301235 277.02992593
705.97214815 267.16918519
694.34153086 268.68622222
690.04325926 275.76572840
691.56029630 277.78844444
677.40128395 285.12079012
681.69955556 276.01856790
666.27634568 283.35091358
669.81609877 276.52424691
666.27634568 273.99585185
667.79338272 265.90498765
657.42696296 264.13511111
648.32474074 261.85955556
655.90992593 256.29708642
672.34449383 253.76869136
656.66844444 251.24029630
670.82745679 245.42498765
674.87288889 243.14943210
665.77066667 239.86251852
673.35585185 237.08128395
678.41264198 232.53017284
671.08029630 232.53017284
670.32177778 225.45066667
679.67683951 226.71486420
670.82745679 220.39387654
645.29066667 287.39634568
654.89856790 282.08671605
635.42992593 295.74004938
627.08622222 296.49856790
624.81066667 290.43041975
633.15437037 281.07535802
633.40720988 275.51288889
624.55782716 277.78844444
616.21412346 283.85659259
616.46696296 291.44177778
607.11190123 281.58103704
595.98696296 279.81116049
590.67733333 273.49017284
599.52671605 272.47881481
603.31930864 268.18054321
618.74251852 267.16918519
592.70004938 260.08967901
579.55239506 257.81412346
589.41313580 253.26301235
600.28523457 253.51585185
603.57214815 258.82548148
611.15733333 248.45906173
612.92720988 257.81412346
618.74251852 248.20622222
617.98400000 239.86251852
621.77659259 237.58696296
612.16869136 234.30004938
615.96128395 228.48474074
619.24819753 227.22054321
608.88177778 223.93362963
603.06646914 222.41659259
600.53807407 230.25461728
598.51535802 235.05856790
603.31930864 238.34548148
596.99832099 247.70054321
590.93017284 244.91930864
585.11486420 248.96474074
527.21461728 292.95881481
536.31683951 251.99881481
530.50153086 257.56128395
524.93906173 248.71190123
528.73165432 246.43634568
521.14646914 244.41362963
514.82548148 237.58696296
509.76869136 235.05856790
508.75733333 226.46202469
517.35387654 223.42795062
524.43338272 217.61264198
525.44474074 225.45066667
519.62943210 232.78301235
533.53560494 224.43930864
538.59239506 220.64671605
544.66054321 220.14103704
553.25708642 221.15239506
553.25708642 236.57560494
556.29116049 232.27733333
543.14350617 241.88523457
547.94745679 251.74597531
563.11782716 242.39091358
571.20869136 237.83980247
564.63486420 233.28869136
566.91041975 226.20918519
566.15190123 219.12967901
574.24276543 224.43930864
575.50696296 228.48474074
576.26548148 232.02449383
578.79387654 237.08128395
585.11486420 232.78301235
590.67733333 229.24325926
589.16029630 222.92227160
578.03535802 244.41362963
586.37906173 240.62103704
572.97856790 243.40227160
565.39338272 252.75733333
549.21165432 259.58400000
638.71683951 267.67486420
627.59190123 263.88227160
640.48671605 258.82548148
641.49807407 253.01017284
643.77362963 248.71190123
650.34745679 246.18350617
650.34745679 239.60967901
650.34745679 236.32276543
646.55486420 231.77165432
653.88720988 225.95634568
643.77362963 221.40523457
638.21116049 221.15239506
635.68276543 224.69214815
629.61461728 228.73758025
632.14301235 235.56424691
627.84474074 246.18350617
628.09758025 254.52720988
681.95239506 268.93906173
679.42400000 250.98745679
690.54893827 243.14943210
682.20523457 241.12671605
691.30745679 232.27733333
724.42943210 248.20622222
695.35288889 253.26301235
696.36424691 257.56128395
804.32671605 299.27980247
816.21017284 290.17758025
829.86350617 299.53264198
822.02548148 286.89066667
830.11634568 288.40770370
818.73856790 278.79980247
773.22745679 302.06103704
774.23881481 295.99288889
792.44325926 299.53264198
785.36375309 286.38498765
767.66498765 286.13214815
760.58548148 279.55832099
774.49165432 276.01856790
761.59683951 267.16918519
762.35535802 259.07832099
762.10251852 245.93066667
774.49165432 263.62943210
803.56819753 250.98745679
813.68177778 243.90795062
815.45165432 254.78004938
830.36918519 262.11239506
836.43733333 266.41066667
832.39190123 279.55832099
825.31239506 277.02992593
831.88622222 253.51585185
831.88622222 248.20622222
832.64474074 241.63239506
823.03683951 238.59832099
834.41461728 231.77165432
811.40622222 231.01313580
805.08523457 240.36819753
799.01708642 233.54153086
787.13362963 226.20918519
790.42054321 230.25461728
778.78992593 235.05856790
787.63930864 235.31140741
779.54844444 247.19486420
770.44622222 239.10400000
753.75881481 231.51881481
763.11387654 233.54153086
768.17066667 228.48474074
793.45461728 223.42795062
817.98004938 223.17511111
808.87782716 224.69214815
778.78992593 224.43930864
827.33511111 222.41659259
838.20720988 226.71486420
760.83832099 223.17511111
753.75881481 223.42795062
807.61362963 267.67486420
818.23288889 264.89362963
812.67041975 277.78844444
806.60227160 278.04128395
800.02844444 279.30548148
787.63930864 275.51288889
798.00572840 271.72029630
785.36375309 255.15930864
681.44671605 217.35980247
684.48079012 216.34844444
684.73362963 213.82004938
682.71091358 211.29165432
692.82449383 208.51041975
696.86992593 211.79733333
701.42103704 205.47634568
705.71930864 209.77461728
714.82153086 207.75190123
710.77609877 204.46498765
722.40671605 207.24622222
730.24474074 209.01609877
729.99190123 216.60128395
739.09412346 216.85412346
739.34696296 212.80869136
744.15091358 208.76325926
749.96622222 209.77461728
749.96622222 217.35980247
788.90350617 218.11832099
801.54548148 217.35980247
799.01708642 219.38251852
770.95190123 219.38251852
777.77856790 215.84276543
809.88918519 219.88819753
814.18745679 216.60128395
806.60227160 214.32572840
816.21017284 209.52177778
808.37214815 208.25758025
824.04819753 213.82004938
826.07091358 217.86548148
823.79535802 206.99338272
832.89758025 210.02745679
832.89758025 207.24622222
804.07387654 201.68375309
814.94597531 202.18943210
825.56523457 200.16671605
835.17313580 203.45362963
760.83832099 212.80869136
768.17066667 211.29165432
763.87239506 207.49906173
759.82696296 202.69511111
766.40079012 203.70646914
756.03437037 202.69511111
759.82696296 198.39683951
771.71041975 198.14400000
757.80424691 188.03041975
786.12227160 177.15832099
749.46054321 204.97066667
745.41511111 203.20079012
750.47190123 198.39683951
732.77313580 204.21214815
720.13116049 201.68375309
724.42943210 199.91387654
721.90103704 194.35140741
729.99190123 196.37412346
735.30153086 194.60424691
739.85264198 198.39683951
741.36967901 197.13264198
715.07437037 197.63832099
714.82153086 187.77758025
703.69659259 198.64967901
706.73066667 194.85708642
700.40967901 186.76622222
687.51486420 188.78893827
685.23930864 195.36276543
681.44671605 200.67239506
679.42400000 207.24622222
674.11437037 206.48770370
694.08869136 202.44227160
664.00079012 217.61264198
658.43832099 218.37116049
650.09461728 214.57856790
595.73412346 216.09560494
604.07782716 213.82004938
597.50400000 210.02745679
602.56079012 206.99338272
595.73412346 198.90251852
588.65461728 200.67239506
593.96424691 189.04177778
589.66597531 191.31733333
593.20572840 191.31733333
600.28523457 191.31733333
606.85906173 192.32869136
611.91585185 202.18943210
611.66301235 204.71782716
609.89313580 207.49906173
611.66301235 211.03881481
619.50103704 208.51041975
615.96128395 208.51041975
615.96128395 205.22350617
622.53511111 202.44227160
622.28227160 215.84276543
618.48967901 214.32572840
622.53511111 221.40523457
628.85609877 217.61264198
631.13165432 212.05017284
636.94696296 211.29165432
643.52079012 209.77461728
637.95832099 205.22350617
636.18844444 201.93659259
634.16572840 198.39683951
632.14301235 193.34004938
647.31338272 194.60424691
650.09461728 208.25758025
654.14004938 205.98202469
664.25362963 199.91387654
656.92128395 198.90251852
654.14004938 195.10992593
662.48375309 193.08720988
659.70251852 190.30597531
679.17116049 193.08720988
674.87288889 194.85708642
668.80474074 192.83437037
404.46103704 234.93214815
388.53214815 231.64523457
380.94696296 225.07140741
387.01511111 225.57708642
397.88720988 223.04869136
394.09461728 216.22202469
405.21955556 224.06004938
403.19683951 227.59980247
439.35288889 217.73906173
426.96375309 220.52029630
440.61708642 226.33560494
434.54893827 231.39239506
428.98646914 227.85264198
416.34449383 229.36967901
418.36720988 221.27881481
421.14844444 225.57708642
382.46400000 217.48622222
381.45264198 210.91239506
382.46400000 205.85560494
382.71683951 200.04029630
391.06054321 201.81017284
368.30498765 207.87832099
367.04079012 218.75041975
362.23683951 214.19930864
350.85906173 215.21066667
353.38745679 188.40967901
353.89313580 192.20227160
354.14597531 194.98350617
355.66301235 179.56029630
365.52375309 188.40967901
369.31634568 194.47782716
369.82202469 200.29313580
381.70548148 181.58301235
386.50943210 191.44375309
370.83338272 154.27634568
370.83338272 180.31881481
374.12029630 188.40967901
398.14004938 192.70795062
393.33609877 193.97214815
396.37017284 202.56869136
402.18548148 201.55733333
407.49511111 204.33856790
402.43832099 208.88967901
420.13708642 200.54597531
416.85017284 212.68227160
408.75930864 215.46350617
425.69955556 211.67091358
429.49214815 207.62548148
429.74498765 200.54597531
440.36424691 204.84424691
443.39832099 201.05165432
448.45511111 199.78745679
434.29609877 196.75338272
427.46943210 194.47782716
425.95239506 188.40967901
427.97511111 183.35288889
434.29609877 165.40128395
388.53214815 167.67683951
380.44128395 170.96375309
359.20276543 156.29906173
449.97214815 177.28474074
453.25906173 181.83585185
459.32720988 160.85017284
446.93807407 191.69659259
443.90400000 185.62844444
457.81017284 186.63980247
460.84424691 190.17955556
466.15387654 187.14548148
464.38400000 183.60572840
467.92375309 174.75634568
473.99190123 174.50350617
485.36967901 176.27338272
491.94350617 179.05461728
497.75881481 178.54893827
505.09116049 180.82449383
509.38943210 179.81313580
517.98597531 178.54893827
522.28424691 181.83585185
531.89214815 181.33017284
539.73017284 174.25066667
331.89609877 213.94646914
455.53461728 196.75338272
454.01758025 213.94646914
458.82153086 214.95782716
452.75338272 227.85264198
462.10844444 231.39239506
466.65955556 227.09412346
479.30153086 223.04869136
483.59980247 231.39239506
494.47190123 229.87535802
486.88671605 227.59980247
488.65659259 220.26745679
482.84128395 215.71634568
477.53165432 214.70498765
472.47486420 214.70498765
465.39535802 220.01461728
465.39535802 213.44079012
453.76474074 207.62548148
461.34992593 209.14251852
469.69362963 204.08572840
476.77313580 206.86696296
466.15387654 200.79881481
483.34696296 197.76474074
487.89807407 204.84424691
485.11683951 206.36128395
492.70202469 209.90103704
498.26449383 203.83288889
509.13659259 201.05165432
503.57412346 199.53461728
491.43782716 199.02893827
469.94646914 195.99486420
476.01461728 193.46646914
512.17066667 193.21362963
502.30992593 192.70795062
494.72474074 192.20227160
501.55140741 188.91535802
487.64523457 188.40967901
514.69906173 186.89264198
523.29560494 191.94943210
530.62795062 197.25906173
524.81264198 198.77609877
515.96325926 201.81017284
523.54844444 203.58004938
529.36375309 204.59140741
520.76720988 210.40671605
509.89511111 208.63683951
503.06844444 214.19930864
511.91782716 213.94646914
508.37807407 219.00325926
338.97560494 231.64523457
435.56029630 189.67387654
435.05461728 186.13412346
411.28770370 188.91535802
406.48375309 192.96079012
404.46103704 188.91535802
404.46103704 184.61708642
396.11733333 185.37560494
501.29856790 184.61708642
451.99486420 188.15683951
532.90350617 193.21362963
538.46597531 191.94943210
544.78696296 192.20227160
543.52276543 199.78745679
536.44325926 200.79881481
544.02844444 208.63683951
547.31535802 204.84424691
549.59091358 200.29313580
554.39486420 201.81017284
561.47437037 201.30449383
565.26696296 201.55733333
561.98004938 208.13116049
556.67041975 214.45214815
571.08227160 209.14251852
570.32375309 205.34992593
571.84079012 201.55733333
567.54251852 197.76474074
335.94153086 243.27585185
418.62004938 183.35288889
403.95535802 180.06597531
409.01214815 175.26202469
416.09165432 175.00918519
413.56325926 171.21659259
399.90992593 169.19387654
371.08622222 173.99782716
352.62893827 165.65412346
472.22202469 181.58301235
482.33560494 181.58301235
522.28424691 186.63980247
542.00572840 181.58301235
550.09659259 182.84720988
562.23288889 183.10004938
565.26696296 188.15683951
568.80671605 192.20227160
556.92325926 191.19091358
549.33807407 188.15683951
576.89758025 189.42103704
580.69017284 193.46646914
586.25264198 190.43239506
577.65609877 199.53461728
584.48276543 201.05165432
582.71288889 203.83288889
586.50548148 210.15387654
589.28671605 206.36128395
342.26251852 215.71634568
335.43585185 211.67091358
325.06943210 206.36128395
317.23140741 206.86696296
323.04671605 211.67091358
312.68029630 209.90103704
310.65758025 215.71634568
315.20869136 217.48622222
297.50992593 218.24474074
290.43041975 219.25609877
311.66893827 202.82153086
312.68029630 199.28177778
314.19733333 193.46646914
312.93313580 187.14548148
321.27683951 186.89264198
314.70301235 183.60572840
294.98153086 181.07733333
325.82795062 185.62844444
329.62054321 187.90400000
329.11486420 193.97214815
331.89609877 199.78745679
340.49264198 204.84424691
346.30795062 203.83288889
356.67437037 202.31585185
343.02103704 191.69659259
338.97560494 189.92671605
339.73412346 182.08869136
334.93017284 181.83585185
320.26548148 179.05461728
321.27683951 176.02054321
304.33659259 178.80177778
301.80819753 184.61708642
275.00720988 180.06597531
234.55288889 177.79041975
239.86251852 176.52622222
244.66646914 176.77906173
247.44770370 177.28474074
229.49609877 181.07733333
204.97066667 179.05461728
196.87980247 179.05461728
199.15535802 183.85856790
191.57017284 175.51486420
187.01906173 177.28474074
288.66054321 181.83585185
283.60375309 181.07733333
281.83387654 183.35288889
319.50696296 192.96079012
348.83634568 183.35288889
347.57214815 178.29609877
363.24819753 201.81017284
83.92375309 168.43535802
73.55733333 172.48079012
74.31585185 168.43535802
64.45511111 168.18251852
58.89264198 170.45807407
55.10004938 165.40128395
37.40128395 163.12572840
27.03486420 163.88424691
41.95239506 170.96375309
29.56325926 171.72227160
16.92128395 166.66548148
3.01511111 165.90696296
3.52079012 159.83881481
93.02597531 165.40128395
93.78449383 172.98646914
101.87535802 166.66548148
102.88671605 170.96375309
107.43782716 170.96375309
114.26449383 172.22795062
144.09955556 173.23930864
147.89214815 177.79041975
135.50301235 173.99782716
165.84375309 172.98646914
157.24720988 178.04325926
170.39486420 176.02054321
174.44029630 179.56029630
204.78103704 173.49214815
227.78943210 176.52622222
214.13609877 173.49214815
130.44622222 171.97511111
795.35091358 189.80029630
817.60079012 185.75486420
838.83930864 190.81165432
663.87437037 183.73214815
581.95437037 181.70943210
590.04523457 184.74350617
36.56908979 157.06738152
44.64267718 155.45266404
34.95437232 150.60851161
31.18669820 150.60851161
25.26606746 150.60851161
26.88078493 144.14964170
22.03663250 145.76435918
17.19248007 151.14675077
10.73361016 148.45555497
4.27474025 146.84083749
8.58065353 155.99090320
12.88656680 155.99090320
18.26895839 159.75857731
22.57487166 155.99090320
4.27474025 138.76725011
10.19537100 139.84372843
16.11600175 141.45844590
39.26028559 144.14964170
41.95148138 139.84372843
46.25739466 146.30259834
52.71626456 143.61140254
55.40746036 147.91731581
54.33098204 151.68498993
54.33098204 157.06738152
44.10443802 165.14096890
64.55752606 161.37329479
63.48104774 153.83794656
70.47815681 150.60851161
63.48104774 143.61140254
72.09287429 141.99668506
79.08998336 141.45844590
76.39878756 151.14675077
69.93991765 155.99090320
70.47815681 160.83505563
79.08998336 154.37618572
78.55174420 162.98801226
79.62822251 158.68209899
88.24004906 154.91442488
94.69891897 152.76146824
89.85476654 146.84083749
85.54885326 137.69077179
100.08131056 150.07027245
100.08131056 155.45266404
94.16067981 159.22033815
86.08709242 159.22033815
105.46370215 160.83505563
109.76961542 162.44977311
114.61376785 166.21744722
120.53439860 156.52914236
116.22848533 156.52914236
106.00194131 153.29970740
104.92546299 147.37907665
111.38433290 147.37907665
110.84609374 152.22322908
115.15200701 151.68498993
122.14911608 147.37907665
124.84031187 154.37618572
125.91679019 150.60851161
135.06685589 147.37907665
130.22270346 155.99090320
124.84031187 158.14385983
120.53439860 160.83505563
123.22559439 167.29392554
129.68446430 162.44977311
135.60509505 158.14385983
136.14333421 151.14675077
140.44924748 150.07027245
157.13466141 169.98512133
148.52283487 167.29392554
139.37276916 167.29392554
141.52572580 162.98801226
149.06107403 159.22033815
147.44635655 153.29970740
149.06107403 150.07027245
154.44346562 150.07027245
145.83163907 144.68788086
160.36409636 154.37618572
155.51994393 160.29681647
163.59353132 160.83505563
166.82296627 162.98801226
163.05529216 167.29392554
165.74648795 152.22322908
166.82296627 145.76435918
179.20246693 160.83505563
185.12309768 164.06449058
184.04661936 171.59983881
180.27894525 167.29392554
179.20246693 170.52336049
191.58196759 166.75568638
193.19668506 171.59983881
199.11731581 164.60272974
205.57618572 164.60272974
200.73203329 158.14385983
194.81140254 157.60562067
189.96725011 158.14385983
200.73203329 152.22322908
208.26738152 151.14675077
214.72625142 151.14675077
212.03505563 155.99090320
210.42033815 161.37329479
214.72625142 167.29392554
220.10864301 163.52625142
215.26449058 158.14385983
220.64688217 156.52914236
218.49392554 159.75857731
224.95279544 153.83794656
227.64399124 155.45266404
227.64399124 160.29681647
223.33807797 165.67920806
220.64688217 171.06159965
226.02927376 171.06159965
231.41166535 167.83216470
233.02638283 161.91153395
234.64110031 157.06738152
236.79405694 153.29970740
239.48525274 160.29681647
238.94701358 164.06449058
237.87053526 169.44688217
243.25292685 169.44688217
249.17355760 167.29392554
247.02060096 161.37329479
244.86764433 155.45266404
250.25003592 158.14385983
256.17066667 157.60562067
254.55594919 161.91153395
251.86475339 165.14096890
262.62953657 160.29681647
267.47368901 159.22033815
270.70312396 162.98801226
272.85608060 167.29392554
283.08262462 169.98512133
286.31205957 168.37040385
292.77092948 167.29392554
294.38564696 172.13807797
286.31205957 176.44399124
283.08262462 175.90575208
277.70023303 170.52336049
285.23558125 161.37329479
301.92099518 160.29681647
307.84162593 161.91153395
304.61219098 169.44688217
299.22979939 174.29103460
302.45923434 177.52046956
308.91810425 174.82927376
311.60930004 167.29392554
317.52993079 166.21744722
314.30049584 172.13807797
321.29760491 170.52336049
326.14175734 169.98512133
328.29471397 164.60272974
334.75358388 169.98512133
331.52414893 172.67631713
340.13597547 161.37329479
340.13597547 167.83216470
365.97145510 174.29103460
359.51258519 172.67631713
349.28604117 171.06159965
342.28893211 172.13807797
