31.63308634 128.24057120
5.92802084 127.78960514
31.63308634 146.73017972
14.27089297 159.13174641
7.28091902 149.21049306
48.54431364 164.99430520
40.20144150 162.96495793
60.49491426 141.76955304
67.71037124 123.73091059
73.79841307 165.67075430
53.73042334 183.03294766
27.12342572 197.68934465
17.20217237 228.80600289
46.06400030 226.10020652
75.82776035 227.45310470
84.84708158 209.63994528
81.46483612 190.02292161
90.03319128 164.09237308
105.81700343 179.19973614
111.22859617 187.31712524
105.36603737 211.21832649
120.02243436 231.96276532
130.84561983 213.02219074
135.58076348 188.21905736
154.52133806 228.35503682
174.81481082 208.06156406
201.64729147 199.49320890
185.18703023 187.09164221
154.07037199 166.79816945
126.78692528 168.82751673
120.02243436 145.82824760
148.65877926 146.73017972
152.71747381 132.97571485
136.93366166 129.36798636
189.47120781 139.51472274
182.25575083 124.40735968
92.73898765 102.98647177
131.74755196 109.29999663
161.06034595 105.46678511
182.25575083 109.75096269
209.31371451 104.56485298
23.89230187 67.17185060
59.94320046 66.90079121
89.21761436 69.88244448
115.23931561 69.88244448
146.14008583 56.05841570
177.58297483 44.13180263
213.36281404 46.30027773
237.75815896 24.34446731
241.55299039 59.04006896
209.29692322 64.19019734
201.16514158 64.73231611
256.19019734 82.62223572
253.75066284 115.69148104
254.02172223 150.11602331
224.47624895 152.55555780
215.26022976 161.22945822
272.76559885 8.45391053
263.89979798 62.75694084
174.11917168 73.76003298
151.51329848 67.19703754
134.37658814 88.34446731
155.88862877 87.97985645
44.68231705 87.25063473
37.39009989 89.07368902
19.15955698 91.62596503
60.36058395 97.09512790
298.45147430 66.10320496
315.58818463 47.50805120
334.91256011 47.14344034
313.76513034 82.87530444
334.54794925 106.93962107
340.74633384 85.42758044
337.10022526 130.27471599
334.91256011 146.68220461
315.58818463 126.62860741
304.64985889 108.03345365
275.11637938 121.52405540
279.49170968 112.40878394
293.71153314 102.19967992
217.14325294 139.75459830
225.52930267 119.70100111
219.33091809 129.18088342
271.47027080 148.86986976
304.28524803 144.12992860
296.99303087 131.36854857
323.24501265 166.73580180
328.71417552 185.69556642
299.90991773 165.27735837
336.73561440 210.12449392
327.62034295 228.71964768
311.94207605 211.58293735
320.69273664 254.24240775
292.98231143 230.17809112
292.61770057 189.70628586
279.12709882 210.12449392
264.54266449 211.58293735
260.16733420 226.16737168
243.75984558 230.17809112
249.95823017 208.30143963
272.19949251 188.61245329
257.61505819 160.17280636
244.85367815 191.16472930
223.34163753 208.30143963
218.60169637 233.82419970
228.08157868 254.60701861
222.97702667 247.67941230
204.38187290 248.77324488
202.19420775 232.73036712
166.09773280 256.79468376
143.12724874 255.33624033
118.69832125 252.78396432
99.37394577 237.10569742
93.17556118 256.79468376
31.92093701 252.78396432
325.96040404 22.86083694
355.88248196 23.96906205
373.61408369 23.96906205
396.88681097 31.72663781
420.15953824 33.94308802
446.75694084 8.45391053
474.46256854 10.67036075
504.38464646 6.23746032
4.57512266 193.52750361
1.25044733 255.58810967
7.89979798 271.10326118
20.09027417 295.48421356
32.28075036 275.53616162
16.76559885 317.64871573
40.03832612 302.13356421
59.98637807 275.53616162
45.53387530 315.81486704
76.30271397 319.16592867
103.11120706 318.55664474
130.22434212 317.94736081
21.46715991 341.10015030
45.53387530 339.27229850
68.99130676 339.27229850
102.19728116 346.27906374
139.05895916 344.14656997
160.68853882 349.02084144
169.21851390 336.22587883
202.72913026 321.29842244
163.73495849 314.90094114
234.41189483 320.68913851
264.87609153 321.29842244
253.90898072 341.40479226
228.31905549 338.66301456
204.86162403 340.49086636
265.18073349 377.04790240
254.82290662 374.91540863
231.97475909 368.21328536
212.17303124 372.47827290
190.84809355 370.34577913
145.76108244 363.33901389
124.74078672 368.21328536
91.23017035 363.94829782
62.28918349 359.68331028
34.26212252 363.94829782
8.36755533 363.94829782
0.75150616 341.10015030
9.28148123 391.06143288
38.83175203 384.66395158
70.20987463 383.44538371
90.62088642 392.88928468
99.76014542 408.12138303
63.81239332 407.51209910
38.22246809 411.16780270
16.89753041 409.03530893
12.63254287 431.27417252
25.73214745 462.95693709
27.55999925 480.01688724
14.46039467 498.60004723
47.05708514 452.59911021
47.36172710 433.10202432
71.73308446 432.49274039
74.47486217 444.67841907
109.81333033 471.18227020
96.71372575 435.23451809
118.34330541 441.02271547
126.56863852 411.77708664
116.82009558 386.79644534
167.69530406 429.14167875
145.76108244 453.20839415
146.67500834 484.89115871
176.52992110 481.54009707
198.15950076 457.16873972
237.76295647 466.30799873
242.02794400 457.77802365
272.79678267 456.55945578
270.05500497 487.02365248
271.27357283 440.41343153
237.76295647 436.75772793
263.96216563 415.43279024
226.79584566 410.55851877
235.02117876 392.88928468
209.43125354 456.55945578
197.85485879 437.36701186
186.88774798 412.69101254
176.83456307 397.45891419
203.64305616 388.62429715
264.57144956 393.19392665
114.99464253 296.30458799
81.69031915 292.93673507
105.63949551 277.59429396
141.93746594 272.35541163
167.38346583 273.10382339
169.25449523 297.42720564
143.06008358 298.17561740
4.97811360 340.46088192
198.81675981 298.92402916
191.70684807 274.22644103
225.38537734 299.29823504
250.08296546 290.69149978
265.42540657 285.45261745
303.59440640 269.73597047
280.76784768 295.55617623
306.96225933 301.91767621
340.26658271 303.04029385
300.60075936 322.12479376
298.35552407 342.33191132
291.99402410 367.40370533
327.54358277 343.45452896
320.80787691 365.90688181
309.20749461 388.35923465
323.80152396 407.81794044
302.84599464 423.53458743
329.04040629 430.27029329
41.35524297 504.54656247
46.86038717 539.19658777
40.05991492 546.64472405
33.25944266 541.46341186
4.76222560 542.75873990
5.73372163 562.18866063
6.38138566 571.25595697
4.76222560 585.50456551
4.76222560 555.71202039
22.89681828 591.00970971
23.54448230 618.85926276
29.04962651 667.75789659
66.93797193 621.12608684
47.83188321 592.30503776
73.41461217 564.77931673
65.96647589 554.41669234
130.73287832 509.72787467
115.18894174 549.88304417
98.02584509 578.05642923
90.57770881 587.77138959
122.96091003 577.40876520
118.75109387 589.39054965
120.04642192 603.63915819
106.12164540 621.77375087
114.54127771 661.92892037
130.08521430 658.04293623
46.86038717 674.55836885
156.96327130 593.27653380
179.95534417 584.85690148
190.64180057 585.50456551
200.35676093 586.47606154
210.39555331 676.17752891
227.23481794 588.09522160
204.89040910 569.63679691
164.73523959 555.38818838
195.17544874 518.14750698
220.43434568 515.23301887
247.31240269 511.99469875
279.04793988 508.43254662
275.80961976 560.89333258
297.50636457 555.38818838
288.76290025 578.70409325
285.20074811 599.75317404
296.53486854 597.16251794
263.82783531 600.07700605
248.93156275 563.48398868
289.73439628 674.88220086
391.10461048 44.15279174
411.59238245 43.36480051
445.21334158 49.14340286
448.10264275 43.36480051
482.24892937 28.65563089
512.45525983 26.81698469
508.77796743 38.63685313
550.27883885 24.97833849
592.56770150 23.13969228
568.40263713 47.30475666
543.18691779 40.47549933
528.74041191 68.31785611
522.43648207 76.98575964
507.98997620 67.26720114
485.66355803 63.06458125
477.25831825 68.31785611
450.46661644 63.06458125
422.88692341 62.53925376
397.93386781 67.79252863
376.65810461 88.54296434
363.26225371 106.66676262
362.73692622 126.89187084
366.15155488 150.00628024
380.59806076 166.81675981
392.15526546 148.95562527
385.06334439 134.24645565
392.94325669 110.60671876
407.91509005 85.91632691
419.47229475 107.45475385
419.47229475 123.21457844
419.73495849 146.32898784
414.74434737 166.81675981
442.58670415 166.55409606
441.27338543 151.31959896
448.89063398 130.04383576
452.83059013 106.66676262
434.18146437 88.01763685
457.82120125 84.86567193
475.94499953 45.99143794
488.55285920 103.51479770
475.68233579 128.20518956
468.85307847 147.64230655
471.47971590 171.28204344
494.85678904 174.95933584
536.62032421 169.18073349
555.26944997 181.26326568
593.09302899 163.13946740
597.55831263 140.28772174
571.55460205 150.26894399
557.37075992 149.48095276
522.96180956 153.68357265
517.97119844 126.36654336
554.74412249 103.77746144
560.52272484 125.05322464
581.27316055 123.21457844
587.57709038 105.35344390
600.44761380 85.91632691
572.60525702 84.07768070
587.83975413 69.10584734
567.35198216 66.74187365
497.22076273 147.11697907
355.57544124 188.59926013
355.57544124 166.60506962
390.01917355 189.42922959
416.57819606 189.42922959
370.92987613 211.83840483
363.87513577 233.83259534
359.31030378 258.31669421
375.49470812 278.65094582
367.60999831 298.15522798
390.01917355 298.98519743
404.54363899 276.99100692
411.18339461 254.16684695
382.96443320 233.83259534
401.63874590 213.49834373
426.12284477 216.81822155
419.89807387 232.17265643
439.40235603 254.99681640
438.98737130 276.16103746
446.87208111 301.06012106
419.06810442 296.91027380
465.13140908 278.65094582
472.60113416 257.90170949
496.67024831 275.33106801
482.56076760 294.42036544
512.43966792 261.22158730
519.07942355 231.75767171
498.33018722 230.51271753
476.33599670 230.09773280
484.63569124 209.76348119
503.72498866 210.17846592
497.91520249 189.84421431
466.37636326 194.40904631
445.62712693 190.67418377
456.83171455 218.47816045
448.94700474 236.32250370
615.04164315 21.83776766
653.89908585 19.43421450
682.34113154 23.03954424
701.56955679 24.24132081
730.01160248 22.23835985
709.98199284 37.06027098
666.31744383 37.46086318
624.65585577 48.27685238
605.82802271 48.27685238
614.24045876 63.89994790
643.48368884 61.49639475
678.33520961 60.29461817
701.97014899 64.30054009
798.51286745 20.23539889
810.53063323 14.62710819
854.59577444 27.04546616
850.18926032 39.06323195
857.39991979 65.90290887
835.76794138 63.49935571
802.51878938 61.09580255
784.89273289 43.87033826
639.07717472 84.73074193
661.51033751 83.52896535
664.31448286 101.95620622
610.63512903 105.96212815
613.83986657 125.99173779
657.90500778 125.99173779
648.69138734 130.79884410
616.64401192 170.85806338
627.46000112 144.01838646
578.18716141 187.28234328
574.58183167 200.90247784
582.99426772 198.09833249
541.73327187 202.50484661
533.72142801 202.90543880
619.84874946 222.93504844
605.42743052 254.58183167
633.06829182 251.77768633
648.69138734 250.57590975
655.90204681 250.97650194
677.53402522 226.94097037
666.31744383 228.14274695
668.32040479 204.50780757
675.53106426 188.08352767
689.55179101 167.65332584
718.39442889 128.39529094
714.38850696 166.45154926
712.78613819 187.68293548
689.15119882 210.11609827
696.36185829 236.15459081
699.56659583 250.57590975
728.40923371 256.98538483
711.58436161 226.13978599
726.40627275 228.54333914
725.20449617 209.31491389
763.26075448 244.96761905
799.31405184 245.36821124
846.98452278 250.57590975
855.79755102 223.73623283
830.96083507 215.72438897
812.93418639 230.94689230
794.10635333 237.35636738
779.68503439 203.70662319
759.65542475 197.29714810
746.03529019 212.11905924
750.04121212 190.88767302
747.63765896 170.45747119
764.46253106 170.85806338
741.62877607 125.59114559
771.27259834 189.68589644
863.40880268 181.27346039
854.59577444 179.27049943
821.74721463 191.28826521
832.16261165 172.05983996
786.89569386 179.67109162
794.90753771 151.62963813
832.16261165 158.84029760
857.80051198 157.23792882
869.41768558 169.25569461
862.20702611 127.99469875
830.56024287 127.19351436
823.34958340 129.99765971
812.53359420 143.21720208
775.67911246 150.82845374
797.31109087 125.19055340
856.99932760 125.99173779
854.59577444 107.56449692
826.95491314 101.55561403
802.51878938 100.35383745
762.05897791 101.95620622
751.64358089 85.53192631
773.67615150 86.73370289
790.90161579 87.53488728
811.73240981 84.73074193
834.16557261 93.14317798
845.78274620 92.34199359
637.47480594 230.94689230
691.67468975 4.02101010
769.25044733 6.23746032
628.50585859 6.23746032
880.07295815 6.23746032
739.32836941 0.69633478
706.08161616 2.91278499
662.86083694 2.91278499
827.98637807 2.91278499
913.31971140 2.91278499
975.38031746 2.91278499
969.83919192 15.10326118
946.56646465 19.53616162
1004.19417027 21.75261183
1020.81754690 6.23746032
1017.49287157 64.97339105
979.81321789 31.72663781
984.24611833 52.78291486
956.54049062 60.54049062
924.40196248 33.94308802
878.96473304 30.61841270
898.91278499 33.94308802
935.46622290 74.84127209
874.82328142 81.89721182
882.45132438 98.10680310
905.33545323 93.33927625
938.70814115 95.62768914
1003.73720732 98.10680310
1002.59300088 119.46532336
1022.99801578 121.56303518
995.34636008 138.53543075
969.79241618 126.13986095
946.33618410 126.90266524
888.17235659 125.56775773
904.00054572 122.89794269
922.87995202 131.09808887
940.61515189 150.74029947
953.96422706 159.89395101
965.40629149 149.21469088
979.13676880 146.16347370
977.61116021 157.41483705
1010.98384813 169.61970578
989.43462679 179.72686269
960.25736249 183.15948202
926.50327243 161.22885853
900.94932854 159.32184779
906.47965968 148.64258766
886.07464478 145.78207155
908.57737149 184.49438954
971.12732370 105.54414497
863.19051592 148.07048444
996.43659452 196.85217893
995.32836941 212.36733045
933.15981934 186.41699219
937.99930886 200.61282810
963.80991960 235.13451997
904.12288225 205.77495024
876.37647570 200.29019546
892.50810742 228.35923465
908.31710650 248.36245797
873.15014936 248.36245797
981.87734713 277.72202770
952.19514477 276.10886453
1023.49695695 279.98045614
1001.55793782 297.40261839
1000.26740728 318.37373962
977.36049025 319.98690279
947.67828789 319.98690279
940.25773730 293.53102678
967.35887858 286.11047619
921.86767714 280.62572141
908.96237177 318.37373962
894.44390323 273.52780345
868.95592511 276.75412980
839.91898802 279.01255824
844.11321227 309.98529113
820.56102997 296.43472049
807.33309196 273.20517082
791.52409288 303.85527108
778.94142014 314.50214801
746.67815671 307.40423006
757.64766627 295.78945522
764.10031896 270.94674238
772.81140009 274.49570135
730.86915762 282.23888458
540.74978205 253.57435430
588.57857087 271.24358839
563.59792957 286.17104477
529.78267124 269.41573659
502.06025224 318.46309327
473.11926538 317.24452540
448.13862409 313.28417983
458.49645097 344.05301850
492.61635127 345.27158636
454.23146343 362.94082045
446.31077229 371.47079552
467.63570998 396.45143682
492.61635127 402.23963419
511.19951125 382.13326437
536.78943648 375.73578306
541.35906598 363.85474635
569.38612695 341.92052473
586.14143513 296.83351361
606.24780495 271.54823036
628.79131051 267.28324282
653.77195180 271.24358839
670.83190195 284.34319297
697.94503701 290.43603231
700.99145668 277.64106970
659.56014917 316.33059950
639.14913738 297.13815558
618.12884166 288.60818051
618.73812560 314.19810573
606.24780495 347.70872210
590.71106464 354.41084537
582.79037349 361.72225258
585.83679316 387.00753584
552.32617680 386.70289387
564.81649744 389.14002961
601.37353348 386.70289387
622.08918723 364.46403028
639.14913738 339.78803096
660.16943311 337.65553719
684.84543243 337.04625326
688.19649407 322.11879687
703.73323438 314.19810573
702.21002455 342.83445063
692.76612357 362.94082045
712.87249339 362.33153652
716.52819700 383.04719027
685.45471637 384.26575814
658.64622327 389.44467158
632.44701411 393.10037518
353.74519068 320.75390491
380.12670527 314.86016229
412.96327130 321.87652255
425.03141096 341.80298570
393.87877139 341.80298570
361.32285977 340.11905924
369.18118326 367.34253706
351.21930099 375.20086055
350.37733776 404.66957366
358.23566125 409.72135305
371.14576413 393.44339724
356.83238920 438.06744851
364.41005828 456.87129402
338.58985251 467.53616162
385.73979348 438.06744851
398.08858755 387.54965462
393.59811698 374.07824291
293.68514683 454.62605873
414.64719777 372.39431645
439.90609471 368.18450029
426.99599183 400.17910309
450.85161672 436.66417646
476.39116808 440.59333821
498.00155769 424.87669122
535.88990311 442.55791908
515.40213114 403.26630161
513.99885909 457.43260284
482.84621952 462.48438223
502.21137385 474.27186747
471.98225521 376.57174940
584.86769588 429.27241094
571.14681359 418.04623452
546.51159311 406.50821986
554.61938719 431.45527857
547.13526958 465.44564607
563.66269598 450.16557261
593.59916643 457.96152846
618.23438691 430.20792564
602.95431345 415.86336688
620.41725455 408.69108750
654.40762205 413.68049924
651.60107794 430.51976387
638.50387212 465.44564607
305.97876951 483.71876689
304.60188377 507.12582448
312.17475535 516.76402466
304.25766234 561.16858979
309.42098386 594.21384757
326.63205562 639.30685557
346.59689886 597.31184048
340.74513446 579.75654729
331.10693428 567.02035419
365.52907779 493.70118851
354.51399187 487.50520268
380.33059950 485.09565263
393.41101404 493.35696707
420.26028598 505.40471730
429.55426473 484.75143120
448.48644366 504.37205300
447.10955792 493.35696707
383.42859242 574.24900433
364.15219205 567.36457563
377.92104946 597.31184048
381.01904237 665.46768464
440.91357208 649.28927719
437.81557917 636.20886265
455.02665092 628.29176964
490.48145874 657.89481307
406.49142857 603.50782632
415.78540732 602.81938344
432.30803621 601.44249770
440.22512921 581.47765447
432.99647908 568.39723993
418.19495737 571.49523285
468.45128689 480.62077397
475.33571560 500.92983865
536.95135249 484.75143120
543.83578119 551.53038961
512.16740916 557.03793257
510.44630198 573.21634002
501.84076610 582.85454021
482.56436574 589.39474747
466.73017972 584.57564738
459.84575102 569.08568280
473.95882986 560.48014692
481.87592287 561.85703266
488.07190870 602.81938344
468.45128689 600.40983340
551.75287420 625.19377673
522.49405221 596.27917618
540.73778827 585.95253312
533.85335957 574.59322576
545.90110980 571.83945428
570.34083169 487.84942411
1020.33059950 363.92670902
1002.90603849 371.54995446
1011.07380147 385.70741028
990.38213527 399.32034857
983.30340736 391.15258560
977.85823204 369.91640187
960.97818856 345.41311295
934.84134705 342.69052529
931.57424186 353.58087592
920.68389123 394.96420832
916.32775098 411.29973426
926.12906655 442.33723356
916.87226851 441.79271603
919.05033864 475.00828545
925.58454902 462.48438223
942.46459249 472.28569779
948.45428534 494.06639906
940.28652237 494.06639906
919.05033864 504.41223215
996.37182811 578.46661644
969.69046907 587.72341448
949.54332040 569.20981841
945.73169768 583.36727423
939.74200483 592.62407226
911.97161073 590.99051967
902.71481269 581.73372163
889.64639193 590.44600214
886.92380428 580.64468657
899.44770750 412.38876933
896.72511984 367.73833174
901.62577763 336.15631491
887.46832181 331.80017466
877.66700624 385.70741028
874.39990105 342.14600776
843.90691929 339.96793763
814.50297258 318.73175390
802.52358689 341.05697270
814.50297258 355.21442852
839.55077903 366.10477915
837.37270891 381.35127003
848.26305954 411.84425179
858.60889264 452.13854913
868.41020820 464.66245235
888.01283934 444.51530369
880.93411143 442.88175109
897.26963738 461.39534716
882.56766402 496.78898671
893.45801465 487.53218868
871.67731339 496.24446918
853.70823485 487.53218868
839.55077903 471.19666273
844.45143682 516.39161785
827.02687581 503.32319709
811.23586739 501.14512697
795.98937651 491.34381140
780.19836810 488.07670621
762.77380709 499.51157437
576.54881130 566.48723075
581.44946909 577.92209891
589.07271453 589.35696707
597.78499503 583.91179176
645.70253781 587.72341448
681.64069489 592.62407226
675.10648451 582.82275669
716.48981691 571.93240606
779.65385057 592.62407226
778.02029797 584.45630929
800.34551676 588.26793201
736.63696557 492.97736399
820.49266543 457.58372444
831.38301606 445.60433875
835.73915631 418.92297970
813.95845505 385.70741028
783.46547329 387.88548041
778.56481550 417.83394464
807.42424467 418.92297970
809.60231480 442.88175109
792.17775379 461.39534716
764.40735968 331.25565713
732.82534285 333.43372725
745.34924608 396.59776091
756.23959671 418.92297970
750.79442139 436.89205824
754.60604411 447.23789134
771.48608759 440.70368097
727.92468507 455.95017185
720.30143963 434.16947059
733.91437792 410.21069920
699.06525590 459.76179457
695.79815071 436.89205824
707.23301887 411.84425179
678.91810723 495.15543412
709.41108900 495.15543412
656.59288844 491.88832893
663.12709882 461.39534716
680.00714229 406.39907648
761.68477202 369.37188434
625.01087161 490.25477633
600.50758269 483.72056596
1020.83193943 621.40314312
987.06705497 618.42388861
978.12929143 620.07903000
963.56404715 656.16111242
934.10253031 616.10669065
946.01954836 611.47229475
958.92965124 603.52761605
933.77150203 600.54836154
902.32381552 625.37548247
886.43445812 619.74800172
897.35839133 600.54836154
870.54510073 598.89322014
862.60042203 631.99604805
885.44137329 673.37458294
832.80787691 656.16111242
835.45610315 620.07903000
828.50450929 601.21041810
805.00150147 603.52761605
785.47083301 677.67795056
741.11304361 601.54144637
678.26084819 666.32224134
676.74483462 617.05180038
716.91919417 594.69060025
701.75905849 607.95571897
618.75731564 629.17990892
610.04023763 604.16568505
628.23240044 598.48063417
640.73951238 596.58561721
477.38905043 674.66031596
444.79475872 679.58736006
322.63572872 677.82187590
358.47073930 44.57257398
359.11600457 70.70581736
523.59867919 187.00768576
