81.65702479 435.89338843
24.29504132 419.95950413
18.71818182 405.61900826
39.43223140 428.72314050
52.97603306 408.80578512
11.54793388 380.92148760
3.58099174 372.15785124
32.26198347 376.14132231
57.75619835 362.59752066
74.48677686 382.51487603
58.55289256 388.09173554
71.30000000 367.37768595
78.47024793 346.66363636
107.15123967 364.98760331
108.74462810 410.39917355
80.06363636 411.99256198
89.62396694 400.04214876
111.13471074 388.09173554
115.11818182 431.11322314
129.45867769 439.08016529
160.52975207 434.30000000
135.03553719 418.36611570
185.22727273 386.49834711
192.39752066 427.92644628
221.07851240 431.11322314
288.79752066 439.87685950
268.88016529 417.56942149
331.02231405 418.36611570
356.51652893 432.70661157
199.56776860 404.82231405
217.89173554 392.07520661
210.72148760 376.14132231
238.60578512 390.48181818
244.97933884 408.00909091
264.10000000 398.44876033
299.95123967 411.99256198
299.15454545 392.87190083
430.60909091 426.33305785
469.64710744 434.30000000
443.35619835 445.45371901
390.77438017 413.58595041
380.41735537 387.29504132
361.29669421 386.49834711
328.63223140 376.14132231
331.02231405 396.05867769
534.17933884 446.25041322
57.80909091 338.69669421
20.36446281 325.94958678
28.33140496 305.63388430
60.59752066 317.58429752
83.70165289 319.57603306
80.91322314 297.66694215
93.66033058 325.15289256
112.78099174 327.94132231
98.44049587 342.28181818
129.51157025 331.12809917
117.56115702 308.82066116
149.03057851 300.85371901
129.90991736 350.64710744
129.90991736 368.57272727
150.62396694 355.02892562
171.73636364 347.06198347
195.23884298 351.84214876
204.00247934 362.99586777
190.06033058 339.89173554
185.67851240 364.58925620
225.11487603 351.04545455
247.02396694 361.00413223
301.19917355 363.39421488
275.70495868 378.92975207
275.30661157 353.43553719
309.16611570 341.08677686
284.46859504 334.71322314
327.49008264 353.43553719
345.01735537 347.46033058
322.70991736 335.50991736
313.14958678 322.36446281
291.24049587 320.37272727
258.57603306 324.35619835
224.71652893 331.92479339
199.22231405 321.16942149
179.70330579 324.35619835
169.34628099 285.71652893
150.62396694 286.11487603
180.50000000 298.86198347
207.98595041 296.87024793
236.26859504 294.48016529
217.54628099 303.64214876
246.62561983 298.86198347
252.99917355 305.23553719
277.69669421 300.85371901
286.46033058 309.61735537
301.99586777 312.80413223
317.13305785 303.64214876
312.35289256 292.09008264
327.49008264 309.21900826
355.77272727 309.21900826
356.17107438 324.35619835
339.83884298 362.59752066
354.97603306 359.01239669
344.22066116 375.34462810
63.78429752 288.50495868
52.23223140 297.26859504
54.22396694 277.74958678
41.87520661 264.20578512
27.53471074 280.93636364
17.17768595 296.87024793
3.23553719 294.08181818
19.16942149 276.95289256
21.95785124 256.63719008
11.60082645 242.69504132
5.62561983 262.61239669
22.35619835 234.72809917
41.47685950 228.35454545
57.80909091 220.38760331
61.79256198 233.13471074
64.18264463 258.23057851
77.72644628 236.71983471
81.31157025 265.40082645
85.69338843 276.95289256
103.61900826 257.03553719
113.97603306 241.10165289
94.05867769 242.29669421
105.21239669 231.14297521
120.74793388 223.17603306
123.13801653 271.37603306
132.30000000 247.87355372
127.51983471 257.03553719
151.02231405 255.84049587
156.99752066 267.79090909
162.97272727 274.56280992
182.49173554 272.17272727
166.95619835 246.28016529
147.83553719 242.29669421
140.66528926 234.72809917
194.04380165 272.96942149
209.97768595 258.23057851
198.82396694 250.26363636
185.28016529 243.09338843
173.72809917 221.58264463
160.18429752 217.59917355
190.06033058 223.97272727
223.12314050 266.59586777
240.25206612 275.35950413
225.91157025 287.70826446
271.72148760 270.97768595
288.45206612 289.30165289
307.17438017 262.61239669
290.04545455 247.87355372
319.92148760 260.62066116
327.09173554 276.95289256
335.85537190 267.39256198
352.98429752 280.53801653
345.41570248 259.02727273
355.77272727 258.23057851
353.78099174 239.90661157
332.27024793 236.32148760
306.37768595 237.51652893
257.77933884 258.62892562
272.11983471 247.87355372
280.08677686 239.90661157
286.06198347 224.37107438
255.78760331 234.32975207
255.38925620 247.07685950
248.21900826 262.61239669
223.91983471 249.46694215
213.96115702 244.28842975
209.57933884 232.33801653
203.20578512 223.97272727
224.71652893 228.35454545
214.75785124 213.21735537
230.69173554 216.80247934
192.05206612 212.42066116
202.40909091 202.06363636
204.79917355 186.52809917
186.87355372 197.28347107
213.56280992 200.86859504
237.06528926 202.46198347
249.01570248 212.81900826
260.16942149 211.22561983
269.33140496 212.81900826
259.77107438 221.18429752
265.34793388 203.65702479
260.16942149 188.51983471
273.31487603 195.69008264
284.07024793 204.05537190
277.29834711 204.05537190
307.97107438 213.21735537
300.00413223 210.03057851
332.27024793 219.59090909
340.23719008 219.98925620
352.18760331 217.99752066
357.76446281 207.24214876
350.99256198 202.06363636
325.49834711 202.86033058
300.00413223 192.10495868
308.76776860 198.87685950
286.06198347 188.12148760
280.08677686 178.95950413
290.84214876 164.61900826
303.19090909 180.95123967
319.12479339 171.39090909
313.14958678 169.00082645
328.68512397 172.18760331
329.88016529 181.74793388
343.42396694 171.78925620
339.83884298 193.30000000
258.97438017 168.20413223
268.93305785 176.17107438
243.04049587 167.40743802
237.46363636 179.35785124
201.61239669 171.78925620
212.36776860 165.41570248
196.83223140 163.42396694
179.30495868 176.17107438
166.55785124 191.30826446
152.21735537 189.71487603
146.24214876 203.25867769
121.14628099 207.64049587
126.72314050 201.66528926
130.30826446 183.73966942
135.08842975 172.58595041
166.55785124 169.00082645
158.59090909 181.34958678
113.57768595 183.73966942
86.49008264 189.71487603
98.83884298 182.54462810
109.19586777 169.79752066
119.95123967 163.82231405
80.91322314 169.79752066
56.61404959 167.80578512
53.42727273 172.98429752
64.18264463 174.17933884
25.94132231 215.60743802
331.07520661 251.85702479
329.48181818 320.37272727
202.40909091 400.44049587
448.08347107 428.79008264
460.03388430 414.44958678
447.68512397 394.93057851
418.60578512 393.73553719
428.96280992 375.80991736
394.70495868 372.62314050
369.21074380 359.47768595
384.34793388 358.68099174
396.29834711 338.76363636
408.24876033 339.16198347
406.25702479 357.48595041
426.57272727 347.92561983
364.03223140 338.76363636
381.55950413 321.23636364
379.16942149 302.51404959
409.84214876 322.03305785
389.12809917 304.50578512
415.81735537 305.70082645
443.70165289 308.48925620
436.53140496 326.41487603
448.08347107 330.79669421
422.98760331 326.01652893
468.00082645 360.27438017
440.51487603 361.07107438
445.69338843 376.60661157
475.96776860 396.12561983
495.48677686 414.84793388
485.52809917 439.54545455
516.20082645 422.81487603
572.36776860 447.51239669
556.03553719 429.18842975
564.00247934 437.15537190
572.36776860 391.74380165
524.56611570 383.77685950
512.61570248 367.44462810
540.10165289 370.23305785
583.91983471 377.40330579
569.97768595 369.43636364
607.42231405 396.52396694
609.81239669 410.06776860
616.18595041 422.81487603
598.65867769 432.37520661
610.21074380 446.71570248
632.91652893 443.13057851
641.68016529 433.17190083
687.09173554 440.34214876
679.52314050 423.21322314
698.64380165 429.58677686
715.37438017 417.63636364
672.35289256 402.10082645
652.03719008 406.48264463
638.89173554 401.30413223
665.97933884 386.16694215
658.80909091 370.63140496
638.89173554 358.28264463
622.95785124 373.81818182
588.30165289 361.46942149
571.96942149 354.29917355
555.23884298 361.07107438
601.04876033 349.12066116
519.78595041 346.33223140
500.66528926 355.49421488
479.95123967 345.53553719
471.58595041 329.60165289
495.48677686 337.96694215
517.39586777 326.01652893
530.93966942 330.79669421
570.37603306 323.62644628
592.28512397 333.58512397
567.18925620 343.54380165
618.57603306 317.65123967
624.15289256 341.55206612
654.02892562 344.73884298
640.48512397 320.83801653
659.20743802 308.48925620
637.69669421 306.49752066
681.51487603 316.05785124
692.27024793 322.43140496
667.97107438 343.14545455
678.32809917 354.29917355
699.04214876 367.84297521
700.63553719 388.15867769
681.51487603 293.75041322
672.75123967 303.70909091
706.61074380 285.38512397
691.07520661 280.60495868
693.46528926 271.84132231
709.00082645 261.88264463
701.03388430 268.25619835
709.00082645 251.92396694
697.44876033 251.12727273
657.61404959 272.23966942
667.57272727 275.42644628
651.24049587 243.55867769
655.62231405 225.63305785
673.14958678 241.96528926
699.04214876 235.59173554
701.43223140 222.44628099
609.01570248 289.36859504
579.93636364 306.09917355
616.98264463 303.31074380
628.13636364 296.53884298
562.01074380 301.71735537
548.06859504 307.69256198
573.16446281 279.01157025
562.40909091 284.58842975
531.33801653 291.75867769
551.65371901 276.62148760
548.06859504 287.37685950
589.89504132 279.80826446
585.91157025 265.06942149
568.78264463 265.06942149
544.88181818 263.87438017
561.21404959 254.71239669
571.96942149 250.33057851
603.43884298 243.16033058
577.54628099 233.99834711
623.75454545 238.77851240
616.18595041 232.40495868
607.82066116 273.03636364
620.56776860 256.30578512
619.37272727 219.65785124
592.28512397 219.65785124
550.45867769 224.03966942
549.66198347 244.75371901
542.49173554 239.97355372
526.95619835 250.33057851
535.71983471 265.06942149
515.00578512 278.21487603
501.06363636 288.17355372
500.26694215 317.65123967
484.33305785 301.31900826
467.20413223 310.87933884
460.03388430 284.19008264
419.80082645 293.35206612
434.93801653 296.14049587
449.67685950 290.96198347
434.93801653 268.25619835
424.58099174 253.51735537
397.09504132 259.09421488
393.11157025 277.81652893
407.05371901 272.23966942
410.24049587 283.79173554
379.16942149 283.39338843
367.61735537 273.83305785
378.77107438 261.08595041
369.60909091 253.51735537
385.14462810 243.16033058
381.55950413 225.63305785
367.61735537 218.46280992
394.70495868 235.59173554
367.21900826 234.79504132
412.63057851 222.44628099
414.62231405 249.13553719
407.45206612 233.99834711
425.77603306 236.78677686
434.93801653 223.64132231
448.08347107 224.83636364
439.71818182 236.78677686
443.70165289 258.29752066
453.26198347 261.88264463
481.54462810 250.33057851
464.81404959 247.94049587
492.69834711 261.88264463
487.12148760 283.79173554
502.65702479 242.76198347
504.25041322 223.64132231
520.98099174 215.67438017
530.93966942 231.60826446
521.77768595 233.60000000
520.58264463 248.33884298
474.77272727 231.60826446
461.62727273 218.46280992
672.35289256 231.60826446
715.77272727 300.92066116
426.97107438 208.23801653
411.43553719 201.46611570
392.31487603 205.05123967
381.95785124 198.67768595
425.37768595 177.96363636
432.14958678 176.37024793
447.68512397 175.57355372
442.50661157 190.31239669
372.39752066 187.52396694
378.77107438 174.37851240
368.01570248 170.39504132
401.47685950 181.15041322
393.50991736 169.20000000
413.82561983 160.83471074
462.02561983 184.73553719
476.36611570 184.33719008
489.51157025 191.10909091
487.12148760 177.56528926
473.57768595 169.20000000
507.83553719 189.51570248
485.12975207 210.22975207
468.79752066 207.83966942
457.64380165 208.63636364
440.11652893 209.83140496
501.06363636 211.82314050
514.60743802 201.06776860
527.75289256 203.85619835
563.20578512 209.83140496
583.52148760 211.42479339
603.83719008 201.46611570
591.88677686 201.06776860
659.60578512 206.24628099
634.90826446 212.22148760
627.33966942 193.49917355
643.27355372 192.70247934
658.41074380 183.14214876
681.51487603 185.13388430
679.12479339 211.42479339
687.09173554 199.87272727
713.38264463 209.43305785
714.17933884 199.07603306
698.64380165 189.91404959
715.37438017 187.92231405
686.29504132 173.58181818
695.05867769 168.80165289
680.71818182 157.24958678
657.61404959 164.02148760
664.38595041 157.24958678
671.15785124 151.27438017
654.02892562 152.86776860
666.37768595 141.71404959
629.33140496 165.21652893
615.38925620 161.63140496
605.43057851 166.01322314
598.65867769 177.56528926
581.52975207 191.10909091
579.13966942 177.96363636
588.70000000 165.61487603
589.49669421 156.45289256
593.87851240 148.48595041
605.82892562 138.52727273
620.16942149 139.72231405
621.36446281 145.29917355
620.56776860 123.39008264
643.67190083 126.17851240
642.07851240 142.51074380
669.16611570 122.19504132
684.30330579 114.62644628
704.61900826 122.19504132
711.78925620 122.99173554
711.39090909 137.73057851
714.17933884 109.04958678
704.22066116 105.46446281
699.44049587 138.12892562
579.53801653 162.82644628
534.12644628 169.20000000
518.59090909 175.17520661
548.86528926 191.50743802
492.69834711 154.46115702
505.84380165 137.33223140
490.70661157 143.70578512
481.54462810 136.13719008
485.12975207 125.78016529
460.83057851 152.86776860
415.02066116 152.86776860
417.41074380 144.90082645
411.43553719 126.17851240
379.56776860 131.75537190
389.12809917 144.50247934
370.00743802 153.66446281
436.92975207 130.56033058
436.13305785 108.25289256
452.46528926 93.91239669
465.21239669 99.88760331
475.56942149 116.21983471
464.41570248 113.82975207
458.44049587 109.04958678
452.86363636 106.65950413
446.88842975 113.43140496
391.51818182 107.45619835
373.99090909 107.85454545
386.33966942 119.00826446
374.38925620 117.01652893
370.40578512 85.54710744
366.02396694 98.69256198
388.72975207 82.75867769
402.27355372 81.16528926
420.99586777 90.72561983
419.40247934 77.97851240
484.73140496 98.29421488
495.88512397 113.43140496
509.42892562 106.65950413
516.20082645 104.26942149
526.95619835 103.87107438
518.19256198 125.38181818
546.07685950 121.79669421
554.84049587 138.12892562
560.41735537 150.87603306
578.34297521 134.54380165
569.97768595 116.61818182
540.89834711 112.23636364
530.54132231 150.47768595
541.69504132 139.32396694
563.20578512 107.45619835
573.16446281 88.33553719
550.85702479 81.96198347
511.81900826 90.72561983
497.87685950 91.92066116
523.76942149 73.59669421
515.00578512 66.42644628
613.79586777 86.34380165
601.84545455 109.84628099
583.12314050 99.48925620
587.10661157 86.34380165
589.09834711 102.27768595
618.57603306 101.08264463
644.46859504 106.26115702
664.38595041 104.66776860
680.71818182 102.67603306
667.17438017 93.51404959
658.01239669 91.52231405
646.06198347 85.54710744
648.05371901 73.19834711
655.22396694 66.42644628
670.75950413 69.21487603
671.95454545 81.96198347
679.12479339 83.55537190
689.48181818 83.95371901
701.43223140 86.34380165
695.45702479 97.09917355
709.79752066 95.90413223
712.98429752 84.75041322
713.78099174 70.01157025
703.02561983 62.84132231
697.05041322 61.24793388
682.70991736 52.08595041
672.75123967 56.86611570
650.84214876 44.11900826
638.09504132 41.72892562
623.35619835 45.71239669
618.17768595 62.84132231
609.81239669 69.61322314
628.13636364 62.84132231
602.24380165 65.23140496
588.30165289 74.79173554
607.42231405 78.37685950
616.98264463 73.99504132
559.22231405 73.59669421
570.37603306 64.43471074
573.56280992 46.11074380
595.47190083 42.12727273
585.51322314 38.14380165
577.54628099 26.99008264
589.49669421 29.38016529
585.51322314 19.42148760
571.96942149 14.24297521
597.06528926 19.42148760
593.48016529 10.25950413
539.70330579 77.58016529
525.76115702 88.33553719
498.67355372 65.62975207
501.46198347 74.39338843
491.50330579 62.84132231
460.83057851 81.16528926
458.83884298 72.80000000
453.26198347 69.21487603
446.09173554 71.20661157
442.50661157 60.45123967
427.36942149 69.21487603
430.55619835 60.05289256
407.45206612 62.84132231
383.15289256 75.58842975
396.29834711 65.23140496
371.99917355 72.80000000
381.95785124 65.62975207
376.77933884 75.19008264
370.80413223 58.85785124
375.58429752 64.03636364
364.43057851 63.23966942
375.18595041 45.71239669
381.95785124 34.95702479
385.54297521 21.81157025
404.26528926 27.38842975
412.63057851 27.38842975
401.07851240 37.34710744
416.61404959 37.34710744
417.80909091 48.50082645
390.72148760 7.07272727
397.09504132 12.25123967
405.06198347 5.47933884
411.83388430 16.23471074
421.79256198 17.82809917
420.99586777 27.78677686
432.94628099 32.16859504
488.31652893 29.77851240
374.78760331 17.82809917
371.20247934 29.38016529
361.64214876 23.40495868
372.79586777 5.08099174
463.61900826 60.45123967
487.12148760 39.73719008
499.86859504 36.94876033
495.88512397 30.17685950
502.65702479 49.69586777
482.34132231 56.06942149
475.17107438 47.30578512
476.36611570 88.33553719
480.34958678 78.77520661
540.10165289 50.49256198
532.13471074 46.11074380
516.20082645 46.90743802
518.98925620 32.16859504
539.70330579 38.14380165
534.52479339 32.96528926
543.28842975 24.20165289
536.11818182 21.01487603
522.97272727 20.61652893
556.83223140 23.80330579
569.57933884 24.99834711
563.20578512 36.55041322
596.26859504 56.06942149
580.33471074 62.04462810
715.77272727 41.33057851
690.67685950 38.54214876
709.00082645 32.56694215
696.65206612 23.80330579
682.70991736 28.58347107
667.97107438 27.78677686
663.19090909 18.22644628
646.85867769 22.20991736
652.43553719 7.86942149
663.19090909 7.47107438
669.16611570 8.26776860
696.65206612 8.26776860
705.41570248 14.24297521
709.00082645 3.48760331
712.18760331 4.28429752
619.77107438 14.64132231
627.73801653 15.03966942
620.56776860 25.79504132
628.13636364 26.59173554
608.21900826 2.29256198
623.35619835 2.69090909
609.41404959 18.62479339
505.84380165 16.63305785
491.50330579 20.21818182
502.65702479 8.66611570
511.02231405 10.65785124
552.84876033 10.25950413
541.29669421 7.86942149
544.88181818 14.64132231
524.56611570 4.28429752
567.98595041 1.49586777
489.90991736 9.06446281
481.54462810 19.02314050
464.81404959 8.26776860
481.14628099 8.26776860
464.41570248 20.21818182
442.50661157 1.89421488
418.20743802 2.29256198
429.75950413 47.70413223
442.10826446 44.51735537
401.47685950 109.04958678
395.50165289 97.49752066
364.03223140 6.27603306
687.14462810 16.83223140
682.36446281 2.49173554
537.36611570 89.33140496
548.51983471 90.92479339
437.77933884 119.60578512
457.69669421 129.96280992
323.85206612 125.97933884
338.98925620 122.79256198
309.51157025 128.36942149
296.76446281 128.36942149
296.76446281 141.11652893
284.81404959 141.91322314
287.20413223 147.49008264
281.62727273 157.05041322
277.64380165 167.40743802
307.91818182 157.05041322
327.03884298 150.67685950
313.49504132 145.10000000
345.36280992 153.86363636
346.95619835 142.70991736
266.49008264 152.27024793
243.38595041 155.45702479
252.94628099 151.47355372
171.73636364 152.07107438
136.68181818 148.08760331
133.09669421 158.84297521
105.21239669 163.22479339
99.63553719 157.64793388
67.76776860 159.63966942
24.74628099 157.24958678
41.07851240 161.23305785
46.65537190 147.68925620
3.63388430 139.32396694
11.99917355 129.36528926
49.84214876 103.87107438
69.75950413 146.89256198
74.93801653 139.72231405
61.39421488 133.74710744
67.76776860 128.56859504
53.42727273 129.36528926
56.61404959 118.60991736
86.88842975 143.70578512
91.66859504 133.74710744
106.40743802 148.48595041
118.75619835 136.13719008
106.80578512 131.35702479
116.36611570 123.39008264
106.00909091 118.21157025
113.57768595 109.84628099
85.29504132 122.19504132
90.87190083 109.44793388
86.88842975 105.46446281
97.64380165 96.30247934
106.00909091 97.49752066
119.95123967 104.26942149
122.34132231 114.22809917
154.60743802 119.40661157
143.45371901 115.42314050
164.96446281 121.00000000
190.45867769 107.85454545
174.52479339 99.48925620
166.95619835 109.04958678
181.29669421 120.60165289
192.45041322 129.36528926
198.02727273 118.21157025
170.54132231 119.00826446
214.75785124 93.51404959
210.37603306 103.47272727
221.92809917 124.58512397
229.09834711 138.12892562
189.26363636 138.52727273
156.99752066 138.52727273
166.15950413 138.12892562
239.85371901 144.90082645
244.23553719 130.16198347
267.73801653 130.95867769
262.95785124 121.39834711
241.84545455 117.41487603
226.70826446 118.60991736
227.90330579 107.45619835
233.08181818 97.49752066
249.01570248 106.65950413
273.31487603 113.03305785
262.16115702 97.89586777
251.40578512 94.31074380
245.03223140 91.92066116
230.69173554 91.12396694
221.92809917 80.76694215
229.09834711 72.80000000
238.26033058 70.40991736
251.40578512 71.20661157
255.78760331 85.54710744
264.94958678 86.34380165
274.90826446 90.72561983
283.27355372 103.47272727
270.52644628 77.18181818
298.01239669 105.86280992
286.85867769 130.95867769
301.59752066 119.40661157
315.53966942 119.40661157
326.29504132 106.26115702
339.04214876 108.25289256
327.88842975 97.49752066
338.64380165 90.72561983
343.82231405 98.69256198
350.59421488 88.73388430
346.21239669 78.77520661
322.70991736 80.36859504
306.77603306 90.32727273
296.41900826 83.15702479
307.57272727 70.40991736
288.85041322 72.40165289
296.02066116 62.84132231
312.35289256 60.05289256
320.31983471 53.67933884
305.58099174 47.70413223
301.99586777 44.11900826
296.41900826 35.75371901
291.63884298 31.77024793
303.98760331 30.97355372
298.80909091 21.01487603
288.45206612 23.00661157
315.14132231 24.20165289
327.88842975 30.97355372
334.26198347 21.81157025
341.03388430 34.16033058
347.00909091 28.98181818
347.40743802 46.11074380
351.78925620 47.70413223
356.17107438 37.74545455
334.66033058 12.64958678
322.31157025 6.27603306
314.34462810 11.05619835
307.17438017 6.67438017
301.99586777 6.67438017
288.45206612 5.08099174
284.07024793 5.87768595
283.67190083 14.64132231
280.08677686 23.80330579
280.08677686 33.36363636
261.76280992 43.32231405
258.57603306 56.46776860
250.60909091 59.65454545
266.54297521 66.82479339
269.33140496 25.39669421
269.33140496 33.76198347
254.19421488 29.38016529
260.56776860 15.03966942
262.55950413 10.65785124
249.41404959 5.47933884
245.82892562 12.64958678
241.04876033 22.60826446
230.69173554 30.17685950
226.70826446 62.84132231
237.46363636 51.28925620
218.34297521 41.33057851
211.57107438 30.17685950
202.01074380 27.38842975
200.01900826 17.82809917
205.99421488 19.02314050
213.16446281 54.07768595
207.18925620 62.84132231
218.34297521 69.61322314
188.46694215 86.74214876
172.13471074 84.35206612
183.28842975 75.98677686
173.32975207 74.79173554
174.12644628 60.84958678
190.85702479 57.26446281
179.30495868 50.89090909
172.13471074 48.10247934
162.17603306 48.50082645
153.41239669 48.10247934
152.21735537 36.55041322
158.98925620 35.35537190
171.33801653 32.96528926
157.39586777 18.22644628
147.43719008 23.80330579
143.05537190 17.03140496
141.46198347 9.06446281
166.95619835 18.22644628
167.35454545 6.67438017
158.19256198 3.48760331
117.16280992 76.78347107
150.62396694 77.97851240
93.26198347 85.14876033
88.08347107 79.57190083
72.94628099 83.95371901
78.92148760 96.70082645
67.36942149 99.09090909
57.01239669 93.11570248
48.24876033 88.73388430
35.10330579 87.53884298
25.94132231 105.46446281
9.60909091 78.77520661
17.97438017 83.15702479
26.33966942 83.15702479
30.72148760 76.78347107
62.98760331 75.58842975
41.87520661 62.44297521
51.83388430 56.46776860
65.77603306 58.45950413
60.59752066 50.89090909
88.48181818 59.25619835
78.92148760 60.84958678
98.44049587 54.07768595
102.42396694 53.28099174
114.37438017 48.10247934
123.53636364 50.49256198
103.61900826 67.62148760
104.01735537 40.93223140
112.38264463 31.77024793
104.41570248 28.58347107
121.94297521 25.79504132
111.98429752 22.20991736
117.16280992 11.85289256
125.12975207 39.73719008
86.88842975 30.97355372
72.14958678 29.77851240
82.50661157 23.80330579
74.14132231 20.21818182
70.15785124 14.24297521
55.41900826 17.82809917
57.41074380 6.27603306
50.24049587 28.18512397
41.47685950 24.60000000
35.10330579 16.63305785
16.77933884 8.66611570
14.38925620 22.60826446
22.75454545 28.18512397
20.36446281 44.51735537
24.34793388 50.49256198
22.75454545 56.86611570
11.60082645 54.87438017
9.60909091 65.62975207
27.13636364 64.03636364
39.88347107 39.33884298
29.12809917 35.75371901
60.99586777 33.36363636
98.04214876 239.30909091
123.13801653 94.70909091
154.20909091 89.13223140
417.06528926 107.65537190
47.39917355 41.52975207
78.47024793 42.32644628
86.43719008 209.63223140
104.76115702 213.61570248
550.11322314 171.39090909
550.90991736 160.23719008
504.70165289 159.44049587
518.24545455 161.83057851
191.60082645 10.45867769
184.99550450 40.82067932
179.96053946 35.78571429
189.31118881 25.71578422
195.06543457 35.06643357
97.96253746 5.57592408
93.64685315 19.96153846
95.08541459 30.75074925
284.97552448 42.97852148
277.78271728 52.32917083
274.90559441 60.96053946
284.97552448 53.76773227
396.46403596 58.08341658
380.63986014 51.60989011
354.74575425 57.36413586
346.11438561 60.24125874
346.11438561 69.59190809
360.50000000 81.10039960
363.37712288 105.55594406
361.93856144 122.81868132
356.18431568 155.90559441
364.09640360 184.67682318
356.90359640 174.60689311
368.41208791 195.46603397
145.43506494 127.85364635
129.61088911 135.04645355
102.27822178 81.81968032
100.12037962 312.70879121
220.24025974 318.46303696
258.36213786 139.36213786
330.29020979 48.73276723
600.02047952 119.94155844
610.09040959 128.57292707
697.84265734 210.57092907
686.33416583 334.28721279
19.45504496 441.73126873
96.70579421 441.01598402
392.11838162 441.73126873
400.70179820 432.43256743
