577.03088580 364.78041027
544.06825829 261.89705772
60.61638807 313.83816775
200.45783814 232.92990021
282.36497317 209.95594770
243.40914065 243.91744272
243.40914065 216.94802020
227.42726065 202.96387520
232.42159815 183.98539269
212.44424814 172.99785019
194.46463313 178.99105519
135.53145061 211.95368270
112.55749810 246.91404522
69.60619558 229.93329771
27.65376056 247.91291272
3.68094055 230.93216521
30.65036306 220.94349021
33.64696556 204.96161020
63.61299058 195.97180270
77.34741871 152.77078330
91.83099746 139.78550580
71.35421370 132.79343329
73.35194870 122.30532454
80.84345496 123.80362579
58.36893620 144.77984330
32.39838119 157.26568705
23.40857368 160.76172330
10.92272993 163.25889206
6.92725993 130.79569829
10.92272993 118.30985454
3.93065742 115.31325203
22.40970618 106.32344453
19.91253743 97.33363703
26.40517618 92.83873327
13.41989868 93.83760078
13.41989868 102.82740828
8.92499493 102.32797453
3.43122367 102.82740828
1.93292242 93.83760078
33.39724869 115.81268578
42.38705619 109.81948078
23.40857368 116.81155329
35.89441744 129.29739704
46.38252619 179.24077206
96.82533496 179.24077206
79.84458746 171.24983206
121.79702248 167.75379581
125.79249248 186.73227832
138.27833623 165.25662706
44.38479119 78.85458827
48.38026119 71.86251577
51.37686370 79.85345577
57.86950245 95.83533578
44.88422494 98.83193828
67.85817745 113.31551703
72.35308120 107.82174578
76.84798496 101.82854078
131.78569748 298.10600461
101.32023872 114.81381828
84.83892496 114.81381828
154.26021624 134.29173454
133.78343248 131.29513204
128.28966123 129.29739704
123.79475748 117.31098704
133.28399873 117.31098704
136.78003498 121.80589079
143.77210749 117.31098704
155.25908374 106.82287828
160.75285499 120.80702329
174.73700000 121.80589079
168.74379500 102.32797453
159.75398749 102.32797453
159.25455374 94.83646828
172.23983125 251.15923209
78.84571996 79.85345577
72.85251495 67.86704576
79.34515371 65.86931076
77.34741871 57.37893701
69.35647870 59.87610576
44.38479119 53.88290076
48.87969494 56.38006951
54.87289995 64.37100951
53.37459870 59.87610576
60.36667120 59.87610576
62.36440620 64.37100951
381.25285571 212.95255020
383.25059072 179.98992269
366.26984321 163.00917518
374.26078321 143.03182517
449.17584574 241.91970772
10.92272993 76.35741952
28.40291118 77.35628702
11.42216368 107.82174578
22.90913993 136.28946954
91.33156371 93.83760078
118.80041997 95.83533578
104.81627497 96.33476953
132.28513123 94.33703453
113.30664872 271.13658210
18.53909462 63.61520765
16.79107649 68.60954516
23.03399837 69.10897891
9.29957024 60.11917140
11.54702212 54.87511702
9.29957024 50.87964702
6.05325086 52.12823140
1.05891336 45.38587577
4.55494961 48.38247827
7.55155211 42.88870702
18.28937774 52.37794827
20.03739587 58.37115328
26.77975150 52.62766515
32.77295650 48.13276140
76.22369277 131.28848081
23.03399837 44.38700827
19.28824524 47.13389390
24.03286587 47.88304452
50.75257151 47.88304452
44.50964963 35.64691764
40.01474588 35.64691764
39.01587838 38.39380327
55.49719213 55.37455077
37.51757713 51.37908077
25.53116712 62.86605703
22.03513087 39.14295389
19.53796212 35.64691764
25.78088400 35.14748389
24.28258275 36.89550202
18.28937774 40.89097202
17.04079337 44.38700827
15.54249212 48.13276140
11.79673899 46.38474327
12.29617274 43.13842389
53.74917401 73.10444891
40.51417963 70.35756328
33.27239025 67.36096078
93.95359090 74.85246703
114.68009154 69.10897891
111.18405528 59.61973765
94.95245840 61.11803890
83.96491590 61.11803890
83.96491590 53.37681577
85.71293402 50.62993015
91.70613903 50.38021327
95.95132590 44.38700827
77.47227714 51.37908077
68.98190339 48.38247827
67.73331901 36.89550202
29.90121244 32.65253222
36.39385119 31.15423097
32.39838119 29.15649597
33.89668244 36.14856847
33.89668244 39.64460472
23.40857368 30.65479722
15.41763368 34.15083347
11.92159743 26.15989346
2.93178992 25.66045971
3.43122367 22.16442346
9.92386243 22.16442346
10.42329618 19.16782096
5.42895867 18.66838721
16.91593493 17.66951971
14.41876618 19.16782096
19.91253743 20.16668846
17.41536868 25.66045971
14.41876618 23.66272471
10.92272993 36.14856847
11.42216368 34.15083347
7.42669368 27.65819472
32.89781494 27.15876097
29.40177869 26.15989346
23.90800743 23.66272471
38.39158619 27.15876097
38.89101994 23.66272471
32.39838119 22.16442346
482.88762388 249.90621356
452.92159887 202.46000729
438.43802011 190.47359729
441.93405637 157.51096977
454.91933387 165.00247603
473.39838263 163.50417478
467.90461138 166.00134353
486.88309389 170.49624728
503.36440764 196.46680229
488.88082889 179.98548853
474.89668388 191.97189854
527.33722765 163.50417478
521.84345640 146.02399352
544.31797516 161.00700602
534.32930016 178.48718728
541.82080641 201.96057354
528.33609515 197.46566979
557.30325267 198.96397104
573.78456642 201.96057354
565.29419267 164.50304228
195.21378376 136.03531851
201.20698876 122.55060726
208.69849501 119.05457101
201.70642251 111.56306475
193.71548251 110.56419725
213.69283252 115.05910100
172.73926500 74.60496724
199.70868751 75.10440099
189.72001251 75.60383474
205.20245876 96.08061850
222.68264002 110.56419725
225.17980877 125.54720976
232.17188127 120.55287226
235.16848378 118.55513726
252.64866503 93.08401599
241.66112253 90.58684724
251.15036378 102.57325725
261.13903879 98.07835350
262.63734004 110.56419725
271.12771379 113.06136600
286.61016005 122.05117351
300.09487130 154.01493352
306.08807631 166.00134353
287.60902755 158.01040352
261.63847254 160.00813852
283.11412380 133.03871601
264.13564129 131.04098101
250.65093003 157.51096977
236.66678503 148.52116227
222.18320627 140.53022226
228.17641127 149.52002977
222.68264002 168.49851228
206.20132626 149.52002977
217.18886877 149.52002977
186.22397625 162.50530727
204.70302501 163.50417478
178.23303625 151.01833102
171.74039750 96.58005225
177.73360250 99.07722100
186.72341000 94.58231724
180.73020500 106.56872725
187.22284375 103.57212475
221.68377252 74.60496724
214.69170002 76.10326849
207.69962751 72.10779848
232.67131502 77.10213599
237.66565253 75.10440099
230.17414627 71.60836473
234.16961628 61.61968973
244.65772503 71.10893098
252.64866503 64.61629223
259.64073754 74.60496724
223.18207377 93.08401599
237.66565253 112.06249850
230.67358002 104.07155850
274.12431629 77.10213599
271.62714754 71.10893098
284.61242505 78.10100349
284.61242505 68.61176223
279.61808755 71.10893098
293.60223255 71.10893098
293.10279880 83.59477474
304.09034131 92.08514849
311.58184756 93.08401599
321.57052256 107.06816100
325.06655882 89.08854599
342.04730632 92.58458224
343.54560757 78.10100349
327.06429382 73.10666599
336.05410132 68.61176223
343.54560757 66.61402723
334.55580007 61.12025598
340.04957132 59.12252098
355.53201758 73.10666599
354.53315008 79.59930474
379.00540384 76.10326849
350.03824633 93.58344974
376.50823509 92.08514849
372.01333134 101.07495600
361.02578883 99.07722100
364.02239133 112.06249850
380.50370509 114.06023350
372.51276509 122.55060726
363.02352383 134.53701726
357.03031883 134.53701726
348.53994508 114.06023350
333.55693257 118.55513726
330.06089632 110.06476350
351.03711383 104.57099225
322.06995631 137.03418601
314.57845006 146.02399352
328.56259507 149.52002977
346.04277632 174.49171728
398.48332010 147.02286102
400.98048885 154.51436727
405.97482635 141.52908977
401.97935635 134.53701726
389.49351259 122.05117351
403.97709135 115.55853475
398.48332010 100.57552225
420.95783886 108.06702850
414.46520010 87.09081099
419.95897136 86.59137724
415.96350135 73.10666599
410.46973010 58.62308723
396.48558510 72.60723224
400.98048885 65.11572598
143.27267374 75.60383474
120.29872123 71.60836473
28.77748650 10.17579638
31.27465525 11.42438076
36.51870963 12.92268201
44.50964963 10.67523013
20.78654649 8.67749513
12.79560649 11.92381451
9.54928711 12.92268201
8.30070274 15.66956763
4.80466649 15.66956763
33.27239025 25.15880889
43.51078213 19.91475451
38.76616150 19.41532076
48.50511963 26.40739326
45.25880025 25.15880889
48.25540276 24.40965826
50.50285463 23.91022451
50.50285463 34.39833327
54.74804151 35.89663452
63.73784901 31.15201389
58.74351151 20.91362201
56.24634276 23.91022451
54.99775838 28.15541139
53.24974026 28.65484514
41.76276400 31.40173076
44.50964963 30.90229701
47.75596901 43.88757452
52.75030651 45.13615890
40.26446275 45.38587577
38.26672775 43.38814077
61.24068026 47.13389390
60.49152964 43.63785764
57.24521026 40.89097202
60.99096339 37.39493577
64.23728276 40.39153827
68.73218652 40.39153827
73.97624089 40.14182139
76.22369277 34.89776702
73.97624089 35.64691764
67.23388526 33.89889952
67.98303589 31.65144764
67.98303589 27.90569451
71.47907214 27.65597764
72.97737339 30.65258014
75.22482527 28.65484514
77.22256027 29.15427889
81.46774715 27.90569451
78.97057839 25.40852576
69.23162027 21.16333888
61.98983089 20.16447138
68.48246964 17.66730263
61.24068026 12.92268201
65.23615026 13.17239888
70.48020464 13.67183263
57.49492714 16.41871826
65.98530089 44.88644202
75.47454214 43.38814077
99.19764528 15.91928451
103.44283216 17.16786888
96.20104278 15.66956763
91.95585590 15.41985076
88.21010277 18.91588701
93.20444028 24.15994139
91.45642215 20.66390513
96.95019340 28.15541139
97.69934403 21.66277263
103.19311528 21.66277263
106.93886841 19.91475451
107.18858528 22.16220639
108.93660341 21.66277263
82.46661465 36.39606827
84.21463277 32.15088139
83.96491590 42.63899014
78.72086152 41.14068889
80.96831340 45.13615890
91.70613903 44.38700827
101.44509715 44.38700827
108.93660341 43.88757452
106.18971778 37.89436952
99.19764528 37.89436952
93.45415715 34.89776702
95.20217528 32.15088139
99.94679590 32.90003201
100.69594653 28.90456201
109.68575403 29.40399576
114.92980841 30.65258014
111.93320591 40.14182139
114.68009154 39.14295389
118.92527841 35.64691764
118.92527841 33.89889952
117.67669404 22.16220639
127.91508592 27.65597764
131.16140529 30.65258014
129.91282092 34.89776702
124.41904966 35.89663452
139.15234530 37.39493577
101.19538028 52.12823140
95.95132590 51.87851452
106.93886841 53.62653265
103.69254903 48.63219515
109.18632028 50.62993015
106.68915153 62.11690640
117.92641091 49.63106265
118.92527841 45.38587577
133.65857404 46.88417702
136.65517654 47.88304452
129.66310404 61.86718953
135.40659217 65.86265953
136.40545967 60.11917140
144.14668280 60.36888828
145.64498405 49.13162890
144.39639967 46.13502640
141.64951405 46.13502640
141.64951405 43.38814077
143.64724905 34.64805014
141.15008030 32.15088139
132.90942342 22.41192326
128.41451967 22.16220639
125.91735092 21.66277263
156.63252655 63.86492453
164.12403281 68.60954516
158.63026155 78.34850328
152.88677343 88.83661204
137.15461030 89.08632891
157.38167718 54.12596640
160.37827968 53.37681577
159.87884593 50.62993015
155.63365905 42.13955639
164.87318343 43.63785764
171.36582219 43.38814077
170.11723781 39.64238764
174.36242469 39.64238764
174.36242469 48.88191202
175.11157531 46.13502640
166.12176781 51.37908077
175.11157531 56.87285203
181.85393094 56.87285203
179.35676219 62.11690640
172.61440656 64.11464140
182.10364781 68.11011141
184.10138282 63.86492453
186.84826844 67.36096078
191.09345532 60.11917140
185.59968407 60.36888828
195.58835907 95.82868454
139.65177905 29.40399576
136.65517654 27.15654389
304.96435037 66.36209328
205.07760032 60.61860515
204.07873282 63.86492453
200.08326282 56.87285203
205.07760032 55.87398452
197.58609407 47.13389390
193.84034095 44.38700827
187.84713594 46.38474327
184.85053344 47.13389390
182.35336469 43.38814077
180.60534656 39.89210452
153.38620718 30.40286326
151.38847218 34.14861639
148.64158655 30.40286326
100.19651278 152.26469832
87.46095215 147.27036081
125.16820029 40.89097202
126.16706779 44.38700827
89.95812090 134.53480018
126.41678467 52.62766515
138.15347780 19.91475451
120.17386279 18.16673638
117.42697716 25.90795951
124.66876654 25.15880889
76.72312652 15.66956763
73.47680714 14.92041701
79.22029527 16.41871826
177.60874406 83.59255766
197.83581095 79.59708766
166.12176781 37.39493577
159.37941218 33.89889952
162.12629781 30.65258014
165.37261718 27.65597764
168.61893656 32.15088139
170.11723781 27.40626076
163.62459906 22.91135701
161.37714718 23.41079076
158.38054468 22.16220639
155.63365905 18.91588701
150.38960468 19.91475451
143.89696592 20.66390513
141.15008030 22.41192326
167.62006906 21.91248951
163.37488218 19.91475451
147.89243592 10.17579638
79.47001214 148.01951144
109.68575403 80.09652141
101.69481403 78.34850328
107.93773591 73.35416578
97.69934403 69.60841266
90.45755465 54.37568327
89.45868715 39.89210452
88.70953652 29.90342951
85.71293402 23.41079076
82.96604840 21.66277263
48.00568588 20.91362201
48.00568588 17.16786888
42.26219775 17.16786888
45.50851713 17.66730263
51.50172213 20.66390513
8.05098586 63.11577390
13.79447399 62.36662328
3.80579899 62.36662328
3.55608211 57.62200265
126.66650154 57.62200265
118.92527841 58.62087015
187.59741907 12.42324826
179.60647906 14.67070013
176.36015969 13.67183263
173.36355719 13.67183263
162.37601468 13.92154951
166.87091843 10.67523013
158.87997843 10.42551325
150.38960468 11.17466388
143.14781530 7.17919388
143.14781530 5.43117575
131.91055592 6.92947700
133.90829092 14.67070013
129.91282092 14.67070013
127.66536904 12.92268201
124.91848341 5.93060950
107.43830216 12.92268201
112.68235653 14.17126638
115.17952529 14.17126638
148.14215280 13.92154951
148.14215280 13.92154951
184.85053344 37.39493577
189.09572032 41.14068889
190.59402157 32.90003201
195.08892532 36.64578514
198.08552782 35.64691764
196.08779282 31.40173076
194.09005782 28.15541139
182.35336469 33.89889952
179.35676219 36.39606827
175.36129219 35.89663452
172.86412344 31.40173076
169.61780406 25.15880889
175.86072594 24.15994139
170.36695468 17.66730263
170.36695468 20.66390513
181.60421406 18.41645326
179.60647906 22.66164014
182.85279844 25.15880889
184.85053344 27.40626076
191.84260594 23.91022451
187.84713594 25.15880889
187.84713594 20.91362201
186.34883469 22.16220639
186.34883469 32.90003201
209.57250408 159.00705395
260.76446347 64.11464140
263.51134910 67.11124390
302.96661537 54.87511702
122.92074841 153.01384894
230.29900471 56.62313515
216.81429346 58.87058703
212.56910658 65.86265953
219.56117908 67.11124390
199.33411220 26.40739326
202.58043157 27.65597764
205.82675095 29.90342951
208.82335345 31.15201389
203.07986532 37.64465264
199.33411220 40.39153827
206.07646783 45.63559265
206.82561845 42.63899014
209.32278720 39.14295389
215.06627533 40.89097202
215.31599220 50.87964702
209.57250408 50.38021327
211.32052220 25.65824264
213.81769095 29.90342951
195.08892532 17.41758576
202.08099782 21.66277263
199.83354595 13.17239888
208.32391970 20.66390513
231.04815534 139.77885456
278.24464473 125.79470956
153.88564093 128.54159518
220.06061283 46.13502640
226.05381783 43.38814077
215.56570908 44.63672514
212.81882345 46.13502640
217.06401033 38.39380327
209.82222095 34.14861639
213.81769095 33.89889952
217.31372721 33.39946577
222.30806471 36.64578514
224.55551658 33.39946577
231.54758909 33.89889952
235.29334221 35.14748389
233.79504096 40.14182139
234.54419159 43.13842389
258.76672847 51.37908077
262.01304785 58.62087015
285.48643411 133.78564956
256.01984285 47.13389390
245.03230034 49.13162890
241.28654722 44.88644202
244.53286659 40.39153827
241.03683034 32.90003201
229.79957096 10.42551325
250.52607159 12.92268201
250.52607159 17.16786888
253.52267410 17.16786888
227.80183596 28.15541139
227.05268533 31.15201389
232.54645659 28.15541139
222.30806471 26.40739326
225.05495033 27.15654389
226.30353471 26.90682701
229.54985409 24.15994139
224.55551658 11.92381451
268.25596973 88.83661204
275.49775911 86.58916016
301.96774787 49.63106265
297.97227787 49.63106265
291.72935599 46.88417702
286.73501849 47.13389390
278.74407848 45.13615890
267.25710223 47.13389390
267.00738535 43.63785764
263.51134910 43.38814077
260.01531285 41.14068889
291.22992224 61.11803890
299.72029599 58.87058703
290.73048849 54.12596640
285.23671724 58.87058703
283.48869911 51.62879765
275.74747598 54.12596640
268.25596973 53.37681577
272.25143973 54.87511702
269.00512035 58.37115328
295.22539224 39.39267077
286.23558474 41.88983952
279.74294598 34.64805014
276.74634348 36.39606827
271.00285535 33.39946577
268.00625285 33.14974889
270.50342160 38.64352014
264.75993348 36.89550202
260.51474660 34.39833327
259.26616222 33.39946577
259.01644535 29.15427889
263.01191535 30.90229701
247.77918597 32.15088139
250.02663784 35.89663452
249.02777034 29.65371264
252.77352347 28.90456201
244.53286659 28.90456201
244.28314972 26.15767639
252.77352347 19.91475451
252.27408972 25.15880889
250.02663784 25.90795951
257.26842722 22.16220639
261.51361410 25.40852576
264.01078285 18.91588701
266.50795160 23.66050764
270.25370473 23.66050764
274.49889161 21.91248951
275.99719286 24.40965826
274.74860848 28.15541139
277.99492786 23.41079076
281.24124723 6.67976013
287.98360286 5.93060950
281.74068098 22.91135701
283.48869911 22.16220639
288.98247036 23.41079076
282.48983161 26.40739326
288.98247036 26.40739326
302.46718162 23.41079076
296.22425974 22.16220639
300.46944662 24.40965826
302.21746474 27.40626076
300.46944662 27.40626076
294.97567536 30.40286326
306.71236849 24.40965826
309.20953725 24.40965826
296.22425974 36.89550202
288.73275349 35.89663452
285.73615099 31.65144764
291.97907286 35.89663452
291.72935599 37.39493577
284.48756661 39.14295389
287.98360286 37.64465264
302.71689849 38.64352014
300.71916349 41.64012264
304.96435037 42.63899014
75.72425902 18.16673638
47.75596901 10.17579638
74.72539152 48.88191202
133.40885717 43.63785764
144.77097499 105.07042600
136.28060123 109.56532975
75.84911746 73.60609974
62.36440620 73.10666599
38.39158619 100.07608850
51.87629745 134.03758351
306.58751006 113.56079975
301.59317255 105.07042600
291.10506380 96.58005225
381.00313884 124.04890851
419.45953761 120.55287226
425.95217636 145.02512602
447.42782762 124.54834226
439.93632137 119.05457101
433.44368261 115.05910100
438.43802011 109.56532975
448.92612887 103.07269100
454.91933387 106.56872725
468.90347888 108.06702850
469.40291263 130.54154726
463.40970763 130.54154726
453.42103262 117.05683600
441.43462262 131.54041476
484.38592513 153.51549977
486.38366014 132.53928226
492.87629889 129.04324601
491.87743139 142.52795727
502.86497389 141.52908977
503.36440764 131.04098101
509.85704640 125.54720976
520.84458890 115.05910100
554.30665017 141.52908977
542.81967391 134.03758351
530.83326391 134.53701726
535.82760141 139.03192101
525.83892640 128.04437851
520.34515515 128.04437851
560.29985517 135.03645101
574.78343392 147.02286102
605.74832644 152.01719852
607.24662769 143.52682477
599.25568769 139.53135476
594.26135018 146.52342727
601.25342269 163.50417478
615.73700144 180.98435603
580.77663893 160.00813852
585.27154268 132.53928226
583.77324143 124.04890851
586.76984393 123.54947476
577.78003643 121.05230601
568.79022892 117.55626975
569.78909642 134.53701726
560.29985517 115.05910100
529.33496265 103.07269100
520.84458890 104.07155850
508.35874515 104.07155850
513.35308265 100.07608850
498.86950389 106.56872725
492.37686514 94.08288349
244.65772503 63.11799098
247.15489378 64.11685848
251.64979753 57.12478598
240.16282128 54.62761723
235.16848378 52.62988223
229.17527877 50.63214723
227.67697752 46.63667722
229.67471252 45.13837597
119.79928748 62.61855723
99.82193747 95.58118475
93.32929871 82.09647349
73.35194870 92.08514849
65.86044245 92.58458224
287.60902755 276.37620232
269.62941254 309.33882984
310.08354631 50.63214723
327.56372757 53.62874973
322.56939006 53.62874973
192.21718126 68.11232848
56.37120120 115.55853475
36.39385119 76.10326849
179.73133750 6.67976013
172.73926500 6.18032638
162.50087312 4.43230825
197.71095251 6.92947700
183.72680750 6.67976013
112.55749810 3.18372388
215.69056752 9.67636263
210.19679626 10.17579638
205.95160939 10.17579638
235.41820065 9.42664575
241.66112253 9.67636263
282.36497317 11.17466388
295.59996755 11.92381451
288.85761192 9.42664575
301.34345568 10.17579638
314.07901631 9.42664575
363.27324071 10.17579638
357.28003570 11.42438076
315.32760069 24.40965826
316.07675131 27.15654389
311.33213068 27.40626076
309.33439568 27.15654389
305.83835943 26.90682701
305.58864256 30.90229701
300.59430505 33.89889952
307.58637756 34.64805014
309.58411256 38.39380327
320.82137194 39.14295389
306.83722693 45.63559265
299.09600380 44.38700827
321.32080569 69.60841266
313.08014881 69.85812953
311.83156443 65.61294265
316.32646819 68.11011141
323.81797444 46.13502640
326.31514319 43.63785764
329.06202882 38.64352014
339.05070382 50.87964702
336.80325195 53.37681577
342.79645695 52.12823140
348.04051133 55.12483390
357.28003570 51.87851452
351.28683070 52.62766515
346.79192695 48.88191202
340.79872195 47.88304452
360.27663821 52.62766515
363.77267446 55.12483390
367.26871071 60.61860515
356.53088508 64.61407515
362.52409008 69.60841266
375.00993384 71.60614766
372.26304821 59.37002078
370.26531321 55.87398452
367.51842758 50.13049640
364.52182508 48.38247827
355.03258383 44.88644202
350.53768008 39.14295389
345.04390882 73.85359953
346.29249320 70.35756328
360.77607196 87.08859391
298.84628693 80.34623829
328.56259507 34.64805014
319.82250444 34.14861639
256.89385191 133.78564956
341.29815570 40.89097202
335.80438444 41.88983952
319.07335381 21.66277263
304.83949193 9.42664575
379.00540384 5.18145888
372.76248196 10.42551325
367.26871071 10.17579638
382.50144009 10.42551325
393.98841635 4.43230825
387.74549447 11.17466388
336.80325195 134.53480018
375.50936759 58.62087015
377.50710259 54.12596640
378.75568696 46.13502640
384.99860884 50.87964702
388.74436197 49.63106265
393.73869947 54.87511702
387.24606072 61.11803890
387.49577759 69.60841266
282.61469005 128.79131206
377.00766884 65.61294265
414.96463385 55.12483390
423.70472448 56.87285203
400.48105510 50.38021327
248.90291191 128.54159518
403.97709135 40.89097202
400.98048885 36.89550202
384.74889197 147.02064394
501.11695577 148.01951144
499.61865452 92.33264829
508.10902827 95.82868454
493.87516639 90.08519641
475.14640076 90.08519641
455.91820137 91.83321454
450.42443012 86.58916016
435.69113449 91.33378079
428.19962824 76.10105141
423.20529073 63.86492453
416.96236886 65.61294265
430.44708011 69.10897891
434.19283324 63.61520765
439.93632137 64.86379203
256.64413504 118.55292018
457.91593637 67.61067766
450.42443012 72.60501516
451.67301450 63.86492453
443.18264074 65.36322578
438.18830324 60.61860515
434.44255011 58.62087015
430.94651386 55.87398452
477.14413576 71.85586453
460.91253887 72.60501516
441.68433949 53.37681577
453.42103262 51.62879765
462.16112325 51.37908077
414.71491698 50.62993015
408.72171198 49.88077952
394.73756697 42.13955639
274.12431629 123.79697455
375.75908446 41.88983952
370.51503008 44.63672514
315.82703444 37.39493577
312.08128131 38.64352014
340.79872195 34.14861639
336.80325195 34.64805014
346.79192695 30.40286326
482.63790701 139.02970394
240.41253815 138.28055331
361.27550571 30.40286326
365.77040946 30.40286326
357.28003570 29.40399576
239.91310440 143.27489081
329.31174569 29.90342951
350.28796320 19.91475451
342.29702320 18.16673638
339.05070382 20.66390513
335.80438444 23.41079076
331.80891444 25.15880889
329.81117944 21.66277263
327.06429382 20.16447138
322.81910694 22.91135701
327.56372757 14.17126638
331.55919757 11.92381451
349.28909570 10.67523013
346.04277632 9.42664575
362.52409008 20.66390513
358.52862008 25.15880889
363.02352383 22.91135701
367.51842758 23.66050764
370.26531321 22.41192326
374.01106634 21.66277263
369.76587946 25.65824264
371.76361446 26.90682701
375.25965071 24.65937514
383.00087384 22.91135701
385.99747634 25.65824264
386.49691009 23.41079076
378.50597009 33.89889952
374.51050009 30.40286326
371.01446384 30.65258014
375.25965071 35.64691764
378.00653634 35.64691764
381.75228946 39.39267077
383.50030759 41.88983952
385.24832572 37.89436952
384.74889197 34.64805014
387.74549447 36.14635139
386.99634384 30.40286326
391.24153072 31.15201389
392.24039822 29.15427889
393.98841635 22.91135701
398.48332010 22.41192326
397.73416947 27.65597764
408.47199510 22.41192326
404.97595885 25.90795951
408.72171198 27.65597764
409.22114573 32.40059826
407.47312760 33.89889952
413.96576635 38.14408639
415.21435073 40.89097202
417.46180261 44.88644202
418.96010386 41.64012264
420.20868823 35.89663452
415.96350135 33.39946577
412.96689885 26.90682701
414.46520010 25.15880889
414.46520010 22.66164014
426.45161011 27.90569451
424.20415823 23.91022451
421.95670636 27.40626076
421.70698948 10.67523013
415.71378448 11.17466388
427.20076073 12.92268201
430.19736324 10.17579638
432.94424886 11.92381451
437.43915261 11.92381451
443.43235762 10.17579638
447.92726137 12.17353138
452.92159887 10.67523013
457.16678575 11.17466388
462.91027388 10.42551325
475.89555138 11.92381451
481.88875638 12.42324826
484.13620826 12.42324826
488.88082889 11.92381451
492.37686514 13.17239888
503.61412452 13.67183263
507.60959452 12.92268201
513.10336577 11.92381451
433.94311636 23.41079076
428.19962824 20.66390513
436.69000199 20.91362201
438.93745387 27.65597764
434.69226699 26.90682701
443.18264074 24.15994139
445.18037574 22.16220639
445.92952637 30.90229701
432.94424886 33.14974889
432.19509824 42.13955639
424.95330886 34.89776702
428.44934511 34.64805014
428.44934511 43.38814077
426.20189323 48.88191202
432.19509824 46.88417702
423.20529073 43.13842389
434.19283324 53.12709890
440.43575512 56.87285203
438.68773699 72.60501516
455.66848450 74.35303328
457.41650262 62.11690640
462.16112325 61.86718953
456.16791825 57.62200265
446.92839387 44.38700827
453.92046637 46.13502640
453.42103262 40.14182139
449.17584574 38.39380327
438.68773699 46.38474327
437.43915261 36.64578514
435.44141761 31.15201389
438.93745387 31.15201389
462.41084013 44.63672514
461.41197262 40.89097202
461.41197262 39.14295389
456.66735200 36.39606827
453.92046637 31.65144764
451.42329762 33.89889952
459.41423762 32.15088139
460.41310512 28.90456201
465.15772575 29.65371264
465.15772575 33.14974889
465.65715950 36.64578514
467.65489450 42.88870702
468.15432825 49.63106265
472.39951513 57.62200265
471.15093075 59.37002078
476.89441888 59.61973765
482.38819013 60.36888828
482.13847326 89.58576266
494.12488326 67.36096078
501.36667264 69.10897891
501.36667264 64.11464140
507.85931140 62.11690640
507.11016077 70.35756328
504.61299202 83.09312391
491.12828076 80.34623829
496.87176889 75.35190078
483.38705763 33.89889952
480.88988888 37.89436952
486.13394326 37.39493577
487.38252764 39.64238764
490.87856389 51.62879765
473.89781638 53.12709890
480.88988888 54.87511702
468.90347888 74.35303328
502.86497389 49.63106265
506.11129327 48.38247827
509.60732952 48.88191202
501.86610639 42.63899014
494.37460014 40.89097202
485.63450951 46.88417702
490.62884701 45.13615890
478.14300326 46.38474327
467.90461138 27.65597764
459.91367137 23.41079076
454.91933387 23.41079076
449.67527949 25.15880889
473.89781638 26.90682701
476.64470201 30.40286326
473.39838263 30.65258014
469.15319575 30.65258014
472.14979825 35.64691764
473.14866576 40.39153827
489.38026264 22.41192326
496.12261827 23.91022451
496.87176889 22.66164014
501.11695577 23.66050764
500.11808827 20.66390513
506.11129327 21.66277263
506.36101014 25.15880889
504.36327514 25.65824264
500.11808827 26.90682701
485.38479264 29.40399576
490.62884701 28.65484514
494.12488326 30.65258014
497.62091952 29.15427889
498.37007014 32.65031514
491.37799764 34.64805014
503.61412452 31.40173076
508.60846202 31.40173076
440.93518887 147.76979457
496.12261827 37.89436952
399.23247072 42.63899014
365.77040946 38.14408639
360.52635508 36.39606827
354.53315008 35.64691764
350.53768008 36.14635139
347.04164382 37.39493577
344.29475820 38.14408639
346.54221007 41.88983952
312.83043193 32.90003201
315.07788381 51.63101473
316.07675131 43.14064097
311.08241381 43.14064097
575.28286767 259.89488857
603.25115769 200.96170604
624.22737520 205.45660979
493.37573264 272.88016607
646.20246021 181.48378978
637.21265270 171.99454853
653.19453271 172.99341603
631.21944770 139.03192101
642.70642395 132.53928226
650.19793021 153.01606602
636.71321895 160.00813852
657.68943646 162.50530727
668.17754522 179.98548853
670.17528022 134.03758351
665.68037646 139.53135476
658.18887021 125.54720976
622.72907395 140.03078851
609.24436269 98.07835350
508.35874515 37.89436952
517.59826952 32.65031514
519.84572140 32.15088139
515.10110077 44.38700827
520.09543828 46.13502640
506.86044389 42.88870702
520.59487203 37.39493577
524.34062515 36.89550202
537.57561953 70.85699703
526.33836015 87.08859391
538.32477016 86.08972641
521.59373953 69.85812953
516.59940202 66.61181015
527.08751078 62.11690640
547.81401141 62.11690640
539.07392078 65.61294265
551.80948141 70.35756328
544.81740891 71.35643078
548.56316204 66.36209328
556.80381892 87.33831079
563.79589142 91.08406392
544.31797516 89.58576266
547.81401141 89.58576266
554.80608392 79.59708766
572.53598205 75.10218391
580.52692205 76.10105141
573.53484955 90.08519641
581.52578955 88.83661204
588.01842831 91.83321454
587.76871143 103.07047392
605.74832644 93.58123267
606.24776019 80.84567204
594.01163331 76.60048516
604.99917581 68.60954516
586.52012705 50.38021327
574.03428330 53.37681577
574.03428330 61.11803890
577.78003643 62.11690640
566.29306017 61.11803890
566.79249392 49.88077952
560.54957204 54.12596640
552.30891516 54.12596640
548.81287891 51.37908077
557.80268642 51.37908077
553.55749954 59.37002078
554.55636704 64.11464140
531.58241453 52.12823140
536.32703516 43.13842389
530.83326391 45.38587577
521.34402265 130.78904706
515.85025140 28.65484514
512.85364890 25.65824264
513.10336577 20.91362201
509.85704640 16.41871826
506.36101014 16.41871826
517.59826952 11.42438076
529.58467953 6.67976013
500.61752202 10.42551325
531.08298078 35.14748389
525.08977578 30.65258014
520.84458890 26.90682701
523.84119140 23.41079076
527.08751078 26.15767639
544.56769204 7.67862763
539.32363766 11.42438076
537.57561953 11.92381451
534.32930016 12.17353138
554.05693329 11.17466388
557.80268642 10.67523013
565.04447580 7.92834450
585.52125955 5.93060950
573.03541580 13.17239888
575.28286767 13.67183263
544.06825829 27.40626076
545.81627641 28.15541139
537.57561953 32.65031514
536.82646891 27.15654389
534.82873391 24.15994139
532.58128203 27.40626076
546.31571016 36.39606827
541.57108954 36.64578514
547.31457766 43.13842389
550.81061391 40.14182139
551.06033079 35.89663452
555.30551767 29.65371264
551.31004766 27.40626076
555.05580079 25.90795951
556.80381892 22.91135701
558.05240329 27.40626076
563.04674079 26.15767639
563.29645767 30.40286326
560.05013829 31.15201389
562.54730704 33.89889952
554.80608392 34.39833327
557.80268642 39.39267077
555.05580079 40.39153827
553.55749954 46.63446015
560.05013829 43.13842389
564.54504205 43.38814077
568.54051205 43.88757452
569.28966267 35.64691764
573.03541580 34.64805014
576.03201830 35.89663452
570.53824705 29.65371264
571.53711455 22.66164014
587.26927768 39.64238764
583.02409080 39.64238764
584.27267518 33.14974889
582.27494018 31.65144764
580.02748830 26.90682701
583.52352455 28.15541139
584.27267518 23.91022451
599.00597081 12.17353138
602.75172394 12.42324826
607.74606144 13.67183263
616.98558582 12.92268201
625.97539332 14.92041701
631.46916457 13.67183263
636.96293583 13.67183263
644.20472521 14.17126638
649.94821333 12.92268201
658.68830396 13.92154951
664.43179209 12.92268201
669.42612959 14.17126638
655.44198458 14.67070013
581.27607268 51.37908077
590.76531393 55.87398452
595.01050081 56.62313515
602.25229019 59.37002078
611.24209769 57.87171953
615.73700144 79.09765391
622.72907395 76.10105141
628.47256207 73.10444891
634.71548395 69.85812953
632.46803207 85.34057579
617.98445332 90.83434704
657.43971959 95.32925079
644.95387583 63.86492453
648.44991208 60.11917140
637.46236958 60.11917140
634.21605020 64.61407515
628.47256207 60.36888828
630.96973082 57.12256890
623.47822457 54.87511702
616.73586894 56.87285203
622.47935707 61.86718953
614.98785082 70.85699703
620.48162207 65.61294265
610.24323019 52.62766515
610.24323019 47.13389390
606.99691081 51.87851452
602.50200706 50.62993015
604.74945894 44.38700827
601.25342269 45.63559265
597.50766956 44.38700827
592.01389831 45.38587577
592.51333206 41.64012264
593.76191643 38.14408639
600.00483831 39.89210452
602.50200706 39.64238764
590.51559706 36.64578514
594.01163331 25.15880889
566.29306017 26.90682701
613.98898332 44.63672514
611.49181457 42.63899014
618.23417019 38.14408639
621.73020645 43.63785764
624.97652582 45.13615890
623.47822457 49.63106265
629.97086332 46.38474327
629.22171270 49.88077952
635.96406833 49.13162890
633.21718270 43.88757452
629.72114645 41.14068889
586.52012705 123.04782393
645.45330958 80.09652141
661.18547271 80.59595516
672.67244897 74.85246703
668.92669584 66.36209328
663.43292459 60.61860515
658.18887021 58.62087015
652.19566521 67.36096078
678.66565397 90.58463017
674.91990084 62.36662328
674.91990084 68.11011141
669.67584647 60.11917140
672.42273209 56.12370140
664.18207521 48.38247827
653.94368333 51.37908077
643.95500833 45.63559265
646.45217708 46.13502640
651.69623146 46.13502640
644.95387583 49.63106265
637.71208645 39.89210452
641.20812270 39.89210452
639.21038770 34.14861639
618.48388707 31.40173076
623.22850770 35.64691764
623.22850770 33.89889952
632.71774895 27.15654389
628.47256207 27.90569451
612.49068207 23.41079076
600.00483831 28.15541139
596.25908518 29.65371264
591.51446456 32.65031514
588.76757893 28.65484514
591.51446456 26.40739326
601.00370581 33.14974889
604.25002519 36.64578514
631.96859832 32.65031514
632.96746583 38.64352014
638.21152020 28.90456201
641.20812270 26.40739326
635.71435145 22.41192326
655.94141834 30.65258014
648.20019521 37.39493577
654.19340021 37.39493577
651.19679771 41.64012264
664.93122584 42.63899014
662.43405709 41.39040577
659.18773771 44.88644202
675.16961772 33.14974889
666.67924396 33.14974889
667.17867772 23.91022451
660.68603896 27.90569451
671.17414772 27.65597764
668.42726209 30.65258014
673.92103334 29.40399576
680.41367210 24.65937514
679.91423835 29.90342951
672.67244897 45.63559265
675.16961772 42.63899014
674.17075022 47.88304452
672.17301522 49.88077952
535.82760141 140.77772206
591.01503081 71.35643078
577.03088580 32.40059826
573.28513267 25.15880889
647.95047833 26.15767639
653.69396646 25.15880889
401.47992260 88.58911224
389.99294634 92.58458224
401.47992260 78.60043724
261.13903879 86.09194349
687.65546147 179.98548853
703.13790773 191.47246479
685.65772647 209.45207980
740.09600525 178.98662103
707.63281148 162.50530727
727.11072774 183.48152478
691.65093148 144.02625852
678.66565397 137.03418601
699.64187148 131.04098101
700.14130523 121.05230601
699.14243773 113.56079975
685.15829272 109.56532975
667.17867772 110.56419725
636.71321895 113.06136600
717.62148649 156.51210227
717.62148649 142.52795727
733.10393274 149.52002977
734.10280024 138.03305351
749.08581275 140.03078851
767.06542776 146.02399352
749.58524650 169.49737978
757.57618650 203.45887479
771.56033151 183.48152478
718.62035399 208.95264604
830.99294779 190.47359729
810.51616403 181.48378978
767.06542776 171.49511478
766.06656026 157.01153602
775.55580151 162.50530727
787.04277777 146.52342727
784.04617527 139.53135476
790.03938027 129.04324601
807.51956153 129.54267976
802.52522402 140.03078851
826.49804403 137.03418601
818.00767028 122.55060726
835.48785154 131.04098101
833.98955029 125.54720976
829.99408029 179.98548853
806.52069403 121.05230601
808.01899528 115.05910100
527.33722765 56.12591848
526.83779390 55.12705098
524.84005890 47.13611097
691.65093148 78.59822016
688.40461210 70.35756328
684.65885897 72.60501516
666.17981021 87.58802766
653.19453271 92.33264829
847.47426154 134.53480018
649.44877958 73.85359953
648.44991208 66.36209328
830.24379716 146.52121019
751.58298150 136.03310144
804.27324215 118.55292018
689.90291335 42.13955639
683.16055772 35.89663452
686.90631085 33.89889952
686.65659397 30.40286326
682.91084085 27.90569451
686.40687710 26.15767639
678.16622022 13.67183263
681.66225647 13.17239888
685.90744335 14.67070013
688.15489522 13.17239888
692.15036523 11.17466388
696.64526898 13.92154951
700.14130523 12.92268201
682.66112397 31.65144764
691.15149773 29.40399576
690.90178085 25.90795951
694.39781710 26.40739326
694.39781710 34.89776702
705.38535961 35.14748389
698.14357023 41.64012264
694.64753398 42.13955639
697.14470273 37.39493577
680.91310585 54.37568327
685.90744335 55.12483390
693.39894960 55.12483390
685.65772647 64.61407515
703.13790773 82.34397329
709.38082961 80.09652141
692.89951585 95.32925079
683.65999147 92.33264829
695.39668460 77.34963578
694.64753398 64.86379203
699.14243773 65.36322578
705.13564273 61.11803890
705.38535961 53.12709890
709.88026336 55.12483390
710.12998023 46.88417702
703.63734148 42.88870702
712.62714899 43.38814077
718.87007086 42.13955639
709.63054648 30.65258014
704.88592586 28.65484514
700.64073898 25.65824264
815.26078466 128.54159518
702.88819086 71.35643078
710.87913086 68.35982828
703.38762461 65.61294265
719.36950461 55.12483390
720.36837211 82.59369016
715.12431774 90.08519641
709.38082961 90.83434704
730.10733024 90.58463017
731.60563149 79.59708766
738.59770400 98.82528704
719.36950461 100.07387142
737.59883650 106.56651017
749.58524650 105.81735955
750.33439713 92.58236517
754.82930088 100.57330517
745.58977650 95.32925079
750.58411400 98.07613642
761.07222276 97.07726892
761.07222276 90.08519641
764.31854213 79.59708766
773.30834964 79.59708766
777.05410276 80.34623829
758.82477088 71.85586453
741.84402337 63.61520765
741.59430650 68.11011141
747.58751150 64.11464140
754.57958400 64.11464140
754.57958400 59.37002078
759.82363838 67.36096078
729.60789649 70.85699703
735.35138462 64.11464140
732.10506524 57.62200265
729.10846274 58.37115328
736.84968587 62.11690640
719.86893836 50.62993015
779.55127151 94.82981704
790.78853089 91.83321454
793.03598277 100.57330517
800.27777215 91.33378079
808.51842903 94.82981704
817.25851966 106.31679330
820.25512216 91.08406392
811.76474840 81.34510579
809.76701340 74.85246703
796.53201902 76.85020203
792.78626590 73.10444891
717.12205274 12.92268201
722.36610711 14.67070013
710.37969711 17.16786888
727.85987837 11.92381451
732.10506524 15.66956763
738.09827025 15.41985076
742.09374025 13.67183263
747.33779463 14.92041701
752.33213213 15.41985076
755.82816838 15.41985076
757.57618650 15.41985076
761.57165651 14.67070013
766.56599401 13.67183263
769.81231339 15.41985076
773.30834964 12.92268201
777.05410276 13.92154951
779.05183776 13.67183263
782.04844027 13.92154951
790.78853089 15.41985076
793.53541652 13.67183263
798.28003715 15.41985076
801.02692277 13.17239888
806.52069403 14.67070013
808.51842903 13.92154951
814.26191715 12.92268201
816.25965216 12.17353138
819.75568841 12.17353138
843.72850842 9.67636263
713.12658274 27.40626076
716.62261899 29.90342951
719.11978774 34.39833327
715.62375149 36.39606827
713.37629961 36.89550202
706.88366086 37.89436952
723.86440836 36.39606827
729.10846274 40.89097202
723.61469149 41.14068889
722.61582399 44.88644202
740.59543900 58.62087015
741.09487275 54.37568327
741.09487275 50.62993015
738.34798712 48.63219515
734.85195087 49.88077952
733.85308337 39.39267077
747.58751150 58.87058703
747.58751150 55.12483390
747.08807775 50.38021327
752.33213213 53.62653265
753.33099963 49.63106265
748.33666213 41.39040577
747.08807775 43.38814077
741.34458962 41.64012264
744.09147525 40.39153827
741.84402337 36.89550202
737.34911962 36.39606827
769.81231339 67.61067766
772.80891589 64.61407515
763.81910838 61.86718953
764.56825901 56.62313515
757.82590338 50.87964702
757.57618650 46.13502640
755.32873463 41.88983952
760.32307213 38.14408639
763.06995776 42.63899014
764.06882526 48.13276140
773.80778339 50.87964702
782.04844027 61.86718953
781.54900652 68.35982828
793.53541652 64.61407515
802.52522402 72.60501516
808.01899528 70.35756328
799.77833840 70.85699703
798.28003715 58.62087015
790.78853089 56.87285203
810.26644715 64.61407515
817.00880278 74.85246703
820.75455591 71.85586453
814.26191715 68.11011141
825.49917653 69.10897891
822.50257403 77.84906953
831.24266466 75.35190078
840.98162279 83.59255766
843.47879154 97.82641954
837.98502029 101.32245579
845.97596029 93.58123267
841.73077342 71.85586453
845.22680967 74.85246703
836.73643591 71.60614766
836.98615279 62.11690640
830.49351404 63.61520765
835.48785154 57.12256890
810.01673028 55.37455077
724.36384212 21.66277263
721.61695649 22.66164014
728.60902899 29.65371264
728.10959524 31.65144764
741.09487275 33.39946577
738.09827025 27.65597764
735.85081837 28.65484514
734.85195087 20.66390513
750.08468025 33.89889952
747.58751150 29.15427889
743.84175837 27.40626076
744.09147525 22.16220639
765.56712651 23.66050764
761.57165651 27.90569451
757.57618650 23.66050764
754.82930088 23.66050764
749.58524650 23.41079076
753.58071650 30.40286326
761.82137338 32.40059826
767.31514463 33.14974889
772.80891589 33.14974889
770.56146401 30.40286326
732.10506524 33.89889952
728.35931212 25.15880889
768.56372901 41.39040577
772.30948214 41.64012264
663.93235834 70.85699703
721.61695649 78.34850328
717.62148649 67.36096078
777.30381964 71.85586453
678.66565397 47.13389390
687.40574460 49.88077952
652.19566521 56.12370140
789.53994652 50.13049640
786.29362714 47.88304452
779.80098839 47.38361077
776.30495214 46.88417702
783.79645839 42.13955639
777.05410276 40.89097202
778.80212089 36.14635139
772.30948214 25.15880889
775.55580151 25.15880889
735.10166774 75.60161766
867.95104530 177.48831978
842.97935779 167.99907853
853.46746655 177.98775353
844.97709279 139.03192101
865.95331030 136.53475226
847.47426154 125.54720976
845.47652654 115.05910100
837.98502029 112.06249850
829.49464654 108.56646225
858.46180405 148.52116227
883.43349156 140.03078851
892.92273281 144.02625852
861.95784030 274.37846732
868.94991280 168.49851228
891.92386531 177.48831978
887.42896156 167.00021103
873.94425031 146.02399352
895.91933532 155.51323477
899.91480532 164.50304228
930.87969783 193.96963354
930.87969783 168.49851228
924.88649283 156.51210227
909.40404657 156.51210227
908.40517907 141.52908977
992.31004911 258.89602107
891.42443156 118.55513726
899.41537157 194.96850104
969.83553035 148.52116227
961.84459034 150.01946352
950.35761409 153.01606602
938.37120408 145.02512602
926.88422783 145.02512602
964.84119285 170.49624728
975.82873535 167.49964478
984.31910910 154.01493352
992.31004911 153.01606602
981.82194035 147.02286102
970.33496410 139.03192101
998.80268786 183.48152478
1011.78796537 198.46453729
987.31571161 200.96170604
1015.28400162 156.51210227
1009.29079662 127.54494476
1007.79249536 121.05230601
989.81288036 130.54154726
977.32703660 124.54834226
960.84572284 131.04098101
951.85591534 129.04324601
948.85931284 134.53701726
941.86724034 109.56532975
924.38705908 127.54494476
910.40291407 114.06023350
919.89215533 113.56079975
897.41763657 108.06702850
904.40970907 105.07042600
855.46520155 96.08061850
863.45614155 115.55853475
871.94651530 86.59137724
867.95104530 75.60383474
843.47879154 62.61855723
806.14611871 50.62882161
799.02918777 49.87967098
794.65914246 50.62882161
789.16537121 43.88646598
775.43094308 30.65147160
813.63762497 47.25764379
804.89753434 42.88759848
810.26644715 42.13844785
809.01786278 44.63561661
806.89526934 39.26670379
800.02805527 42.26330629
796.78173590 37.64354410
792.78626590 36.39495973
800.15291371 38.39269473
788.79079589 33.77293254
782.79759089 31.27576379
784.92018433 26.78086004
788.04164527 24.15883285
790.78853089 26.15656785
794.15970871 28.90345347
798.77947090 27.77972754
803.77380840 36.76953504
807.64441996 31.15090535
810.39130559 29.27802879
807.39470309 28.52887816
803.39923309 29.40288722
806.89526934 24.90798347
800.77720590 24.15883285
799.15404621 24.53340816
793.78513340 23.40968222
815.01106778 39.89099598
812.76361590 36.89439348
810.39130559 35.27123379
815.51050153 35.02151691
819.25625466 35.02151691
820.00540528 40.51528817
819.38111309 43.13731536
814.13705872 51.62768911
805.39696809 46.38363473
827.74662841 49.00566192
824.75002591 45.13505036
830.61837247 45.63448411
827.99634529 39.01698692
828.62063747 34.64694160
831.61723997 39.89099598
817.25851966 32.02491441
824.50030903 29.90232097
820.62969747 24.40854972
816.00993528 20.53793816
813.26304965 25.53227566
829.36978810 20.28822128
832.49124904 18.78992003
826.49804403 24.65826660
838.10987873 32.14977285
835.11327623 34.14750785
841.23133967 34.14750785
844.97709279 42.51302317
838.35959560 45.50962567
834.86355935 48.63108661
837.98502029 49.75481255
842.72964092 43.63674911
851.96916530 48.88080348
847.59911998 46.88306848
854.71605092 45.13505036
851.59458998 40.14071285
854.84090936 40.39042973
856.58892749 37.51868567
857.46293655 35.77066754
846.47539404 32.39948973
843.60364998 29.02831191
839.23360467 30.15203785
837.23586966 26.40628472
831.86695685 27.15543535
831.24266466 31.65033910
842.35506560 26.65600160
797.53088652 33.14974889
795.53315152 32.90003201
799.52862152 30.65258014
794.53428402 26.40739326
879.43802156 130.78904706
884.93179281 77.84906953
884.18264219 70.85699703
890.42556406 76.10105141
894.67075094 89.58576266
887.42896156 92.83208204
909.15432970 94.08066642
872.19623218 95.82868454
873.94425031 62.11690640
859.21095467 67.61067766
856.46406905 62.11690640
852.21888217 59.61973765
849.22227967 53.37681577
868.20076218 139.77885456
925.63564345 78.59822016
921.14073970 88.83661204
911.15206470 84.34170829
910.15319720 77.34963578
897.91707032 78.34850328
902.16225719 71.35643078
942.61639096 145.27262581
935.87403533 80.59595516
943.86497534 80.34623829
940.86837284 69.85812953
925.63564345 60.11917140
922.63904095 56.87285203
915.64696845 61.36775578
908.15546220 60.36888828
902.41197407 62.11690640
906.15772719 54.37568327
903.16112469 55.87398452
895.91933532 56.12370140
891.17471469 58.37115328
891.17471469 61.86718953
887.67867844 67.36096078
891.17471469 67.11124390
882.18490718 61.11803890
866.20302718 54.87511702
883.43349156 52.62766515
878.43915406 50.38021327
894.67075094 125.54499268
854.71605092 75.10218391
851.71944842 79.09765391
870.19849718 124.79584206
869.19962968 56.87285203
871.94651530 51.87851452
864.70472593 42.13955639
860.95897280 42.63899014
869.44934655 38.64352014
873.44481656 38.64352014
880.18717218 45.13615890
882.68434093 41.14068889
874.19396718 33.39946577
876.94085281 32.15088139
875.94198531 29.40399576
859.71038842 26.40739326
856.96350280 25.40852576
853.46746655 27.15654389
874.69340093 46.13502640
869.69906343 43.38814077
886.67981094 47.13389390
887.67867844 44.38700827
892.17358219 39.64238764
892.67301594 44.38700827
887.42896156 36.89550202
889.17697969 34.89776702
879.68773843 34.89776702
890.42556406 131.78791456
894.17131719 72.60501516
926.88422783 73.60388266
932.37799908 97.57670267
915.64696845 99.32472079
929.13167970 102.32132330
931.87856533 107.31566080
936.87290283 103.07047392
938.87063783 107.56537767
946.61186096 103.07047392
970.08524722 100.57330517
972.83213285 96.32811829
984.81854285 102.82075705
961.34515659 102.32132330
950.85704784 77.84906953
950.60733096 72.10558141
963.59260847 80.09652141
965.34062660 66.61181015
955.85138534 67.11124390
965.34062660 72.60501516
968.83666285 75.10218391
975.07958473 76.10105141
979.32477160 70.85699703
977.57675348 64.11464140
970.33496410 65.61294265
933.87630033 56.87285203
936.12375221 60.36888828
944.36440909 60.36888828
916.64583595 56.87285203
912.15093220 57.87171953
916.89555282 51.37908077
919.39272158 51.37908077
896.66848594 46.88417702
890.67528094 51.37908077
909.90348032 33.14974889
879.18830468 124.29640830
901.16338969 40.89097202
851.71944842 8.42777825
847.72397842 15.41985076
845.22680967 15.41985076
855.71491842 16.41871826
860.95897280 13.67183263
871.69679843 13.92154951
846.97482779 27.15654389
820.75455591 80.84567204
829.74436341 79.59708766
906.15772719 8.67749513
896.91820282 17.66730263
893.17244969 15.91928451
888.42782906 19.16560388
883.18377468 28.65484514
858.21208717 53.37681577
855.96463530 48.63219515
868.20076218 48.63219515
875.19283468 56.87285203
870.44821405 31.65144764
859.46067155 31.15201389
829.99408029 53.12709890
833.98955029 44.63672514
835.98728529 38.39380327
933.87630033 124.29640830
903.91027532 97.57670267
928.38252908 90.58463017
933.62658346 50.62993015
933.37686658 45.38587577
928.63224595 51.37908077
949.60846346 48.38247827
944.61412596 50.38021327
955.60166847 54.12596640
955.85138534 59.61973765
948.85931284 55.12483390
954.85251784 44.38700827
947.11129471 43.88757452
932.62771596 39.14295389
930.62998096 35.14748389
920.14187220 39.64238764
918.89328783 33.89889952
915.39725157 32.40059826
919.14300470 30.65258014
916.39611907 26.90682701
913.89895032 25.90795951
899.16565469 24.15994139
904.65942594 25.15880889
896.41876907 26.90682701
894.67075094 29.40399576
900.41423907 29.90342951
919.64243845 15.91928451
916.89555282 16.66843513
912.40064907 17.16786888
924.38705908 15.66956763
923.13847470 16.41871826
935.12488471 14.92041701
920.39158908 23.41079076
924.38705908 23.66050764
928.13281220 26.15767639
924.38705908 30.90229701
927.13394470 30.65258014
933.12714971 28.90456201
936.37346908 23.66050764
944.61412596 25.15880889
953.85365034 26.90682701
949.85818034 29.90342951
952.35534909 30.65258014
940.61865596 35.64691764
933.87630033 34.64805014
947.61072846 33.89889952
943.61525846 33.89889952
952.35534909 34.14861639
961.09543972 31.65144764
955.85138534 28.65484514
954.10336722 29.40399576
944.61412596 38.14408639
940.36893908 46.13502640
956.60053597 49.63106265
967.58807847 56.87285203
967.33836160 49.63106265
963.09317472 60.61860515
961.34515659 54.12596640
959.09770472 40.39153827
962.84345784 37.64465264
976.32816910 56.62313515
974.08071722 56.87285203
975.32930160 51.62879765
985.06825973 51.62879765
999.05240474 72.10558141
1013.53598349 96.57783517
1017.78117037 100.07387142
982.57109098 92.83208204
989.06372973 96.32811829
992.80948286 95.32925079
979.32477160 93.08179892
995.80608536 101.07273892
973.58128347 136.28281831
1005.04560974 67.11124390
992.80948286 61.36775578
988.31457911 47.88304452
976.32816910 43.38814077
978.57562098 40.39153827
975.57901848 37.39493577
971.58354847 39.39267077
967.58807847 42.63899014
964.59147597 42.63899014
959.59713847 42.88870702
966.83892785 35.64691764
1000.05127224 132.03763143
974.33043410 32.65031514
949.60846346 133.53593268
986.31684411 40.89097202
997.30438661 8.42777825
995.05693473 28.15541139
989.56316348 27.90569451
983.07052473 27.15654389
905.90801032 124.79584206
989.81288036 71.85586453
985.06825973 76.60048516
1004.04674224 84.84114204
1014.53485099 77.09991891
1021.27720662 78.34850328
1012.03768224 69.60841266
1018.28060412 65.61294265
1004.79589286 58.37115328
1003.04787474 51.62879765
1005.79476036 52.37794827
999.80155536 55.87398452
1000.05127224 48.38247827
997.05466973 48.88191202
992.80948286 55.37455077
992.06033223 47.88304452
989.56316348 42.88870702
994.55750098 41.64012264
997.30438661 41.88983952
988.06486223 37.89436952
984.31910910 36.14635139
995.05693473 37.39493577
999.30212161 38.39380327
1004.04674224 40.14182139
999.55183849 31.15201389
899.91480532 120.80037205
1021.27720662 56.87285203
1017.03201974 43.13842389
1010.03994724 52.62766515
1015.53371849 50.13049640
1019.27947162 51.37908077
1011.03881474 59.37002078
1017.78117037 58.62087015
1019.27947162 69.60841266
1005.04560974 28.90456201
1008.54164599 29.65371264
1013.78570037 31.15201389
1015.53371849 32.65031514
1019.27947162 33.14974889
1003.29759161 15.91928451
999.30212161 17.16786888
994.80721786 17.16786888
1008.54164599 15.91928451
1002.54844099 28.15541139
1018.28060412 28.65484514
1021.52692350 29.65371264
1020.02862224 37.89436952
1009.04107974 41.64012264
1013.78570037 43.38814077
799.52862152 170.99346395
907.40631157 116.05575143
983.56995848 64.11464140
986.31684411 62.11690640
918.89328783 73.60388266
917.14526970 68.11011141
914.14866720 67.61067766
918.14413720 65.36322578
913.89895032 48.13276140
907.90574532 46.88417702
905.65829344 49.63106265
903.91027532 45.13615890
814.01220028 77.09991891
812.76361590 73.10444891
675.91876834 58.74794567
746.58864400 77.97614505
796.03258527 53.75360816
799.77833840 53.50389129
803.27437465 53.25417441
476.14526826 55.00219254
489.87969639 59.24737942
485.13507576 63.49256629
497.37120264 59.24737942
560.29985517 135.16130945
430.94651386 89.96255506
448.42669512 93.45859131
489.38026264 158.63469571
489.62997951 160.38271384
574.78343392 68.23718692
409.47086260 91.21113943
698.64300398 138.03305351
673.67131647 118.55513726
679.16508772 118.55513726
684.15942522 121.05230601
749.58524650 118.55513726
726.61129399 124.54834226
792.53654902 115.05910100
763.06995776 112.06249850
844.97709279 204.45774229
818.50710403 212.94811605
820.00540528 199.46340479
773.05863276 193.96963354
786.04391027 190.47359729
633.71661645 266.88696107
567.29192767 183.48152478
555.80495142 124.54834226
541.82080641 99.57665475
837.48558654 15.17235096
836.48671904 88.58911224
408.97142885 99.07722100
335.05523382 76.10326849
273.12544879 63.11799098
278.11978629 63.11799098
605.74832644 259.89488857
495.37346764 151.01833102
540.32250516 108.06702850
532.83099891 111.56306475
595.26021768 254.40111731
314.07901631 122.05117351
576.28173518 41.64233972
784.04617527 51.63101473
785.54447652 99.07722100
769.56259651 136.53475226
760.57278901 131.54041476
630.72001395 130.54154726
620.23190519 122.05117351
427.94991136 156.51210227
637.21265270 226.43282730
632.21831520 190.47359729
335.05523382 30.65479722
343.54560757 23.66272471
341.04843882 25.66045971
313.57958256 73.60609974
1008.22327360 109.80876491
1017.22727040 18.95025172
949.08338551 20.20866514
954.81320166 23.07357321
964.63574363 28.80338936
965.86356137 26.34775387
975.27683076 24.30139096
986.32719047 15.70666674
1013.95308975 144.18766179
1019.68290590 136.00221015
1017.22727040 122.08694236
