108.03153745 766.33442838
35.49540079 734.79697766
12.36793693 707.46452037
72.28909330 699.05453351
46.00788436 665.41458607
12.36793693 664.36333771
14.47043364 620.21090670
43.90538765 608.64717477
35.49540079 575.00722733
87.00657030 587.62220762
77.54533509 634.92838371
113.28777924 637.03088042
100.67279895 675.92706965
149.03022339 691.69579501
149.03022339 750.56570302
170.05519054 778.94940867
198.43889619 739.00197109
128.00525624 637.03088042
117.49277267 612.85216820
124.85151117 593.92969777
124.85151117 580.26346912
133.26149803 550.82851511
99.62155059 559.23850197
93.31406045 531.90604468
81.75032852 527.70105125
42.85413929 540.31603154
23.93166886 542.41852825
28.13666229 506.67608410
12.36793693 508.77858081
18.67542707 483.54862024
8.16294350 465.67739816
10.26544021 449.90867280
27.08541393 453.06241787
32.34165572 435.19119580
43.90538765 495.11235217
54.41787122 477.24113009
82.80157687 502.47109067
98.57030223 474.08738502
79.64783180 459.36990802
63.87910644 435.19119580
79.64783180 429.93495401
65.98160315 401.55124836
63.87910644 386.83377135
49.16162943 378.42378449
48.11038108 401.55124836
31.29040736 400.50000000
19.72667543 400.50000000
20.77792378 368.96254928
26.03416557 348.98883049
34.44415243 338.47634691
69.13534823 355.29632063
77.54533509 339.52759527
54.41787122 309.04139290
44.95663601 293.27266754
19.72667543 291.17017083
19.72667543 251.22273325
48.11038108 262.78646518
43.90538765 244.91524310
9.58771353 237.03088042
11.69021025 228.09526938
32.71517740 212.32654402
30.61268068 228.09526938
40.59954008 221.78777924
53.74014455 229.67214192
55.31701708 208.12155059
43.22766097 197.08344284
40.59954008 178.68659658
32.18955322 171.85348226
14.31833114 183.41721419
10.63896189 196.55781866
7.48521682 189.72470434
18.52332457 167.64848883
17.99770039 157.13600526
22.72831800 145.04664915
29.56143233 136.63666229
9.58771353 132.95729304
12.21583443 120.34231275
30.08705650 119.81668857
9.58771353 112.98357424
19.04894875 110.88107753
10.63896189 101.94546649
22.72831800 98.79172142
5.38272011 90.38173456
52.68889619 274.35019711
67.40637319 272.24770039
60.57325887 249.64586071
70.56011827 197.08344284
75.81636005 216.00591327
64.77825230 186.04533509
78.97010512 181.31471748
73.18823916 169.22536137
65.30387648 161.86662286
45.33015769 167.12286465
48.48390276 153.98226018
43.22766097 141.36727989
49.00952694 135.05978975
65.30387648 142.94415243
60.04763469 129.80354796
49.53515112 122.97043364
55.84264126 121.39356110
45.33015769 117.18856767
57.41951380 109.82982917
46.90703022 105.09921156
37.44579501 106.15045992
68.45762155 119.81668857
74.76511170 115.08607096
72.66261498 108.25295664
77.39323259 102.99671485
81.59822602 93.00985545
82.64947438 138.21353482
90.00821288 129.27792378
92.11070959 110.88107753
97.89257556 115.08607096
112.08442838 109.82982917
104.20006570 97.21484888
92.11070959 104.04796321
76.86760841 128.22667543
82.12385020 169.75098555
91.58508541 186.04533509
109.98193167 167.64848883
109.45630749 152.40538765
91.58508541 147.67477004
84.22634691 150.82851511
99.99507227 140.31603154
108.40505913 131.90604468
104.72568988 123.49605782
123.12253614 138.73915900
116.28942181 149.77726675
78.97010512 225.99277267
78.97010512 243.33837057
78.97010512 251.74835742
96.31570302 260.15834428
85.80321945 292.22141919
102.09756899 295.37516426
84.22634691 311.66951380
102.09756899 317.45137976
105.77693824 412.58935611
108.40505913 443.07555848
99.99507227 381.57752957
109.98193167 367.91130092
110.50755585 356.87319317
112.08442838 336.89947438
114.71254928 312.19513798
141.51938239 319.02825230
148.35249671 347.41195795
162.54434954 367.91130092
142.04500657 391.56438896
147.82687254 422.57621551
154.65998686 443.07555848
177.26182654 436.76806833
170.95433640 425.20433640
166.22371879 414.69185283
193.03055191 397.87187911
208.79927727 379.47503285
210.90177398 364.75755585
196.18429698 360.02693824
195.13304862 327.96386334
179.88994744 317.97700394
173.58245729 306.93889619
177.78745072 266.99145861
164.12122208 268.56833114
145.19875164 280.13206307
138.36563732 274.87582129
132.58377135 263.31208936
120.49441524 261.73521682
113.13567674 241.23587385
113.66130092 227.56964520
95.26445466 228.09526938
85.27759527 207.07030223
102.09756899 211.80091984
114.71254928 215.48028909
110.50755585 194.98094612
102.09756899 179.21222076
127.32752957 190.77595269
134.68626807 182.36596583
135.21189225 172.37910644
119.96879106 175.53285151
137.84001314 163.96911958
134.68626807 145.57227332
134.68626807 134.00854139
121.54566360 128.22667543
123.64816032 112.98357424
126.80190539 106.67608410
134.16064389 101.94546649
128.37877792 88.80486202
128.90440210 69.88239159
114.18692510 66.72864652
139.94250986 111.40670171
136.26314060 119.81668857
144.67312746 127.17542707
142.57063075 131.90604468
149.40374507 146.09789750
142.04500657 157.13600526
156.23685940 156.61038108
155.71123522 169.22536137
160.96747700 178.68659658
157.28810775 199.18593955
145.19875164 208.64717477
137.84001314 220.21090670
145.72437582 235.45400788
135.73751643 245.44086728
153.08311432 334.27135348
218.26051248 429.93495401
214.58114323 419.94809461
235.60611038 407.33311432
230.87549277 389.98751643
242.96484888 374.21879106
223.51675427 342.68134034
230.34986859 326.91261498
198.81241787 316.92575558
198.81241787 296.42641261
194.60742444 279.08081472
218.78613666 295.90078844
210.37614980 269.61957950
219.31176084 268.56833114
207.74802891 256.47897503
181.46681997 242.81274639
160.44185283 231.77463863
181.99244415 201.81406045
176.21057819 190.25032852
180.41557162 178.16097240
173.58245729 171.32785808
180.41557162 161.34099869
177.78745072 147.67477004
167.27496715 151.35413929
156.76248357 129.80354796
172.00558476 122.97043364
165.17247043 110.88107753
157.28810775 99.84296978
167.27496715 100.36859396
181.99244415 112.98357424
173.05683311 107.20170828
180.94119580 132.95729304
184.09494087 125.07293035
200.91491459 146.62352168
201.44053876 125.59855453
207.74802891 116.13731932
192.13140604 653.85085414
182.67017083 604.44218134
233.13009198 707.46452037
213.15637319 665.41458607
249.95006570 644.38961892
272.02628121 616.00591327
298.30749014 670.67082786
298.30749014 712.72076216
259.41130092 757.92444152
283.59001314 768.43692510
305.66622865 792.61563732
340.35742444 714.82325887
334.04993430 671.72207622
372.94612352 704.31077530
380.30486202 743.20696452
393.97109067 729.54073587
406.58607096 669.61957950
404.48357424 650.69710907
441.27726675 618.10840999
419.20105125 604.44218134
433.91852825 585.51971091
379.25361367 590.77595269
316.17871222 577.10972405
301.46123522 607.59592641
281.48751643 532.95729304
251.00131406 559.23850197
234.18134034 573.95597898
224.72010512 553.98226018
234.18134034 523.49605782
253.10381078 503.52233903
233.13009198 475.13863338
203.69513798 468.83114323
169.00394218 468.83114323
178.46517740 508.77858081
126.95400788 493.00985545
119.59526938 511.93232589
138.51773982 519.29106439
119.59526938 474.08738502
123.80026281 456.21616294
135.36399474 474.08738502
332.99868594 548.72601840
329.84494087 527.70105125
342.45992116 523.49605782
358.22864652 527.70105125
336.15243101 503.52233903
285.69250986 510.88107753
281.48751643 473.03613666
255.20630749 469.88239159
232.07884363 456.21616294
252.05256242 435.19119580
252.05256242 406.80749014
273.07752957 361.60381078
283.59001314 367.91130092
277.28252300 342.68134034
279.38501971 322.70762155
249.95006570 321.65637319
233.13009198 286.96517740
256.25755585 300.63140604
462.30223390 663.31208936
440.22601840 749.51445466
482.27595269 701.15703022
525.37713535 732.69448095
553.76084100 715.87450723
553.76084100 676.97831800
554.81208936 640.18462549
509.60840999 633.87713535
532.73587385 619.15965834
555.86333771 618.10840999
521.17214192 587.62220762
543.24835742 569.75098555
503.30091984 555.03350854
451.78975033 529.80354796
422.35479632 550.82851511
408.68856767 540.31603154
414.99605782 517.18856767
400.27858081 510.88107753
375.04862024 515.08607096
361.38239159 501.41984231
348.76741130 495.11235217
371.89487516 477.24113009
336.15243101 464.62614980
321.43495401 486.70236531
300.40998686 474.08738502
296.20499343 439.39618922
279.38501971 435.19119580
294.10249671 406.80749014
310.92247043 414.16622865
324.58869908 436.24244415
339.30617608 409.96123522
335.10118265 384.73127464
323.53745072 373.16754271
302.51248357 380.52628121
308.81997372 351.09132720
319.33245729 338.47634691
304.61498029 337.42509855
298.30749014 296.42641261
281.48751643 304.83639947
261.51379763 266.99145861
252.05256242 262.78646518
237.33508541 253.32522996
226.82260184 241.76149803
214.20762155 230.19776610
201.59264126 233.35151117
175.31143233 219.68528252
204.74638633 207.07030223
212.10512484 199.71156373
196.33639947 191.30157687
202.64388962 177.63534823
196.33639947 157.66162943
212.10512484 170.27660972
225.77135348 187.09658344
225.77135348 208.12155059
236.28383706 206.01905388
232.07884363 214.42904074
241.54007884 216.53153745
245.74507227 223.89027595
264.66754271 216.53153745
255.20630749 201.81406045
281.48751643 250.17148489
276.23127464 237.55650460
279.38501971 268.04270696
295.15374507 278.55519054
301.46123522 254.37647832
313.02496715 254.37647832
292.00000000 231.24901445
283.59001314 216.53153745
280.43626807 207.07030223
269.92378449 200.76281209
275.18002628 191.30157687
370.84362681 427.83245729
397.12483574 471.98488830
398.17608410 452.01116951
395.02233903 488.80486202
426.55978975 496.16360053
421.30354796 471.98488830
446.53350854 459.36990802
426.55978975 430.98620237
418.14980289 413.11498029
429.71353482 398.39750329
447.58475690 393.14126150
399.22733246 388.93626807
354.02365309 389.98751643
359.27989488 355.29632063
469.66097240 516.13731932
447.58475690 500.36859396
468.60972405 468.83114323
453.89224704 436.24244415
470.71222076 408.90998686
477.01971091 385.78252300
498.04467806 405.75624179
512.76215506 418.37122208
503.30091984 441.49868594
506.45466491 468.83114323
519.06964520 475.13863338
493.83968463 502.47109067
537.99211564 529.80354796
537.99211564 510.88107753
525.37713535 464.62614980
565.32457293 468.83114323
553.76084100 443.60118265
556.91458607 406.80749014
575.83705650 420.47371879
567.42706965 391.03876478
569.52956636 368.96254928
560.06833114 347.93758213
542.19710907 327.96386334
524.32588699 318.50262812
511.71090670 321.65637319
518.01839685 351.09132720
481.22470434 355.29632063
487.53219448 339.52759527
467.55847569 357.39881735
445.48226018 351.09132720
420.25229961 364.75755585
397.12483574 362.65505913
376.09986859 343.73258870
396.07358739 341.63009198
349.81865966 341.63009198
342.45992116 331.11760841
342.45992116 313.24638633
328.79369251 304.83639947
368.74113009 330.06636005
355.07490145 317.45137976
389.76609724 314.29763469
388.71484888 278.55519054
373.99737188 262.78646518
360.33114323 263.83771353
338.25492773 264.88896189
326.69119580 278.55519054
306.71747700 284.86268068
421.98127464 330.59198423
429.34001314 357.92444152
430.91688568 317.45137976
437.75000000 311.66951380
397.80256242 301.15703022
404.11005256 288.54204993
373.09822602 248.06898817
354.70137976 247.54336399
345.24014455 241.23587385
334.20203679 252.27398160
323.16392904 257.53022339
326.84329829 240.18462549
310.02332457 242.81274639
305.29270696 234.92838371
309.49770039 222.83902760
312.12582129 207.07030223
322.63830486 196.03219448
343.13764783 192.87844941
338.40703022 219.15965834
324.74080158 221.26215506
357.85512484 221.26215506
380.98258870 224.41590013
393.59756899 225.99277267
389.39257556 210.74967148
368.36760841 202.86530880
357.32950066 202.86530880
365.21386334 184.46846255
377.82884363 190.25032852
337.88140604 179.73784494
318.43331143 177.10972405
316.33081472 185.51971091
329.99704336 168.69973719
334.72766097 156.08475690
320.01018397 155.55913272
336.83015769 143.46977661
329.47141919 131.90604468
342.08639947 131.90604468
332.62516426 118.76544021
343.13764783 118.76544021
346.81701708 106.67608410
334.72766097 109.82982917
353.65013141 167.12286465
349.97076216 179.21222076
372.57260184 161.86662286
383.08508541 170.27660972
397.27693824 167.12286465
366.26511170 147.67477004
369.41885677 137.16228647
355.22700394 128.75229961
366.26511170 122.44480946
359.95762155 114.03482260
355.75262812 107.20170828
363.11136662 95.11235217
372.04697766 108.77858081
378.88009198 90.90735874
364.16261498 79.34362681
346.29139290 89.33048620
321.58705650 95.11235217
312.12582129 95.11235217
314.75394218 84.07424442
301.61333771 86.17674113
399.90505913 255.95335085
397.27693824 240.71024967
415.14816032 229.67214192
423.03252300 239.13337714
425.66064389 250.69710907
416.72503285 273.82457293
456.14684625 275.92706965
455.09559790 264.36333771
444.05749014 244.91524310
458.77496715 301.15703022
437.75000000 298.00328515
470.33869908 315.87450723
478.74868594 286.43955322
479.79993430 275.92706965
489.26116951 294.32391590
495.04303548 283.81143233
501.35052562 305.36202365
517.64487516 298.52890933
515.54237845 280.13206307
500.82490145 270.14520368
502.92739816 260.68396846
471.91557162 262.26084100
473.49244415 240.71024967
456.67247043 229.67214192
461.40308804 222.83902760
471.38994744 204.44218134
472.44119580 194.98094612
458.77496715 191.30157687
451.94185283 196.03219448
444.05749014 212.32654402
441.42936925 196.03219448
419.35315375 195.50657030
413.57128778 184.99408673
406.21254928 183.41721419
404.11005256 190.77595269
403.05880420 202.33968463
411.99441524 210.22404731
508.70926413 243.86399474
485.58180026 220.73653088
487.68429698 206.54467806
502.92739816 201.28843627
490.83804205 190.25032852
501.87614980 191.82720105
498.72240473 182.89159001
517.11925099 225.46714849
516.59362681 212.85216820
525.00361367 233.87713535
509.23488830 231.77463863
523.95236531 273.29894875
522.90111695 260.68396846
538.66984231 240.18462549
542.87483574 228.62089356
548.13107753 216.00591327
540.77233903 200.23718791
557.59231275 198.66031537
541.29796321 193.40407359
531.83672799 187.62220762
523.95236531 188.14783180
509.76051248 168.17411301
552.33607096 276.45269382
536.56734560 271.72207622
544.45170828 265.94021025
567.05354796 251.22273325
560.22043364 246.49211564
572.83541393 243.33837057
575.98915900 221.78777924
571.25854139 197.60906702
561.79730618 172.37910644
548.13107753 175.00722733
538.66984231 177.10972405
531.83672799 166.59724047
521.32424442 168.69973719
524.47798949 176.05847569
539.19546649 157.13600526
526.05486202 149.25164258
522.90111695 157.66162943
536.56734560 136.11103811
542.87483574 134.00854139
547.60545335 125.07293035
562.32293035 123.49605782
576.51478318 126.64980289
565.47667543 135.05978975
561.79730618 147.14914586
545.50295664 149.77726675
563.37417871 156.61038108
571.25854139 159.23850197
581.77102497 157.13600526
570.20729304 308.51576873
574.93791064 186.30814717
581.24540079 195.76938239
576.51478318 112.72076216
446.15998686 180.00065703
435.12187911 158.45006570
438.27562418 146.36070959
414.09691196 140.57884363
399.90505913 139.52759527
387.81570302 140.05321945
396.22568988 123.75886991
389.39257556 124.81011827
376.25197109 122.70762155
420.40440210 175.79566360
418.30190539 166.33442838
410.94316689 162.65505913
442.48061761 161.07818660
448.26248357 154.24507227
458.77496715 146.88633377
456.67247043 159.50131406
459.30059133 166.33442838
461.92871222 175.79566360
471.38994744 175.79566360
472.96681997 167.38567674
481.37680683 164.23193167
481.90243101 152.66819974
469.81307490 156.34756899
468.23620237 163.18068331
467.71057819 184.20565046
493.99178712 165.80880420
504.50427070 153.71944809
508.70926413 133.74572930
496.61990802 133.74572930
485.58180026 135.84822602
483.47930355 123.75886991
475.59494087 119.02825230
452.46747700 125.33574244
454.04434954 114.29763469
429.34001314 133.74572930
413.57128778 112.72076216
404.63567674 113.24638633
386.76445466 102.73390276
237.33508541 188.93626807
248.37319317 208.90998686
253.10381078 178.42378449
254.68068331 189.98751643
268.87253614 173.69316689
275.70565046 164.75755585
282.01314060 154.77069645
272.55190539 154.77069645
252.05256242 160.02693824
237.86070959 170.53942181
225.24572930 143.20696452
209.47700394 151.61695138
212.10512484 142.68134034
236.28383706 137.95072273
239.43758213 155.29632063
246.79632063 146.36070959
248.37319317 137.95072273
244.16819974 131.11760841
230.50197109 117.45137976
223.66885677 115.34888305
213.15637319 106.41327201
204.74638633 106.41327201
210.00262812 98.00328515
191.08015769 109.56701708
190.55453351 101.15703022
191.08015769 85.38830486
181.09329829 87.49080158
170.58081472 89.06767411
161.11957950 84.33705650
234.18134034 104.31077530
233.65571616 93.79829172
222.09198423 89.59329829
238.91195795 86.96517740
246.27069645 102.20827858
255.20630749 100.10578187
251.00131406 115.87450723
267.82128778 119.02825230
279.38501971 132.69448095
286.74375821 134.79697766
297.78186597 141.10446781
306.19185283 140.05321945
305.66622865 151.61695138
299.35873850 156.87319317
293.05124836 183.15440210
295.15374507 204.70499343
285.16688568 195.24375821
265.71879106 140.05321945
262.56504599 132.16885677
278.85939553 117.97700394
288.84625493 118.50262812
288.84625493 107.46452037
301.46123522 129.54073587
310.39684625 133.74572930
308.29434954 117.97700394
299.88436268 109.04139290
296.73061761 96.42641261
285.69250986 101.15703022
276.75689882 91.69579501
267.82128778 96.95203679
284.64126150 83.28580815
273.07752957 79.08081472
254.68068331 89.06767411
251.00131406 78.02956636
240.48883049 73.82457293
223.66885677 68.56833114
227.87385020 64.36333771
216.83574244 58.58147175
203.69513798 71.19645204
206.84888305 81.18331143
245.74507227 66.46583443
252.05256242 60.68396846
244.69382392 57.00459921
234.18134034 53.85085414
262.56504599 53.85085414
262.56504599 64.36333771
257.30880420 72.77332457
278.33377135 63.83771353
282.01314060 53.85085414
272.55190539 47.01773982
290.42312746 53.85085414
299.88436268 44.91524310
286.74375821 43.33837057
307.76872536 46.49211564
303.56373193 58.58147175
295.67936925 66.46583443
299.35873850 73.29894875
309.87122208 69.09395532
316.17871222 62.78646518
322.48620237 74.87582129
324.06307490 81.70893561
335.10118265 82.76018397
343.51116951 80.13206307
339.30617608 72.77332457
334.57555848 66.46583443
328.26806833 60.15834428
331.42181340 54.90210250
318.28120894 54.37647832
327.21681997 48.06898817
314.60183968 45.44086728
319.33245729 43.86399474
340.35742444 51.74835742
339.83180026 42.28712221
349.29303548 53.85085414
357.17739816 60.68396846
351.39553219 62.26084100
359.27989488 52.79960578
361.38239159 42.28712221
372.94612352 43.86399474
367.16425756 53.85085414
368.74113009 63.31208936
378.72798949 61.73521682
379.77923784 51.22273325
387.66360053 53.32522996
389.76609724 60.15834428
395.02233903 52.79960578
395.54796321 37.55650460
406.58607096 30.72339028
387.66360053 29.67214192
381.35611038 30.72339028
400.80420499 43.33837057
410.79106439 42.28712221
411.84231275 51.74835742
420.77792378 49.64586071
419.72667543 64.36333771
414.99605782 76.97831800
409.73981603 80.65768725
408.68856767 90.11892247
406.58607096 72.24770039
396.07358739 76.45269382
392.39421813 94.32391590
389.76609724 85.38830486
373.99737188 84.86268068
380.30486202 103.25952694
391.86859396 110.61826544
410.26544021 101.15703022
147.45335085 74.87582129
158.49145861 72.24770039
140.09461235 66.99145861
136.94086728 63.83771353
141.67148489 52.79960578
136.41524310 53.85085414
155.33771353 53.85085414
143.24835742 42.81274639
159.54270696 43.33837057
151.13272011 37.03088042
147.97897503 30.72339028
139.56898817 28.09526938
148.50459921 16.53153745
147.97897503 8.64717477
140.09461235 8.12155059
158.49145861 18.10840999
154.28646518 10.74967148
166.90144547 13.90341656
169.52956636 23.36465177
178.99080158 21.78777924
186.87516426 12.85216820
177.41392904 13.90341656
175.31143233 29.67214192
166.90144547 28.62089356
165.32457293 37.03088042
167.42706965 44.38961892
171.10643890 55.42772668
175.31143233 49.12023653
192.13140604 44.38961892
196.33639947 55.42772668
187.92641261 50.69710907
186.87516426 39.13337714
183.72141919 33.87713535
186.34954008 25.99277267
200.54139290 27.56964520
208.42575558 41.23587385
208.95137976 34.40275953
215.25886991 38.08212878
211.57950066 28.62089356
221.56636005 29.14651774
228.92509855 31.77463863
226.29697766 45.44086728
223.14323259 38.60775296
247.32194481 47.01773982
237.33508541 38.60775296
244.69382392 30.72339028
236.28383706 27.04402102
234.18134034 17.58278581
225.77135348 19.68528252
218.93823916 19.15965834
211.57950066 17.05716163
208.42575558 10.22404731
215.25886991 7.59592641
228.92509855 7.59592641
234.70696452 4.44218134
244.69382392 7.59592641
247.32194481 15.48028909
246.79632063 18.63403417
245.74507227 24.41590013
256.78318003 17.58278581
260.98817346 28.62089356
263.61629435 21.78777924
263.09067017 10.22404731
257.83442838 3.91655716
274.65440210 19.68528252
275.70565046 31.24901445
255.20630749 37.03088042
286.74375821 35.45400788
287.26938239 24.41590013
281.48751643 10.74967148
290.94875164 10.22404731
299.35873850 22.83902760
297.25624179 32.30026281
304.61498029 35.45400788
306.19185283 18.10840999
320.38370565 20.73653088
328.26806833 17.05716163
319.85808147 11.80091984
316.17871222 30.19776610
317.22996058 35.45400788
330.89618922 36.50525624
332.47306176 24.94152431
337.20367937 29.14651774
349.29303548 30.19776610
345.08804205 24.41590013
344.03679369 10.74967148
360.33114323 21.26215506
354.02365309 11.80091984
370.31800263 12.85216820
378.20236531 20.21090670
389.76609724 17.58278581
392.39421813 9.69842313
365.06176084 30.19776610
34.81767411 44.38961892
20.10019711 24.41590013
11.16458607 20.21090670
7.48521682 11.80091984
20.10019711 12.85216820
30.08705650 21.78777924
30.61268068 4.44218134
44.27890933 39.65900131
62.67575558 27.04402102
54.79139290 12.85216820
74.76511170 13.90341656
71.08574244 19.68528252
71.08574244 25.46714849
77.91885677 23.89027595
84.22634691 31.77463863
80.02135348 29.67214192
92.11070959 43.33837057
103.14881735 48.06898817
102.09756899 41.23587385
107.87943495 39.13337714
101.04632063 33.35151117
92.63633377 11.27529566
74.76511170 7.59592641
112.61005256 19.15965834
108.93068331 11.80091984
123.12253614 9.17279895
127.32752957 16.00591327
116.81504599 29.14651774
116.28942181 42.28712221
127.32752957 46.49211564
118.39191853 53.32522996
108.40505913 58.05584757
133.63501971 38.60775296
174.63370565 8.12155059
188.29993430 72.77332457
189.35118265 62.26084100
175.68495401 72.77332457
429.34001314 90.64454665
437.22437582 86.96517740
439.85249671 113.77201051
446.68561104 85.91392904
433.54500657 78.55519054
423.03252300 73.29894875
425.13501971 64.36333771
431.96813403 71.72207622
433.54500657 60.15834428
431.44250986 46.49211564
442.48061761 48.59461235
441.42936925 56.47897503
451.41622865 59.10709593
445.63436268 74.35019711
459.82621551 68.04270696
471.38994744 59.63272011
476.12056505 47.54336399
458.77496715 43.86399474
444.05749014 32.82588699
450.89060447 29.67214192
435.64750329 30.72339028
438.27562418 22.31340342
426.71189225 26.51839685
419.87877792 33.87713535
420.93002628 19.15965834
425.13501971 9.69842313
434.59625493 9.69842313
404.11005256 12.32654402
457.19809461 17.05716163
469.28745072 16.00591327
458.77496715 32.30026281
473.49244415 35.97963206
486.10742444 31.24901445
479.79993430 17.58278581
488.73554534 11.80091984
497.67115637 9.69842313
493.99178712 51.22273325
484.00492773 60.15834428
488.20992116 40.71024967
476.12056505 75.40144547
490.31241787 72.24770039
490.31241787 106.41327201
478.22306176 98.00328515
475.59494087 107.46452037
504.50427070 76.97831800
507.13239159 99.05453351
507.65801577 112.19513798
517.64487516 107.46452037
526.58048620 103.25952694
521.32424442 85.91392904
531.83672799 91.69579501
536.56734560 100.10578187
528.68298292 83.28580815
528.15735874 72.77332457
525.00361367 60.15834428
521.84986859 48.59461235
516.06800263 44.38961892
521.32424442 37.55650460
503.45302234 35.97963206
504.50427070 17.58278581
509.23488830 10.74967148
516.06800263 26.51839685
517.64487516 17.05716163
521.84986859 7.59592641
539.19546649 27.56964520
534.99047306 34.92838371
540.77233903 16.00591327
538.14421813 8.64717477
532.88797635 18.10840999
525.00361367 19.15965834
535.51609724 64.88896189
542.34921156 64.36333771
536.56734560 51.74835742
553.91294350 40.71024967
560.74605782 38.60775296
572.83541393 44.38961892
568.63042050 54.37647832
567.57917214 66.99145861
557.06668857 49.64586071
551.81044678 98.00328515
541.82358739 90.11892247
548.13107753 79.08081472
566.00229961 88.01642576
574.41228647 91.17017083
540.77233903 111.66951380
528.15735874 125.86136662
518.17049934 123.75886991
523.42674113 114.29763469
568.10479632 96.95203679
553.38731932 24.94152431
562.84855453 11.27529566
572.83541393 9.17279895
579.14290407 17.05716163
572.30978975 24.94152431
573.88666229 32.82588699
551.28482260 16.53153745
