957.89296636 425.01325178
919.82466871 445.77777778
921.30784913 424.02446483
881.75637105 440.83384302
866.92456677 446.27217125
824.90112130 448.24974516
847.14882773 427.48521916
893.12742100 404.74311927
923.28542304 410.67584098
879.77879715 371.12436290
948.49949032 355.79816514
926.25178389 346.89908257
940.09480122 340.47196738
951.46585117 318.22426096
966.29765545 412.15902141
866.43017329 392.87767584
857.53109072 364.20285423
839.23853211 375.07951070
816.00203874 392.87767584
769.52905199 413.14780836
783.37206932 437.86748216
749.75331295 431.93476045
788.81039755 389.91131498
772.49541284 395.34964322
759.14678899 381.01223242
805.12538226 371.61875637
820.45158002 353.32619776
849.12640163 335.03363914
809.08053007 340.96636086
849.12640163 318.71865443
896.09378186 330.58409786
892.13863405 353.82059123
909.44240571 315.25790010
911.41997961 286.58307849
950.97145770 303.39245668
933.17329256 294.49337411
954.43221203 272.74006116
947.51070336 260.38022426
922.79102956 267.30173293
911.91437309 274.22324159
813.53007136 305.37003058
934.65647299 232.19979613
906.97043833 249.50356779
854.07033639 247.52599388
882.25076453 238.62691131
882.25076453 274.22324159
891.64424057 266.31294597
871.37410805 292.51580020
861.98063201 301.90927625
825.88990826 267.30173293
817.48521916 262.35779817
794.24872579 231.70540265
782.38328236 256.42507645
805.61977574 295.97655454
788.81039755 288.06625892
772.00101937 324.15698267
760.62996942 304.87563710
750.74209990 304.87563710
736.89908257 312.29153925
732.94393476 320.69622834
759.14678899 349.86544343
791.77675841 356.78695209
721.07849134 422.54128440
739.86544343 395.34964322
736.40468909 376.31549439
732.94393476 350.35983690
718.11213048 356.04536188
692.15647299 351.34862385
656.80733945 370.38277268
643.21151886 377.79867482
661.00968400 357.28134557
657.05453619 331.32568807
676.58307849 382.74260958
702.29153925 386.45056065
561.88379205 401.00968400
526.78185525 398.04332314
508.48929664 395.07696228
536.17533129 339.21049949
554.46788991 350.58154944
573.74923547 328.82823649
619.23343527 329.81702345
618.24464832 361.95259939
596.49133537 379.75076453
563.86136595 380.24515800
644.94189602 428.20132518
674.60550459 298.67023445
687.95412844 291.25433231
708.71865443 290.75993884
699.32517839 261.09633028
748.76452599 269.99541284
738.38226300 289.27675841
648.40265036 298.17584098
655.81855250 313.99643221
632.08766565 310.53567788
626.64933741 295.70387360
615.27828746 298.17584098
633.07645260 269.00662589
655.81855250 266.53465851
678.56065240 259.11875637
637.03160041 253.18603466
608.35677880 262.57951070
576.71559633 263.07390418
571.27726809 293.23190622
597.97451580 282.35524975
593.03058104 300.64780836
533.70336391 325.36748216
523.81549439 315.97400612
531.72579001 295.70387360
516.89398573 275.92813456
492.66870540 322.40112130
493.65749235 356.51427115
494.15188583 370.35728848
494.15188583 399.52650357
557.92864424 243.79255861
516.89398573 264.06269113
584.13149847 248.73649337
616.26707441 236.87104995
667.68399592 246.75891947
713.16819572 268.51223242
766.06829766 244.28695209
689.93170234 435.88990826
698.83078491 425.01325178
539.63608563 434.90112130
507.00611621 440.33944954
603.90723751 429.95718654
590.55861366 439.35066259
612.31192661 418.09174312
549.77115189 271.99847095
492.17431193 255.68348624
472.39857288 267.05453619
458.80275229 266.06574924
488.21916412 292.02140673
484.01681957 302.15647299
469.43221203 323.66258919
439.02701325 301.90927625
464.73547401 287.07747197
439.76860347 338.49439348
429.88073394 267.30173293
416.53211009 277.18960245
419.00407747 251.97553517
408.12742100 260.38022426
369.07033639 252.96432212
341.38430173 282.13353721
381.43017329 280.15596330
387.36289501 292.51580020
400.21712538 305.86442406
375.00305810 328.60652396
377.96941896 341.95514781
419.99286442 339.97757390
447.67889908 363.21406728
343.85626911 369.64118247
359.67686035 359.25891947
374.01427115 365.68603466
341.87869521 342.44954128
342.37308869 322.17940877
364.12640163 310.31396534
364.12640163 290.53822630
380.44138634 395.84403670
365.60958206 232.19979613
384.89092762 219.83995923
420.48725790 215.39041794
438.77981651 207.48012232
508.98369011 232.19979613
530.24260958 224.78389399
515.90519878 216.37920489
474.87054027 207.48012232
482.78083588 219.83995923
474.37614679 232.69418960
459.04994903 234.17737003
458.55555556 252.46992864
351.02497452 240.85168196
347.81141692 210.94087666
425.92558614 228.98623853
333.22680938 254.94189602
327.04689093 265.81855250
25.96126402 447.75535168
37.82670744 415.12538226
4.70234455 412.15902141
71.93985729 441.32823649
78.86136595 420.56371050
105.06422018 413.14780836
128.30071356 406.22629969
126.81753313 385.46177370
164.88583078 388.92252803
178.72884811 403.25993884
221.24668705 397.32721713
110.00815494 344.92150866
120.88481142 332.56167176
125.33435270 325.14576962
154.50356779 295.48216106
315.67584098 353.32619776
297.38328236 403.25993884
320.12538226 430.94597350
369.07033639 417.59734964
446.19571865 436.87869521
469.92660550 440.33944954
327.04689093 419.08053007
462.75790010 393.50840979
347.81141692 407.35142712
92.70438328 366.67482161
30.41080530 334.53924567
27.93883792 361.23649337
33.37716616 375.57390418
67.98470948 311.30275229
104.69342508 314.51630989
90.35601427 334.29204893
77.74898063 351.84301733
184.04357798 276.69520897
200.85295617 273.72884811
179.34683996 292.26860347
229.77497452 327.61773700
173.41411825 351.10142712
205.79689093 366.42762487
135.84021407 270.51529052
147.21126402 268.78491335
237.19087666 273.72884811
66.62512742 293.50458716
13.97222222 343.93272171
250.41590214 368.65239551
262.28134557 355.79816514
270.19164118 327.12334353
385.87971458 359.50611621
406.14984709 344.67431193
431.11671764 317.72986748
311.72069317 307.84199796
317.15902141 321.43781855
306.28236493 338.98878695
258.07900102 258.64984709
305.04638124 255.18909276
311.47349643 281.63914373
304.05759429 297.95412844
274.88837920 301.66207951
241.26962283 300.17889908
143.75050968 79.49209990
171.68374108 75.78414883
161.05428135 70.59301733
149.68323140 98.77344546
115.07568807 110.39169215
110.13175331 91.85193680
76.01860347 79.98649337
62.66997961 99.26783894
32.51197757 67.37945973
20.15214067 52.54765545
20.64653415 71.82900102
7.54510703 75.04255861
6.30912334 101.98700306
30.53440367 64.41309888
228.29179409 56.25560652
231.50535168 67.37945973
205.54969419 79.98649337
212.96559633 57.24439348
196.89780836 57.98598369
183.30198777 51.31167176
198.13379205 73.06498471
194.42584098 78.50331295
192.20107034 82.70565749
158.82951070 80.72808359
153.88557594 70.59301733
159.57110092 66.63786952
172.67252803 57.24439348
93.07517839 86.16641182
72.06345566 86.90800204
70.33307849 36.47986748
21.38812436 21.40086646
27.81523955 14.97375127
5.32033639 14.47935780
131.14347604 30.05275229
121.75000000 40.68221203
154.37996942 53.28924567
176.87487258 25.85040775
165.25662589 24.36722732
155.61595311 22.38965341
80.15914883 33.32173802
100.80007645 7.73687564
61.61939348 49.38952599
50.61913863 53.46827217
77.43998471 16.01796636
47.40558104 19.84951580
52.84390928 5.63570336
58.65303262 31.96215596
55.62487258 264.55708461
6.18552497 294.71508665
5.19673802 326.85066259
14.09582059 281.36646279
50.18654434 235.88226300
31.89398573 225.99439348
12.61264016 208.19622834
22.00611621 219.56727829
91.71559633 220.55606524
68.47910296 227.97196738
97.15392457 272.96177370
125.82874618 263.07390418
101.10907238 299.65902141
37.33231397 263.56829766
120.88481142 206.71304791
107.04179409 225.50000000
113.46890928 236.37665647
127.31192661 227.97196738
142.63812436 217.09531091
151.04281346 211.65698267
140.66055046 199.29714577
178.23445464 235.88226300
159.94189602 258.62436290
188.61671764 257.63557594
244.97757390 242.30937819
215.80835882 215.61213048
186.14475025 210.66819572
195.53822630 198.80275229
213.83078491 199.29714577
247.94393476 197.31957187
260.30377166 188.91488277
240.03363914 183.47655454
248.43832824 182.98216106
256.84301733 177.54383282
248.43832824 168.15035678
252.39347604 154.80173293
285.51783894 163.20642202
344.35066259 173.09429154
332.97961264 186.44291539
321.60856269 183.47655454
311.72069317 191.88124363
310.73190622 213.14016310
273.15800204 237.36544343
38.81549439 178.53261978
78.36697248 214.62334353
61.92838940 252.19724771
155.61595311 188.17329256
87.88404689 186.19571865
63.16437309 179.02701325
63.41156983 169.63353721
76.01860347 165.92558614
152.89678899 157.52089704
183.30198777 170.86952090
202.33613660 168.15035678
200.35856269 150.10499490
21.38812436 239.09582059
3.58995923 251.95005097
14.71381244 190.89245668
32.75917431 161.22884811
56.24286442 152.57696228
65.88353721 156.03771662
108.89576962 137.49796126
112.35652396 130.32925586
87.14245668 122.66615698
77.50178389 132.30682977
201.59454638 125.38532110
214.20158002 137.74515800
236.94367992 147.63302752
230.51656473 136.50917431
167.48139653 144.66666667
174.40290520 147.88022426
161.05428135 137.99235474
164.02064220 118.21661570
179.34683996 126.37410805
172.91972477 106.84556575
120.26681957 160.98165138
125.70514781 151.58817533
43.38863405 113.27268094
32.51197757 106.84556575
24.10728848 102.89041794
127.68272171 70.26044852
142.02013252 65.31651376
144.73929664 73.47400612
129.16590214 103.87920489
216.67354740 74.70998981
184.04357798 68.53007136
182.06600408 60.12538226
186.51554536 56.66462793
189.72910296 51.22629969
205.17889908 48.87793068
214.32517839 39.48445464
255.48343527 61.73216106
75.58600917 117.47502548
93.63137105 133.66641182
92.27178899 147.01503568
9.09008665 134.53160041
558.42303772 201.76911315
520.84913354 178.53261978
495.63506626 185.45412844
509.97247706 180.51019368
494.15188583 171.61111111
497.61264016 155.29612640
513.43323140 152.32976555
523.32110092 143.92507645
551.50152905 139.47553517
544.08562691 158.26248726
548.04077472 151.83537207
551.50152905 169.63353721
589.07543323 197.31957187
597.48012232 173.09429154
603.90723751 171.11671764
615.77268094 178.03822630
641.48114169 194.35321101
647.90825688 197.81396534
642.96432212 213.14016310
632.58205912 210.66819572
615.77268094 220.55606524
590.06422018 228.96075433
602.91845056 208.19622834
834.78899083 207.70183486
850.60958206 213.14016310
850.60958206 196.82517839
886.70030581 217.58970438
861.98063201 223.52242610
943.06116208 222.53363914
937.62283384 208.19622834
903.01529052 214.12895005
899.06014271 198.80275229
884.72273191 203.74668705
905.48725790 188.91488277
881.75637105 170.62232416
868.40774720 170.62232416
904.49847095 180.51019368
938.61162080 158.26248726
937.62283384 138.98114169
967.78083588 197.81396534
967.28644241 218.08409786
933.17329256 192.87003058
903.50968400 129.09327217
953.93781855 133.54281346
862.47502548 151.34097859
851.59836901 150.84658512
848.13761468 161.22884811
854.56472987 181.99337411
819.46279307 199.29714577
822.92354740 188.91488277
796.72069317 184.46534149
790.29357798 210.17380224
802.15902141 153.81294597
744.80937819 157.76809378
736.40468909 161.22884811
705.75229358 165.67838940
768.54026504 191.38685015
777.93374108 181.99337411
752.71967380 183.97094801
737.88786952 185.45412844
715.64016310 169.13914373
695.37003058 173.58868502
700.80835882 234.89347604
668.67278287 230.93832824
678.06625892 195.83639144
671.63914373 178.03822630
629.61569827 165.67838940
621.21100917 166.17278287
651.86340469 146.89143731
671.14475025 139.96992864
683.50458716 137.49796126
697.34760449 135.52038736
702.29153925 147.38583078
679.05504587 157.76809378
656.31294597 163.20642202
663.72884811 168.15035678
647.90825688 162.71202854
583.63710499 188.42048930
577.70438328 160.24006116
574.73802243 136.50917431
604.40163099 134.53160041
609.83995923 122.17176351
607.36799185 152.32976555
572.26605505 150.35219164
524.80428135 131.07084608
548.53516820 128.10448522
558.42303772 129.58766565
767.55147808 214.62334353
760.13557594 222.03924567
728.49439348 131.56523955
719.59531091 149.85779817
709.70744139 158.26248726
702.78593272 219.81447503
729.48318043 200.28593272
726.02242610 192.62283384
734.17991845 207.45463812
758.89959225 205.97145770
718.85372069 235.14067278
740.60703364 249.97247706
572.51325178 200.53312946
463.00509684 188.91488277
451.38685015 185.94852192
431.85830785 195.58919470
432.84709480 184.21814475
439.02701325 171.36391437
444.46534149 164.19520897
438.53261978 153.07135576
456.33078491 169.63353721
470.42099898 166.91437309
475.36493374 174.82466871
486.24159021 179.52140673
528.01783894 202.51070336
545.81600408 213.63455657
561.38939857 176.55504587
484.51121305 258.37716616
569.29969419 214.87054027
622.19979613 202.01630989
574.73802243 120.19418960
554.71508665 116.98063201
547.54638124 106.84556575
553.47910296 102.64322120
571.03007136 85.83384302
588.82823649 89.04740061
588.33384302 104.37359837
601.18807339 105.11518858
597.23292559 112.03669725
629.36850153 105.11518858
627.14373089 110.05912334
656.06574924 120.68858308
643.95310907 128.10448522
635.79561672 129.09327217
630.85168196 132.30682977
634.06523955 151.58817533
672.13353721 128.84607543
679.05504587 123.40774720
709.21304791 131.56523955
701.30275229 125.87971458
701.79714577 115.99184506
680.78542304 108.82313965
700.31396534 106.10397554
692.89806320 96.46330275
715.14576962 90.77777778
708.96585117 93.74413863
705.50509684 85.33944954
710.20183486 78.91233435
708.47145770 74.46279307
698.83078491 73.22680938
719.84250765 78.41794088
721.57288481 85.83384302
725.77522936 108.32874618
725.77522936 118.21661570
752.71967380 118.95820591
763.84352701 111.78950051
760.87716616 103.87920489
759.14678899 85.58664628
755.93323140 77.67635066
755.19164118 65.81090724
744.31498471 70.26044852
735.91029562 66.05810398
764.33792049 161.47604485
765.57390418 169.38634047
683.01019368 170.86952090
599.95208970 144.17227319
599.21049949 84.59785933
611.07594292 85.33944954
603.16564730 91.51936799
621.21100917 76.19317023
625.90774720 71.24923547
629.86289501 66.79969419
644.94189602 77.67635066
637.52599388 93.99133537
651.12181448 92.75535168
663.72884811 95.96890928
628.13251784 119.45259939
629.36850153 82.86748216
637.27879715 86.57543323
639.75076453 74.70998981
647.41386340 70.26044852
661.00968400 83.36187564
659.77370031 77.67635066
533.45616718 91.27217125
543.83843017 92.50815494
536.17533129 83.60907238
538.15290520 73.22680938
532.22018349 71.74362895
575.23241590 77.92354740
576.46839959 74.70998981
592.53618756 70.50764526
765.82110092 139.47553517
763.84352701 148.37461774
690.67329256 160.98165138
604.89602446 74.21559633
958.51095821 110.30632008
949.11748216 121.43017329
941.70158002 114.50866463
943.43195719 85.83384302
956.53338430 92.01376147
875.94724771 115.74464832
853.20514781 127.61009174
852.95795107 116.48623853
867.29536188 103.38481142
829.22706422 88.80020387
835.15978593 84.84505607
819.58639144 93.00254842
802.03542304 89.29459735
793.87793068 91.02497452
810.44011213 82.86748216
813.15927625 76.19317023
806.48496432 71.74362895
789.92278287 72.23802243
784.73165138 77.92354740
790.66437309 81.87869521
775.58537207 84.59785933
779.29332314 92.75535168
770.14704383 98.68807339
781.02370031 107.58715596
799.31625892 127.85728848
805.49617737 119.69979613
815.63124363 130.08205912
831.94622834 122.91335372
832.93501529 140.46432212
831.20463812 132.05963303
791.65316004 146.14984709
815.38404689 143.43068298
810.19291539 155.29612640
770.88863405 125.63251784
790.16997961 125.38532110
751.36009174 96.71049949
767.67507645 72.97961264
777.56294597 72.23802243
784.48445464 60.37257900
788.19240571 65.56371050
768.66386340 62.10295617
757.29281346 59.38379205
750.61850153 55.67584098
737.26987768 114.01427115
739.24745158 103.13761468
921.18425076 86.57543323
912.03797146 95.72171254
915.25152905 107.33995923
901.90290520 84.35066259
889.54306830 80.88990826
895.97018349 94.23853211
899.92533129 111.78950051
894.48700306 106.84556575
863.09301733 65.81090724
863.09301733 65.81090724
879.40800204 73.96839959
855.67711519 83.85626911
832.93501529 78.41794088
823.29434251 62.10295617
809.94571865 58.88939857
788.19240571 54.19266055
743.20259939 62.35015291
917.97069317 63.83333333
924.89220183 69.76605505
915.49872579 78.41794088
820.32798165 106.35117227
805.99057085 107.58715596
843.81167176 105.85677880
849.49719674 101.16004077
842.32849134 95.47451580
834.17099898 106.59836901
832.19342508 114.50866463
852.46355759 137.49796126
865.31778797 140.46432212
822.79994903 71.74362895
867.78975535 84.59785933
842.32849134 74.21559633
821.56396534 54.68705403
964.69087666 86.79714577
969.14041794 113.98878695
964.44367992 144.14678899
877.92482161 82.10040775
836.39576962 57.38073394
797.58588175 49.47043833
766.68628950 49.71763507
756.79841998 41.06574924
901.16131498 50.95361876
917.72349643 51.20081549
940.95998981 50.21202854
934.53287462 61.08868502
861.85703364 50.21202854
955.54459735 43.53771662
890.03746177 133.27013252
942.69036697 60.59429154
877.92482161 46.00968400
790.41717635 39.33537207
894.30160550 39.13086137
887.62729358 36.78249235
904.68386850 26.77102446
918.15609072 39.13086137
913.45935270 35.17571356
925.94278797 26.52382773
935.08906728 31.96215596
937.31383792 41.72642712
957.08957696 15.02917941
966.97744648 24.29905708
939.53860856 26.02943425
877.98662080 12.92800714
887.75089195 18.86072885
889.11047401 29.11939348
894.17800714 9.59085117
903.81867992 12.06281855
916.92010703 10.95043323
867.10996432 24.91704893
871.43590724 29.86098369
876.00904689 33.44533639
855.24452090 10.33244139
862.04243119 16.51235984
863.89640673 21.70349134
863.64920999 9.71444954
902.45909786 34.80491845
905.67265545 39.13086137
909.87500000 46.05237003
925.69559123 49.76032110
927.67316514 36.78249235
916.05491845 23.43386850
925.57199286 19.60231906
871.93030071 5.01771152
910.12219674 6.13009684
918.65048420 4.64691641
965.49426606 47.53555046
851.53656983 51.11990316
761.61875637 26.77102446
755.68603466 13.42240061
753.95565749 33.81613150
742.70820591 25.16424567
778.05733945 30.97336901
796.59709480 27.63621305
808.83333333 35.91730377
843.44087666 9.59085117
836.27217125 6.50089195
793.25993884 19.72591743
784.48445464 9.96164628
809.45132518 8.47846585
802.03542304 11.93922018
794.00152905 9.34365443
859.75586137 51.49069827
847.51962283 21.20909786
787.20361876 49.01873089
730.10117227 49.63672273
737.26987768 37.77127931
714.28058104 18.86072885
721.82008155 22.81587666
733.06753313 16.01796636
718.35932722 10.45603976
708.71865443 12.18641692
695.24643221 9.59085117
692.77446483 22.69227829
680.41462793 9.09645770
662.86365953 49.88391947
675.96508665 49.14232926
673.36952090 37.64768094
691.66207951 40.11964832
683.01019368 31.71495923
676.33588175 28.37780326
679.05504587 10.45603976
664.84123344 8.10767074
649.39143731 55.81664118
717.98853211 44.81638634
707.60626911 46.05237003
724.66284404 44.69278797
727.38200815 39.87245158
722.31447503 30.35537717
713.90978593 36.28809888
671.88634047 62.80632008
658.29051988 66.63786952
690.17889908 65.40188583
694.38124363 57.49159021
688.32492355 55.88481142
692.77446483 50.57008155
710.44903160 57.98598369
718.60652396 57.98598369
684.86416922 86.41360856
761.00076453 72.81778797
283.29306830 142.44189602
255.11264016 136.50917431
283.29306830 122.91335372
265.98929664 125.63251784
249.17991845 124.89092762
249.17991845 109.31753313
273.89959225 106.10397554
221.24668705 158.75688073
150.79561672 172.84709480
224.21304791 93.74413863
221.98827727 104.86799185
246.70795107 84.10346585
274.39398573 80.88990826
264.75331295 99.42966361
310.73190622 93.99133537
314.68705403 111.54230377
299.36085627 120.19418960
293.92252803 110.55351682
288.73139653 99.67686035
293.67533129 93.49694190
352.01376147 88.30581040
347.31702345 116.23904179
357.69928644 114.01427115
336.44036697 109.07033639
325.81090724 132.80122324
346.82262997 140.71151886
354.23853211 154.30733945
359.18246687 161.22884811
355.72171254 172.84709480
326.79969419 166.66717635
321.36136595 174.33027523
298.86646279 170.37512742
303.31600408 162.95922528
305.78797146 138.48674822
275.62996942 167.90316004
274.88837920 159.99286442
267.47247706 169.38634047
203.69571865 174.08307849
391.31804281 149.11620795
405.16106014 165.18399592
403.18348624 161.47604485
401.94750255 173.09429154
437.29663609 142.44189602
469.43221203 139.96992864
467.20744139 149.11620795
499.83741081 143.43068298
488.46636086 112.53109072
490.93832824 89.29459735
372.53109072 148.62181448
378.21661570 133.54281346
369.31753313 137.74515800
406.89143731 135.27319062
415.54332314 131.07084608
395.27319062 103.38481142
389.58766565 83.60907238
393.04841998 73.22680938
375.00305810 73.72120285
404.66666667 79.90112130
428.15035678 90.03618756
421.97043833 76.44036697
426.41997961 73.96839959
432.59989806 71.74362895
416.28491335 84.84505607
440.51019368 72.23802243
465.97145770 78.66513761
471.16258919 91.27217125
476.84811417 92.01376147
474.37614679 101.90163099
481.29765545 98.93527013
502.30937819 98.19367992
511.70285423 100.17125382
515.41080530 86.82262997
524.55708461 83.60907238
514.66921509 74.70998981
505.02854230 77.92354740
490.93832824 75.94597350
522.08511723 120.93577982
471.40978593 123.16055046
444.21814475 122.91335372
313.94546381 141.70030581
308.25993884 147.88022426
299.11365953 148.86901121
332.97961264 80.64271152
319.63098879 70.50764526
412.08256881 71.74362895
455.09480122 69.02446483
447.67889908 95.47451580
429.88073394 103.63200815
417.76809378 106.10397554
411.58817533 99.92405708
398.73394495 86.08103976
382.41896024 93.49694190
375.74464832 118.71100917
372.53109072 124.14933741
397.49796126 124.39653415
413.07135576 160.48725790
376.73343527 144.41946993
465.72426096 44.39016310
475.85932722 50.07568807
480.55606524 58.48037717
490.93832824 62.18832824
480.80326198 67.37945973
460.03873598 57.49159021
454.84760449 52.05326198
443.97094801 39.69342508
439.76860347 35.73827727
431.85830785 37.96304791
434.08307849 64.90749235
428.15035678 66.88506626
407.13863405 66.14347604
416.28491335 55.26681957
408.37461774 48.59250765
393.04841998 66.14347604
402.19469929 42.16539246
397.74515800 36.72706422
406.39704383 28.56957187
393.54281346 25.60321101
387.85728848 15.71534149
398.23955148 17.44571865
409.11620795 10.02981651
392.05963303 32.52471967
412.57696228 36.72706422
431.11671764 24.86162080
440.51019368 28.56957187
442.98216106 17.19852192
426.41997961 13.73776758
448.91488277 24.36722732
450.89245668 39.19903160
477.09531091 23.13124363
500.57900102 39.69342508
491.43272171 47.35652396
483.27522936 48.34531091
524.30988787 33.01911315
518.87155963 39.19903160
508.73649337 52.30045872
497.61264016 60.21075433
554.96228338 72.32339450
546.80479103 52.54765545
541.61365953 48.83970438
537.41131498 35.98547401
550.75993884 37.71585117
523.07390418 48.83970438
518.87155963 20.41207951
535.68093782 18.43450561
524.55708461 11.26580020
505.27573904 16.70412844
507.25331295 23.87283384
463.25229358 5.82747197
591.79459735 34.74949032
596.98572885 28.56957187
609.09836901 33.51350663
617.50305810 37.46865443
606.87359837 68.86264016
601.92966361 62.18832824
594.76095821 49.82849134
639.75076453 47.10932722
600.19928644 44.88455657
624.67176351 60.95234455
639.99796126 58.97477064
634.55963303 31.78312946
623.93017329 29.55835882
616.51427115 22.38965341
611.81753313 16.20973496
594.26656473 8.05224261
595.25535168 19.17609582
556.93985729 30.54714577
570.53567788 31.04153925
562.13098879 37.46865443
567.56931702 39.19903160
572.76044852 46.36773700
584.13149847 12.00739042
566.33333333 10.52420999
557.18705403 14.72655454
552.73751274 11.51299694
627.14373089 14.23216106
570.53567788 60.70514781
543.34403670 26.34480122
546.55759429 23.13124363
658.04332314 38.70463812
653.59378186 32.52471967
658.78491335 23.37844037
648.64984709 17.44571865
334.70998981 67.62665647
341.38430173 67.37945973
352.75535168 66.14347604
371.78950051 62.18832824
362.14882773 48.34531091
371.78950051 50.57008155
355.22731906 79.24490316
372.53109072 33.51350663
379.45259939 29.80555556
370.80071356 23.37844037
360.66564730 26.59199796
344.10346585 18.92889908
335.20438328 18.68170234
327.54128440 12.25458716
315.42864424 7.80504587
322.10295617 20.16488277
314.93425076 22.38965341
320.86697248 45.13175331
312.21508665 47.35652396
295.15851172 55.76121305
300.59683996 62.18832824
274.88837920 56.99719674
274.88837920 50.81727829
263.02293578 46.12054027
271.18042813 33.51350663
238.55045872 12.74898063
274.64118247 9.28822630
276.86595311 16.70412844
369.31753313 11.51299694
360.17125382 5.82747197
342.37308869 10.02981651
339.65392457 4.59148828
406.89143731 12.00739042
417.02650357 15.96253823
183.91997961 38.58103976
170.57135576 40.31141692
232.24694190 26.71559633
222.23547401 25.72680938
223.10066259 18.06371050
202.95412844 9.90621814
170.69495413 10.64780836
142.26732926 10.15341488
213.95438328 10.27701325
229.89857288 8.05224261
157.46992864 7.80504587
182.68399592 8.42303772
193.31345566 7.92864424
203.32492355 6.44546381
91.22120285 77.51452599
66.87862138 197.39810190
50.40509491 380.54495504
282.97252747 219.68581419
172.50299700 446.43906094
189.94555445 434.81068931
500.03546454 210.96453546
