490.28512397 566.34462810
503.61404959 568.88347107
516.30826446 575.23057851
545.50495868 667.26363636
571.52809917 683.13140496
605.80247934 692.65206612
341.12809917 704.07685950
323.35619835 730.10000000
614.68842975 620.92975207
634.36446281 619.66033058
593.74297521 612.04380165
497.90165289 613.31322314
471.87851240 622.83388430
441.41239669 628.54628099
437.60413223 647.58760331
494.09338843 546.03388430
513.13471074 549.20743802
518.84710744 557.45867769
530.27190083 566.34462810
552.48677686 605.06198347
538.52314050 615.85206612
614.68842975 594.27190083
447.75950413 570.15289256
465.53140496 575.86528926
472.51322314 577.76942149
384.92314050 605.69669421
398.88677686 594.90661157
326.52975207 634.89338843
339.22396694 599.98429752
348.74462810 573.32644628
457.91487603 531.43553719
469.97438017 542.86033058
468.70495868 514.93305785
492.82396694 525.08842975
480.12975207 543.49504132
508.05702479 528.89669421
516.94297521 539.05206612
534.71487603 549.84214876
548.67851240 553.65041322
520.11652893 617.75619835
509.96115702 620.92975207
584.22231405 536.51322314
593.10826446 546.03388430
600.09008264 564.44049587
657.84876033 644.41404959
646.42396694 679.32314050
308.12314050 695.19090909
864.12975207 70.95289256
850.16611570 64.60578512
836.20247934 60.79752066
827.31652893 69.68347107
893.32644628 195.35619835
638.17272727 592.68512397
647.05867769 586.33801653
669.90826446 583.79917355
892.05702479 116.65206612
828.58595041 178.85371901
812.08347107 169.96776860
782.88677686 149.65702479
756.22892562 147.11818182
685.14132231 581.26033058
575.97107438 460.66528926
869.20743802 612.99586777
657.21404959 550.79421488
633.09504132 563.48842975
620.40082645 559.68016529
640.71157025 545.71652893
523.92479339 493.67024793
517.57768595 486.05371901
570.89338843 500.01735537
449.02892562 511.44214876
621.67024793 508.90330579
630.55619835 516.51983471
616.59256198 489.86198347
628.01735537 474.62892562
602.62892562 458.12644628
593.74297521 450.50991736
583.58760331 445.43223140
567.08512397 445.43223140
555.66033058 451.77933884
549.31322314 475.89834711
554.39090909 496.20909091
600.09008264 492.40082645
723.22396694 593.95454545
744.80413223 593.95454545
683.87190083 496.20909091
658.48347107 526.67520661
644.51983471 510.17272727
483.30330579 469.55123967
498.53636364 467.01239669
452.83719008 472.09008264
459.18429752 488.59256198
658.48347107 470.82066116
659.75289256 491.13140496
644.51983471 474.62892562
730.84049587 571.10495868
727.03223140 529.21404959
836.41404959 605.37933884
852.28181818 606.64876033
882.74793388 625.69008264
877.03553719 668.21570248
736.76446281 522.23223140
808.48677686 520.32809917
765.32644628 544.44710744
768.50000000 510.17272727
741.84214876 557.77603306
705.66363636 562.85371901
684.08347107 544.44710744
666.94628099 506.99917355
584.43388430 473.99421488
875.76611570 566.66198347
799.60082645 586.97272727
784.36776860 581.26033058
841.49173554 567.29669421
859.89834711 462.56942149
854.18595041 475.26363636
831.97107438 479.70661157
722.16611570 492.40082645
701.22066116 500.65206612
668.21570248 450.50991736
671.38925620 462.56942149
632.03719008 452.41404959
658.06033058 444.16280992
680.90991736 434.00743802
645.36611570 460.66528926
731.05206612 480.97603306
709.47190083 484.78429752
696.77768595 486.68842975
714.54958678 473.99421488
723.43553719 463.20413223
746.28512397 486.68842975
796.42727273 474.62892562
791.34958678 512.07685950
798.33140496 548.89008264
765.96115702 597.76280992
819.91157025 551.42892562
830.06694215 558.41074380
830.06694215 578.72148760
810.39090909 575.54793388
795.79256198 573.00909091
863.70661157 528.57933884
878.93966942 383.86528926
882.11322314 396.55950413
842.76115702 397.19421488
852.91652893 357.20743802
851.01239669 374.34462810
835.77933884 373.70991736
842.12644628 360.38099174
823.08512397 369.26694215
805.94793388 386.40413223
792.61900826 406.08016529
780.55950413 401.63719008
717.08842975 434.64214876
708.20247934 423.21735537
747.55454545 458.12644628
800.87024793 452.41404959
781.19421488 414.33140496
783.73305785 425.12148760
836.41404959 416.87024793
818.64214876 391.48181818
896.71157025 405.44545455
891.63388430 411.15785124
870.05371901 407.34958678
863.07190083 392.75123967
863.07190083 371.80578512
854.18595041 426.39090909
847.20413223 416.87024793
878.30495868 442.89338843
857.35950413 442.89338843
836.41404959 468.91652893
817.37272727 402.27190083
815.46859504 438.45041322
826.89338843 421.31322314
717.08842975 512.07685950
695.50826446 417.50495868
694.87355372 427.02561983
685.98760331 452.41404959
755.80578512 418.77438017
745.01570248 409.88842975
731.05206612 400.36776860
727.87851240 413.69669421
736.76446281 425.75619835
772.30826446 385.76942149
752.63223140 385.76942149
785.00247934 354.66859504
769.13471074 341.33966942
777.38595041 334.35785124
753.90165289 328.64545455
784.36776860 314.04710744
814.83388430 327.37603306
812.29504132 308.96942149
782.46363636 367.36280992
796.42727273 367.99752066
781.82892562 387.03884298
795.15785124 386.40413223
758.34462810 359.11157025
753.90165289 372.44049587
722.80082645 387.03884298
706.93305785 388.30826446
691.70000000 388.30826446
707.56776860 360.38099174
709.47190083 338.16611570
698.68181818 353.39917355
694.23884298 370.53636364
684.08347107 374.34462810
719.62727273 329.91487603
740.57272727 314.68181818
733.59090909 330.54958678
709.47190083 319.12479339
699.95123967 334.99256198
840.22231405 331.81900826
849.10826446 322.93305785
838.95289256 308.96942149
833.87520661 318.49008264
859.26363636 319.75950413
863.70661157 306.43057851
896.71157025 308.33471074
884.01735537 310.23884298
885.92148760 324.20247934
875.76611570 325.47190083
868.78429752 329.91487603
872.59256198 338.80082645
881.47851240 334.99256198
893.53801653 344.51322314
885.28677686 366.72809917
896.07685950 377.51818182
911.94462810 349.59090909
913.21404959 367.36280992
911.30991736 393.38595041
916.38760331 382.59586777
925.27355372 378.15289256
922.10000000 329.91487603
932.25537190 336.89669421
933.52479339 349.59090909
942.41074380 323.56776860
926.54297521 312.14297521
953.83553719 310.23884298
940.50661157 313.41239669
902.42396694 324.20247934
785.63719008 500.65206612
783.73305785 490.49669421
775.48181818 498.74793388
736.12975207 509.53801653
731.68677686 500.01735537
748.82396694 501.92148760
751.36280992 522.23223140
715.81900826 590.14628099
684.08347107 604.10991736
655.52148760 592.68512397
543.81239669 418.13966942
562.21900826 402.27190083
574.91322314 402.90661157
534.92644628 438.45041322
517.15454545 444.79752066
533.02231405 476.53305785
534.29173554 459.39586777
548.25537190 442.89338843
565.39256198 428.29504132
579.35619835 423.21735537
590.78099174 418.13966942
571.73966942 390.21239669
577.45206612 385.13471074
621.24710744 423.85206612
618.70826446 435.91157025
603.47520661 428.92975207
653.61735537 432.10330579
642.82727273 446.06694215
668.85041322 373.07520661
651.07851240 388.94297521
660.59917355 382.59586777
647.90495868 423.21735537
661.23388430 395.92479339
689.79586777 348.32148760
672.02396694 344.51322314
698.68181818 321.02892562
716.45371901 355.30330579
729.14793388 371.80578512
732.95619835 341.97438017
751.99752066 345.78264463
734.86033058 358.47685950
667.58099174 308.96942149
734.86033058 303.25702479
743.74628099 298.81404959
759.61404959 300.08347107
751.36280992 307.06528926
776.75123967 301.98760331
799.60082645 319.12479339
623.78595041 328.01074380
648.53966942 366.72809917
633.94132231 373.70991736
628.22892562 398.46363636
609.82231405 400.36776860
670.75454545 416.87024793
691.70000000 401.00247934
707.56776860 404.17603306
717.72314050 404.17603306
682.17933884 421.31322314
603.47520661 385.13471074
586.97272727 385.76942149
550.15950413 384.50000000
555.87190083 353.39917355
566.66198347 352.12975207
549.52479339 344.51322314
597.76280992 354.03388430
579.35619835 358.47685950
584.43388430 330.54958678
575.54793388 322.93305785
600.93636364 329.28016529
521.59752066 381.96115702
533.65702479 397.82892562
517.78925620 390.84710744
516.51983471 411.79256198
523.50165289 406.08016529
534.29173554 421.31322314
547.62066116 527.94462810
530.48347107 528.57933884
547.62066116 508.26859504
557.14132231 516.51983471
569.83553719 515.88512397
568.56611570 539.36942149
524.77107438 513.34628099
602.84049587 533.02231405
602.84049587 517.78925620
584.43388430 517.78925620
807.85206612 467.01239669
809.75619835 452.41404959
822.45041322 462.56942149
698.04710744 436.54628099
609.18760331 341.97438017
616.16942149 365.45867769
583.79917355 373.07520661
489.01570248 440.35454545
460.45371901 442.89338843
433.16115702 439.08512397
497.26694215 418.13966942
427.67024793 461.77603306
415.23388430 454.42727273
398.84049587 444.81735537
383.57768595 440.86033058
385.83884298 430.68512397
373.96776860 452.73140496
363.22727273 461.21074380
432.19256198 423.90165289
425.40909091 413.16115702
461.02231405 401.29008264
441.23719008 382.07024793
473.45867769 421.07520661
483.63388430 408.07355372
542.42396694 351.54462810
510.20247934 364.54628099
484.76446281 362.28512397
514.15950413 319.32314050
520.37768595 336.84710744
540.16280992 316.49669421
523.20413223 312.53966942
562.77438017 291.62396694
579.16776860 290.49338843
597.25702479 302.36446281
640.21900826 245.27024793
616.47685950 251.48842975
608.56280992 248.09669421
599.51818182 250.92314050
581.42892562 256.01074380
600.64876033 287.10165289
613.08512397 278.62231405
620.99917355 270.70826446
626.08677686 263.35950413
614.21570248 324.41074380
618.73801653 313.67024793
627.21735537 301.23388430
636.82727273 301.23388430
628.91322314 347.58760331
605.73636364 210.78760331
616.47685950 200.04710744
620.99917355 222.65867769
569.55785124 254.88016529
556.55619835 256.57603306
563.90495868 244.70495868
546.94628099 258.83719008
544.11983471 274.10000000
534.50991736 265.62066116
635.13140496 189.30661157
590.47355372 191.56776860
573.51487603 201.74297521
596.69173554 197.78595041
572.38429752 218.70165289
557.12148760 214.17933884
553.16446281 200.61239669
544.11983471 215.30991736
548.64214876 242.44380165
536.20578512 249.22727273
526.59586777 232.26859504
506.24545455 236.22561983
510.76776860 222.65867769
519.24710744 215.30991736
516.98595041 201.17768595
529.42231405 209.65702479
528.85702479 219.26694215
501.15785124 283.14462810
491.54793388 292.18925620
503.41900826 300.10330579
515.85537190 287.66694215
485.32975207 306.88677686
498.33140496 312.53966942
480.24214876 261.09834711
468.37107438 269.57768595
483.63388430 272.40413223
499.46198347 258.83719008
509.63719008 270.70826446
465.54462810 338.54297521
457.06528926 352.67520661
468.37107438 384.89669421
479.11157025 395.07190083
493.80909091 399.59421488
509.07190083 378.11322314
403.92809917 337.41239669
366.05371901 372.46033058
356.44380165 362.28512397
324.22231405 367.37272727
302.74132231 372.46033058
330.44049587 376.98264463
318.00413223 381.50495868
252.99586777 400.72479339
259.77933884 443.68677686
264.86694215 428.98925620
285.78264463 399.59421488
238.86363636 403.55123967
291.43553719 403.55123967
238.86363636 383.76611570
250.16942149 383.76611570
265.43223140 385.46198347
268.25867769 368.50330579
284.65206612 370.19917355
284.65206612 379.80909091
372.83719008 400.72479339
389.79586777 395.63719008
401.10165289 378.11322314
406.18925620 396.76776860
381.88181818 382.63553719
340.05041322 422.20578512
384.70826446 336.84710744
433.88842975 330.06363636
423.14793388 324.41074380
410.71157025 325.54132231
429.93140496 375.85206612
439.54132231 366.24214876
450.84710744 317.62727273
463.28347107 306.32148760
451.97768595 308.01735537
451.97768595 283.70991736
458.19586777 290.49338843
449.71652893 297.84214876
441.80247934 289.92809917
416.36446281 308.01735537
386.40413223 314.80082645
393.75289256 324.97603306
376.22892562 327.80247934
369.44545455 312.53966942
365.48842975 324.97603306
353.61735537 319.88842975
348.52975207 310.27851240
331.57107438 308.58264463
338.91983471 328.36776860
340.05041322 342.50000000
324.78760331 331.75950413
328.17933884 353.24049587
302.74132231 353.24049587
290.87024793 346.45702479
310.09008264 338.54297521
310.09008264 325.54132231
289.73966942 323.84545455
298.21900826 300.66859504
266.56280992 345.89173554
246.21239669 322.14958678
231.51487603 319.88842975
310.09008264 300.66859504
366.05371901 266.75123967
372.27190083 300.66859504
363.79256198 289.92809917
380.75123967 285.97107438
389.79586777 292.18925620
370.57603306 274.66528926
356.44380165 281.44876033
407.31983471 289.36280992
403.36280992 321.58429752
369.44545455 347.02231405
354.18264463 351.54462810
486.46033058 345.32644628
495.50495868 244.70495868
510.76776860 246.96611570
471.76280992 233.39917355
480.80743802 211.91818182
473.45867769 217.57107438
468.37107438 207.39586777
498.89669421 189.30661157
477.98099174 178.56611570
484.76446281 181.39256198
468.37107438 177.43553719
516.98595041 188.17603306
531.11818182 187.04545455
539.03223140 187.61074380
561.64380165 193.82892562
613.65041322 170.08677686
597.82231405 171.78264463
561.07851240 464.60247934
426.53966942 245.27024793
421.45206612 241.31322314
405.62396694 243.00909091
455.36942149 223.22396694
459.32644628 197.22066116
425.97438017 189.30661157
437.28016529 191.00247934
435.58429752 209.09173554
449.71652893 182.52314050
414.66859504 183.08842975
402.23223140 197.78595041
416.92975207 170.08677686
394.88347107 191.56776860
392.62231405 206.26528926
357.00909091 210.78760331
321.96115702 300.10330579
335.52809917 295.58099174
336.65867769 279.75289256
311.78595041 270.70826446
237.16776860 350.97933884
275.04214876 298.97272727
265.43223140 301.23388430
233.77603306 289.36280992
241.69008264 291.05867769
248.47355372 290.49338843
258.64876033 282.57933884
267.12809917 273.53471074
272.78099174 260.53305785
281.82561983 254.31487603
298.21900826 265.62066116
297.08842975 273.53471074
282.95619835 273.53471074
252.43057851 259.40247934
248.47355372 241.31322314
228.68842975 246.96611570
258.08347107 237.92148760
239.42892562 259.40247934
301.04545455 233.39917355
322.52644628 220.39752066
331.57107438 216.44049587
343.44214876 219.83223140
324.22231405 244.13966942
311.78595041 238.48677686
337.78925620 252.61900826
351.35619835 245.83553719
336.09338843 230.57272727
381.88181818 250.92314050
392.05702479 248.66198347
372.83719008 220.96280992
362.09669421 186.48016529
372.83719008 181.95785124
369.44545455 163.30330579
355.87851240 162.17272727
397.70991736 165.56446281
306.69834711 207.96115702
332.13636364 197.78595041
297.65371901 193.26363636
256.38760331 208.52644628
289.73966942 199.48181818
280.69504132 202.30826446
257.51818182 312.53966942
275.60743802 316.49669421
455.36942149 235.66033058
461.02231405 242.44380165
620.99917355 232.26859504
588.77768595 240.74793388
575.21074380 227.74628099
420.88677686 284.84049587
431.06198347 343.06528926
262.60578512 171.78264463
305.00247934 172.34793388
293.13140496 168.39090909
247.34297521 144.64876033
272.21570248 153.69338843
276.73801653 605.92479339
294.82727273 608.18595041
640.78429752 265.62066116
683.74628099 281.44876033
669.04876033 283.70991736
644.17603306 284.84049587
664.52644628 274.66528926
678.09338843 259.96776860
748.18925620 262.22892562
749.31983471 267.88181818
804.71818182 282.57933884
851.07190083 259.96776860
856.72479339 240.74793388
853.33305785 213.61404959
874.81404959 211.35289256
900.81735537 235.09504132
905.33966942 217.00578512
866.90000000 239.61735537
877.07520661 240.74793388
895.16446281 259.96776860
883.85867769 261.09834711
887.25041322 241.87851240
790.02066116 183.08842975
731.23057851 174.04380165
643.04545455 176.30495868
654.35123967 179.69669421
681.48512397 183.08842975
735.75289256 286.53636364
719.35950413 278.05702479
723.88181818 263.35950413
708.05371901 266.18595041
715.96776860 233.96446281
722.18595041 243.57438017
731.79586777 232.26859504
749.31983471 232.26859504
728.40413223 224.91983471
738.57933884 200.61239669
726.14297521 203.43884298
705.22727273 212.48347107
682.61570248 219.83223140
728.40413223 194.39421488
715.96776860 193.82892562
704.66198347 196.09008264
694.48677686 201.74297521
666.78760331 206.26528926
655.48181818 226.61570248
639.08842975 212.48347107
655.48181818 213.04876033
655.48181818 232.83388430
660.00413223 240.74793388
671.87520661 250.35785124
695.05206612 243.57438017
692.79090909 253.18429752
695.61735537 265.62066116
692.79090909 293.88512397
783.80247934 222.09338843
764.58264463 225.48512397
779.84545455 211.91818182
773.06198347 194.39421488
742.53636364 61.55123967
915.51487603 109.03553719
904.20909091 60.42066116
825.63388430 297.84214876
816.02396694 293.31983471
760.62561983 279.18760331
754.40743802 293.31983471
775.88842975 278.62231405
770.23553719 261.09834711
778.71487603 253.18429752
767.40909091 251.48842975
775.32314050 235.66033058
786.06363636 239.05206612
801.89173554 246.40082645
792.28181818 258.27190083
819.98099174 265.05537190
806.97933884 257.14132231
819.98099174 249.22727273
842.59256198 240.74793388
835.24380165 262.22892562
841.46198347 291.62396694
935.30000000 296.14628099
948.86694215 296.71157025
955.65041322 287.66694215
941.51818182 287.66694215
961.30330579 296.71157025
981.65371901 245.83553719
944.90991736 249.22727273
918.34132231 288.23223140
927.95123967 276.36115702
890.64214876 296.14628099
875.94462810 292.75454545
888.38099174 278.62231405
879.33636364 275.79586777
920.60247934 222.09338843
916.64545455 211.91818182
934.73471074 209.65702479
909.86198347 275.23057851
909.86198347 275.23057851
903.07851240 256.01074380
914.94958678 253.18429752
925.69008264 248.09669421
865.76942149 273.53471074
942.64876033 346.45702479
947.17107438 335.71652893
979.39256198 266.75123967
839.20082645 202.87355372
805.28347107 206.83057851
795.67355372 211.91818182
829.59090909 223.22396694
818.85041322 192.13305785
844.85371901 183.08842975
784.93305785 278.05702479
791.71652893 290.49338843
732.92644628 93.77272727
994.65537190 218.70165289
736.31818182 221.52809917
751.01570248 217.00578512
828.72148760 543.74297521
838.89669421 545.43884298
849.63719008 522.82727273
841.72314050 531.30661157
834.37438017 534.69834711
858.11652893 549.96115702
874.50991736 542.61239669
779.54132231 454.42727273
734.88347107 442.55619835
743.36280992 447.07851240
730.36115702 436.90330579
702.66198347 461.77603306
707.18429752 466.86363636
688.52975207 466.29834711
771.06198347 439.72975207
825.32975207 501.91157025
541.36611570 591.56446281
559.45537190 591.56446281
557.19421488 570.08347107
521.01570248 598.34793388
532.32148760 597.21735537
505.18760331 588.17272727
478.05371901 590.43388430
455.44214876 594.95619835
430.56942149 598.34793388
580.93636364 634.52644628
583.08541459 563.52097902
569.78671329 573.75074925
576.94755245 598.30219780
546.25824176 624.89960040
556.48801199 623.87662338
386.67382617 365.06343656
395.88061938 359.94855145
663.90059940 322.09840160
404.06443556 262.76573427
420.43206793 264.81168831
435.77672328 262.76573427
440.89160839 248.44405594
470.55794206 253.55894106
455.21328671 267.88061938
456.23626374 258.67382617
718.11838162 616.71578422
693.56693307 649.45104895
678.22227772 627.96853147
702.77372627 604.44005994
557.51098901 280.15634366
537.05144855 335.39710290
388.71978022 220.82367632
365.19130869 241.28321678
300.74375624 252.53596404
277.21528472 238.21428571
288.46803197 240.26023976
324.27222777 154.33016983
335.52497502 173.76673327
322.22627373 173.76673327
250.61788212 164.55994006
651.62487512 189.11138861
567.74075924 339.48901099
538.07442557 375.29320679
487.43706294 502.14235764
476.18431568 488.33216783
469.53496503 478.61388611
470.55794206 465.82667333
442.42607393 455.08541459
413.27122877 359.94855145
471.58091908 371.20129870
458.28221778 366.08641359
592.29220779 365.06343656
482.83366633 456.10839161
510.45404595 453.03946054
789.72677323 342.55794206
804.04845155 352.78771229
807.11738262 346.64985015
822.46203796 352.78771229
836.78371628 340.51198801
826.55394605 332.32817183
886.90959041 356.87962038
856.22027972 294.47802198
872.58791209 302.66183816
874.63386613 256.62787213
837.80669331 252.53596404
