168.72571331 640.92941205
77.68075827 637.86048098
32.66976926 641.95238907
64.38205697 569.32102044
51.08335567 497.71262883
10.16427475 453.72461685
26.53190712 395.41492654
78.70373529 374.95538608
42.89953948 360.63370776
10.16427475 353.47286859
41.87656246 312.55378768
73.58885017 337.10523623
82.79564338 266.51982164
82.79564338 211.27906240
53.12930971 211.27906240
45.96847055 180.58975171
106.32411491 250.15218927
122.69174728 275.72661485
175.88655247 270.61172973
156.44998904 251.17516630
66.42801101 143.76257888
29.60083819 161.15318828
54.15228674 93.63670476
80.74968934 108.98136010
25.76467435 139.10928096
6.83959942 105.86252772
39.57486416 69.03535489
61.05738164 60.85153871
50.82761141 59.31707317
56.96547355 41.92646378
64.63780122 31.18520504
40.59784118 27.09329695
34.45997905 35.78860164
23.71872030 78.75363661
12.97746156 73.63875149
93.28115787 82.84554470
71.28715187 85.40298726
112.20623279 80.79959065
108.11432470 104.32806218
105.55688214 64.94344680
87.14329573 36.81157867
108.62581321 45.50688336
105.04539363 28.62776248
130.10833069 14.30608416
114.25218684 19.93245779
102.48795107 4.07631393
112.20623279 4.58780244
100.44199703 161.61477547
118.34409493 153.43095928
115.78665237 193.83855169
82.02841061 172.35603421
139.82661241 140.64374650
166.42401501 116.60378646
139.31512390 116.60378646
148.01042860 99.72466558
154.14829073 93.58680344
168.46996906 97.67871153
139.31512390 82.84554470
148.01042860 72.10428596
126.52791111 74.15024000
129.08535367 50.62176848
149.54489413 40.39199825
167.44699203 40.39199825
150.05638264 7.65673351
179.72271631 10.72566458
171.53890012 22.48990034
184.32611291 2.54184840
185.34908993 23.51287737
199.67076826 4.58780244
206.32011891 16.35203821
223.71072830 8.16822202
206.32011891 37.83455569
200.69374528 53.69069954
185.86057845 53.69069954
183.30313589 70.05833191
166.93550352 70.05833191
150.05638264 60.85153871
154.65977925 56.24814210
209.38904997 75.17321703
213.99244658 94.09829195
224.22221681 79.26512512
211.43500402 64.43195829
226.77965937 53.69069954
215.01542360 38.34604420
227.80263639 36.81157867
250.30813089 22.48990034
244.68175727 46.52986038
262.58385517 32.71967057
255.42301601 53.69069954
259.00343559 71.59279745
268.72171731 70.05833191
263.60683219 96.14424600
228.82561341 102.79359665
236.49794108 103.30508516
237.00942959 123.76462562
255.93450452 138.59779245
208.87756146 152.91947077
228.31412490 165.70668356
196.60183719 163.66072951
190.46397505 177.98240784
177.16527375 149.33905119
166.42401501 172.35603421
157.21722180 186.67771253
174.09634268 195.88450574
160.79764138 213.78660364
191.99844058 219.92446578
177.67676226 243.45293731
195.57886016 251.12526498
207.85458444 211.74064959
237.00942959 192.30408616
261.56087815 188.72366658
264.11832070 220.94744280
246.72771131 229.13125898
235.98645257 266.46992032
222.68775127 281.81457567
249.79664238 274.14224800
277.41702200 269.53885139
279.97446456 299.20518506
243.65878024 325.29109914
309.12930971 321.19919105
347.49094808 284.88350674
358.23220682 317.61877147
328.56587315 262.88950074
324.47396506 236.29209815
303.50293609 244.47591433
296.85358544 205.60278746
321.40503399 180.53985039
275.37106796 179.00538486
259.00343559 160.08030993
278.95148754 151.38500524
304.52591311 156.49989035
274.34809093 122.23016008
307.08335567 132.97141883
307.08335567 107.39699325
360.27816086 208.16023001
363.34709193 175.42496528
376.64579323 198.44194830
355.67476426 254.19419605
350.04839063 234.24614410
375.11132770 276.69969055
401.70873029 292.04434590
399.15128774 256.75163861
426.26017885 270.05033990
430.86357545 306.87751273
416.54189713 327.33705319
394.03640262 319.66472552
481.50093809 328.36003021
455.92651251 274.14224800
444.67376526 251.12526498
452.85758144 235.26912112
480.47796106 235.26912112
475.36307595 208.67171853
441.09334568 215.83255769
444.67376526 203.04534490
411.93850052 205.09129894
433.42101801 177.98240784
396.08235667 156.49989035
346.97945956 109.95443581
331.12331571 103.30508516
330.10033869 84.89149875
350.55987915 81.31107916
306.06037865 80.79959065
358.23220682 65.45493531
340.33010892 55.73665359
313.22121781 60.85153871
294.80763139 68.52386638
297.36507395 48.57581443
270.76767135 57.27111912
282.53190712 41.41497527
292.25018884 27.60478546
285.60083819 17.88650374
303.50293609 30.67371653
273.58085817 2.54184840
290.97146756 3.56482542
310.40803099 15.32906118
333.93650252 11.74864160
336.49394508 20.44394630
344.67776126 29.65073950
360.02241661 30.67371653
364.11432470 43.46092931
364.11432470 7.65673351
375.36707195 19.93245779
352.86157745 9.19119904
385.08535367 3.56482542
391.73470432 13.28310714
397.87256646 17.88650374
383.55088814 27.09329695
376.90153749 34.25413611
374.85558344 43.46092931
392.75768134 45.50688336
372.29814088 57.27111912
366.67176726 88.98340684
379.45898004 75.17321703
396.84958943 78.75363661
408.10233669 68.01237787
412.19424478 55.73665359
422.42401501 66.47791233
434.69973929 70.05833191
412.70573329 82.33405619
403.49894008 102.79359665
390.20023879 106.88550474
362.06837065 97.67871153
372.29814088 115.58080943
362.57985917 113.02336688
395.82661241 127.85653371
388.15428474 138.59779245
422.42401501 131.94844180
437.25718184 124.27611413
435.72271631 161.61477547
461.80863039 128.36802222
450.04439463 112.00038985
456.69374528 100.23615409
436.23420482 85.91447577
413.72871031 2.54184840
426.00443459 7.65673351
430.60783119 21.46692332
419.86657245 18.39799225
412.70573329 35.78860164
427.53890012 43.46092931
453.11332570 17.88650374
447.99844058 39.88050973
452.60183719 44.99539485
463.34309593 54.20218806
467.43500402 36.81157867
458.22821081 73.63875149
446.46397505 59.31707317
476.13030872 48.57581443
477.15328574 56.24814210
474.59584318 66.47791233
474.08435467 79.26512512
471.52691211 88.98340684
474.59584318 100.23615409
487.38305597 116.60378646
493.52091811 90.00638386
498.63580322 71.59279745
513.98045857 59.82856168
488.91752150 56.24814210
491.47496406 11.23715309
511.42301601 23.51287737
496.07836066 42.94944080
518.07236666 41.92646378
502.72771131 41.41497527
515.51492410 9.19119904
524.21022880 15.32906118
503.75068834 3.56482542
542.62381521 23.51287737
565.12930971 15.32906118
544.66976926 10.72566458
557.45698204 43.97241783
537.50893009 45.50688336
550.80763139 57.78260764
533.41702200 75.68470554
546.20423479 79.26512512
519.60683219 78.75363661
513.46897005 92.56382642
519.60683219 113.02336688
535.46297605 107.39699325
481.75668234 159.36297848
494.03240662 184.42591555
497.61282620 146.57576570
532.90553349 171.63870276
560.52591311 144.52981165
557.45698204 153.22511635
556.43400502 169.59274871
571.26717185 197.21312834
545.18125777 209.48885261
512.95748154 223.81053093
554.38805097 232.50583563
586.10033869 228.41392754
607.58285617 228.41392754
640.31812090 246.31602544
633.66877025 273.93640506
611.67476426 264.72961185
564.10633269 273.93640506
559.50293609 318.94739407
560.52591311 293.88445701
535.46297605 321.50483663
578.93949952 347.59075071
645.43300602 347.07926220
706.81162740 278.53980166
688.39804098 277.51682464
724.20223679 264.72961185
711.41502400 236.08625521
737.50093809 253.47686460
726.24819083 321.50483663
741.59284618 345.54479667
783.02341561 339.91842304
828.03440462 285.70064082
799.39104798 216.64969177
726.75967935 189.54080066
758.47196706 171.63870276
745.68475427 195.16717429
733.92051851 155.78255890
707.83460442 156.80553593
686.86357545 152.20213932
615.25518384 158.85148997
589.16926975 151.69065081
595.81862040 123.04729417
569.22121781 134.30004142
586.61182720 100.03031115
572.29014888 101.56477669
564.61782120 94.40393753
574.33610292 83.66267878
563.59484418 68.31802344
577.91652250 63.71462684
592.23820082 65.76058088
589.16926975 82.12821325
616.78964938 77.01332814
612.69774128 107.70263882
622.41602300 109.23710436
610.65178724 85.70863283
627.53090812 91.33500646
637.76067835 109.23710436
618.32411491 133.78855291
664.35808094 123.04729417
671.51892010 144.52981165
697.60483419 125.60473673
726.75967935 129.18515631
755.91452450 120.87346800
733.92051851 109.36497649
722.41202700 116.27007139
697.60483419 107.57476670
675.61082820 100.41392754
679.19124778 121.12921225
662.82361541 90.69564582
679.95848054 81.74459687
651.57086816 76.62971175
662.05638264 71.77057089
665.12531371 61.02931215
665.12531371 47.47486660
650.80363539 55.14719427
685.58485417 47.98635511
693.76867035 66.39994152
681.49294608 65.63270875
705.27716186 61.02931215
718.83160742 61.79654492
710.39204698 51.31103043
722.66777125 54.12421725
738.52391511 47.47486660
746.70773129 61.79654492
719.34309593 77.39694452
731.87456446 83.27906240
699.90653249 81.23310836
696.07036866 89.67266879
706.55588314 103.99434712
732.13030872 99.64669477
743.12731171 99.90243902
767.93450452 96.83350796
766.14429473 67.67866280
768.95748154 52.07826320
778.67576326 52.07826320
788.39404498 64.60973173
788.64978924 73.81652494
778.93150752 79.18715431
807.57486416 97.60074072
794.02041861 88.64969177
792.23020882 105.01732414
814.73570332 117.54879267
836.98545357 99.64669477
845.16926975 136.47386760
822.91951950 128.03430716
830.59184718 150.79554592
817.54889013 168.44189956
789.41702200 187.11123023
795.29913988 148.49384762
769.21322580 147.21512634
748.49794108 149.51682464
850.53989913 119.08325821
840.31012890 188.38995151
799.39104798 42.35998148
812.68974928 57.44889257
820.10633269 73.56078068
850.79564338 61.79654492
850.53989913 51.31103043
833.66077825 37.75658488
811.66677225 34.17616530
721.90053849 33.15318828
701.95248654 40.56977169
665.89254648 34.43190955
641.08535367 34.17616530
620.88155747 61.36302722
604.00243659 52.66772252
575.87056846 27.09329695
628.29814088 19.14027436
602.97945956 25.27813650
605.53690212 3.79561902
617.81262640 3.79561902
634.43600302 6.86455008
652.33810092 21.95346117
655.91852050 9.67773690
668.19424478 4.81859604
691.21122780 11.97943520
683.02741161 25.27813650
600.42201701 39.08832631
618.83560342 33.46195268
702.46397505 23.48792671
731.87456446 14.53687776
713.71672230 16.58283180
723.43500402 3.28413050
746.19624278 14.02538924
745.68475427 36.01939524
757.44899003 29.88153310
735.45498404 28.09132331
780.46597305 22.72069394
773.04938963 15.55985478
756.68175727 9.42199264
789.41702200 9.16624839
802.97146756 17.35006457
790.69574328 29.88153310
839.28715187 17.60580883
840.56587315 8.65475987
831.61482420 22.72069394
852.07436466 26.30111352
864.09434468 16.32708755
858.72371531 7.63178285
823.94249653 13.00241222
814.99144758 19.90750713
877.39304598 9.16624839
890.43600302 29.37004459
899.89854048 20.93048415
920.35808094 20.16325138
890.69174728 9.16624839
927.51892010 6.09731732
931.61082820 15.55985478
953.34908993 11.21220243
916.26617285 39.08832631
932.12231671 37.04237226
895.55088814 64.40700763
882.76367535 71.31210253
869.72071831 56.22319144
866.14029873 45.22618845
854.37606296 41.64576887
868.44199703 86.91250213
857.95648254 90.23717746
884.55388514 100.46694769
890.18025877 115.30011452
893.50493409 125.52988475
876.62581321 132.69072391
862.55987915 130.38902561
856.42201701 108.13927536
903.22321581 105.32608855
917.80063839 109.41799664
894.01642260 93.56185278
920.35808094 70.28912551
933.40103799 121.43797666
915.24319583 144.71070393
899.38705197 155.96345118
864.60583319 158.00940523
943.63080822 159.03238225
945.93250652 141.13028435
955.13929972 103.53587876
963.57886016 117.85755708
985.06137765 117.85755708
969.97246656 100.72269194
979.69074828 98.67673790
979.69074828 85.63378085
968.94948953 75.14826637
966.90353549 62.10530932
979.69074828 60.82658805
973.55288614 50.08532930
975.59884018 40.62279184
950.79164738 41.13428035
943.88655247 62.61679784
936.21422480 70.54486976
944.90952949 77.44996467
940.81762140 84.86654809
938.26017885 97.65376087
975.85458444 23.74367096
961.53290612 34.74067396
949.25718184 27.06834629
975.08735167 15.04836627
968.18225677 9.16624839
989.40902999 20.93048415
999.76667235 35.25216247
1017.66877025 55.45595868
1006.16027875 46.24916547
997.97646256 9.67773690
1018.43600302 26.55685778
1020.73770132 37.80960503
1019.97046856 44.20321142
1018.94749153 69.52189274
1006.92751151 72.84656807
996.69774128 104.04736727
1010.50793109 105.83757706
996.18625277 82.82059404
1006.16027875 90.49292171
1017.15728174 85.63378085
996.44199703 138.57284179
998.23220682 161.58982481
1019.58685217 118.64974050
905.26916985 185.70463683
919.59084818 185.70463683
910.38405497 168.31402744
930.84359543 208.21013133
995.29114788 221.50883263
974.83160742 247.08325821
944.14229673 242.99135011
834.68375527 228.66967179
877.64879023 275.72661485
896.06237665 264.47386760
887.87856046 308.46187958
930.84359543 299.25508638
908.33810092 298.23210935
955.39504398 290.04829317
973.80863039 316.64569577
966.64779123 268.56577569
1019.84259643 268.56577569
952.32611291 393.36897249
966.64779123 427.12721425
952.32611291 493.62072074
1015.75068834 526.35598548
980.96946955 539.65468678
956.41802100 609.21712434
999.38305597 637.86048098
851.05138764 643.99834312
800.92551351 633.76857289
820.36207695 587.73460686
835.70673229 572.38995151
872.53390512 552.95338808
891.97046856 554.99934212
911.40703199 502.82751395
899.13130772 468.04629517
899.13130772 446.56377769
869.46497405 486.45988158
825.47696206 483.39095051
805.01742160 462.93141005
805.01742160 412.80553593
858.21222680 369.84050096
745.68475427 460.88545601
770.23620282 507.94239906
760.00643259 490.55178967
732.38605297 507.94239906
694.53590312 505.89644502
732.38605297 531.47087059
703.74269633 579.55079067
720.11032870 634.79154991
669.98445457 647.06727419
625.99644258 584.66567579
634.18025877 533.51682464
669.98445457 490.55178967
639.29514388 427.12721425
662.82361541 441.44889257
674.07636266 422.01232913
669.98445457 405.64469677
607.58285617 400.52981165
583.03140762 445.54080066
524.72171731 386.20813333
512.44599303 407.69065081
503.23919982 459.86247898
514.49194708 523.28705441
527.79064838 488.50583563
557.45698204 598.98735411
550.29614288 657.29704442
509.37706196 576.48185960
450.04439463 508.96537609
428.56187715 545.79254891
377.41302600 652.18215930
352.86157745 598.98735411
381.50493409 533.51682464
257.72471431 550.90743403
203.50693209 533.51682464
126.78365537 541.70064082
126.78365537 453.72461685
144.17426476 412.80553593
199.41502400 369.84050096
274.09234668 337.10523623
273.06936965 380.07027119
311.94249653 393.36897249
354.90753149 409.73660486
296.59784118 441.44889257
316.03440462 482.36797349
246.47196706 416.89744402
220.89754148 419.96637509
234.19624278 464.97736410
184.07036866 470.09224921
323.19524378 462.93141005
396.84958943 477.25308838
389.68875027 436.33400746
429.58485417 437.35698448
416.28615287 391.32301844
411.17126776 355.51882264
547.22721181 462.93141005
975.85458444 461.39694452
949.25718184 203.60673473
